pc_monotonic_ns,pc_elapsed_s,seq,device_timestamp_us,rssi,noise_floor,channel,secondary_channel,sig_mode,mcs,cwb,stbc,csi_len,first_word_invalid,firmware_dropped,csi_data
618018465866700,0.015018300,89597,1853458848,-50,-98,6,0,1,7,0,0,256,0,0,"[0,0,5,13,5,13,5,13,5,12,5,11,5,11,5,10,6,9,5,8,6,8,6,7,6,7,6,7,7,6,7,6,7,6,7,6,6,6,6,6,6,5,6,6,5,6,5,6,5,6,4,5,4,5,0,0,0,0,0,0,0,0,0,0,0,0,0,0,0,0,0,0,0,0,0,0,7,13,6,14,6,15,5,15,4,16,3,17,3,17,2,17,2,17,1,17,1,17,1,16,1,16,1,15,1,15,2,15,2,14,3,14,3,14,3,14,4,14,5,14,5,14,5,14,6,14,5,14,0,0,10,26,9,24,9,24,9,22,10,22,9,20,10,19,9,19,10,16,11,14,12,14,11,14,12,13,13,13,13,11,13,11,12,11,13,11,12,11,12,12,11,10,10,11,9,10,9,11,8,10,8,11,7,11,6,11,0,0,0,0,0,0,0,0,0,0,0,0,0,0,17,24,15,25,12,26,12,29,10,27,10,30,7,31,6,33,5,32,3,34,2,33,1,33,1,32,2,31,1,29,1,30,2,30,2,27,3,29,5,27,7,29,6,27,7,28,7,28,9,27,9,27,11,27,10,27]"
618018491453800,0.040605400,89598,1853476691,-50,-98,6,0,1,7,0,0,256,0,0,"[0,0,-11,-10,-12,-10,-11,-10,-11,-9,-10,-9,-10,-8,-10,-7,-10,-7,-10,-6,-10,-5,-10,-4,-10,-4,-10,-4,-10,-4,-10,-3,-10,-3,-10,-3,-9,-3,-9,-3,-9,-3,-9,-3,-8,-4,-8,-3,-8,-4,-7,-4,-7,-4,0,0,0,0,0,0,0,0,0,0,0,0,0,0,0,0,0,0,0,0,0,0,-13,-10,-13,-11,-13,-12,-12,-12,-12,-13,-12,-14,-11,-15,-11,-16,-10,-15,-9,-16,-9,-15,-9,-15,-9,-14,-9,-14,-8,-14,-9,-13,-10,-12,-10,-13,-10,-13,-11,-12,-11,-12,-12,-12,-12,-11,-12,-11,-12,-11,-12,-11,0,0,-41,-37,-44,-38,-39,-34,-39,-34,-37,-29,-36,-29,-35,-26,-36,-24,-36,-20,-37,-20,-37,-17,-35,-14,-34,-11,-32,-11,-39,-8,-35,-8,-36,-10,-35,-8,-34,-9,-33,-10,-31,-9,-29,-10,-28,-10,-26,-12,-27,-10,-23,-13,-25,-14,-21,-15,0,0,0,0,0,0,0,0,0,0,0,0,0,0,-55,-27,-51,-34,-48,-34,-44,-38,-48,-43,-45,-42,-44,-50,-40,-51,-41,-55,-35,-59,-37,-54,-34,-62,-34,-57,-31,-56,-29,-53,-31,-48,-29,-49,-38,-48,-34,-44,-37,-48,-37,-43,-39,-43,-38,-46,-43,-40,-45,-43,-45,-41,-44,-41,-44,-39]"
618018508044000,0.057195600,89599,1853496669,-50,-98,6,0,1,7,0,0,256,0,0,"[0,0,-9,-12,-9,-12,-9,-12,-9,-11,-8,-11,-8,-10,-8,-9,-9,-8,-8,-8,-9,-7,-9,-6,-9,-7,-9,-6,-9,-5,-9,-5,-9,-5,-9,-5,-9,-5,-9,-5,-8,-5,-8,-5,-7,-5,-7,-5,-7,-5,-7,-5,-6,-5,0,0,0,0,0,0,0,0,0,0,0,0,0,0,0,0,0,0,0,0,0,0,-11,-13,-11,-14,-10,-14,-10,-15,-9,-15,-9,-16,-8,-17,-8,-17,-7,-18,-6,-17,-6,-17,-6,-16,-5,-16,-5,-16,-6,-16,-6,-15,-7,-15,-7,-14,-7,-14,-8,-14,-8,-14,-9,-13,-9,-14,-9,-13,-9,-13,-9,-13,0,0,-16,-24,-16,-23,-16,-22,-15,-20,-15,-20,-15,-19,-15,-17,-16,-16,-15,-14,-16,-12,-17,-12,-15,-12,-15,-11,-15,-10,-16,-9,-16,-9,-16,-9,-16,-9,-16,-8,-15,-9,-15,-10,-13,-9,-12,-8,-12,-10,-12,-10,-11,-8,-9,-9,-9,-10,0,0,0,0,0,0,0,0,0,0,0,0,0,0,-24,-19,-21,-22,-20,-23,-19,-25,-18,-25,-17,-28,-16,-29,-15,-31,-14,-31,-13,-32,-11,-32,-11,-32,-10,-32,-9,-30,-9,-29,-9,-29,-11,-28,-10,-27,-12,-27,-12,-26,-12,-27,-15,-25,-15,-25,-16,-24,-16,-25,-16,-25,-17,-24,-17,-25]"
618018524136400,0.073288000,89600,1853516531,-50,-98,6,0,1,7,0,0,256,0,0,"[0,0,14,-1,13,-1,13,-1,12,-2,12,-2,11,-2,11,-2,10,-3,9,-3,9,-3,9,-4,8,-4,8,-5,8,-5,8,-5,8,-5,7,-5,7,-5,8,-5,7,-5,8,-4,7,-4,7,-4,6,-3,6,-3,6,-3,0,0,0,0,0,0,0,0,0,0,0,0,0,0,0,0,0,0,0,0,0,0,15,-4,15,-3,16,-2,16,-1,16,0,17,1,17,2,17,2,17,3,16,3,16,3,15,3,15,3,15,2,14,2,14,2,15,1,14,1,14,0,14,0,15,-1,14,-1,15,-1,15,-1,15,-1,15,-2,0,0,28,-2,27,-3,24,-2,25,-3,23,-3,21,-5,21,-4,20,-6,18,-5,18,-6,18,-7,17,-7,16,-7,15,-9,16,-9,15,-9,15,-9,14,-8,15,-9,14,-7,15,-7,13,-6,13,-7,13,-5,13,-5,13,-5,13,-4,12,-3,0,0,0,0,0,0,0,0,0,0,0,0,0,0,26,-11,29,-7,29,-5,29,-4,31,-4,30,-2,32,0,32,3,33,2,33,5,32,5,32,7,31,7,29,8,29,8,27,7,29,6,29,4,28,4,28,3,28,1,27,0,29,0,29,-1,29,-1,30,0,28,0,29,-1]"
618018546777500,0.095929100,89601,1853537956,-50,-98,6,0,1,7,0,0,256,0,0,"[0,0,-10,-12,-9,-12,-9,-12,-9,-10,-9,-11,-9,-10,-9,-9,-9,-8,-8,-8,-9,-7,-9,-6,-9,-6,-9,-6,-9,-6,-9,-5,-9,-5,-8,-5,-9,-5,-9,-5,-8,-5,-8,-5,-7,-5,-7,-5,-7,-5,-7,-5,-6,-5,0,0,0,0,0,0,0,0,0,0,0,0,0,0,0,0,0,0,0,0,0,0,-12,-11,-12,-12,-11,-13,-11,-14,-10,-15,-10,-16,-9,-16,-9,-17,-8,-16,-7,-16,-7,-16,-8,-16,-7,-16,-7,-15,-7,-15,-7,-14,-7,-14,-8,-14,-9,-14,-9,-13,-9,-14,-9,-14,-10,-13,-10,-13,-11,-13,-10,-12,0,0,-17,-23,-16,-23,-15,-22,-16,-21,-15,-20,-15,-19,-15,-17,-14,-16,-15,-15,-16,-13,-16,-12,-15,-12,-16,-12,-16,-10,-16,-10,-16,-9,-16,-9,-16,-9,-16,-9,-16,-9,-15,-10,-14,-10,-13,-10,-11,-10,-11,-9,-10,-9,-10,-10,-8,-10,0,0,0,0,0,0,0,0,0,0,0,0,0,0,-22,-20,-20,-23,-19,-24,-17,-25,-17,-26,-16,-27,-16,-30,-14,-30,-13,-31,-12,-33,-12,-32,-10,-32,-9,-31,-8,-31,-9,-30,-8,-29,-10,-28,-11,-27,-11,-27,-12,-27,-13,-26,-14,-26,-15,-26,-15,-26,-16,-26,-16,-26,-16,-26,-16,-25]"
618018569008400,0.118160000,89602,1853556609,-50,-98,6,0,1,7,0,0,256,0,0,"[0,0,-11,-12,-11,-11,-11,-11,-11,-10,-11,-10,-10,-9,-10,-9,-10,-8,-10,-7,-10,-6,-10,-5,-10,-5,-10,-5,-10,-5,-10,-4,-10,-4,-10,-4,-10,-4,-10,-3,-9,-4,-9,-4,-8,-4,-8,-4,-8,-4,-7,-4,-7,-4,0,0,0,0,0,0,0,0,0,0,0,0,0,0,0,0,0,0,0,0,0,0,-13,-11,-13,-12,-12,-13,-12,-14,-12,-15,-11,-16,-10,-17,-9,-17,-9,-17,-8,-17,-8,-17,-8,-16,-8,-16,-8,-15,-8,-15,-9,-14,-9,-14,-10,-14,-10,-14,-10,-13,-10,-13,-11,-13,-11,-13,-12,-13,-12,-12,-11,-12,0,0,-21,-19,-21,-19,-21,-18,-20,-16,-19,-16,-18,-14,-18,-13,-19,-12,-19,-11,-18,-9,-19,-9,-18,-7,-18,-7,-17,-7,-18,-5,-18,-6,-18,-6,-18,-5,-18,-6,-16,-6,-17,-5,-15,-6,-14,-6,-13,-7,-13,-6,-13,-7,-12,-8,-11,-8,0,0,0,0,0,0,0,0,0,0,0,0,0,0,-26,-14,-25,-16,-24,-19,-22,-21,-22,-22,-21,-23,-21,-26,-21,-27,-21,-28,-19,-29,-18,-29,-17,-29,-16,-28,-16,-29,-15,-26,-15,-26,-15,-25,-18,-24,-17,-24,-17,-23,-18,-22,-19,-22,-20,-22,-20,-21,-22,-21,-21,-21,-21,-21,-22,-20]"
618018587310200,0.136461800,89603,1853578606,-50,-98,6,0,1,7,0,0,256,0,0,"[0,0,-15,-5,-15,-5,-14,-5,-14,-4,-13,-4,-13,-3,-12,-2,-11,-2,-11,-1,-11,-1,-11,-1,-11,0,-10,0,-10,0,-10,1,-10,1,-10,1,-10,1,-10,1,-10,0,-10,0,-9,0,-9,0,-8,-1,-8,-1,-8,-1,0,0,0,0,0,0,0,0,0,0,0,0,0,0,0,0,0,0,0,0,0,0,-17,-3,-17,-4,-17,-5,-17,-6,-17,-7,-17,-8,-17,-8,-17,-10,-17,-10,-15,-10,-15,-10,-15,-10,-14,-10,-15,-10,-14,-9,-14,-8,-14,-8,-14,-8,-15,-7,-15,-6,-15,-6,-16,-6,-16,-6,-16,-6,-16,-6,-16,-5,0,0,-27,-7,-27,-7,-26,-7,-25,-6,-23,-6,-23,-5,-22,-4,-21,-3,-20,-2,-20,-2,-19,1,-19,1,-19,2,-19,2,-18,3,-18,3,-17,3,-18,3,-17,3,-17,1,-17,2,-16,2,-15,1,-14,1,-14,1,-13,-1,-15,-2,-13,-1,0,0,0,0,0,0,0,0,0,0,0,0,0,0,-29,1,-29,-3,-30,-5,-30,-8,-31,-9,-30,-10,-30,-12,-31,-14,-30,-16,-30,-18,-28,-18,-29,-18,-27,-18,-26,-17,-25,-17,-25,-15,-25,-15,-26,-14,-26,-14,-26,-13,-26,-11,-26,-12,-28,-11,-28,-10,-28,-10,-28,-7,-27,-9,-28,-8]"
618018605571100,0.154722700,89604,1853596651,-50,-98,6,0,1,7,0,0,256,0,0,"[0,0,-12,9,-12,10,-11,9,-11,9,-10,8,-9,9,-8,8,-8,9,-8,8,-7,9,-6,9,-6,9,-5,9,-5,8,-5,8,-5,8,-4,9,-5,8,-5,8,-5,8,-5,8,-5,7,-5,7,-5,7,-5,6,-5,6,0,0,0,0,0,0,0,0,0,0,0,0,0,0,0,0,0,0,0,0,0,0,-12,12,-13,11,-13,11,-14,10,-16,10,-16,9,-17,9,-18,8,-17,7,-17,7,-17,6,-16,6,-16,6,-15,6,-15,7,-15,7,-14,7,-14,8,-14,8,-14,9,-14,9,-13,9,-14,10,-13,10,-13,10,-13,10,0,0,-21,18,-20,19,-20,17,-19,18,-18,17,-16,17,-15,17,-13,17,-12,15,-11,16,-11,16,-10,16,-9,16,-9,17,-8,17,-7,16,-7,17,-8,15,-7,16,-7,15,-7,15,-8,14,-8,14,-8,12,-8,11,-9,10,-9,11,-10,9,0,0,0,0,0,0,0,0,0,0,0,0,0,0,-16,24,-19,24,-20,20,-22,20,-23,20,-24,20,-26,20,-29,17,-29,18,-30,16,-30,15,-30,13,-30,13,-30,11,-28,11,-27,12,-26,13,-25,13,-25,13,-25,15,-24,16,-23,18,-23,18,-22,19,-23,19,-23,18,-23,18,-23,19]"
618018627414000,0.176565600,89605,1853616554,-50,-98,6,0,1,7,0,0,256,0,0,"[0,0,-13,-8,-13,-8,-13,-7,-12,-7,-12,-7,-11,-7,-11,-6,-11,-5,-11,-4,-11,-4,-10,-3,-10,-3,-10,-2,-10,-2,-10,-2,-10,-1,-10,-2,-10,-1,-10,-2,-9,-2,-9,-2,-9,-2,-8,-3,-8,-2,-8,-3,-8,-3,0,0,0,0,0,0,0,0,0,0,0,0,0,0,0,0,0,0,0,0,0,0,-15,-7,-15,-8,-15,-9,-15,-9,-15,-11,-15,-11,-14,-12,-13,-13,-14,-13,-12,-13,-12,-13,-12,-13,-11,-12,-11,-12,-11,-12,-12,-11,-12,-10,-12,-11,-12,-10,-13,-10,-13,-10,-14,-9,-14,-9,-14,-9,-14,-9,-14,-9,0,0,-45,-31,-45,-28,-45,-28,-45,-26,-43,-24,-41,-22,-39,-20,-38,-19,-37,-15,-38,-12,-38,-10,-37,-8,-37,-5,-35,-5,-37,-3,-36,-4,-34,-5,-37,-5,-34,-5,-34,-6,-32,-7,-30,-7,-28,-6,-29,-6,-28,-8,-26,-9,-24,-10,-24,-12,0,0,0,0,0,0,0,0,0,0,0,0,0,0,-56,-16,-57,-23,-55,-25,-54,-32,-53,-32,-51,-35,-50,-38,-52,-46,-48,-46,-47,-51,-44,-50,-43,-49,-44,-50,-42,-47,-41,-46,-39,-43,-40,-42,-40,-41,-42,-40,-42,-39,-45,-37,-45,-36,-45,-36,-45,-35,-49,-35,-51,-30,-49,-30,-51,-30]"
618018644929800,0.194081400,89606,1853637486,-50,-98,6,0,1,7,0,0,256,0,0,"[0,0,-5,-14,-5,-14,-5,-14,-5,-13,-5,-12,-6,-12,-5,-11,-6,-11,-6,-10,-6,-9,-6,-8,-7,-9,-7,-8,-7,-8,-7,-7,-7,-7,-8,-7,-7,-7,-7,-7,-6,-7,-6,-7,-6,-7,-5,-7,-5,-7,-5,-6,-4,-6,0,0,0,0,0,0,0,0,0,0,0,0,0,0,0,0,0,0,0,0,0,0,-7,-15,-7,-15,-6,-16,-5,-17,-4,-18,-3,-18,-3,-18,-2,-19,-1,-18,-1,-18,-1,-17,-1,-17,0,-17,-1,-16,-1,-16,-2,-15,-2,-15,-3,-16,-3,-16,-4,-16,-4,-15,-5,-16,-5,-16,-5,-16,-5,-15,-5,-15,0,0,-10,-27,-9,-27,-10,-26,-9,-23,-8,-24,-9,-22,-10,-22,-9,-20,-10,-18,-11,-15,-13,-15,-13,-14,-13,-14,-13,-14,-13,-13,-14,-13,-13,-13,-13,-13,-12,-13,-13,-13,-11,-13,-10,-13,-10,-12,-10,-12,-9,-12,-9,-12,-7,-11,-7,-12,0,0,0,0,0,0,0,0,0,0,0,0,0,0,-16,-25,-14,-28,-12,-28,-11,-30,-8,-30,-8,-32,-6,-32,-4,-35,-3,-34,-1,-34,1,-34,0,-33,-2,-33,-1,-31,-1,-31,-2,-30,-2,-30,-2,-29,-3,-29,-4,-28,-5,-30,-5,-30,-6,-29,-6,-30,-7,-27,-9,-29,-10,-28,-9,-28]"
618018672668200,0.221819800,89607,1853664946,-50,-98,6,0,1,7,0,0,256,0,0,"[0,0,6,13,6,12,6,12,6,11,6,11,6,11,6,10,6,9,6,8,6,8,7,7,7,6,7,6,7,6,7,5,7,6,7,5,7,5,6,5,6,5,6,5,5,6,5,5,5,5,5,5,4,5,0,0,0,0,0,0,0,0,0,0,0,0,0,0,0,0,0,0,0,0,0,0,8,13,7,14,7,14,6,15,6,16,5,17,4,17,3,17,3,17,2,16,3,16,2,16,2,16,2,15,3,16,3,14,3,15,4,14,4,14,5,14,5,14,5,14,6,14,7,14,6,14,7,13,0,0,10,25,12,25,11,23,10,23,11,21,11,20,10,19,11,17,11,16,12,16,13,14,12,13,12,13,13,12,14,12,14,11,13,12,13,11,12,11,13,11,12,10,10,11,10,11,9,11,9,10,8,10,7,11,5,11,0,0,0,0,0,0,0,0,0,0,0,0,0,0,19,21,17,23,15,25,14,26,13,28,12,28,10,30,9,32,9,32,6,33,6,31,4,33,4,32,3,31,2,30,4,29,4,28,6,28,7,27,6,28,8,27,9,26,9,27,11,27,11,26,11,27,11,26,12,26]"
618018686099800,0.235251400,89608,1853677645,-50,-98,6,0,1,7,0,0,256,0,0,"[0,0,15,2,14,1,13,1,13,1,13,1,12,0,11,0,11,0,11,-1,10,-2,10,-2,9,-2,9,-3,9,-3,9,-4,9,-3,8,-3,9,-3,9,-3,8,-3,8,-3,8,-2,7,-2,7,-2,7,-2,7,-1,0,0,0,0,0,0,0,0,0,0,0,0,0,0,0,0,0,0,0,0,0,0,15,0,16,1,16,2,16,3,16,3,17,4,17,5,16,6,16,7,16,7,15,7,15,7,14,7,14,6,14,6,14,5,14,5,14,4,14,4,15,3,15,3,15,3,15,2,15,2,15,2,15,2,0,0,29,2,26,1,25,2,24,1,23,1,21,-2,21,-1,21,-2,20,-2,20,-3,18,-4,18,-5,17,-5,17,-6,17,-7,17,-6,16,-6,18,-6,16,-6,15,-6,15,-6,14,-5,14,-4,14,-3,13,-3,13,-2,13,-1,12,0,0,0,0,0,0,0,0,0,0,0,0,0,0,0,28,-6,29,-3,30,-1,30,0,30,3,31,3,31,5,32,8,32,8,33,11,31,12,30,12,29,11,29,12,28,12,26,11,27,10,27,9,27,8,28,7,28,5,28,4,28,5,29,3,29,4,28,3,29,3,30,2]"
618018705923400,0.255075000,89609,1853696774,-50,-98,6,0,1,7,0,0,256,0,0,"[0,0,-12,-10,-12,-10,-11,-9,-12,-9,-11,-8,-11,-8,-10,-7,-10,-7,-10,-6,-10,-5,-10,-4,-10,-4,-10,-4,-10,-3,-10,-3,-10,-3,-10,-3,-10,-3,-9,-3,-9,-3,-9,-3,-8,-3,-8,-4,-8,-3,-7,-3,-7,-4,0,0,0,0,0,0,0,0,0,0,0,0,0,0,0,0,0,0,0,0,0,0,-14,-9,-13,-10,-14,-11,-13,-11,-14,-13,-13,-13,-12,-15,-11,-15,-11,-15,-10,-16,-11,-15,-10,-14,-10,-14,-10,-14,-10,-13,-11,-13,-10,-12,-11,-12,-11,-12,-11,-12,-11,-12,-12,-11,-13,-11,-13,-10,-13,-10,-12,-11,0,0,-46,-33,-45,-35,-42,-31,-43,-27,-39,-28,-39,-24,-38,-23,-38,-21,-37,-18,-38,-16,-38,-13,-38,-12,-35,-11,-35,-9,-36,-7,-36,-6,-35,-6,-35,-5,-35,-7,-34,-7,-32,-7,-31,-7,-30,-9,-28,-10,-28,-10,-27,-9,-25,-12,-21,-12,0,0,0,0,0,0,0,0,0,0,0,0,0,0,-54,-24,-52,-29,-51,-33,-51,-34,-49,-38,-46,-40,-49,-44,-47,-48,-44,-51,-44,-54,-40,-54,-39,-54,-38,-54,-37,-52,-34,-52,-36,-48,-36,-47,-38,-45,-37,-43,-39,-42,-40,-40,-43,-40,-44,-39,-47,-39,-46,-37,-46,-36,-46,-34,-46,-37]"
618018727199600,0.276351200,89610,1853716744,-50,-98,6,0,1,7,0,0,256,0,0,"[0,0,-12,-10,-12,-10,-11,-10,-11,-8,-11,-9,-11,-8,-10,-7,-10,-7,-10,-5,-10,-5,-10,-5,-10,-4,-10,-4,-10,-3,-10,-3,-10,-3,-9,-3,-10,-3,-9,-3,-9,-3,-9,-3,-8,-4,-8,-4,-7,-4,-7,-4,-7,-4,0,0,0,0,0,0,0,0,0,0,0,0,0,0,0,0,0,0,0,0,0,0,-14,-9,-14,-10,-13,-11,-13,-12,-13,-12,-13,-14,-12,-14,-12,-15,-11,-15,-10,-14,-10,-15,-10,-14,-9,-14,-9,-14,-10,-14,-10,-12,-10,-13,-10,-12,-11,-12,-11,-12,-11,-11,-12,-11,-12,-11,-13,-11,-13,-10,-13,-11,0,0,-46,-30,-46,-32,-45,-32,-43,-26,-41,-26,-40,-23,-39,-20,-39,-19,-37,-16,-38,-13,-36,-12,-36,-13,-36,-11,-36,-9,-36,-7,-37,-6,-35,-6,-35,-6,-36,-5,-33,-7,-33,-6,-29,-7,-30,-8,-27,-9,-28,-10,-25,-9,-26,-11,-22,-12,0,0,0,0,0,0,0,0,0,0,0,0,0,0,-56,-22,-52,-29,-52,-33,-52,-33,-50,-37,-48,-40,-48,-43,-48,-46,-47,-48,-48,-50,-43,-52,-41,-53,-36,-52,-36,-52,-35,-51,-34,-46,-38,-46,-39,-44,-39,-43,-39,-42,-42,-41,-45,-37,-45,-38,-48,-36,-47,-37,-47,-36,-46,-38,-47,-35]"
618018747985800,0.297137400,89611,1853738657,-50,-98,6,0,1,7,0,0,256,0,0,"[0,0,4,-15,3,-14,3,-14,3,-13,2,-13,2,-12,1,-12,1,-12,0,-11,0,-11,-1,-11,-1,-10,-2,-10,-2,-10,-2,-10,-2,-10,-2,-10,-2,-10,-2,-10,-2,-9,-2,-9,-1,-9,-1,-9,-1,-8,-1,-8,0,-8,0,0,0,0,0,0,0,0,0,0,0,0,0,0,0,0,0,0,0,0,0,0,2,-16,3,-17,4,-16,4,-17,5,-17,7,-17,7,-16,8,-16,9,-16,9,-15,9,-14,9,-14,8,-14,8,-14,7,-14,7,-14,6,-14,6,-14,5,-15,5,-15,5,-15,4,-15,5,-15,4,-15,4,-16,4,-16,0,0,6,-27,5,-27,5,-26,4,-25,5,-24,2,-23,3,-23,0,-22,1,-21,-1,-20,-2,-20,-3,-20,-3,-19,-4,-18,-5,-18,-4,-18,-5,-18,-5,-17,-4,-17,-4,-17,-3,-17,-2,-16,-2,-15,-2,-15,-2,-14,-1,-13,0,-14,1,-13,0,0,0,0,0,0,0,0,0,0,0,0,0,0,-2,-30,1,-30,3,-30,5,-30,6,-31,8,-31,10,-31,11,-32,14,-31,15,-30,15,-29,16,-30,16,-28,15,-27,15,-26,13,-26,13,-27,12,-27,12,-27,11,-26,10,-27,8,-28,9,-28,7,-29,8,-29,6,-30,6,-29,7,-29]"
618018774835000,0.323986600,89612,1853764745,-50,-98,6,0,1,7,0,0,256,0,0,"[0,0,-15,6,-13,7,-13,6,-12,6,-12,6,-11,6,-10,6,-10,6,-10,6,-9,6,-8,7,-7,7,-7,7,-7,7,-7,7,-7,7,-6,7,-7,7,-7,7,-6,6,-7,6,-6,6,-6,5,-6,5,-7,5,-6,4,0,0,0,0,0,0,0,0,0,0,0,0,0,0,0,0,0,0,0,0,0,0,-14,9,-15,8,-15,8,-16,7,-16,7,-18,6,-18,5,-18,4,-18,4,-18,3,-18,2,-17,3,-17,2,-16,3,-16,3,-15,3,-16,4,-15,4,-15,5,-15,5,-15,6,-15,6,-15,6,-15,6,-14,7,-15,6,0,0,-25,12,-24,13,-24,13,-22,13,-21,14,-19,14,-18,13,-17,13,-16,13,-15,14,-13,14,-13,15,-11,15,-12,15,-10,14,-11,15,-11,14,-10,14,-11,13,-11,13,-10,12,-11,12,-10,12,-10,11,-10,10,-11,9,-10,8,-11,7,0,0,0,0,0,0,0,0,0,0,0,0,0,0,-21,20,-23,19,-25,17,-26,16,-27,15,-28,13,-30,13,-31,12,-33,10,-33,9,-34,6,-32,8,-32,5,-31,6,-31,6,-30,7,-30,7,-28,7,-30,8,-28,9,-28,11,-27,11,-27,12,-27,13,-27,13,-26,14,-26,14,-28,14]"
618018794160200,0.343311800,89613,1853776644,-50,-98,6,0,1,7,0,0,256,0,0,"[0,0,-7,-14,-7,-14,-6,-13,-7,-13,-6,-12,-7,-12,-7,-11,-7,-10,-7,-9,-7,-9,-7,-8,-7,-8,-8,-8,-8,-7,-8,-7,-8,-7,-8,-7,-7,-6,-8,-7,-7,-6,-7,-7,-7,-7,-6,-7,-6,-7,-5,-6,-5,-6,0,0,0,0,0,0,0,0,0,0,0,0,0,0,0,0,0,0,0,0,0,0,-9,-14,-8,-15,-8,-16,-7,-16,-6,-17,-6,-17,-5,-18,-4,-18,-4,-18,-3,-18,-2,-18,-2,-17,-2,-17,-2,-16,-3,-16,-4,-16,-4,-15,-4,-16,-5,-15,-5,-15,-6,-15,-7,-15,-7,-15,-6,-15,-7,-15,-7,-15,0,0,-16,-22,-16,-24,-16,-22,-16,-21,-15,-19,-15,-18,-15,-16,-16,-16,-15,-14,-16,-13,-15,-13,-15,-11,-15,-11,-16,-10,-17,-10,-16,-8,-17,-10,-15,-9,-17,-9,-16,-9,-15,-10,-14,-9,-13,-9,-12,-10,-12,-9,-10,-9,-10,-11,-9,-11,0,0,0,0,0,0,0,0,0,0,0,0,0,0,-24,-20,-21,-22,-19,-23,-18,-23,-19,-26,-17,-26,-17,-30,-16,-30,-16,-30,-13,-32,-13,-30,-11,-33,-10,-32,-10,-31,-9,-29,-9,-27,-10,-26,-13,-28,-13,-26,-13,-28,-13,-25,-15,-26,-15,-26,-17,-24,-17,-26,-17,-25,-17,-25,-17,-24]"
618018809982800,0.359134400,89614,1853800253,-50,-98,6,0,1,6,0,0,256,0,0,"[0,0,5,-15,4,-14,4,-14,4,-13,4,-13,3,-13,3,-12,2,-12,1,-11,1,-11,0,-11,0,-11,-1,-11,-1,-11,-1,-11,-1,-10,-1,-10,-1,-10,-1,-10,-1,-9,-1,-9,0,-9,0,-9,0,-9,0,-8,1,-8,0,0,0,0,0,0,0,0,0,0,0,0,0,0,0,0,0,0,0,0,0,0,3,-17,4,-17,5,-17,6,-17,7,-17,8,-17,8,-16,9,-16,10,-16,10,-15,10,-14,11,-14,10,-14,9,-14,9,-14,8,-14,8,-14,7,-14,7,-15,6,-15,6,-15,5,-16,6,-16,5,-15,5,-16,5,-15,0,0,12,-24,13,-24,12,-24,12,-21,10,-22,9,-21,8,-22,7,-21,5,-19,5,-19,4,-18,3,-19,3,-18,1,-19,1,-18,1,-19,1,-18,2,-17,1,-18,2,-17,1,-16,2,-16,3,-15,3,-15,4,-14,3,-14,4,-13,5,-12,0,0,0,0,0,0,0,0,0,0,0,0,0,0,6,-28,9,-29,12,-28,13,-28,14,-28,15,-27,17,-27,19,-27,19,-26,21,-26,23,-24,22,-24,23,-22,22,-20,22,-21,22,-20,20,-22,18,-21,17,-22,17,-23,16,-23,16,-24,15,-25,15,-26,14,-24,15,-25,16,-25,15,-26]"
618018824842000,0.373993600,89615,1853816642,-50,-98,6,0,1,7,0,0,256,0,0,"[0,0,-14,-7,-14,-6,-14,-6,-13,-5,-13,-5,-12,-5,-12,-4,-11,-3,-11,-3,-11,-2,-11,-2,-11,-1,-10,-1,-11,-1,-10,0,-11,0,-10,0,-10,-1,-10,-1,-10,-1,-9,-1,-9,-1,-8,-1,-8,-2,-8,-2,-8,-2,0,0,0,0,0,0,0,0,0,0,0,0,0,0,0,0,0,0,0,0,0,0,-16,-4,-16,-6,-16,-6,-16,-7,-16,-8,-16,-9,-16,-10,-16,-11,-15,-11,-14,-11,-14,-11,-14,-11,-13,-11,-13,-10,-13,-10,-13,-9,-13,-9,-14,-8,-14,-8,-14,-8,-14,-8,-15,-8,-15,-7,-15,-7,-15,-6,-15,-7,0,0,-50,-23,-49,-26,-48,-23,-49,-20,-44,-20,-43,-16,-42,-15,-41,-15,-40,-11,-41,-8,-39,-7,-37,-3,-38,-6,-37,-5,-36,-2,-39,-1,-36,-1,-36,0,-35,-2,-36,-2,-35,-3,-32,-3,-31,-4,-28,-4,-28,-6,-28,-6,-24,-7,-26,-9,0,0,0,0,0,0,0,0,0,0,0,0,0,0,-57,-9,-58,-16,-56,-20,-57,-24,-56,-26,-55,-31,-55,-34,-57,-38,-54,-40,-54,-44,-52,-45,-48,-45,-47,-45,-47,-44,-45,-40,-44,-39,-44,-39,-45,-36,-47,-37,-47,-34,-49,-33,-50,-30,-52,-31,-52,-29,-55,-28,-54,-27,-53,-25,-53,-28]"
618018846130800,0.395282400,89616,1853836506,-50,-98,6,0,1,7,0,0,256,0,0,"[0,0,7,-12,6,-12,6,-11,6,-11,5,-11,5,-11,4,-10,4,-10,3,-10,3,-10,2,-10,1,-9,1,-10,1,-9,1,-9,0,-9,0,-9,1,-9,1,-9,1,-8,1,-8,1,-8,1,-8,1,-7,1,-7,2,-7,0,0,0,0,0,0,0,0,0,0,0,0,0,0,0,0,0,0,0,0,0,0,6,-13,7,-13,7,-13,8,-13,9,-13,10,-12,11,-12,11,-11,12,-11,11,-10,11,-11,11,-10,11,-10,10,-10,10,-10,9,-10,9,-11,9,-11,8,-11,8,-11,8,-12,7,-12,8,-12,7,-12,7,-12,7,-12,0,0,28,-48,24,-49,24,-47,23,-45,20,-46,18,-44,15,-42,15,-39,13,-39,10,-38,7,-38,4,-40,3,-40,3,-38,2,-37,3,-36,2,-38,2,-35,3,-32,3,-35,3,-33,4,-34,4,-31,5,-30,5,-28,7,-26,8,-26,10,-25,0,0,0,0,0,0,0,0,0,0,0,0,0,0,13,-57,19,-58,24,-55,28,-53,30,-55,32,-53,37,-53,38,-53,45,-51,46,-51,47,-46,47,-46,46,-44,44,-43,43,-44,42,-41,41,-41,39,-43,37,-44,36,-44,33,-47,32,-48,32,-50,32,-52,31,-52,29,-52,28,-52,30,-50]"
618018867342200,0.416493800,89617,1853857916,-50,-98,6,0,1,7,0,0,256,0,0,"[0,0,-16,0,-16,0,-14,0,-15,0,-14,1,-13,1,-13,1,-12,2,-12,2,-12,2,-11,3,-10,3,-10,4,-9,3,-10,4,-9,4,-9,4,-9,3,-9,4,-9,3,-9,3,-9,2,-9,2,-8,2,-9,2,-8,1,0,0,0,0,0,0,0,0,0,0,0,0,0,0,0,0,0,0,0,0,0,0,-17,3,-17,2,-18,1,-17,1,-19,-1,-19,-1,-19,-2,-19,-3,-19,-4,-18,-4,-18,-5,-17,-4,-17,-4,-16,-4,-16,-3,-17,-3,-16,-2,-17,-2,-16,-2,-17,-1,-17,-1,-16,0,-18,0,-17,0,-16,0,-16,1,0,0,-29,1,-28,1,-27,1,-26,1,-25,1,-23,1,-23,1,-22,3,-20,4,-19,4,-19,6,-17,6,-17,6,-17,7,-17,8,-17,7,-16,8,-17,8,-17,7,-16,6,-16,6,-15,5,-15,5,-14,4,-14,4,-14,3,-13,2,-13,2,0,0,0,0,0,0,0,0,0,0,0,0,0,0,-27,10,-29,7,-31,4,-32,2,-30,2,-31,1,-32,0,-33,-3,-33,-5,-34,-7,-33,-8,-32,-7,-32,-8,-30,-8,-30,-7,-28,-7,-29,-6,-29,-5,-29,-5,-29,-4,-29,-3,-29,-2,-30,-2,-30,-1,-31,-1,-29,0,-29,0,-30,-1]"
618018884160400,0.433312000,89618,1853876726,-50,-98,6,0,1,7,0,0,256,0,0,"[0,0,15,-3,14,-3,14,-3,14,-4,13,-3,12,-4,11,-4,11,-4,10,-5,10,-5,9,-5,8,-6,8,-6,8,-6,8,-6,8,-6,7,-6,7,-6,7,-6,8,-5,7,-5,7,-5,7,-4,6,-4,7,-4,7,-3,0,0,0,0,0,0,0,0,0,0,0,0,0,0,0,0,0,0,0,0,0,0,15,-5,16,-5,16,-4,16,-3,18,-2,18,-1,18,0,19,1,18,1,17,1,17,1,17,2,16,1,16,1,16,1,15,0,16,0,16,-1,15,-1,15,-2,16,-2,16,-3,16,-3,16,-3,15,-4,16,-3,0,0,28,-5,27,-5,25,-5,24,-5,23,-4,22,-6,21,-6,19,-7,19,-7,18,-7,17,-9,15,-8,15,-10,16,-12,16,-11,15,-10,14,-11,15,-11,14,-10,14,-9,13,-8,12,-8,13,-8,12,-7,12,-6,12,-6,12,-6,11,-4,0,0,0,0,0,0,0,0,0,0,0,0,0,0,26,-11,28,-9,29,-6,29,-4,30,-3,30,-3,32,-1,33,2,33,2,33,3,33,5,32,5,31,6,30,6,29,6,28,4,28,3,28,3,28,3,29,1,28,0,28,-1,28,-2,28,-3,29,-3,29,-3,28,-4,28,-3]"
618018907164200,0.456315800,89619,1853897569,-50,-98,6,0,1,7,0,0,256,0,0,"[0,0,-11,10,-10,10,-10,10,-10,10,-9,9,-8,9,-7,9,-7,9,-6,9,-6,9,-5,9,-5,9,-4,9,-4,9,-4,9,-4,9,-3,9,-3,9,-4,9,-3,8,-3,8,-4,7,-4,7,-3,6,-4,6,-4,5,0,0,0,0,0,0,0,0,0,0,0,0,0,0,0,0,0,0,0,0,0,0,-11,12,-11,11,-12,12,-12,11,-14,10,-15,10,-15,10,-16,9,-16,9,-16,8,-15,8,-15,7,-15,7,-14,7,-14,8,-14,8,-13,8,-13,9,-12,9,-12,9,-12,10,-12,10,-12,10,-11,11,-12,11,-11,10,0,0,-44,36,-42,37,-39,35,-35,36,-35,34,-31,32,-32,32,-27,34,-24,34,-22,31,-21,32,-19,32,-17,34,-16,33,-16,33,-14,33,-13,33,-14,31,-15,30,-16,29,-15,27,-16,30,-16,27,-14,24,-15,22,-17,23,-16,21,-18,20,0,0,0,0,0,0,0,0,0,0,0,0,0,0,-33,47,-38,45,-44,41,-47,40,-47,41,-50,38,-52,36,-57,33,-58,31,-63,28,-61,27,-61,25,-61,25,-58,22,-56,22,-52,24,-54,24,-49,27,-51,27,-49,28,-50,30,-47,33,-48,33,-47,35,-46,34,-46,36,-43,39,-44,36]"
618018925939000,0.475090600,89620,1853917659,-50,-98,6,0,1,7,0,0,256,0,0,"[0,0,15,3,14,2,13,2,13,1,13,1,12,1,12,0,11,0,11,-1,11,-2,10,-2,9,-2,9,-3,9,-3,9,-3,9,-3,9,-3,9,-3,9,-3,9,-3,9,-2,8,-2,8,-2,7,-2,7,-2,7,-1,0,0,0,0,0,0,0,0,0,0,0,0,0,0,0,0,0,0,0,0,0,0,16,1,16,2,16,3,16,4,17,4,17,5,17,7,16,8,17,8,16,8,15,7,15,7,14,7,14,7,14,6,14,6,14,5,14,5,14,4,15,4,15,4,15,3,16,3,16,2,15,2,16,2,0,0,27,7,25,5,25,4,25,4,23,4,22,2,22,3,20,2,19,0,19,0,18,-2,18,-3,17,-3,18,-3,18,-4,18,-5,16,-4,18,-4,17,-3,17,-3,16,-3,15,-3,14,-2,14,-3,14,-2,14,-1,13,-1,13,1,0,0,0,0,0,0,0,0,0,0,0,0,0,0,28,-2,28,1,29,3,30,6,29,7,30,9,28,9,31,13,29,14,29,16,28,17,27,16,27,15,25,16,26,15,25,14,25,14,25,13,26,11,26,10,26,11,27,10,27,9,28,8,27,7,28,7,28,5,29,6]"
618018946840900,0.495992500,89621,1853936684,-50,-98,6,0,1,7,0,0,256,0,0,"[0,0,9,-11,8,-11,7,-10,8,-10,7,-10,6,-10,6,-9,5,-9,5,-9,5,-9,4,-9,3,-9,3,-9,2,-9,3,-9,2,-9,2,-9,2,-8,2,-8,2,-8,3,-8,3,-8,3,-8,2,-7,3,-7,3,-6,0,0,0,0,0,0,0,0,0,0,0,0,0,0,0,0,0,0,0,0,0,0,7,-13,8,-12,9,-13,9,-12,10,-12,11,-12,12,-11,13,-11,13,-10,13,-10,12,-10,12,-9,12,-9,11,-9,11,-9,11,-9,10,-9,11,-10,10,-10,10,-11,9,-10,9,-11,10,-12,9,-11,9,-11,9,-11,0,0,35,-43,34,-44,33,-42,32,-38,29,-38,27,-40,23,-38,20,-35,17,-34,17,-35,17,-38,13,-36,13,-36,11,-36,11,-35,10,-35,9,-35,9,-34,8,-33,11,-31,11,-31,10,-31,10,-29,11,-28,12,-25,12,-24,15,-23,15,-23,0,0,0,0,0,0,0,0,0,0,0,0,0,0,24,-54,28,-52,33,-49,36,-48,38,-47,39,-45,45,-47,48,-44,51,-42,52,-41,54,-39,55,-34,53,-34,52,-32,52,-34,50,-33,48,-36,45,-35,44,-36,45,-37,43,-38,41,-41,40,-43,39,-44,41,-44,39,-45,38,-44,39,-44]"
618018964117100,0.513268700,89622,1853956546,-50,-98,6,0,1,7,0,0,256,0,0,"[0,0,8,13,7,12,7,12,7,11,7,11,7,10,7,9,7,8,7,8,7,7,8,6,7,6,8,6,8,6,8,5,8,5,8,5,8,5,8,5,7,5,7,5,7,5,6,5,5,5,5,5,5,5,0,0,0,0,0,0,0,0,0,0,0,0,0,0,0,0,0,0,0,0,0,0,9,12,9,13,9,14,8,15,8,15,7,16,6,17,5,17,5,17,4,17,4,17,4,16,4,16,4,16,4,15,5,14,5,14,6,14,6,14,6,14,7,14,7,14,8,14,8,14,8,13,8,13,0,0,14,21,15,22,16,20,15,19,14,19,14,17,14,16,14,15,15,13,14,12,15,11,14,10,15,9,15,10,16,8,16,8,16,8,15,8,15,9,14,9,13,9,12,8,11,8,11,8,10,8,10,8,9,9,8,9,0,0,0,0,0,0,0,0,0,0,0,0,0,0,22,17,21,19,19,22,17,23,18,25,17,25,15,27,14,29,14,29,10,31,12,30,10,31,10,30,10,29,9,29,9,27,9,26,11,26,12,25,12,25,12,25,14,24,14,25,15,24,16,25,17,25,16,23,16,22]"
618018996730200,0.545881800,89623,1853985984,-50,-98,6,0,1,7,0,0,256,0,0,"[0,0,-5,-15,-5,-15,-5,-14,-4,-14,-5,-13,-5,-13,-5,-12,-5,-11,-5,-10,-6,-10,-7,-9,-7,-9,-7,-9,-7,-8,-7,-8,-7,-8,-7,-8,-7,-7,-7,-8,-6,-7,-6,-7,-6,-8,-5,-7,-5,-7,-5,-7,-4,-7,0,0,0,0,0,0,0,0,0,0,0,0,0,0,0,0,0,0,0,0,0,0,-6,-15,-6,-16,-5,-17,-4,-17,-4,-18,-2,-18,-1,-18,-1,-19,0,-19,0,-19,0,-18,0,-17,0,-17,-1,-17,0,-16,-2,-16,-2,-16,-2,-16,-2,-16,-3,-16,-3,-16,-4,-16,-4,-17,-5,-16,-5,-16,-5,-16,0,0,-8,-27,-9,-29,-9,-26,-8,-24,-8,-23,-9,-22,-9,-21,-9,-20,-10,-19,-12,-18,-12,-16,-12,-16,-13,-15,-12,-14,-12,-15,-13,-13,-13,-14,-12,-13,-13,-13,-12,-13,-11,-13,-10,-13,-9,-13,-9,-13,-9,-12,-8,-12,-7,-12,-6,-13,0,0,0,0,0,0,0,0,0,0,0,0,0,0,-16,-25,-14,-27,-12,-28,-10,-28,-9,-31,-8,-30,-7,-33,-5,-33,-3,-35,-2,-35,0,-34,1,-35,0,-33,-1,-32,0,-31,-1,-30,-1,-29,-2,-30,-4,-29,-4,-29,-4,-30,-5,-29,-5,-29,-7,-29,-7,-30,-10,-29,-9,-29,-9,-28]"
618019010093200,0.559244800,89624,1853997816,-50,-98,6,0,1,7,0,0,256,0,0,"[0,0,3,14,4,14,4,13,4,12,4,12,4,11,4,10,4,10,4,9,5,8,5,8,5,8,5,7,6,7,6,7,6,7,6,7,6,7,5,7,5,7,5,6,4,6,4,7,4,6,3,6,3,6,0,0,0,0,0,0,0,0,0,0,0,0,0,0,0,0,0,0,0,0,0,0,6,14,5,14,5,15,4,16,4,17,3,17,2,17,0,17,0,17,0,17,0,16,-1,16,-1,16,0,15,0,15,1,15,1,14,2,15,2,15,3,15,2,15,3,15,3,15,4,15,4,15,3,15,0,0,12,24,12,23,13,23,12,22,12,20,13,19,12,18,13,17,12,14,13,14,13,13,14,12,14,12,14,11,15,10,14,10,14,9,14,10,14,9,13,11,13,10,12,10,11,10,10,9,9,8,8,9,9,10,7,11,0,0,0,0,0,0,0,0,0,0,0,0,0,0,21,20,19,22,17,23,15,25,15,26,14,28,12,29,11,30,10,31,9,32,7,31,6,32,7,31,6,31,5,29,5,27,5,28,8,27,9,27,9,26,10,26,11,26,11,26,12,26,13,26,13,25,14,26,14,25]"
618019029243500,0.578395100,89625,1854020726,-50,-98,6,0,1,7,0,0,256,0,0,"[0,0,-11,10,-11,10,-10,10,-10,9,-9,9,-9,9,-8,9,-7,8,-7,8,-6,8,-5,9,-5,9,-4,9,-4,9,-4,9,-4,9,-3,8,-4,9,-5,8,-4,8,-4,8,-4,7,-4,7,-4,7,-4,6,-5,6,0,0,0,0,0,0,0,0,0,0,0,0,0,0,0,0,0,0,0,0,0,0,-10,12,-11,12,-11,12,-12,11,-13,11,-15,11,-15,10,-16,9,-16,9,-15,8,-15,8,-15,8,-14,8,-14,8,-14,8,-13,8,-14,8,-13,9,-13,9,-12,9,-12,10,-12,10,-12,11,-12,11,-11,11,-11,11,0,0,-44,35,-44,36,-40,34,-39,33,-35,33,-33,32,-31,34,-29,31,-27,33,-24,31,-21,32,-20,34,-18,34,-15,34,-18,31,-16,32,-14,33,-15,31,-16,30,-18,29,-16,27,-16,28,-15,28,-16,26,-17,23,-17,19,-18,20,-19,18,0,0,0,0,0,0,0,0,0,0,0,0,0,0,-32,48,-38,47,-42,43,-46,41,-48,39,-50,38,-55,36,-56,33,-59,30,-62,28,-63,24,-62,25,-59,25,-58,24,-55,23,-54,25,-53,25,-51,26,-52,25,-48,28,-49,31,-49,31,-49,34,-50,35,-47,36,-46,36,-45,38,-48,37]"
618019046668900,0.595820500,89626,1854036643,-50,-98,6,0,1,7,0,0,256,0,0,"[0,0,-15,-6,-14,-6,-13,-6,-14,-5,-13,-5,-12,-4,-12,-3,-12,-3,-11,-2,-11,-2,-11,-1,-11,-1,-11,-1,-10,0,-10,0,-11,0,-10,0,-10,0,-10,0,-10,0,-9,0,-9,0,-8,-1,-8,-1,-8,-1,-8,-1,0,0,0,0,0,0,0,0,0,0,0,0,0,0,0,0,0,0,0,0,0,0,-16,-5,-16,-6,-16,-7,-16,-8,-16,-9,-16,-10,-16,-10,-16,-11,-15,-11,-14,-12,-14,-12,-13,-12,-13,-11,-13,-11,-13,-10,-13,-10,-13,-9,-14,-9,-14,-9,-15,-7,-15,-8,-15,-7,-15,-7,-15,-7,-14,-7,-15,-7,0,0,-54,-21,-51,-20,-48,-18,-49,-18,-46,-14,-44,-12,-43,-11,-42,-9,-40,-8,-38,-6,-38,-2,-39,-2,-36,3,-37,1,-37,3,-36,4,-35,3,-36,3,-38,3,-35,1,-32,-1,-32,0,-30,1,-29,0,-28,-1,-28,-2,-26,-5,-28,-5,0,0,0,0,0,0,0,0,0,0,0,0,0,0,-58,-5,-58,-12,-57,-17,-59,-20,-57,-23,-57,-25,-59,-28,-59,-33,-57,-35,-56,-39,-55,-41,-52,-41,-50,-41,-49,-37,-49,-39,-50,-36,-47,-34,-49,-33,-49,-32,-50,-28,-50,-28,-53,-25,-53,-25,-54,-25,-55,-23,-54,-23,-54,-22,-55,-21]"
618019066799400,0.615951000,89627,1854056512,-50,-98,6,0,1,7,0,0,256,0,0,"[0,0,9,-12,8,-12,8,-12,8,-11,7,-11,7,-11,5,-11,5,-10,5,-10,4,-11,3,-10,2,-10,2,-10,2,-10,2,-10,2,-10,1,-10,2,-10,2,-10,2,-9,2,-9,2,-9,2,-8,2,-8,2,-7,3,-7,0,0,0,0,0,0,0,0,0,0,0,0,0,0,0,0,0,0,0,0,0,0,8,-14,9,-14,10,-14,10,-14,12,-14,12,-13,13,-12,14,-12,14,-11,14,-11,13,-11,13,-10,13,-11,12,-10,12,-10,12,-10,11,-10,11,-11,10,-12,11,-12,10,-12,10,-12,10,-13,9,-13,9,-13,9,-13,0,0,41,-37,42,-42,38,-38,34,-36,32,-35,29,-35,25,-36,24,-35,23,-34,19,-34,18,-32,15,-36,14,-36,13,-36,11,-35,11,-35,12,-36,12,-34,11,-33,12,-33,12,-32,13,-30,13,-29,12,-27,14,-25,14,-23,16,-22,16,-23,0,0,0,0,0,0,0,0,0,0,0,0,0,0,31,-52,36,-48,38,-45,43,-43,44,-45,48,-42,54,-40,53,-38,57,-34,57,-33,60,-30,58,-30,57,-29,55,-27,55,-28,51,-28,49,-30,49,-28,48,-29,48,-33,46,-33,46,-36,45,-38,46,-40,45,-40,43,-40,41,-41,44,-38]"
618019090825000,0.639976600,89628,1854077542,-50,-98,6,0,1,7,0,0,256,0,0,"[0,0,-9,-12,-10,-12,-9,-11,-9,-11,-9,-10,-9,-10,-9,-9,-9,-8,-9,-8,-9,-7,-9,-7,-9,-6,-9,-6,-9,-5,-9,-5,-9,-5,-9,-5,-9,-5,-9,-5,-9,-5,-8,-5,-8,-5,-7,-5,-7,-6,-7,-5,-6,-5,0,0,0,0,0,0,0,0,0,0,0,0,0,0,0,0,0,0,0,0,0,0,-12,-11,-11,-12,-11,-13,-11,-14,-10,-15,-10,-16,-9,-16,-8,-17,-8,-17,-7,-17,-7,-16,-7,-16,-6,-16,-7,-15,-7,-15,-7,-14,-7,-14,-8,-14,-9,-14,-9,-14,-9,-13,-10,-13,-10,-13,-10,-13,-10,-13,-10,-13,0,0,-20,-21,-21,-20,-19,-20,-19,-18,-18,-17,-18,-16,-17,-15,-17,-14,-18,-12,-18,-10,-17,-10,-18,-9,-18,-9,-17,-7,-18,-7,-18,-7,-18,-7,-17,-6,-17,-7,-16,-7,-15,-8,-15,-8,-14,-7,-14,-8,-14,-7,-13,-8,-11,-8,-10,-9,0,0,0,0,0,0,0,0,0,0,0,0,0,0,-26,-15,-25,-18,-25,-19,-22,-21,-22,-23,-22,-25,-21,-26,-20,-27,-19,-28,-18,-30,-17,-31,-16,-30,-16,-30,-16,-28,-14,-28,-15,-27,-14,-26,-15,-25,-16,-25,-17,-23,-18,-24,-19,-23,-19,-23,-20,-23,-20,-23,-21,-23,-21,-21,-21,-22]"
618019110456500,0.659608100,89629,1854099886,-50,-98,6,0,1,7,0,0,256,0,0,"[0,0,-14,-3,-13,-3,-13,-3,-13,-2,-12,-2,-12,-2,-11,-1,-11,-1,-11,0,-10,0,-10,1,-10,1,-9,1,-9,1,-9,2,-9,2,-9,2,-9,2,-9,1,-9,1,-9,1,-8,1,-8,0,-8,0,-8,0,-7,0,0,0,0,0,0,0,0,0,0,0,0,0,0,0,0,0,0,0,0,0,0,0,-15,-2,-16,-3,-15,-3,-15,-4,-15,-5,-16,-6,-16,-7,-16,-7,-16,-8,-15,-8,-15,-8,-14,-8,-14,-8,-13,-8,-14,-7,-14,-6,-14,-6,-14,-6,-14,-5,-14,-5,-14,-4,-14,-4,-15,-4,-15,-4,-14,-4,-14,-3,0,0,-57,-8,-55,-10,-54,-10,-51,-10,-49,-6,-45,-3,-46,-1,-43,-1,-41,2,-40,3,-40,5,-37,5,-37,6,-36,10,-36,10,-36,10,-34,10,-37,10,-35,9,-35,8,-34,8,-30,9,-31,5,-30,4,-30,4,-29,3,-28,1,-26,-1,0,0,0,0,0,0,0,0,0,0,0,0,0,0,-59,3,-61,-6,-60,-9,-59,-11,-62,-14,-60,-18,-61,-20,-63,-25,-63,-26,-62,-30,-60,-30,-60,-32,-57,-34,-54,-33,-54,-33,-51,-29,-52,-27,-54,-25,-54,-24,-54,-23,-57,-20,-56,-16,-57,-15,-59,-14,-59,-13,-58,-12,-55,-12,-57,-15]"
618019125695900,0.674847500,89630,1854118669,-50,-98,6,0,1,7,0,0,256,0,0,"[0,0,12,8,12,8,11,7,11,7,11,7,11,5,10,5,10,4,10,4,10,3,10,2,10,2,9,2,9,2,10,1,9,1,9,1,9,1,9,1,8,1,9,1,8,2,7,2,7,2,7,2,7,2,0,0,0,0,0,0,0,0,0,0,0,0,0,0,0,0,0,0,0,0,0,0,14,7,14,8,14,9,13,9,13,10,13,11,13,12,12,12,12,13,11,13,11,13,10,13,10,12,10,12,10,11,10,11,10,11,11,10,11,10,12,9,12,9,13,9,13,9,12,9,12,9,13,8,0,0,51,26,48,26,47,25,44,22,43,21,41,19,42,16,39,13,39,11,38,9,37,7,36,4,36,4,34,3,38,2,37,1,35,0,36,0,36,0,34,3,33,1,31,4,30,3,27,4,29,5,28,6,26,6,25,8,0,0,0,0,0,0,0,0,0,0,0,0,0,0,58,12,55,20,54,24,51,27,54,30,52,34,50,38,53,42,52,43,49,47,46,46,46,47,43,48,44,46,41,45,39,42,41,40,42,38,44,37,44,37,45,36,47,33,48,31,50,29,52,31,50,31,50,29,51,27]"
618019145929900,0.695081500,89631,1854136560,-50,-98,6,0,1,7,0,0,256,0,0,"[0,0,-10,12,-9,11,-9,11,-8,10,-8,10,-7,10,-7,10,-6,9,-6,9,-5,9,-4,9,-3,9,-3,10,-3,9,-3,9,-3,9,-2,9,-3,9,-3,9,-3,9,-3,8,-3,8,-3,7,-3,7,-3,6,-4,7,0,0,0,0,0,0,0,0,0,0,0,0,0,0,0,0,0,0,0,0,0,0,-9,13,-10,13,-10,13,-11,13,-12,13,-14,12,-14,11,-14,11,-15,11,-14,10,-14,10,-14,10,-14,10,-13,9,-13,9,-12,9,-12,10,-12,10,-12,11,-11,11,-11,11,-10,11,-11,12,-10,12,-9,12,-10,13,0,0,-39,40,-38,41,-36,39,-33,37,-32,38,-28,36,-25,37,-25,37,-23,33,-20,34,-18,35,-16,35,-13,35,-12,35,-12,35,-11,35,-11,35,-13,35,-10,33,-11,33,-12,30,-13,30,-11,28,-13,26,-13,24,-13,22,-15,25,-17,22,0,0,0,0,0,0,0,0,0,0,0,0,0,0,-25,53,-32,50,-36,48,-39,46,-43,44,-45,44,-48,45,-54,42,-55,39,-54,38,-58,35,-57,35,-56,32,-55,30,-53,31,-51,28,-49,32,-47,30,-47,34,-46,35,-45,38,-43,38,-43,40,-42,42,-42,42,-41,43,-39,43,-40,45]"
618019166447800,0.715599400,89632,1854159559,-50,-98,6,0,1,7,0,0,256,0,0,"[0,0,2,14,2,14,2,13,2,12,3,12,3,11,3,10,3,10,3,9,4,9,4,9,5,8,5,8,5,7,5,7,5,7,5,7,5,7,5,7,5,7,4,6,4,7,4,7,3,6,3,6,3,6,0,0,0,0,0,0,0,0,0,0,0,0,0,0,0,0,0,0,0,0,0,0,4,15,3,15,2,16,2,15,1,17,0,16,-1,17,-1,17,-2,17,-3,17,-2,16,-2,16,-2,16,-2,15,-2,15,-1,15,-1,14,0,15,0,14,1,15,1,15,2,15,2,15,3,15,2,15,2,14,0,0,5,28,5,26,4,25,6,24,6,23,6,22,7,21,7,20,8,18,8,17,9,17,9,17,9,16,10,15,11,14,11,13,11,15,10,14,10,13,9,14,8,13,8,13,7,14,7,13,6,12,6,12,5,13,3,12,0,0,0,0,0,0,0,0,0,0,0,0,0,0,12,25,11,28,8,28,8,28,7,30,6,31,4,31,2,33,2,33,0,33,-1,33,-4,33,-3,31,-4,31,-4,31,-3,29,-2,30,0,29,0,28,1,29,1,28,3,28,4,29,4,29,4,29,5,29,5,28,6,27]"
618019188131400,0.737283000,89633,1854177988,-50,-98,6,0,1,7,0,0,256,0,0,"[0,0,9,-12,8,-12,8,-12,8,-11,7,-11,6,-11,6,-11,5,-10,5,-11,4,-10,3,-10,3,-10,3,-10,2,-10,2,-10,2,-10,1,-10,2,-10,2,-10,2,-9,2,-9,2,-9,2,-8,2,-8,3,-8,3,-7,0,0,0,0,0,0,0,0,0,0,0,0,0,0,0,0,0,0,0,0,0,0,7,-14,9,-14,9,-14,10,-14,11,-14,12,-14,13,-13,14,-12,14,-12,14,-11,14,-10,13,-10,13,-10,12,-10,12,-11,11,-10,11,-11,11,-11,11,-12,10,-12,10,-12,10,-13,10,-13,10,-13,10,-13,10,-13,0,0,34,-43,33,-44,32,-43,30,-39,28,-41,25,-40,23,-37,19,-38,19,-37,16,-37,14,-37,11,-37,10,-36,8,-37,10,-36,8,-35,7,-36,7,-34,7,-34,9,-35,9,-33,8,-32,9,-32,10,-30,9,-27,10,-25,12,-26,14,-23,0,0,0,0,0,0,0,0,0,0,0,0,0,0,23,-56,30,-55,33,-50,36,-48,38,-50,42,-48,45,-48,48,-47,52,-45,53,-42,54,-40,56,-40,54,-38,51,-35,50,-33,50,-36,48,-37,44,-37,44,-36,45,-38,40,-41,40,-43,38,-44,37,-45,38,-46,38,-46,37,-47,37,-46]"
618019205741600,0.754893200,89634,1854196630,-50,-98,6,0,1,7,0,0,256,0,0,"[0,0,9,-13,8,-12,8,-12,7,-12,7,-12,5,-11,5,-11,4,-11,4,-11,3,-11,3,-11,2,-10,2,-11,1,-10,1,-10,1,-10,1,-10,1,-10,1,-10,1,-10,1,-9,1,-9,1,-8,1,-8,2,-8,2,-8,0,0,0,0,0,0,0,0,0,0,0,0,0,0,0,0,0,0,0,0,0,0,8,-14,9,-14,9,-14,10,-14,11,-13,13,-13,13,-12,14,-12,14,-12,14,-11,14,-10,13,-10,13,-10,12,-10,12,-11,11,-11,11,-11,11,-11,10,-12,10,-12,9,-12,9,-13,9,-13,9,-13,9,-13,10,-13,0,0,31,-47,29,-46,28,-47,25,-42,23,-45,22,-42,18,-42,16,-40,15,-38,14,-39,10,-39,7,-39,5,-38,4,-38,4,-37,3,-38,3,-36,4,-36,4,-35,4,-34,5,-33,5,-32,6,-32,6,-30,7,-28,8,-27,9,-27,12,-25,0,0,0,0,0,0,0,0,0,0,0,0,0,0,18,-58,25,-56,27,-52,33,-53,34,-51,39,-52,42,-50,47,-51,48,-48,50,-44,49,-42,50,-41,49,-39,50,-39,48,-38,45,-39,45,-41,40,-37,43,-41,40,-40,39,-45,34,-45,33,-48,35,-47,34,-46,34,-49,32,-51,34,-51]"
618019225981500,0.775133100,89635,1854216790,-50,-98,6,0,1,7,0,0,256,0,0,"[0,0,-7,13,-6,13,-6,13,-6,12,-5,12,-5,11,-4,11,-3,11,-3,10,-3,10,-2,10,-2,10,-1,10,-1,9,-1,10,-1,9,0,10,0,9,-1,9,-1,9,-1,9,-1,8,-2,8,-1,7,-2,7,-2,7,0,0,0,0,0,0,0,0,0,0,0,0,0,0,0,0,0,0,0,0,0,0,-4,15,-5,15,-6,15,-7,15,-8,15,-9,15,-10,15,-11,14,-11,14,-12,14,-12,13,-11,13,-11,13,-10,13,-10,12,-9,12,-9,12,-9,13,-8,13,-8,13,-8,14,-7,14,-8,14,-7,14,-6,14,-7,14,0,0,-17,52,-17,54,-13,50,-14,50,-12,47,-9,45,-7,45,-6,42,-2,39,-2,41,-2,37,1,37,2,38,5,37,6,37,5,36,5,36,4,33,5,34,4,34,5,33,3,33,0,32,1,30,-1,26,-1,27,-5,29,-7,26,0,0,0,0,0,0,0,0,0,0,0,0,0,0,1,59,-7,59,-13,58,-14,57,-17,62,-20,60,-25,63,-27,59,-30,59,-34,60,-33,57,-40,59,-39,51,-39,52,-35,50,-34,49,-32,47,-28,51,-25,49,-27,51,-26,52,-21,54,-20,53,-19,57,-21,57,-20,58,-20,57,-19,54]"
618019245034200,0.794185800,89636,1854236613,-50,-98,6,0,1,7,0,0,256,0,0,"[0,0,3,-16,2,-15,2,-15,2,-14,2,-14,0,-13,0,-13,0,-12,0,-11,-1,-11,-2,-11,-2,-11,-2,-11,-3,-11,-2,-10,-3,-10,-3,-10,-3,-10,-2,-10,-2,-9,-2,-9,-2,-10,-2,-9,-2,-8,-1,-8,-1,-8,0,0,0,0,0,0,0,0,0,0,0,0,0,0,0,0,0,0,0,0,0,0,1,-17,2,-17,2,-17,3,-17,4,-17,6,-18,6,-17,7,-17,8,-17,8,-16,7,-16,7,-15,7,-15,7,-15,7,-15,6,-15,6,-15,5,-15,5,-16,4,-15,4,-16,4,-16,3,-16,3,-16,3,-16,3,-16,0,0,6,-28,6,-29,5,-27,4,-25,4,-25,3,-24,2,-24,1,-21,-1,-21,-1,-20,-3,-20,-2,-19,-4,-20,-3,-19,-5,-18,-4,-18,-5,-18,-5,-18,-3,-18,-4,-18,-4,-17,-2,-17,-2,-17,-1,-16,-1,-15,-2,-15,0,-15,1,-14,0,0,0,0,0,0,0,0,0,0,0,0,0,0,-2,-29,2,-30,4,-31,5,-30,7,-32,8,-31,10,-31,12,-32,13,-32,14,-30,15,-30,16,-29,16,-28,15,-27,16,-27,14,-27,14,-27,12,-26,11,-26,11,-28,10,-28,9,-28,9,-29,8,-29,8,-30,8,-29,7,-30,6,-28]"
618019263862500,0.813014100,89637,1854256680,-50,-98,6,0,1,7,0,0,256,0,0,"[0,0,-16,1,-15,0,-14,1,-14,0,-13,1,-13,1,-12,1,-12,2,-11,3,-11,3,-10,3,-10,3,-10,4,-9,4,-9,5,-9,5,-9,4,-9,4,-9,4,-9,4,-9,4,-9,3,-8,3,-8,3,-8,2,-8,2,0,0,0,0,0,0,0,0,0,0,0,0,0,0,0,0,0,0,0,0,0,0,-16,3,-17,2,-17,1,-18,0,-18,-1,-19,-2,-19,-3,-19,-4,-18,-4,-18,-5,-17,-5,-17,-4,-16,-4,-16,-4,-16,-3,-16,-3,-16,-2,-16,-2,-16,-2,-16,-1,-16,-1,-16,0,-17,0,-16,0,-16,1,-16,0,0,0,-29,1,-27,3,-27,2,-26,3,-24,4,-23,4,-22,4,-21,6,-20,5,-19,6,-19,8,-17,8,-16,8,-17,8,-17,9,-17,9,-15,9,-17,9,-16,8,-16,8,-15,8,-16,7,-14,6,-14,6,-14,5,-13,5,-14,3,-13,2,0,0,0,0,0,0,0,0,0,0,0,0,0,0,-27,12,-30,9,-30,7,-32,5,-31,4,-32,2,-32,1,-34,-2,-34,-4,-34,-5,-34,-6,-32,-6,-33,-6,-32,-5,-30,-5,-30,-6,-30,-5,-29,-4,-30,-4,-29,-3,-29,-1,-30,-1,-30,1,-30,0,-30,2,-30,3,-30,4,-31,2]"
618019287569300,0.836720900,89638,1854280271,-50,-98,6,0,1,7,0,0,256,0,0,"[0,0,-11,-9,-11,-9,-11,-9,-10,-9,-10,-8,-11,-7,-10,-7,-10,-6,-10,-5,-10,-5,-10,-4,-10,-4,-10,-3,-10,-3,-10,-3,-10,-2,-9,-2,-10,-2,-9,-3,-9,-3,-9,-3,-8,-3,-8,-3,-8,-3,-8,-3,-7,-3,0,0,0,0,0,0,0,0,0,0,0,0,0,0,0,0,0,0,0,0,0,0,-13,-9,-13,-10,-13,-11,-12,-12,-12,-13,-12,-14,-11,-14,-11,-15,-10,-15,-10,-14,-9,-14,-9,-14,-9,-14,-9,-13,-9,-13,-10,-12,-10,-12,-10,-12,-10,-12,-10,-11,-11,-11,-11,-11,-12,-11,-12,-10,-12,-10,-12,-10,0,0,-46,-33,-44,-33,-42,-33,-40,-29,-40,-29,-38,-25,-38,-25,-38,-22,-38,-18,-38,-16,-37,-12,-38,-12,-36,-11,-36,-10,-37,-9,-38,-8,-36,-8,-37,-6,-36,-7,-34,-10,-33,-8,-32,-11,-30,-10,-28,-9,-29,-9,-27,-11,-24,-13,-24,-14,0,0,0,0,0,0,0,0,0,0,0,0,0,0,-55,-23,-53,-29,-51,-33,-50,-36,-50,-40,-47,-42,-46,-46,-48,-51,-42,-53,-43,-54,-37,-56,-39,-55,-39,-53,-37,-52,-36,-52,-33,-49,-35,-48,-35,-47,-39,-46,-39,-44,-39,-44,-42,-41,-42,-42,-44,-42,-47,-39,-47,-37,-46,-37,-48,-39]"
618019305323500,0.854475100,89639,1854296745,-50,-98,6,0,1,7,0,0,256,0,0,"[0,0,10,10,10,10,10,10,10,8,10,9,9,7,9,7,9,6,9,5,9,5,9,4,8,4,9,3,9,3,9,2,9,2,9,2,9,2,8,2,9,2,8,2,8,3,7,3,7,3,7,3,6,3,0,0,0,0,0,0,0,0,0,0,0,0,0,0,0,0,0,0,0,0,0,0,12,9,12,11,11,12,11,13,10,13,10,14,10,15,10,15,8,15,7,15,8,15,7,15,7,14,7,14,7,14,8,13,8,13,8,12,9,12,9,12,10,12,10,11,10,11,11,11,10,11,11,11,0,0,40,37,40,38,38,34,38,32,36,32,36,29,36,24,35,21,35,18,35,15,36,15,32,16,33,14,34,12,36,10,36,9,34,11,34,9,35,8,35,8,31,9,31,10,28,12,25,12,26,13,24,10,24,14,21,15,0,0,0,0,0,0,0,0,0,0,0,0,0,0,51,28,48,35,45,37,45,38,45,43,42,45,42,50,40,54,42,54,38,57,36,55,32,58,28,59,29,57,25,55,27,51,28,48,32,49,31,48,34,46,36,46,38,44,37,44,40,41,42,41,41,43,41,41,42,41]"
618019331518800,0.880670400,89640,1854320207,-50,-98,6,0,1,7,0,0,256,0,0,"[0,0,-9,-13,-10,-13,-9,-12,-9,-11,-8,-11,-9,-10,-9,-9,-9,-8,-9,-8,-9,-7,-9,-7,-9,-7,-9,-6,-9,-6,-9,-6,-9,-6,-9,-5,-9,-5,-9,-5,-9,-5,-8,-5,-8,-5,-8,-5,-7,-6,-7,-6,-6,-5,0,0,0,0,0,0,0,0,0,0,0,0,0,0,0,0,0,0,0,0,0,0,-11,-13,-11,-13,-10,-14,-10,-15,-9,-16,-9,-16,-8,-17,-8,-17,-7,-18,-6,-17,-6,-17,-6,-17,-6,-16,-6,-16,-6,-16,-6,-15,-7,-15,-7,-14,-8,-15,-8,-14,-9,-14,-9,-14,-9,-14,-9,-14,-10,-14,-10,-13,0,0,-16,-23,-15,-23,-16,-22,-15,-21,-14,-20,-15,-18,-15,-17,-15,-17,-14,-14,-16,-14,-16,-12,-15,-12,-16,-11,-16,-10,-17,-10,-16,-9,-16,-9,-16,-8,-15,-9,-15,-8,-15,-9,-13,-9,-13,-9,-12,-9,-12,-9,-11,-9,-11,-10,-9,-10,0,0,0,0,0,0,0,0,0,0,0,0,0,0,-22,-21,-19,-23,-18,-25,-17,-25,-16,-27,-15,-27,-14,-29,-12,-30,-12,-31,-12,-32,-9,-31,-9,-33,-8,-31,-8,-30,-7,-31,-7,-29,-9,-28,-10,-28,-11,-27,-12,-27,-11,-27,-14,-26,-14,-26,-14,-26,-15,-26,-15,-25,-15,-25,-15,-25]"
618019345744800,0.894896400,89641,1854337374,-50,-98,6,0,1,7,0,0,256,0,0,"[0,0,12,8,12,8,11,7,12,7,11,6,10,6,10,5,10,5,10,4,10,3,10,2,9,2,10,2,9,1,9,1,9,0,9,1,9,1,9,1,9,1,8,2,8,2,8,2,7,2,7,2,7,2,0,0,0,0,0,0,0,0,0,0,0,0,0,0,0,0,0,0,0,0,0,0,15,6,14,7,14,8,14,9,14,10,13,11,13,12,13,13,12,13,11,13,11,12,11,12,10,12,10,11,10,11,11,10,11,10,12,10,12,10,12,9,12,9,12,9,13,9,13,8,13,8,13,8,0,0,44,32,44,30,43,31,41,27,41,25,39,23,38,24,36,19,37,16,37,14,37,10,35,9,35,9,35,9,35,6,36,7,34,5,36,7,35,7,32,9,32,8,29,9,27,8,26,8,27,9,25,10,24,10,21,11,0,0,0,0,0,0,0,0,0,0,0,0,0,0,54,15,53,21,53,25,51,30,52,31,50,35,48,38,50,44,47,46,46,50,43,49,39,48,42,48,40,46,39,46,37,44,37,43,38,40,40,39,40,38,42,38,42,37,43,36,43,36,46,32,50,32,47,32,47,31]"
618019364071000,0.913222600,89642,1854356700,-50,-98,6,0,1,7,0,0,256,0,0,"[0,0,14,4,14,3,13,3,13,3,12,3,12,2,11,1,11,1,11,0,10,0,10,-1,10,-1,10,-1,9,-2,9,-2,9,-2,9,-2,9,-2,9,-2,9,-2,9,-1,8,-1,7,-1,8,0,8,0,7,0,0,0,0,0,0,0,0,0,0,0,0,0,0,0,0,0,0,0,0,0,0,0,16,2,16,3,16,4,16,5,16,5,16,6,16,7,16,8,16,8,15,9,14,9,14,8,14,8,13,8,14,7,13,7,14,7,14,6,14,6,14,5,14,5,15,5,15,5,15,4,15,4,15,4,0,0,28,3,26,3,26,2,25,2,23,2,22,1,22,0,21,-1,20,-3,19,-4,19,-4,18,-4,18,-4,18,-5,17,-7,17,-6,17,-6,18,-5,17,-7,16,-5,16,-6,14,-4,14,-4,13,-3,14,-3,14,-2,13,-1,13,0,0,0,0,0,0,0,0,0,0,0,0,0,0,0,28,-5,29,-2,29,1,30,3,31,3,30,5,30,7,31,9,31,10,32,12,30,13,29,13,29,15,27,14,27,13,26,12,27,11,26,10,27,10,27,9,27,7,28,5,29,5,29,5,29,4,29,5,27,4,29,4]"
618019389817500,0.938969100,89643,1854387573,-50,-98,6,0,1,7,0,0,256,0,0,"[0,0,-5,13,-4,13,-4,12,-4,12,-4,11,-3,11,-2,11,-2,10,-2,10,-1,10,-1,9,0,9,0,9,1,9,1,9,1,9,1,9,1,9,1,8,1,8,0,8,0,8,0,8,0,7,-1,7,-1,7,0,0,0,0,0,0,0,0,0,0,0,0,0,0,0,0,0,0,0,0,0,0,-3,14,-4,15,-5,15,-6,15,-6,15,-8,15,-9,15,-9,15,-9,14,-10,14,-10,13,-10,13,-9,13,-9,12,-8,12,-8,13,-7,12,-7,13,-7,13,-6,14,-6,14,-5,14,-6,14,-5,14,-5,14,-5,14,0,0,-14,54,-13,51,-12,50,-11,49,-10,47,-8,46,-6,44,-6,42,-3,41,-1,38,2,38,3,38,5,37,5,35,6,34,8,33,7,36,6,33,5,32,6,33,4,31,2,31,2,32,1,28,1,26,0,26,-2,27,-3,26,0,0,0,0,0,0,0,0,0,0,0,0,0,0,3,58,-4,58,-10,59,-11,57,-15,59,-19,58,-21,62,-24,61,-29,60,-31,58,-34,56,-34,58,-32,53,-32,52,-30,52,-30,51,-27,51,-25,50,-26,50,-22,51,-22,52,-21,54,-18,55,-19,57,-17,56,-14,56,-11,57,-15,55]"
618019406139900,0.955291500,89644,1854396673,-50,-98,6,0,1,7,0,0,256,0,0,"[0,0,14,-3,14,-4,13,-4,13,-3,12,-4,12,-4,10,-4,10,-4,10,-4,10,-5,9,-5,8,-5,8,-6,7,-6,8,-6,8,-6,7,-6,8,-6,8,-6,8,-5,7,-5,7,-4,7,-4,6,-4,7,-4,7,-3,0,0,0,0,0,0,0,0,0,0,0,0,0,0,0,0,0,0,0,0,0,0,14,-6,15,-5,15,-5,16,-4,17,-3,18,-3,18,-2,18,0,18,0,17,0,17,1,16,1,16,1,15,0,15,0,15,-1,15,-1,15,-1,15,-2,15,-2,15,-3,15,-3,16,-3,15,-3,15,-4,15,-4,0,0,26,-11,25,-10,24,-11,22,-11,21,-10,20,-11,19,-11,18,-12,18,-11,15,-12,14,-13,13,-12,13,-14,13,-14,13,-14,12,-15,11,-14,12,-14,12,-13,12,-12,11,-12,11,-11,11,-10,10,-10,11,-9,12,-9,11,-9,12,-7,0,0,0,0,0,0,0,0,0,0,0,0,0,0,21,-20,23,-17,25,-16,27,-15,27,-13,29,-12,31,-11,32,-9,32,-7,32,-7,33,-5,32,-5,32,-4,30,-3,30,-3,28,-5,29,-5,28,-6,28,-6,28,-6,27,-8,27,-9,27,-10,28,-11,27,-11,27,-12,26,-11,27,-12]"
618019423681300,0.972832900,89645,1854416594,-50,-98,6,0,1,7,0,0,256,0,0,"[0,0,7,13,6,12,7,12,6,11,6,11,6,10,6,10,7,9,6,8,7,7,7,7,7,6,7,6,7,6,8,5,8,5,7,5,7,5,7,6,6,6,6,5,6,6,5,5,5,5,5,5,5,5,0,0,0,0,0,0,0,0,0,0,0,0,0,0,0,0,0,0,0,0,0,0,10,12,10,13,9,13,8,15,8,15,8,16,6,17,6,17,5,17,4,16,5,16,4,16,4,15,4,15,4,15,4,14,5,14,5,14,6,14,6,14,7,14,7,14,7,14,8,14,8,14,8,13,0,0,12,25,10,24,11,23,12,22,11,21,10,19,11,19,11,18,12,16,12,14,12,13,13,14,13,13,13,13,14,10,14,12,13,11,14,11,12,11,12,12,11,11,11,11,10,11,9,11,8,11,9,11,6,11,6,11,0,0,0,0,0,0,0,0,0,0,0,0,0,0,20,20,19,23,17,25,16,26,14,26,13,29,12,29,10,31,9,32,8,32,7,33,5,32,5,31,5,31,4,30,5,29,6,30,6,26,7,28,8,27,9,27,9,27,10,26,10,28,12,27,11,26,12,27,12,25]"
618019444476100,0.993627700,89646,1854436594,-50,-98,6,0,1,7,0,0,256,0,0,"[0,0,12,8,12,7,11,7,11,7,11,6,11,5,10,5,10,4,10,3,10,3,10,2,9,2,9,2,9,1,10,0,10,0,9,1,9,0,9,0,9,1,8,1,8,1,8,2,7,2,7,2,7,2,0,0,0,0,0,0,0,0,0,0,0,0,0,0,0,0,0,0,0,0,0,0,14,6,14,7,14,8,13,9,14,10,13,11,14,11,13,12,12,12,12,13,11,13,10,13,10,12,10,12,10,11,11,10,11,10,11,10,11,10,12,9,12,9,13,8,13,9,12,9,12,9,13,8,0,0,49,26,48,24,45,23,46,21,42,20,43,15,40,15,40,13,39,11,41,9,39,6,39,6,37,3,36,2,37,1,36,1,36,0,36,0,36,0,35,0,34,1,30,2,31,4,28,4,29,6,26,7,26,6,24,9,0,0,0,0,0,0,0,0,0,0,0,0,0,0,58,12,54,18,56,24,54,25,56,30,52,31,55,37,53,37,52,41,52,44,50,44,48,49,44,46,42,47,40,45,41,42,42,40,43,39,43,36,46,37,45,33,49,32,48,32,51,30,54,31,50,31,49,29,52,26]"
618019464467800,1.013619400,89647,1854456529,-50,-98,6,0,1,7,0,0,256,0,0,"[0,0,3,14,3,14,4,13,3,13,3,12,4,12,4,10,4,10,4,9,5,9,5,8,5,8,5,8,6,7,5,7,6,7,6,7,5,7,5,7,5,7,5,7,4,7,4,7,3,7,3,6,3,6,0,0,0,0,0,0,0,0,0,0,0,0,0,0,0,0,0,0,0,0,0,0,6,14,5,15,5,16,4,16,3,17,2,17,1,18,1,18,0,18,-1,18,-1,17,-1,16,-1,16,-1,16,0,16,1,15,0,15,1,15,2,15,2,15,2,15,3,15,3,15,3,15,3,15,3,15,0,0,5,27,4,26,5,26,4,22,5,23,5,21,6,20,6,19,8,18,7,16,9,16,9,16,10,15,10,15,10,13,10,13,10,13,11,13,10,13,8,13,8,13,7,13,7,13,7,12,7,11,5,12,4,12,4,12,0,0,0,0,0,0,0,0,0,0,0,0,0,0,13,24,11,27,9,28,8,30,6,29,5,29,4,31,2,33,-1,32,-3,32,-4,33,-4,31,-3,31,-4,30,-3,30,-2,30,-2,29,-2,26,0,28,1,27,1,28,1,29,2,28,4,28,4,28,6,28,6,28,5,28]"
618019492623800,1.041775400,89648,1854480752,-50,-98,6,0,1,7,0,0,256,0,0,"[0,0,-14,6,-14,6,-12,6,-12,6,-11,6,-11,5,-11,5,-10,6,-9,6,-9,6,-8,7,-7,6,-7,7,-7,7,-7,7,-6,7,-6,7,-7,7,-7,7,-7,6,-7,6,-6,6,-7,5,-6,5,-6,4,-6,4,0,0,0,0,0,0,0,0,0,0,0,0,0,0,0,0,0,0,0,0,0,0,-14,9,-14,8,-15,8,-15,7,-17,6,-17,5,-18,5,-18,4,-18,3,-18,2,-17,3,-17,2,-16,2,-16,2,-15,3,-15,3,-15,3,-15,4,-15,4,-15,5,-15,5,-14,6,-15,6,-14,6,-14,6,-14,7,0,0,-26,10,-25,11,-24,12,-23,11,-21,11,-20,10,-20,11,-19,10,-17,11,-17,12,-15,13,-14,13,-12,13,-13,13,-13,14,-12,13,-12,14,-12,13,-13,12,-13,11,-13,11,-12,11,-12,10,-11,10,-11,9,-11,7,-12,8,-12,7,0,0,0,0,0,0,0,0,0,0,0,0,0,0,-21,20,-23,18,-25,17,-26,13,-28,15,-28,13,-31,12,-31,10,-32,8,-34,6,-33,5,-34,5,-32,6,-31,4,-30,5,-30,6,-28,5,-29,6,-28,7,-28,8,-27,9,-27,8,-28,9,-28,10,-28,11,-26,13,-27,13,-26,12]"
618019508121100,1.057272700,89649,1854497277,-50,-98,6,0,1,7,0,0,256,0,0,"[0,0,3,-15,2,-15,2,-14,2,-14,1,-14,1,-13,0,-12,0,-12,0,-11,-1,-11,-1,-11,-1,-11,-2,-11,-2,-11,-2,-10,-3,-10,-3,-10,-2,-10,-3,-10,-2,-9,-2,-9,-2,-9,-1,-9,-1,-9,-1,-8,0,-8,0,0,0,0,0,0,0,0,0,0,0,0,0,0,0,0,0,0,0,0,0,0,1,-17,2,-17,2,-17,3,-17,4,-18,5,-18,6,-18,7,-17,7,-17,8,-17,8,-16,8,-15,8,-15,7,-15,7,-15,6,-14,6,-14,5,-15,5,-15,4,-15,4,-15,4,-16,4,-16,3,-16,3,-16,3,-16,0,0,7,-28,7,-28,6,-26,6,-24,5,-25,4,-23,2,-23,2,-22,2,-22,0,-20,-1,-20,-3,-20,-2,-20,-4,-19,-4,-18,-3,-19,-4,-18,-4,-19,-4,-18,-4,-17,-2,-17,-2,-17,-2,-16,-1,-16,-1,-15,0,-15,1,-14,2,-15,0,0,0,0,0,0,0,0,0,0,0,0,0,0,-2,-30,3,-31,5,-31,7,-31,8,-30,10,-30,12,-32,13,-31,15,-31,16,-30,17,-28,17,-29,17,-27,16,-27,16,-27,16,-26,15,-27,14,-26,14,-27,12,-26,11,-27,10,-28,9,-28,10,-30,9,-28,8,-28,8,-30,9,-30]"
618019524996600,1.074148200,89650,1854516646,-50,-98,6,0,1,7,0,0,256,0,0,"[0,0,-9,-13,-9,-12,-8,-12,-8,-11,-8,-11,-8,-10,-8,-10,-9,-9,-8,-8,-9,-8,-9,-7,-9,-7,-9,-6,-9,-6,-9,-6,-9,-6,-8,-5,-9,-5,-9,-5,-8,-5,-8,-5,-7,-6,-7,-5,-7,-6,-6,-5,-6,-6,0,0,0,0,0,0,0,0,0,0,0,0,0,0,0,0,0,0,0,0,0,0,-11,-12,-11,-14,-10,-14,-10,-15,-9,-16,-9,-17,-8,-17,-8,-18,-7,-18,-6,-18,-5,-17,-5,-16,-5,-17,-6,-16,-6,-16,-6,-15,-6,-15,-7,-15,-8,-15,-8,-14,-8,-14,-9,-14,-9,-14,-9,-14,-9,-14,-9,-14,0,0,-15,-25,-15,-24,-15,-24,-15,-21,-15,-21,-15,-19,-14,-18,-15,-17,-15,-15,-16,-14,-16,-13,-16,-13,-16,-11,-15,-11,-17,-10,-16,-10,-16,-10,-16,-10,-16,-10,-14,-10,-15,-10,-13,-10,-12,-11,-12,-10,-11,-9,-11,-10,-10,-10,-9,-11,0,0,0,0,0,0,0,0,0,0,0,0,0,0,-23,-19,-21,-22,-20,-23,-19,-25,-18,-26,-17,-27,-16,-30,-15,-31,-14,-32,-11,-34,-11,-32,-9,-33,-9,-32,-9,-31,-9,-30,-9,-29,-9,-29,-10,-28,-11,-27,-12,-27,-13,-27,-14,-27,-14,-26,-15,-25,-15,-27,-16,-26,-17,-26,-17,-26]"
618019545381000,1.094532600,89651,1854536682,-50,-98,6,0,1,7,0,0,256,0,0,"[0,0,-15,4,-14,4,-13,3,-13,4,-12,4,-12,4,-11,4,-10,4,-10,5,-9,5,-9,5,-8,5,-8,6,-8,6,-8,6,-8,6,-7,6,-8,5,-8,5,-7,5,-7,5,-7,4,-7,4,-7,4,-7,3,-7,3,0,0,0,0,0,0,0,0,0,0,0,0,0,0,0,0,0,0,0,0,0,0,-15,6,-15,6,-16,5,-16,4,-17,4,-18,3,-18,2,-18,1,-19,0,-18,0,-18,0,-17,0,-17,0,-16,0,-16,0,-16,1,-15,1,-16,2,-15,2,-15,2,-15,3,-15,3,-16,4,-15,4,-15,4,-15,4,0,0,-27,7,-26,8,-24,8,-24,7,-22,8,-22,8,-19,9,-20,8,-19,9,-16,10,-15,10,-14,11,-13,11,-13,11,-14,12,-14,12,-13,12,-13,12,-13,12,-13,11,-13,10,-12,9,-12,9,-12,9,-11,8,-12,6,-12,6,-12,6,0,0,0,0,0,0,0,0,0,0,0,0,0,0,-23,16,-25,14,-27,12,-28,10,-29,9,-29,8,-32,6,-33,5,-33,2,-33,0,-33,0,-34,0,-32,0,-32,0,-30,1,-29,1,-29,1,-30,1,-28,2,-28,3,-27,4,-29,5,-28,6,-29,6,-29,7,-28,9,-27,9,-27,8]"
618019568124100,1.117275700,89652,1854558340,-50,-98,6,0,1,7,0,0,256,0,0,"[0,0,-13,9,-12,8,-12,8,-11,8,-10,8,-10,8,-9,8,-8,8,-8,8,-8,8,-7,8,-6,8,-5,8,-5,8,-6,8,-5,8,-5,9,-5,8,-5,8,-5,8,-5,7,-5,7,-5,7,-5,6,-6,6,-5,6,0,0,0,0,0,0,0,0,0,0,0,0,0,0,0,0,0,0,0,0,0,0,-12,11,-13,11,-14,10,-14,10,-15,9,-17,9,-17,8,-17,7,-17,6,-17,6,-17,6,-17,5,-16,6,-16,5,-15,6,-15,6,-15,6,-14,7,-14,7,-14,8,-13,8,-14,8,-14,9,-13,9,-13,9,-13,9,0,0,-23,16,-23,17,-20,15,-20,15,-18,15,-16,15,-16,14,-15,14,-14,15,-13,15,-11,15,-10,16,-9,16,-9,15,-9,16,-8,15,-8,16,-8,15,-8,14,-9,14,-9,13,-9,13,-9,12,-9,12,-9,11,-8,9,-10,9,-10,9,0,0,0,0,0,0,0,0,0,0,0,0,0,0,-18,23,-21,21,-23,20,-23,17,-26,18,-25,16,-29,17,-29,15,-30,13,-31,12,-32,10,-32,10,-31,9,-30,9,-29,9,-27,11,-27,11,-26,11,-25,11,-26,13,-24,13,-25,14,-25,15,-24,16,-26,16,-23,16,-23,18,-24,16]"
618019585832500,1.134984100,89653,1854576600,-50,-98,6,0,1,7,0,0,256,0,0,"[0,0,-15,-5,-15,-5,-14,-5,-13,-5,-13,-4,-13,-4,-12,-3,-11,-2,-12,-2,-11,-1,-11,-1,-11,0,-11,0,-10,0,-11,1,-10,1,-10,1,-10,1,-10,1,-10,1,-10,0,-9,0,-9,0,-8,0,-8,-1,-8,0,0,0,0,0,0,0,0,0,0,0,0,0,0,0,0,0,0,0,0,0,0,0,-16,-4,-17,-5,-16,-6,-16,-7,-17,-7,-17,-9,-16,-10,-16,-10,-16,-11,-15,-11,-15,-11,-14,-11,-14,-10,-14,-10,-14,-10,-14,-9,-14,-9,-14,-8,-14,-8,-15,-7,-15,-7,-15,-6,-16,-6,-15,-6,-15,-6,-15,-5,0,0,-27,-6,-28,-6,-25,-5,-26,-4,-23,-4,-22,-3,-21,-2,-21,-1,-20,-1,-21,1,-20,1,-20,2,-17,3,-17,3,-18,5,-17,5,-18,5,-17,4,-17,3,-17,4,-17,3,-16,2,-15,2,-14,1,-14,0,-13,1,-14,0,-13,-1,0,0,0,0,0,0,0,0,0,0,0,0,0,0,-29,0,-29,-3,-30,-5,-29,-6,-31,-8,-29,-9,-32,-12,-31,-14,-31,-13,-31,-15,-29,-16,-29,-18,-28,-18,-27,-18,-25,-16,-24,-15,-24,-14,-27,-13,-25,-12,-27,-11,-26,-10,-27,-9,-28,-9,-28,-8,-30,-8,-29,-8,-27,-8,-27,-8]"
618019604310600,1.153462200,89654,1854596760,-50,-98,6,0,1,7,0,0,256,0,0,"[0,0,15,-2,14,-2,13,-2,13,-2,12,-3,12,-3,11,-3,11,-4,10,-4,10,-5,9,-5,8,-5,8,-5,8,-5,8,-6,8,-6,8,-6,8,-6,8,-5,8,-5,7,-5,7,-4,7,-4,7,-4,7,-4,7,-3,0,0,0,0,0,0,0,0,0,0,0,0,0,0,0,0,0,0,0,0,0,0,15,-4,16,-3,16,-2,16,-2,17,-1,17,0,18,1,18,2,18,3,17,3,16,3,16,3,16,3,15,2,15,2,15,1,15,1,15,0,15,0,15,-1,15,-1,15,-1,16,-2,15,-2,15,-2,15,-2,0,0,29,-6,26,-7,25,-7,24,-6,22,-7,20,-8,21,-8,19,-8,18,-10,18,-11,17,-10,15,-11,14,-12,14,-12,13,-12,14,-12,13,-12,13,-12,14,-11,14,-10,13,-10,12,-10,12,-8,12,-8,12,-8,12,-6,12,-7,12,-5,0,0,0,0,0,0,0,0,0,0,0,0,0,0,25,-15,27,-13,28,-11,29,-8,30,-8,30,-7,31,-5,33,-3,34,-1,34,1,33,2,33,1,33,3,31,3,31,2,29,1,29,0,28,-1,28,-2,28,-2,28,-3,28,-4,29,-5,28,-5,29,-5,28,-7,27,-7,29,-7]"
618019624477300,1.173628900,89655,1854616733,-50,-98,6,0,1,7,0,0,256,0,0,"[0,0,15,2,13,2,13,2,13,1,13,1,12,1,11,0,11,-1,10,-1,10,-2,10,-2,10,-2,9,-2,9,-3,9,-3,9,-3,9,-3,9,-3,9,-3,8,-3,9,-2,8,-2,8,-2,7,-1,7,-1,7,-1,0,0,0,0,0,0,0,0,0,0,0,0,0,0,0,0,0,0,0,0,0,0,16,0,16,1,16,2,16,2,16,3,17,5,17,5,17,6,16,7,16,7,15,7,15,7,14,7,14,7,14,6,14,5,14,5,14,4,14,4,15,3,15,3,15,3,16,3,15,3,15,2,15,2,0,0,28,4,26,3,26,3,25,3,23,1,22,1,21,-1,21,0,20,-1,19,-2,19,-3,17,-5,17,-5,16,-5,17,-7,17,-6,16,-6,17,-6,17,-6,16,-5,15,-5,15,-4,14,-4,14,-3,14,-2,13,-2,13,-1,13,0,0,0,0,0,0,0,0,0,0,0,0,0,0,0,28,-4,30,-1,30,2,30,4,31,5,30,7,30,9,32,10,31,11,32,12,30,13,29,14,28,15,28,15,26,14,26,12,27,11,26,10,27,10,27,9,27,8,27,7,28,7,28,6,30,6,29,5,29,4,29,4]"
618019644260200,1.193411800,89656,1854636633,-50,-98,6,0,1,7,0,0,256,0,0,"[0,0,-1,15,-1,15,-1,14,-1,14,0,13,0,12,1,12,1,11,1,10,2,10,2,10,2,10,3,9,3,9,3,9,3,8,3,9,3,8,3,8,3,8,3,8,2,8,2,8,1,8,1,7,1,7,0,0,0,0,0,0,0,0,0,0,0,0,0,0,0,0,0,0,0,0,0,0,1,16,1,16,0,17,-1,17,-2,18,-3,18,-4,18,-5,18,-5,18,-6,18,-6,16,-6,16,-6,16,-6,15,-5,15,-5,15,-4,15,-4,15,-3,15,-2,16,-1,16,-1,16,-2,17,-1,16,-1,16,-1,15,0,0,2,28,1,27,1,26,2,25,2,25,3,22,3,21,4,20,5,19,5,18,7,18,7,18,7,17,8,15,8,16,8,16,8,16,8,15,8,15,7,15,6,14,6,15,6,15,5,13,4,13,4,12,3,13,1,12,0,0,0,0,0,0,0,0,0,0,0,0,0,0,9,27,7,29,4,29,4,30,1,31,1,31,-1,33,-3,34,-4,33,-6,34,-7,32,-9,32,-8,31,-8,30,-8,28,-7,29,-6,29,-6,27,-4,27,-4,27,-3,29,-1,29,-1,28,0,28,-1,30,0,29,1,30,1,29]"
618019663571500,1.212723100,89657,1854656626,-50,-98,6,0,1,7,0,0,256,0,0,"[0,0,3,14,3,13,3,13,3,12,4,12,4,11,4,10,4,10,5,9,5,8,5,8,5,8,5,7,6,8,6,7,6,7,6,7,6,6,6,7,5,6,5,6,4,6,4,6,4,6,4,6,3,6,0,0,0,0,0,0,0,0,0,0,0,0,0,0,0,0,0,0,0,0,0,0,5,15,4,15,4,16,3,16,2,17,2,18,0,18,-1,18,-1,17,-1,17,-1,17,-2,16,-2,16,-1,15,-1,15,0,15,0,15,1,15,1,15,2,15,2,15,3,15,2,15,3,15,3,15,4,15,0,0,4,27,4,26,4,26,4,22,4,24,6,22,5,20,6,19,8,18,7,17,8,16,8,17,9,16,9,16,10,14,11,13,10,14,10,14,10,13,9,12,9,13,8,13,7,13,7,12,6,12,5,12,4,12,3,13,0,0,0,0,0,0,0,0,0,0,0,0,0,0,11,26,7,29,6,30,5,30,3,29,3,31,1,32,0,34,-2,33,-3,34,-4,33,-7,32,-7,31,-6,30,-8,30,-6,29,-4,30,-3,27,-2,29,-1,27,0,30,1,29,2,28,3,29,2,29,2,29,3,28,3,28]"
618019683431300,1.232582900,89658,1854676634,-50,-98,6,0,1,7,0,0,256,0,0,"[0,0,11,10,10,9,10,9,10,8,10,8,9,7,9,6,9,6,9,5,9,4,9,4,9,3,9,3,9,3,9,2,9,2,8,2,9,2,9,2,8,2,8,2,7,3,7,3,7,3,6,2,6,3,0,0,0,0,0,0,0,0,0,0,0,0,0,0,0,0,0,0,0,0,0,0,13,9,12,10,12,11,11,11,12,13,11,13,11,14,10,14,9,14,9,15,8,15,8,14,8,14,8,13,8,13,9,12,9,12,9,12,9,12,10,11,10,11,11,11,11,11,11,11,11,10,11,10,0,0,47,30,47,28,44,26,42,25,40,24,39,21,38,21,37,17,36,16,37,11,36,7,37,7,36,5,37,7,38,3,38,4,36,2,35,2,35,4,34,5,33,5,32,6,30,6,28,6,28,6,25,7,24,10,24,13,0,0,0,0,0,0,0,0,0,0,0,0,0,0,57,14,56,20,55,24,52,30,55,32,52,35,55,39,51,43,48,46,46,51,44,49,43,50,43,49,42,46,40,43,39,44,39,42,39,43,41,38,43,40,43,39,42,37,45,37,45,35,52,33,50,30,51,30,51,29]"
618019708473700,1.257625300,89659,1854696762,-50,-98,6,0,1,7,0,0,256,0,0,"[0,0,-8,-13,-8,-13,-8,-12,-8,-12,-7,-12,-8,-11,-8,-10,-8,-9,-8,-8,-8,-8,-8,-7,-8,-7,-8,-7,-9,-7,-8,-6,-9,-6,-8,-6,-9,-5,-8,-6,-8,-6,-7,-6,-7,-6,-7,-6,-6,-6,-6,-5,-6,-6,0,0,0,0,0,0,0,0,0,0,0,0,0,0,0,0,0,0,0,0,0,0,-10,-13,-10,-14,-9,-15,-9,-15,-8,-17,-8,-17,-7,-17,-6,-18,-6,-18,-5,-18,-5,-17,-4,-16,-4,-17,-4,-16,-5,-16,-6,-15,-6,-15,-6,-15,-7,-15,-7,-15,-7,-15,-8,-15,-8,-14,-8,-14,-8,-14,-8,-14,0,0,-16,-24,-15,-25,-14,-23,-15,-22,-13,-21,-14,-19,-14,-17,-14,-16,-14,-15,-14,-15,-15,-14,-15,-13,-15,-12,-15,-11,-17,-11,-16,-10,-15,-11,-16,-10,-16,-10,-15,-9,-14,-9,-13,-10,-13,-11,-12,-10,-10,-10,-10,-10,-9,-11,-8,-11,0,0,0,0,0,0,0,0,0,0,0,0,0,0,-22,-22,-18,-25,-17,-26,-16,-26,-16,-29,-14,-28,-13,-31,-12,-32,-12,-33,-10,-33,-9,-32,-7,-34,-6,-32,-6,-32,-5,-30,-6,-30,-7,-27,-9,-30,-9,-28,-10,-28,-11,-27,-12,-28,-13,-27,-14,-27,-14,-26,-13,-27,-14,-26,-14,-26]"
618019726794500,1.275946100,89660,1854716675,-50,-98,6,0,1,7,0,0,256,0,0,"[0,0,10,-11,9,-12,9,-11,8,-11,8,-10,6,-10,6,-11,5,-10,5,-10,4,-10,4,-10,3,-10,3,-10,2,-10,2,-10,2,-10,2,-10,2,-9,2,-9,2,-9,2,-9,2,-8,2,-8,2,-8,3,-8,3,-7,0,0,0,0,0,0,0,0,0,0,0,0,0,0,0,0,0,0,0,0,0,0,10,-13,10,-13,11,-12,12,-12,13,-12,14,-12,14,-11,15,-11,15,-10,15,-9,15,-8,14,-8,14,-8,14,-8,13,-8,12,-9,12,-9,12,-10,11,-10,11,-11,11,-11,10,-12,11,-12,11,-12,10,-12,10,-12,0,0,38,-40,38,-40,36,-37,35,-37,32,-36,27,-38,25,-35,23,-36,21,-35,21,-35,18,-34,16,-34,14,-34,11,-35,13,-34,12,-34,8,-33,10,-34,8,-33,10,-33,11,-31,11,-31,12,-30,11,-27,12,-25,13,-23,14,-24,15,-22,0,0,0,0,0,0,0,0,0,0,0,0,0,0,31,-51,38,-48,42,-45,44,-42,45,-43,48,-40,52,-41,53,-36,56,-37,60,-34,58,-32,59,-30,59,-25,58,-25,55,-26,53,-25,53,-29,50,-31,48,-31,47,-30,47,-35,44,-37,45,-37,44,-40,44,-40,44,-42,42,-40,42,-37]"
618019747098000,1.296249600,89661,1854736517,-50,-98,6,0,1,7,0,0,256,0,0,"[0,0,-4,14,-4,13,-4,13,-3,12,-3,12,-2,11,-2,11,-1,11,-1,10,0,10,0,10,1,9,1,9,2,9,1,9,1,9,2,8,1,9,1,8,1,8,1,8,1,8,1,8,0,7,0,7,-1,7,0,0,0,0,0,0,0,0,0,0,0,0,0,0,0,0,0,0,0,0,0,0,-3,15,-4,15,-5,16,-6,16,-6,16,-8,16,-8,16,-9,15,-10,15,-10,15,-10,14,-9,14,-9,14,-9,13,-8,14,-8,13,-8,14,-7,13,-6,14,-6,14,-6,14,-5,14,-5,15,-5,15,-4,15,-4,15,0,0,-9,26,-9,26,-8,24,-8,24,-6,23,-6,22,-5,21,-4,21,-4,19,-2,19,-1,18,0,19,2,18,1,18,2,18,3,16,3,18,3,17,1,16,2,16,2,16,1,16,2,15,0,14,0,13,0,13,-1,14,-2,13,0,0,0,0,0,0,0,0,0,0,0,0,0,0,-3,30,-7,30,-8,29,-10,28,-11,29,-14,28,-15,30,-17,29,-19,28,-20,28,-20,26,-21,26,-20,24,-19,24,-19,23,-18,24,-17,23,-16,24,-16,23,-15,24,-14,25,-13,26,-12,25,-11,27,-12,26,-10,27,-10,27,-10,27]"
618019768469000,1.317620600,89662,1854756406,-50,-98,6,0,1,7,0,0,256,0,0,"[0,0,-16,-4,-15,-4,-14,-3,-14,-3,-14,-3,-13,-2,-12,-2,-12,-1,-12,-1,-11,0,-11,1,-11,1,-10,1,-10,2,-10,2,-10,2,-10,2,-10,2,-10,2,-9,2,-10,1,-9,1,-9,1,-9,1,-8,1,-8,0,0,0,0,0,0,0,0,0,0,0,0,0,0,0,0,0,0,0,0,0,0,0,-17,-3,-17,-4,-17,-5,-17,-6,-17,-7,-18,-8,-17,-9,-17,-10,-16,-11,-16,-10,-16,-10,-15,-10,-15,-9,-14,-9,-14,-9,-15,-8,-15,-8,-15,-7,-15,-7,-16,-6,-15,-6,-15,-5,-16,-5,-16,-5,-16,-4,-16,-4,0,0,-29,-5,-27,-4,-26,-4,-26,-3,-24,-3,-22,0,-22,-1,-22,0,-21,1,-20,2,-20,3,-19,4,-18,3,-17,5,-18,6,-19,5,-17,6,-18,6,-17,6,-17,5,-16,5,-15,4,-15,3,-15,3,-14,2,-14,1,-13,0,-14,0,0,0,0,0,0,0,0,0,0,0,0,0,0,0,-30,3,-30,-1,-31,-3,-30,-5,-30,-5,-31,-8,-32,-10,-32,-10,-32,-12,-32,-12,-31,-14,-30,-14,-29,-16,-28,-15,-27,-14,-27,-14,-27,-12,-27,-11,-27,-11,-28,-10,-27,-9,-29,-7,-28,-7,-29,-6,-30,-6,-28,-6,-30,-4,-29,-5]"
618019788799600,1.337951200,89663,1854776570,-50,-98,6,0,1,7,0,0,256,0,0,"[0,0,14,-5,13,-6,13,-5,13,-5,12,-5,11,-5,10,-6,10,-6,9,-6,9,-7,8,-7,7,-7,7,-7,7,-7,7,-8,7,-8,6,-7,7,-7,7,-7,6,-7,6,-6,6,-6,6,-6,5,-5,6,-5,6,-4,0,0,0,0,0,0,0,0,0,0,0,0,0,0,0,0,0,0,0,0,0,0,14,-8,16,-7,16,-6,16,-6,17,-5,18,-4,18,-3,18,-3,18,-2,18,-1,17,-1,17,-1,16,-1,16,-1,16,-2,15,-3,15,-2,15,-3,15,-4,15,-4,15,-5,15,-5,15,-5,15,-6,15,-6,15,-6,0,0,27,-6,26,-8,25,-7,24,-6,22,-7,21,-7,20,-8,18,-9,19,-8,16,-9,16,-10,15,-11,15,-11,15,-11,14,-12,13,-12,13,-12,14,-12,13,-12,13,-11,13,-11,13,-10,12,-9,11,-8,12,-8,12,-7,12,-6,12,-5,0,0,0,0,0,0,0,0,0,0,0,0,0,0,25,-15,27,-11,29,-9,29,-9,30,-7,31,-5,32,-4,34,-2,33,-1,33,1,34,3,32,3,32,2,31,3,30,3,29,2,29,1,28,0,29,0,29,-2,28,-3,29,-4,28,-5,29,-4,29,-5,28,-6,28,-7,28,-5]"
618019807257800,1.356409400,89664,1854796614,-50,-98,6,0,1,7,0,0,256,0,0,"[0,0,-2,-15,-2,-15,-2,-14,-2,-13,-2,-14,-3,-13,-3,-12,-3,-12,-4,-11,-4,-10,-4,-10,-5,-10,-5,-9,-5,-9,-5,-9,-6,-9,-6,-9,-5,-9,-5,-8,-5,-8,-4,-8,-4,-8,-4,-8,-4,-8,-3,-7,-3,-7,0,0,0,0,0,0,0,0,0,0,0,0,0,0,0,0,0,0,0,0,0,0,-4,-16,-3,-17,-3,-17,-2,-17,-2,-18,0,-19,0,-18,2,-19,2,-18,2,-18,3,-17,3,-17,2,-16,2,-16,2,-16,1,-15,1,-16,0,-16,0,-16,-1,-16,-1,-16,-1,-16,-2,-17,-2,-16,-2,-16,-2,-16,0,0,2,-28,0,-27,0,-27,-1,-25,-1,-25,-2,-24,-2,-23,-3,-22,-4,-19,-5,-19,-6,-18,-6,-19,-7,-18,-8,-18,-8,-16,-8,-17,-8,-16,-8,-17,-8,-15,-7,-15,-7,-15,-6,-15,-6,-15,-5,-14,-5,-14,-3,-14,-3,-13,-1,-14,0,0,0,0,0,0,0,0,0,0,0,0,0,0,-7,-30,-3,-31,-2,-30,1,-32,1,-32,2,-33,5,-32,7,-34,7,-34,9,-34,9,-31,11,-32,12,-29,11,-30,11,-29,10,-28,9,-29,7,-28,6,-29,6,-28,5,-29,3,-29,4,-30,2,-29,2,-30,2,-30,3,-29,1,-30]"
618019827774200,1.376925800,89665,1854817043,-50,-98,6,0,1,7,0,0,256,0,0,"[0,0,-13,8,-12,9,-11,8,-11,8,-11,8,-10,8,-9,7,-9,8,-8,8,-8,8,-7,8,-6,8,-5,8,-5,8,-5,9,-5,8,-5,8,-5,8,-5,8,-6,7,-5,7,-5,7,-5,6,-5,6,-5,6,-5,5,0,0,0,0,0,0,0,0,0,0,0,0,0,0,0,0,0,0,0,0,0,0,-12,11,-13,11,-14,10,-15,10,-15,10,-17,9,-18,7,-18,6,-18,6,-18,6,-17,6,-17,6,-16,6,-16,6,-16,6,-15,6,-15,7,-15,7,-14,8,-14,8,-14,8,-14,9,-14,9,-14,9,-13,9,-13,9,0,0,-21,18,-19,19,-19,18,-18,17,-17,18,-15,17,-15,17,-13,16,-12,16,-11,16,-9,16,-8,17,-7,17,-7,16,-8,16,-8,16,-6,16,-7,16,-6,16,-7,15,-7,15,-6,14,-6,13,-6,13,-7,11,-7,10,-7,11,-8,10,0,0,0,0,0,0,0,0,0,0,0,0,0,0,-15,25,-18,24,-21,23,-23,22,-22,21,-24,21,-26,19,-29,19,-29,17,-30,16,-30,14,-31,14,-30,14,-29,13,-27,13,-27,13,-27,13,-24,14,-26,15,-24,15,-24,18,-23,17,-23,18,-23,19,-23,19,-22,19,-21,19,-22,19]"
618019845135900,1.394287500,89666,1854836496,-50,-98,6,0,1,7,0,0,256,0,0,"[0,0,15,-1,14,-2,13,-1,13,-2,13,-2,12,-2,11,-3,11,-3,11,-4,10,-4,10,-5,9,-5,9,-5,8,-5,8,-6,8,-6,8,-5,8,-5,8,-6,8,-5,7,-5,7,-4,7,-4,7,-4,7,-4,6,-3,0,0,0,0,0,0,0,0,0,0,0,0,0,0,0,0,0,0,0,0,0,0,16,-4,16,-3,17,-2,17,-1,17,0,18,1,18,2,18,3,18,3,17,4,17,4,16,4,16,4,15,3,15,3,15,2,15,2,16,1,15,1,15,0,15,0,15,-1,16,-1,15,-1,15,-1,16,-2,0,0,28,-2,25,-2,26,-3,24,-3,23,-4,21,-5,21,-5,19,-6,19,-7,17,-7,18,-8,16,-8,16,-9,16,-9,16,-8,15,-10,14,-9,15,-9,15,-9,15,-9,14,-8,14,-8,12,-8,12,-7,13,-5,13,-5,13,-5,13,-3,0,0,0,0,0,0,0,0,0,0,0,0,0,0,26,-11,29,-8,30,-6,31,-4,30,-3,31,-1,31,1,34,2,33,4,32,5,32,7,31,6,32,7,30,7,29,7,28,5,29,6,27,5,28,3,28,2,29,1,29,0,28,-1,29,-1,28,-1,28,-1,28,-2,30,-3]"
618019866318700,1.415470300,89667,1854856587,-50,-98,6,0,1,7,0,0,256,0,0,"[0,0,-9,-13,-9,-13,-9,-12,-9,-11,-8,-11,-8,-10,-9,-10,-9,-9,-9,-8,-9,-7,-9,-7,-9,-7,-9,-6,-9,-6,-9,-5,-9,-6,-9,-5,-9,-5,-9,-5,-8,-5,-9,-5,-8,-6,-7,-5,-7,-5,-7,-5,-6,-6,0,0,0,0,0,0,0,0,0,0,0,0,0,0,0,0,0,0,0,0,0,0,-12,-13,-11,-14,-11,-15,-10,-15,-9,-16,-9,-17,-8,-17,-7,-18,-7,-18,-6,-18,-6,-17,-6,-17,-5,-16,-5,-16,-6,-16,-6,-15,-7,-14,-7,-15,-8,-15,-8,-15,-9,-15,-9,-14,-10,-15,-9,-15,-9,-14,-9,-14,0,0,-18,-20,-19,-22,-17,-20,-18,-20,-17,-18,-17,-16,-16,-15,-17,-14,-17,-13,-17,-11,-17,-10,-17,-11,-16,-9,-17,-9,-18,-8,-17,-8,-18,-8,-17,-7,-17,-7,-16,-8,-16,-7,-14,-8,-14,-7,-13,-8,-15,-8,-12,-9,-11,-9,-10,-9,0,0,0,0,0,0,0,0,0,0,0,0,0,0,-25,-18,-22,-20,-21,-23,-19,-23,-20,-26,-19,-25,-18,-29,-17,-28,-16,-30,-15,-32,-14,-31,-13,-33,-12,-31,-11,-30,-10,-29,-11,-28,-11,-26,-13,-27,-14,-25,-14,-27,-14,-25,-17,-24,-18,-24,-18,-24,-19,-24,-18,-25,-18,-24,-18,-22]"
618019888535100,1.437686700,89668,1854876658,-50,-98,6,0,1,7,0,0,256,0,0,"[0,0,-10,11,-10,11,-9,10,-9,10,-8,9,-7,9,-7,10,-6,9,-6,9,-6,9,-4,8,-4,9,-4,9,-3,9,-4,9,-3,9,-2,9,-3,8,-3,8,-3,8,-3,8,-3,8,-3,7,-3,7,-3,6,-4,6,0,0,0,0,0,0,0,0,0,0,0,0,0,0,0,0,0,0,0,0,0,0,-10,13,-9,13,-11,13,-12,12,-13,12,-13,11,-15,11,-15,10,-15,10,-15,9,-15,9,-15,9,-14,9,-14,9,-13,8,-13,9,-12,9,-12,10,-12,10,-11,10,-11,10,-11,11,-11,12,-11,11,-10,11,-10,11,0,0,-31,45,-29,48,-26,45,-25,44,-23,41,-21,41,-19,39,-18,38,-13,37,-12,37,-9,37,-8,37,-5,37,-5,36,-4,36,-3,35,-2,35,-6,34,-4,34,-6,33,-6,32,-6,30,-6,30,-4,29,-6,26,-9,24,-8,26,-11,23,0,0,0,0,0,0,0,0,0,0,0,0,0,0,-15,60,-24,55,-27,51,-34,49,-32,54,-35,51,-41,51,-45,49,-47,49,-52,45,-50,42,-53,42,-50,40,-49,38,-49,38,-43,39,-43,36,-40,41,-39,42,-39,44,-37,43,-36,46,-37,44,-36,47,-36,49,-32,50,-29,49,-31,47]"
618019906132800,1.455284400,89669,1854899660,-50,-98,6,0,1,7,0,0,256,0,0,"[0,0,-4,14,-4,14,-3,14,-3,13,-3,13,-2,12,-2,12,-1,11,-1,10,0,10,0,10,1,9,1,10,2,10,1,9,1,9,1,9,1,9,1,9,0,8,0,8,0,8,0,8,0,7,0,7,-1,7,0,0,0,0,0,0,0,0,0,0,0,0,0,0,0,0,0,0,0,0,0,0,-1,16,-2,16,-3,17,-4,17,-5,17,-6,17,-7,17,-8,16,-9,16,-8,16,-8,15,-8,15,-8,14,-7,15,-7,14,-7,14,-7,14,-7,14,-5,14,-5,15,-5,15,-5,15,-5,15,-4,16,-3,15,-4,15,0,0,-10,26,-9,26,-9,25,-8,23,-6,23,-6,22,-5,22,-4,21,-3,20,-2,18,-2,18,1,18,0,19,1,18,2,17,2,17,2,17,2,16,1,16,1,16,1,16,0,16,0,15,-1,14,-1,14,-1,14,-2,12,-4,13,0,0,0,0,0,0,0,0,0,0,0,0,0,0,1,29,-2,30,-5,30,-8,30,-9,30,-10,29,-12,30,-15,30,-16,30,-17,30,-19,28,-18,28,-18,27,-17,26,-17,25,-16,25,-16,25,-15,24,-15,24,-13,26,-13,26,-11,26,-10,27,-11,27,-10,27,-10,28,-8,27,-9,28]"
618019930958000,1.480109600,89670,1854919461,-50,-98,6,0,1,7,0,0,256,0,0,"[0,0,10,-12,9,-12,8,-11,8,-11,7,-11,7,-11,6,-10,5,-10,5,-10,4,-10,4,-10,3,-10,2,-10,2,-10,2,-10,2,-10,2,-9,2,-10,2,-9,2,-9,2,-9,2,-8,2,-8,2,-8,3,-8,3,-7,0,0,0,0,0,0,0,0,0,0,0,0,0,0,0,0,0,0,0,0,0,0,8,-15,9,-14,10,-14,11,-14,12,-14,13,-13,14,-12,15,-12,15,-11,14,-11,14,-10,14,-10,13,-10,13,-10,13,-10,12,-11,12,-10,12,-11,11,-11,11,-11,11,-12,10,-12,11,-12,10,-13,9,-13,10,-13,0,0,38,-41,33,-42,33,-39,33,-38,30,-37,24,-37,23,-37,21,-36,19,-35,20,-36,16,-34,15,-34,11,-35,8,-34,11,-37,10,-33,7,-36,8,-35,8,-34,8,-31,7,-31,10,-30,10,-31,12,-28,13,-26,11,-24,13,-25,15,-23,0,0,0,0,0,0,0,0,0,0,0,0,0,0,25,-55,32,-51,35,-49,38,-46,42,-48,41,-45,48,-47,50,-42,52,-42,54,-38,55,-36,57,-36,55,-32,54,-32,52,-31,51,-29,47,-32,47,-33,43,-33,45,-35,41,-35,41,-39,41,-42,40,-43,39,-42,40,-44,41,-44,40,-43]"
618019945102100,1.494253700,89671,1854937648,-50,-98,6,0,1,7,0,0,256,0,0,"[0,0,-2,15,-2,14,-2,14,-2,13,-1,13,-1,12,-1,12,0,11,0,10,1,10,2,10,2,10,2,9,2,9,2,9,3,8,3,9,2,8,2,9,2,8,2,8,2,8,1,8,1,7,1,7,1,7,0,0,0,0,0,0,0,0,0,0,0,0,0,0,0,0,0,0,0,0,0,0,0,16,-2,16,-2,17,-3,17,-4,17,-5,18,-6,17,-7,17,-7,17,-8,16,-7,16,-8,15,-7,15,-6,15,-7,15,-6,14,-6,14,-5,14,-4,15,-4,15,-4,15,-3,15,-3,16,-2,16,-3,15,-2,15,0,0,-2,27,-2,27,-2,25,-1,24,-1,23,1,22,1,20,2,21,3,19,3,18,4,17,5,17,5,17,6,17,6,17,7,16,7,16,7,15,7,14,6,15,6,14,5,14,4,14,3,13,3,13,2,12,2,13,0,12,0,0,0,0,0,0,0,0,0,0,0,0,0,0,5,29,0,30,-1,29,-3,29,-4,31,-4,30,-7,32,-9,31,-8,31,-11,32,-11,31,-14,30,-13,29,-14,27,-13,27,-13,26,-10,27,-9,26,-8,27,-8,27,-6,26,-5,28,-5,28,-4,28,-4,29,-4,28,-4,29,-3,28]"
618019965238200,1.514389800,89672,1854956604,-50,-98,6,0,1,7,0,0,256,0,0,"[0,0,-8,12,-8,13,-7,11,-7,11,-6,11,-6,11,-5,11,-4,10,-4,10,-4,10,-3,10,-2,10,-2,9,-2,9,-1,9,-1,9,-1,9,-1,9,-1,9,-2,8,-2,8,-1,8,-2,8,-2,7,-2,7,-3,7,0,0,0,0,0,0,0,0,0,0,0,0,0,0,0,0,0,0,0,0,0,0,-7,15,-8,15,-9,15,-10,14,-11,15,-12,14,-13,14,-14,13,-14,12,-14,12,-14,11,-13,11,-13,11,-13,11,-12,11,-12,11,-11,11,-11,12,-10,12,-10,13,-9,13,-9,13,-10,13,-9,13,-9,13,-9,13,0,0,-27,48,-25,49,-24,45,-20,46,-21,43,-19,41,-17,42,-14,41,-13,38,-9,38,-6,36,-4,37,-2,36,-3,36,-3,36,0,34,-2,36,-1,34,-2,33,-3,33,-3,29,-3,31,-3,31,-3,28,-5,29,-5,26,-9,27,-9,25,0,0,0,0,0,0,0,0,0,0,0,0,0,0,-10,60,-15,59,-22,59,-24,56,-30,58,-31,53,-34,58,-39,54,-44,54,-46,52,-48,49,-46,50,-44,48,-45,46,-42,46,-41,45,-38,45,-39,44,-36,42,-37,47,-33,47,-32,48,-31,49,-32,49,-29,52,-27,53,-26,53,-28,55]"
618019987266400,1.536418000,89673,1854976506,-50,-98,6,0,1,7,0,0,256,0,0,"[0,0,-13,-8,-13,-8,-12,-8,-12,-7,-12,-7,-11,-6,-11,-6,-10,-5,-10,-5,-10,-3,-10,-3,-10,-2,-10,-3,-10,-2,-10,-1,-10,-2,-9,-2,-10,-2,-10,-2,-9,-2,-9,-2,-8,-2,-8,-2,-8,-2,-8,-2,-7,-3,0,0,0,0,0,0,0,0,0,0,0,0,0,0,0,0,0,0,0,0,0,0,-15,-7,-15,-8,-15,-9,-15,-9,-15,-11,-15,-12,-14,-13,-13,-14,-13,-13,-12,-13,-12,-13,-12,-13,-12,-12,-11,-12,-11,-12,-11,-11,-12,-11,-12,-11,-12,-10,-12,-10,-13,-10,-13,-10,-14,-9,-13,-9,-14,-8,-14,-8,0,0,-43,-37,-44,-37,-41,-33,-40,-32,-39,-29,-38,-28,-38,-26,-36,-21,-36,-21,-36,-17,-36,-14,-36,-13,-35,-9,-33,-9,-37,-9,-35,-9,-35,-10,-34,-7,-33,-9,-33,-8,-32,-10,-31,-9,-29,-8,-27,-9,-26,-9,-26,-11,-26,-12,-23,-15,0,0,0,0,0,0,0,0,0,0,0,0,0,0,-56,-24,-54,-31,-52,-33,-49,-38,-51,-41,-46,-42,-48,-48,-47,-51,-45,-53,-43,-56,-40,-56,-39,-58,-37,-56,-37,-53,-36,-52,-34,-49,-34,-48,-37,-48,-36,-45,-39,-46,-39,-43,-41,-42,-42,-42,-43,-41,-45,-40,-44,-40,-46,-37,-46,-37]"
618020007849600,1.557001200,89674,1854998464,-50,-98,6,0,1,7,0,0,256,0,0,"[0,0,-10,-12,-10,-11,-10,-11,-9,-10,-10,-10,-10,-10,-9,-9,-9,-8,-9,-7,-9,-6,-10,-6,-9,-6,-9,-5,-9,-5,-9,-4,-10,-4,-9,-4,-9,-4,-9,-4,-9,-4,-8,-4,-8,-5,-7,-5,-7,-5,-7,-4,-7,-5,0,0,0,0,0,0,0,0,0,0,0,0,0,0,0,0,0,0,0,0,0,0,-12,-12,-13,-13,-12,-13,-12,-14,-11,-15,-10,-16,-10,-16,-9,-17,-9,-17,-8,-17,-8,-17,-7,-16,-7,-16,-7,-15,-7,-15,-8,-14,-8,-14,-9,-14,-9,-14,-9,-14,-10,-14,-10,-13,-10,-13,-10,-13,-11,-13,-10,-13,0,0,-18,-24,-18,-22,-17,-22,-17,-19,-17,-18,-15,-18,-15,-16,-16,-15,-17,-14,-16,-13,-17,-11,-18,-11,-18,-10,-17,-10,-16,-8,-17,-8,-17,-8,-17,-7,-16,-8,-16,-8,-14,-8,-14,-8,-14,-8,-12,-7,-13,-8,-13,-8,-11,-8,-10,-9,0,0,0,0,0,0,0,0,0,0,0,0,0,0,-25,-19,-23,-22,-21,-23,-22,-26,-18,-26,-18,-27,-18,-29,-18,-31,-15,-32,-14,-31,-12,-34,-12,-32,-12,-32,-11,-30,-11,-30,-11,-30,-13,-29,-12,-27,-13,-27,-15,-26,-15,-26,-16,-26,-17,-26,-17,-26,-18,-25,-18,-24,-18,-24,-19,-24]"
618020026828700,1.575980300,89675,1855016733,-50,-98,6,0,1,7,0,0,256,0,0,"[0,0,5,-14,4,-14,4,-14,4,-13,3,-13,3,-12,2,-12,1,-12,1,-11,1,-10,0,-10,-1,-11,-1,-10,-2,-10,-1,-10,-1,-10,-2,-10,-2,-10,-1,-10,-1,-9,-1,-9,-1,-9,-1,-9,-1,-8,0,-8,0,-8,0,0,0,0,0,0,0,0,0,0,0,0,0,0,0,0,0,0,0,0,0,0,4,-16,5,-17,5,-16,6,-17,7,-17,9,-16,10,-16,10,-16,11,-15,10,-14,10,-14,10,-14,10,-14,10,-14,9,-14,8,-13,8,-14,7,-14,7,-14,6,-15,7,-15,6,-15,6,-15,5,-15,5,-15,5,-15,0,0,8,-26,8,-28,6,-25,6,-24,6,-23,5,-22,5,-22,3,-22,2,-20,0,-20,-1,-19,-3,-19,-3,-19,-3,-17,-3,-18,-4,-17,-4,-18,-4,-17,-3,-16,-3,-16,-1,-17,-2,-17,-3,-15,-2,-14,-2,-14,0,-15,1,-14,1,-14,0,0,0,0,0,0,0,0,0,0,0,0,0,0,0,-30,3,-32,4,-31,7,-30,8,-31,11,-30,13,-32,14,-31,18,-29,19,-29,19,-28,19,-29,17,-28,17,-26,16,-27,15,-26,16,-26,15,-25,13,-26,13,-26,12,-27,12,-27,12,-26,11,-28,10,-28,8,-29,7,-28,8,-29]"
618020051281700,1.600433300,89676,1855040043,-50,-98,6,0,1,7,0,0,256,0,0,"[0,0,7,-14,6,-14,6,-13,6,-13,5,-13,4,-12,3,-12,3,-12,2,-11,2,-11,1,-11,1,-10,1,-10,0,-10,0,-10,0,-10,-1,-10,0,-10,0,-10,0,-9,0,-9,0,-9,1,-9,1,-8,1,-8,1,-8,0,0,0,0,0,0,0,0,0,0,0,0,0,0,0,0,0,0,0,0,0,0,5,-16,6,-16,7,-16,8,-16,9,-16,10,-15,11,-15,12,-15,12,-14,12,-14,12,-13,12,-12,11,-13,11,-12,10,-13,10,-12,9,-13,9,-13,9,-13,8,-14,8,-14,7,-14,8,-14,7,-14,7,-14,7,-14,0,0,14,-54,13,-56,12,-50,10,-49,10,-47,6,-46,6,-45,4,-42,3,-42,-1,-41,-2,-39,-6,-38,-7,-37,-8,-37,-7,-36,-8,-34,-10,-36,-9,-31,-6,-33,-6,-33,-3,-33,-3,-31,-4,-31,-4,-30,-2,-28,-2,-25,1,-28,4,-27,0,0,0,0,0,0,0,0,0,0,0,0,0,0,-4,-61,3,-62,8,-62,14,-61,16,-64,18,-61,25,-64,25,-63,29,-60,34,-60,37,-60,37,-58,34,-56,32,-54,32,-53,31,-53,30,-51,28,-53,25,-51,25,-52,21,-52,21,-54,21,-55,18,-59,15,-56,14,-57,16,-58,13,-55]"
618020065917700,1.615069300,89677,1855056649,-50,-98,6,0,1,7,0,0,256,0,0,"[0,0,14,-5,13,-5,12,-5,13,-5,12,-5,11,-5,10,-5,9,-6,9,-6,9,-6,8,-6,8,-7,7,-7,7,-7,7,-7,7,-7,6,-7,7,-7,6,-7,6,-6,6,-6,6,-6,6,-5,6,-5,6,-5,6,-4,0,0,0,0,0,0,0,0,0,0,0,0,0,0,0,0,0,0,0,0,0,0,14,-8,15,-7,15,-6,16,-5,17,-4,18,-4,18,-3,18,-2,18,-2,18,-1,17,0,17,-1,16,-1,15,-1,15,-1,15,-2,15,-2,15,-3,15,-3,15,-4,15,-4,15,-5,15,-5,15,-5,15,-5,15,-5,0,0,26,-6,27,-7,25,-7,24,-6,22,-7,22,-8,21,-7,19,-8,19,-8,18,-9,17,-10,15,-10,15,-11,13,-11,15,-12,14,-12,12,-12,14,-11,12,-11,13,-10,14,-10,12,-10,13,-9,12,-8,12,-7,10,-6,12,-6,12,-4,0,0,0,0,0,0,0,0,0,0,0,0,0,0,27,-15,28,-11,30,-9,29,-7,31,-8,29,-5,33,-4,33,-1,33,-1,34,2,33,3,34,3,32,4,31,4,30,4,29,3,28,2,30,1,27,0,29,-1,28,-2,28,-4,29,-4,29,-6,31,-6,29,-6,29,-6,29,-6]"
618020086964800,1.636116400,89678,1855076650,-50,-98,6,0,1,7,0,0,256,0,0,"[0,0,10,-11,9,-12,8,-11,9,-11,8,-10,7,-10,6,-10,6,-10,5,-9,5,-10,4,-10,3,-10,3,-10,3,-9,3,-10,2,-9,2,-10,3,-9,3,-9,3,-9,3,-8,3,-8,3,-8,3,-8,3,-7,3,-7,0,0,0,0,0,0,0,0,0,0,0,0,0,0,0,0,0,0,0,0,0,0,9,-14,10,-13,10,-14,11,-13,13,-13,13,-12,14,-12,15,-11,15,-11,15,-10,15,-10,14,-9,14,-9,13,-9,13,-9,13,-10,12,-10,12,-10,11,-11,11,-11,11,-11,11,-12,11,-12,11,-12,10,-12,10,-12,0,0,35,-44,32,-44,31,-44,29,-40,26,-40,24,-38,22,-38,20,-38,17,-38,14,-37,11,-37,11,-36,9,-36,8,-36,8,-35,6,-35,5,-36,5,-33,6,-34,7,-33,8,-32,7,-29,8,-30,8,-29,8,-26,8,-23,10,-24,12,-23,0,0,0,0,0,0,0,0,0,0,0,0,0,0,23,-56,28,-55,32,-51,34,-49,39,-52,40,-50,44,-50,49,-48,50,-44,54,-42,55,-40,54,-39,54,-37,52,-35,50,-35,48,-35,49,-35,44,-37,44,-39,43,-38,42,-41,41,-41,39,-42,38,-45,38,-46,36,-48,38,-48,38,-46]"
618020104264600,1.653416200,89679,1855096591,-50,-98,6,0,1,7,0,0,256,0,0,"[0,0,15,-3,14,-4,13,-3,13,-3,12,-3,11,-4,11,-4,10,-4,10,-5,9,-5,8,-5,8,-5,7,-6,7,-6,8,-6,7,-6,7,-6,7,-7,7,-6,7,-5,7,-6,6,-5,6,-5,6,-5,6,-4,6,-4,0,0,0,0,0,0,0,0,0,0,0,0,0,0,0,0,0,0,0,0,0,0,16,-5,16,-4,16,-3,17,-2,17,-2,18,-1,18,0,18,1,18,1,17,2,18,2,17,2,16,2,16,2,16,1,15,1,15,0,15,0,15,-1,15,-2,15,-2,15,-3,16,-3,15,-3,15,-3,15,-3,0,0,28,-4,27,-5,24,-4,25,-4,22,-5,21,-7,20,-6,18,-7,19,-8,17,-9,16,-9,15,-10,15,-11,14,-11,14,-11,14,-12,14,-10,14,-10,13,-10,13,-9,13,-9,13,-10,12,-9,11,-8,11,-7,11,-6,11,-7,11,-5,0,0,0,0,0,0,0,0,0,0,0,0,0,0,27,-11,29,-10,30,-6,31,-5,32,-3,31,-1,33,-1,33,1,34,3,34,4,34,6,32,6,31,5,31,5,30,5,30,5,29,3,29,3,28,3,29,1,28,0,28,-1,27,-2,29,-3,29,-4,29,-4,29,-4,30,-4]"
618020125202300,1.674353900,89680,1855116637,-50,-98,6,0,1,7,0,0,256,0,0,"[0,0,5,-15,4,-15,4,-13,4,-13,3,-13,2,-12,2,-12,1,-11,1,-11,1,-11,0,-11,0,-11,-1,-10,-1,-10,-2,-10,-2,-10,-2,-10,-1,-10,-1,-9,-1,-9,-1,-9,-1,-9,0,-9,0,-8,0,-8,0,-8,0,0,0,0,0,0,0,0,0,0,0,0,0,0,0,0,0,0,0,0,0,0,3,-16,4,-16,5,-17,6,-17,7,-17,8,-16,9,-16,10,-16,10,-16,10,-15,10,-14,10,-14,10,-14,9,-14,9,-14,8,-14,7,-14,7,-14,6,-14,7,-15,6,-15,6,-15,6,-16,5,-15,5,-16,5,-15,0,0,6,-27,5,-27,4,-26,4,-25,2,-24,2,-23,1,-23,1,-22,1,-20,-1,-19,-3,-19,-4,-20,-4,-19,-4,-18,-5,-18,-5,-17,-5,-17,-4,-17,-5,-17,-4,-17,-4,-17,-4,-16,-3,-16,-3,-15,-2,-14,-2,-14,0,-14,0,-13,0,0,0,0,0,0,0,0,0,0,0,0,0,0,-2,-31,2,-31,2,-31,6,-31,6,-31,8,-30,11,-33,12,-32,14,-31,16,-31,17,-29,17,-30,17,-28,15,-28,14,-28,14,-26,14,-27,12,-26,12,-26,11,-27,10,-27,9,-29,8,-28,9,-30,8,-29,6,-29,6,-29,7,-29]"
618020144558800,1.693710400,89681,1855142221,-50,-98,6,0,1,7,0,0,256,0,0,"[0,0,13,5,13,5,12,5,12,5,11,4,11,3,11,2,11,2,10,1,10,1,10,0,9,0,9,0,9,-1,9,-1,9,-1,8,-1,9,-1,9,-1,8,-1,8,-1,8,-1,7,0,7,0,7,0,7,0,0,0,0,0,0,0,0,0,0,0,0,0,0,0,0,0,0,0,0,0,0,0,15,4,15,5,15,6,15,7,15,8,15,9,15,10,15,10,14,11,13,11,13,11,12,11,12,10,12,10,12,10,12,9,12,8,13,8,13,8,13,7,14,7,14,6,14,6,13,6,14,6,14,6,0,0,51,21,51,17,47,17,46,15,46,14,43,11,41,10,38,7,38,5,40,3,39,2,36,1,36,-1,34,-3,34,-5,34,-5,34,-5,33,-3,34,-6,31,-5,32,-2,29,-1,29,-2,27,-2,28,1,25,2,26,2,24,5,0,0,0,0,0,0,0,0,0,0,0,0,0,0,59,5,59,13,58,16,56,17,60,21,57,25,60,29,57,33,58,35,56,39,52,39,53,42,49,42,49,43,45,38,45,38,46,35,48,32,47,29,51,30,50,27,51,25,50,24,52,23,55,24,54,23,53,21,55,22]"
618020165206700,1.714358300,89682,1855156720,-50,-98,6,0,1,7,0,0,256,0,0,"[0,0,-16,-4,-15,-3,-14,-3,-14,-3,-13,-3,-13,-2,-13,-1,-12,-1,-12,0,-11,0,-11,1,-10,1,-10,1,-10,1,-10,2,-10,2,-10,2,-10,2,-10,2,-9,2,-9,1,-9,1,-8,1,-8,1,-8,1,-8,0,0,0,0,0,0,0,0,0,0,0,0,0,0,0,0,0,0,0,0,0,0,0,-18,-1,-18,-2,-18,-3,-18,-4,-19,-5,-18,-6,-19,-7,-18,-8,-18,-9,-17,-9,-17,-9,-16,-9,-16,-8,-15,-8,-15,-8,-16,-7,-15,-6,-16,-6,-16,-6,-16,-5,-16,-5,-16,-5,-17,-4,-16,-4,-16,-4,-16,-4,0,0,-29,-3,-27,-3,-26,-2,-26,-1,-24,-2,-23,-1,-22,-1,-22,0,-20,1,-19,3,-18,5,-17,5,-16,6,-17,5,-17,8,-17,7,-16,7,-17,7,-17,6,-16,4,-16,5,-15,4,-15,4,-14,4,-14,3,-13,2,-13,2,-14,1,0,0,0,0,0,0,0,0,0,0,0,0,0,0,-30,6,-31,3,-31,1,-32,-3,-32,-3,-32,-4,-33,-6,-34,-8,-34,-11,-32,-13,-32,-14,-31,-14,-32,-12,-31,-13,-29,-12,-28,-10,-27,-11,-27,-10,-29,-8,-29,-9,-29,-7,-29,-6,-29,-6,-29,-6,-29,-5,-31,-2,-30,-2,-30,-3]"
618020186789300,1.735940900,89683,1855176564,-50,-98,6,0,1,7,0,0,256,0,0,"[0,0,14,-6,13,-6,13,-5,12,-6,11,-6,11,-6,10,-6,9,-6,9,-7,8,-7,7,-7,7,-7,7,-7,6,-8,6,-8,6,-8,6,-7,6,-8,6,-7,6,-7,6,-7,5,-6,5,-6,5,-6,5,-5,6,-5,0,0,0,0,0,0,0,0,0,0,0,0,0,0,0,0,0,0,0,0,0,0,14,-8,15,-7,15,-6,16,-6,17,-5,18,-4,18,-3,18,-2,18,-2,17,-1,17,-1,17,-1,16,-1,15,-2,15,-2,15,-2,15,-3,15,-4,15,-4,15,-5,15,-5,14,-5,15,-6,14,-6,14,-6,14,-6,0,0,25,-10,25,-11,24,-10,23,-10,21,-11,19,-10,19,-11,17,-11,17,-11,15,-11,15,-13,13,-13,12,-14,12,-14,12,-14,12,-13,11,-14,11,-13,11,-13,12,-13,11,-11,10,-12,10,-12,10,-11,10,-9,10,-9,10,-9,9,-7,0,0,0,0,0,0,0,0,0,0,0,0,0,0,23,-19,25,-18,26,-15,29,-13,29,-12,30,-9,31,-10,32,-8,32,-5,34,-4,33,-3,33,-3,32,-3,32,-3,30,-3,29,-3,29,-4,29,-4,28,-6,28,-6,27,-8,27,-7,27,-9,28,-10,28,-10,27,-11,27,-12,26,-11]"
618020211948100,1.761099700,89684,1855204433,-50,-98,6,0,1,7,0,0,256,0,0,"[0,0,-4,15,-3,14,-3,13,-3,13,-2,13,-2,12,-2,12,-1,11,-1,10,0,10,1,9,1,9,2,9,2,9,2,9,2,9,2,9,2,8,1,8,1,8,1,8,1,8,0,7,1,7,0,7,0,7,0,0,0,0,0,0,0,0,0,0,0,0,0,0,0,0,0,0,0,0,0,0,0,16,-2,16,-2,17,-3,17,-4,18,-5,17,-7,17,-8,17,-8,16,-8,16,-7,16,-8,15,-7,15,-7,15,-7,14,-6,15,-6,14,-6,15,-5,15,-5,15,-5,15,-4,15,-4,16,-3,15,-3,16,-3,15,0,0,-7,27,-5,25,-6,25,-4,24,-4,23,-4,22,-4,21,-2,20,-1,19,1,19,2,18,1,18,3,18,3,17,4,17,4,16,4,17,4,16,3,16,3,15,3,14,2,15,2,14,1,13,0,12,-1,12,-1,13,-2,12,0,0,0,0,0,0,0,0,0,0,0,0,0,0,2,29,-1,30,-3,30,-5,30,-6,30,-9,31,-9,31,-12,32,-13,31,-15,30,-16,29,-17,29,-15,28,-16,27,-15,26,-14,25,-14,27,-12,24,-12,25,-11,26,-11,26,-9,27,-8,28,-9,27,-7,27,-7,28,-6,28,-6,27]"
618020227419800,1.776571400,89685,1855216908,-50,-98,6,0,1,7,0,0,256,0,0,"[0,0,7,-14,6,-14,6,-13,5,-12,5,-13,4,-12,4,-12,3,-11,3,-11,2,-11,2,-11,1,-10,0,-11,0,-11,0,-10,0,-11,-1,-10,-1,-10,0,-10,0,-9,0,-9,0,-9,0,-9,0,-8,1,-8,1,-8,0,0,0,0,0,0,0,0,0,0,0,0,0,0,0,0,0,0,0,0,0,0,5,-16,6,-16,7,-16,8,-16,9,-16,10,-16,11,-15,12,-15,13,-14,12,-14,12,-13,12,-13,11,-13,11,-13,10,-13,10,-12,10,-13,9,-13,9,-14,8,-14,8,-14,8,-14,7,-14,7,-15,7,-15,7,-15,0,0,29,-44,27,-46,28,-46,23,-41,24,-43,20,-42,18,-39,16,-38,15,-39,12,-36,10,-36,9,-37,8,-36,5,-36,5,-34,3,-35,4,-35,4,-33,4,-33,3,-30,3,-31,4,-31,6,-29,4,-29,6,-27,7,-26,8,-25,12,-23,0,0,0,0,0,0,0,0,0,0,0,0,0,0,17,-59,24,-56,28,-53,29,-54,33,-54,37,-53,40,-53,46,-50,45,-50,49,-46,48,-45,51,-42,52,-39,50,-38,48,-37,46,-37,44,-39,41,-41,40,-41,38,-41,38,-45,34,-47,35,-48,34,-49,33,-47,34,-48,33,-49,33,-48]"
618020246303600,1.795455200,89686,1855236594,-50,-98,6,0,1,7,0,0,256,0,0,"[0,0,-1,-15,-2,-15,-2,-14,-1,-14,-2,-13,-2,-13,-3,-12,-3,-12,-3,-11,-4,-10,-4,-10,-4,-10,-5,-9,-5,-9,-5,-9,-5,-9,-5,-9,-5,-8,-5,-8,-5,-8,-4,-8,-4,-8,-3,-8,-3,-8,-3,-8,-2,-7,0,0,0,0,0,0,0,0,0,0,0,0,0,0,0,0,0,0,0,0,0,0,-4,-16,-3,-17,-3,-17,-1,-18,0,-19,0,-19,1,-19,2,-19,3,-18,3,-19,3,-17,3,-17,3,-17,3,-16,2,-16,2,-16,2,-16,1,-16,0,-16,0,-16,-1,-16,-1,-16,-1,-17,-2,-16,-1,-16,-1,-16,0,0,1,-28,1,-29,0,-27,-1,-25,0,-24,-1,-23,-3,-22,-3,-22,-4,-20,-5,-19,-6,-18,-7,-18,-8,-17,-7,-18,-8,-16,-9,-17,-8,-16,-8,-17,-8,-16,-8,-15,-7,-15,-6,-15,-6,-14,-5,-13,-5,-13,-4,-14,-2,-14,-2,-13,0,0,0,0,0,0,0,0,0,0,0,0,0,0,-9,-28,-6,-31,-3,-31,-1,-33,1,-32,3,-32,4,-33,5,-33,8,-34,8,-33,10,-32,10,-32,9,-31,9,-31,9,-30,9,-29,8,-29,7,-28,7,-28,5,-28,4,-29,3,-29,3,-29,2,-30,1,-29,1,-31,0,-30,1,-30]"
618020269048000,1.818199600,89687,1855256621,-50,-98,6,0,1,7,0,0,256,0,0,"[0,0,-12,-10,-12,-10,-11,-10,-11,-9,-10,-8,-10,-8,-10,-7,-10,-7,-10,-5,-10,-5,-10,-4,-10,-4,-10,-3,-10,-3,-10,-3,-10,-3,-9,-3,-9,-2,-9,-3,-9,-3,-9,-3,-8,-3,-8,-3,-8,-3,-7,-3,-7,-3,0,0,0,0,0,0,0,0,0,0,0,0,0,0,0,0,0,0,0,0,0,0,-14,-10,-14,-11,-13,-12,-13,-13,-13,-14,-12,-15,-12,-15,-11,-16,-10,-16,-10,-16,-10,-16,-9,-15,-9,-15,-9,-14,-9,-14,-10,-13,-10,-13,-10,-13,-10,-12,-11,-12,-11,-12,-12,-12,-13,-11,-12,-11,-12,-11,-12,-11,0,0,-44,-33,-44,-32,-41,-29,-42,-29,-40,-26,-38,-25,-37,-22,-37,-19,-37,-17,-37,-13,-37,-10,-36,-10,-36,-7,-36,-8,-37,-3,-36,-4,-35,-5,-34,-4,-33,-6,-35,-6,-32,-4,-30,-8,-30,-6,-27,-7,-29,-7,-27,-9,-27,-8,-23,-11,0,0,0,0,0,0,0,0,0,0,0,0,0,0,-55,-24,-54,-31,-54,-33,-51,-38,-48,-41,-46,-44,-49,-47,-45,-52,-44,-53,-40,-58,-38,-57,-39,-56,-39,-55,-37,-53,-37,-52,-35,-48,-35,-47,-39,-45,-37,-42,-42,-43,-40,-40,-42,-41,-41,-40,-45,-39,-47,-38,-45,-34,-46,-35,-47,-36]"
618020287029900,1.836181500,89688,1855278279,-50,-98,6,0,1,7,0,0,256,0,0,"[0,0,-14,-7,-13,-7,-13,-7,-13,-6,-12,-6,-12,-5,-11,-4,-11,-4,-11,-3,-11,-2,-11,-2,-10,-2,-10,-1,-10,-1,-10,0,-10,0,-10,0,-10,0,-10,0,-9,0,-9,0,-9,-1,-8,-1,-8,-1,-8,-1,-8,-2,0,0,0,0,0,0,0,0,0,0,0,0,0,0,0,0,0,0,0,0,0,0,-16,-6,-16,-7,-15,-8,-16,-9,-16,-10,-16,-11,-15,-11,-15,-13,-14,-13,-13,-13,-13,-13,-13,-12,-12,-12,-12,-12,-12,-12,-13,-10,-13,-10,-13,-10,-13,-10,-14,-9,-14,-8,-14,-8,-15,-8,-15,-8,-14,-8,-14,-7,0,0,-52,-23,-51,-24,-47,-21,-45,-19,-45,-17,-43,-16,-42,-14,-39,-11,-39,-8,-39,-6,-39,-3,-36,-1,-35,-1,-35,2,-37,2,-37,2,-34,1,-35,3,-33,2,-33,2,-32,0,-30,-2,-29,0,-26,-2,-27,0,-27,-2,-26,-5,-24,-5,0,0,0,0,0,0,0,0,0,0,0,0,0,0,-59,-9,-60,-17,-58,-19,-57,-23,-59,-27,-57,-29,-57,-35,-57,-38,-55,-40,-54,-43,-52,-46,-53,-45,-47,-44,-48,-44,-45,-39,-46,-39,-45,-37,-47,-38,-47,-35,-50,-33,-47,-30,-51,-29,-50,-30,-52,-29,-55,-27,-52,-24,-53,-25,-52,-24]"
618020309937400,1.859089000,89689,1855303780,-51,-98,6,0,1,7,0,0,256,0,0,"[0,0,15,1,14,0,13,1,13,0,13,0,12,-1,11,-1,11,-2,11,-2,10,-3,9,-3,9,-3,9,-3,8,-4,8,-4,8,-4,8,-4,8,-4,8,-4,8,-3,8,-3,7,-3,7,-3,6,-3,7,-3,7,-2,0,0,0,0,0,0,0,0,0,0,0,0,0,0,0,0,0,0,0,0,0,0,16,-1,17,0,17,1,17,2,17,3,18,4,18,5,18,6,17,7,16,7,16,6,16,6,15,6,15,5,14,5,15,5,15,4,15,4,15,3,15,2,15,2,15,2,16,1,15,1,15,1,16,1,0,0,26,-8,25,-9,24,-8,23,-8,22,-9,20,-9,19,-9,19,-9,17,-10,16,-11,15,-11,14,-12,14,-12,13,-12,13,-13,12,-13,12,-12,12,-12,12,-12,12,-11,11,-10,11,-10,11,-9,10,-9,11,-8,11,-8,11,-7,11,-6,0,0,0,0,0,0,0,0,0,0,0,0,0,0,24,-16,26,-14,27,-12,28,-11,28,-10,29,-8,31,-7,33,-6,33,-4,33,-2,33,-1,32,-1,32,-1,31,0,30,0,29,-1,29,-2,28,-2,27,-3,28,-4,28,-6,28,-6,28,-6,28,-8,28,-8,28,-9,28,-8,28,-9]"
618020325950600,1.875102200,89690,1855317441,-51,-98,6,0,1,7,0,0,256,0,0,"[0,0,15,-1,14,-1,13,-1,13,-1,12,-1,12,-2,11,-2,11,-2,10,-3,10,-4,9,-4,9,-4,9,-5,8,-4,8,-5,8,-5,8,-5,8,-5,8,-5,8,-4,7,-4,7,-4,7,-4,6,-4,7,-3,7,-3,0,0,0,0,0,0,0,0,0,0,0,0,0,0,0,0,0,0,0,0,0,0,16,-2,16,-2,17,-1,17,0,18,2,18,2,18,3,18,4,18,5,17,5,16,5,16,4,16,4,15,4,15,4,16,3,15,3,15,2,15,1,15,1,15,1,15,0,16,0,16,0,15,-1,15,-1,0,0,26,-11,25,-11,24,-11,22,-11,21,-11,20,-11,19,-11,18,-12,16,-12,15,-13,15,-13,13,-13,12,-14,12,-14,11,-14,11,-14,11,-14,11,-14,11,-14,11,-13,10,-12,10,-12,10,-12,10,-10,10,-10,10,-10,11,-9,11,-8,0,0,0,0,0,0,0,0,0,0,0,0,0,0,23,-19,25,-16,27,-15,28,-13,29,-12,30,-11,31,-9,33,-8,33,-6,34,-4,33,-3,33,-3,32,-4,32,-2,30,-2,29,-3,29,-4,28,-5,29,-6,29,-6,28,-7,28,-9,28,-9,28,-10,28,-11,28,-12,27,-11,27,-11]"
618020344213100,1.893364700,89691,1855336500,-50,-98,6,0,1,7,0,0,256,0,0,"[0,0,3,-15,3,-15,2,-14,2,-13,2,-13,1,-13,1,-13,0,-12,0,-11,0,-11,-1,-11,-2,-10,-3,-10,-3,-10,-3,-10,-3,-9,-3,-10,-3,-9,-3,-9,-3,-9,-2,-9,-2,-9,-2,-8,-2,-8,-1,-8,-1,-7,0,0,0,0,0,0,0,0,0,0,0,0,0,0,0,0,0,0,0,0,0,0,2,-17,3,-17,4,-17,4,-17,5,-17,7,-17,8,-17,8,-17,9,-17,9,-16,9,-15,9,-15,8,-15,8,-15,7,-14,7,-15,6,-14,6,-15,5,-15,5,-16,5,-15,4,-16,4,-16,3,-15,3,-16,4,-15,0,0,8,-27,7,-27,6,-26,5,-23,5,-23,4,-23,4,-22,2,-21,1,-20,0,-19,-1,-18,-1,-19,-2,-19,-3,-17,-3,-19,-4,-17,-4,-18,-3,-17,-4,-16,-3,-17,-3,-16,-2,-16,-2,-15,-2,-14,-2,-14,-1,-13,0,-13,1,-13,0,0,0,0,0,0,0,0,0,0,0,0,0,0,0,-31,4,-31,6,-30,7,-30,9,-31,10,-29,14,-31,15,-30,15,-30,17,-29,18,-29,19,-29,19,-26,18,-25,17,-25,17,-25,16,-24,14,-26,13,-24,13,-26,12,-26,10,-27,10,-27,9,-28,10,-28,9,-29,9,-29,8,-27]"
618020363575500,1.912727100,89692,1855356721,-50,-98,6,0,1,7,0,0,256,0,0,"[0,0,13,7,12,6,12,6,12,5,11,5,10,4,11,3,10,3,10,3,10,2,9,1,10,1,9,1,10,0,9,0,10,0,9,-1,9,-1,9,-1,9,0,8,0,8,0,7,0,7,1,7,1,7,1,0,0,0,0,0,0,0,0,0,0,0,0,0,0,0,0,0,0,0,0,0,0,15,7,15,7,15,8,15,9,15,10,15,11,14,11,14,12,13,12,12,12,11,12,11,12,11,12,11,12,11,11,12,10,12,10,12,9,12,9,13,8,13,8,14,8,14,8,13,8,13,7,14,7,0,0,53,2,56,0,50,0,51,0,45,-1,45,-4,43,-6,42,-7,40,-8,38,-10,37,-10,35,-12,34,-12,32,-14,34,-17,31,-15,33,-16,30,-14,31,-15,30,-14,29,-14,28,-12,29,-11,26,-10,25,-8,24,-7,27,-6,25,-3,0,0,0,0,0,0,0,0,0,0,0,0,0,0,58,-13,58,-6,59,-1,57,1,64,3,59,5,65,11,62,13,64,14,65,18,62,19,64,24,59,23,57,24,55,22,54,20,53,18,57,14,53,13,58,13,54,11,56,7,58,6,57,4,61,4,59,5,58,4,57,3]"
618020384026100,1.933177700,89693,1855376729,-51,-98,6,0,1,7,0,0,256,0,0,"[0,0,15,-1,14,-2,13,-2,13,-2,12,-2,11,-2,11,-3,10,-3,10,-4,9,-4,10,-4,9,-4,8,-5,8,-5,8,-5,8,-6,7,-5,8,-6,8,-6,8,-5,7,-5,7,-4,7,-4,6,-4,7,-3,6,-3,0,0,0,0,0,0,0,0,0,0,0,0,0,0,0,0,0,0,0,0,0,0,16,-4,17,-3,17,-2,17,-1,18,0,19,1,18,1,18,3,18,3,17,4,17,3,16,3,16,4,16,3,16,3,15,2,15,1,15,1,16,0,15,0,15,0,16,-1,16,-1,16,-1,15,-1,16,-2,0,0,25,-12,24,-12,23,-12,22,-12,20,-12,19,-12,18,-12,17,-12,16,-13,14,-13,13,-13,13,-14,11,-14,11,-14,10,-14,11,-15,10,-14,10,-14,9,-14,10,-13,10,-12,10,-12,9,-11,10,-10,9,-10,10,-9,10,-8,10,-7,0,0,0,0,0,0,0,0,0,0,0,0,0,0,22,-20,25,-17,26,-16,27,-15,28,-14,28,-12,30,-11,32,-10,32,-9,33,-7,32,-6,32,-5,31,-4,31,-4,30,-4,29,-4,29,-6,28,-6,28,-7,27,-8,27,-9,26,-10,27,-11,26,-11,26,-12,26,-12,26,-12,27,-12]"
618020403019400,1.952171000,89694,1855401974,-51,-98,6,0,1,7,0,0,256,0,0,"[0,0,6,13,5,13,5,12,5,12,5,11,6,10,6,9,6,9,6,8,6,8,6,7,7,7,7,6,7,6,7,5,7,5,7,6,7,5,7,5,6,5,6,5,5,5,5,5,4,5,4,5,4,5,0,0,0,0,0,0,0,0,0,0,0,0,0,0,0,0,0,0,0,0,0,0,8,14,7,14,7,15,6,16,6,17,5,17,4,18,3,18,3,18,2,18,2,17,2,17,2,16,2,16,2,15,3,15,3,15,3,15,4,15,5,14,5,15,5,14,6,15,6,15,6,14,6,14,0,0,17,22,17,20,16,19,16,18,16,17,16,15,15,14,15,14,15,12,15,11,15,10,15,10,15,8,15,8,16,7,15,7,16,7,15,7,15,7,14,7,14,7,13,7,13,7,12,7,11,7,10,7,10,8,8,8,0,0,0,0,0,0,0,0,0,0,0,0,0,0,24,16,21,19,21,20,20,21,20,23,18,24,18,26,17,28,16,28,14,30,14,29,12,31,12,29,11,29,10,28,11,26,11,26,13,25,12,24,14,25,14,24,16,23,16,23,17,23,17,24,17,23,18,22,18,22]"
618020425494800,1.974646400,89695,1855418013,-51,-98,6,0,1,7,0,0,256,0,0,"[0,0,15,-1,14,-1,13,-2,14,-2,13,-2,12,-2,11,-2,11,-2,10,-3,10,-3,9,-4,9,-4,9,-4,8,-5,9,-5,8,-5,8,-5,8,-5,8,-5,8,-4,7,-4,7,-3,7,-3,7,-3,7,-3,6,-2,0,0,0,0,0,0,0,0,0,0,0,0,0,0,0,0,0,0,0,0,0,0,16,-4,16,-3,17,-2,17,-1,18,0,18,1,18,2,18,3,18,3,17,4,17,4,17,4,16,4,16,3,15,3,15,2,15,2,16,1,15,1,15,0,15,0,16,0,16,0,16,-1,15,-1,15,-1,0,0,24,-14,24,-14,22,-13,22,-13,20,-13,18,-13,18,-13,17,-13,15,-14,14,-14,13,-14,12,-14,12,-15,11,-15,11,-15,10,-15,10,-15,9,-15,9,-14,9,-14,9,-13,9,-13,10,-12,9,-11,9,-10,9,-9,10,-9,10,-8,0,0,0,0,0,0,0,0,0,0,0,0,0,0,21,-21,23,-19,24,-17,26,-15,28,-15,28,-13,30,-13,31,-11,32,-10,33,-9,32,-8,33,-7,31,-6,31,-6,30,-6,29,-6,28,-7,28,-8,27,-8,28,-10,26,-10,26,-12,26,-13,26,-13,27,-14,26,-13,26,-13,26,-14]"
618020445160000,1.994311600,89696,1855436752,-51,-98,6,0,1,7,0,0,256,0,0,"[0,0,1,-15,0,-15,0,-13,0,-14,0,-13,-1,-13,-1,-12,-2,-12,-2,-11,-2,-11,-3,-10,-3,-10,-3,-9,-4,-9,-4,-10,-4,-9,-4,-9,-4,-9,-4,-8,-3,-9,-3,-8,-3,-8,-3,-8,-3,-8,-2,-7,-2,-7,0,0,0,0,0,0,0,0,0,0,0,0,0,0,0,0,0,0,0,0,0,0,0,-17,0,-17,1,-18,2,-17,3,-19,4,-18,5,-18,6,-18,6,-18,7,-17,6,-16,6,-16,6,-16,6,-15,5,-15,5,-15,4,-15,4,-16,3,-15,2,-16,2,-16,2,-16,2,-16,1,-16,1,-16,1,-15,0,0,-5,-27,-6,-28,-6,-26,-5,-24,-6,-23,-6,-22,-7,-21,-7,-19,-8,-18,-9,-17,-9,-16,-10,-16,-12,-16,-11,-16,-11,-13,-11,-14,-11,-14,-11,-14,-11,-13,-11,-12,-10,-12,-10,-13,-8,-12,-8,-12,-7,-11,-7,-11,-6,-12,-4,-12,0,0,0,0,0,0,0,0,0,0,0,0,0,0,-12,-28,-9,-30,-7,-31,-5,-31,-4,-33,-3,-32,0,-34,1,-35,2,-34,3,-35,4,-33,6,-33,6,-32,5,-32,5,-31,4,-30,3,-30,2,-29,1,-29,2,-29,0,-29,-2,-30,-3,-29,-3,-29,-3,-29,-4,-30,-4,-29,-3,-30]"
618020465206500,2.014358100,89697,1855456707,-50,-98,6,0,1,7,0,0,256,0,0,"[0,0,9,-13,8,-13,8,-12,7,-12,7,-12,6,-11,5,-11,4,-11,4,-10,3,-11,3,-10,2,-10,2,-10,1,-10,1,-10,1,-10,1,-10,2,-10,1,-10,1,-9,1,-9,1,-9,1,-8,1,-8,2,-7,2,-7,0,0,0,0,0,0,0,0,0,0,0,0,0,0,0,0,0,0,0,0,0,0,8,-15,8,-15,10,-15,10,-14,12,-15,12,-14,13,-14,14,-13,14,-12,14,-12,14,-11,13,-11,13,-11,12,-11,12,-11,11,-11,11,-11,11,-12,10,-12,10,-13,10,-13,9,-13,10,-14,9,-14,9,-14,9,-13,0,0,14,-53,12,-53,13,-51,11,-49,9,-46,7,-46,5,-43,4,-42,2,-41,-1,-39,-2,-38,-3,-38,-5,-37,-7,-36,-7,-36,-7,-35,-8,-35,-8,-35,-7,-34,-6,-33,-6,-32,-5,-31,-3,-30,-2,-28,-2,-28,-1,-27,1,-27,3,-25,0,0,0,0,0,0,0,0,0,0,0,0,0,0,-1,-59,6,-61,9,-59,13,-59,15,-60,19,-60,23,-61,26,-62,28,-61,32,-60,33,-58,34,-57,35,-54,34,-53,32,-52,30,-51,29,-51,27,-52,25,-52,24,-53,22,-53,19,-56,19,-56,17,-56,18,-58,16,-57,15,-57,16,-56]"
618020488962200,2.038113800,89698,1855478749,-51,-98,6,0,1,7,0,0,256,0,0,"[0,0,-9,-12,-10,-12,-10,-11,-9,-11,-9,-10,-9,-10,-9,-9,-9,-8,-8,-7,-9,-7,-9,-6,-9,-6,-9,-5,-9,-5,-9,-5,-9,-4,-9,-4,-9,-4,-9,-4,-9,-4,-8,-4,-8,-5,-7,-5,-7,-5,-6,-4,-6,-5,0,0,0,0,0,0,0,0,0,0,0,0,0,0,0,0,0,0,0,0,0,0,-12,-12,-11,-13,-11,-14,-10,-15,-10,-16,-9,-16,-8,-17,-8,-18,-7,-18,-6,-18,-6,-17,-6,-17,-6,-16,-6,-16,-6,-16,-7,-15,-7,-14,-8,-15,-8,-14,-9,-14,-9,-14,-9,-14,-10,-13,-10,-13,-10,-13,-10,-13,0,0,-24,-16,-23,-15,-23,-15,-21,-13,-21,-13,-21,-11,-20,-11,-20,-9,-19,-7,-19,-7,-19,-6,-19,-5,-18,-4,-19,-3,-18,-3,-18,-3,-18,-2,-18,-2,-17,-2,-17,-3,-16,-3,-16,-3,-15,-4,-14,-3,-14,-4,-14,-5,-13,-5,-12,-5,0,0,0,0,0,0,0,0,0,0,0,0,0,0,-28,-10,-27,-14,-27,-16,-26,-17,-26,-18,-25,-20,-25,-21,-25,-23,-24,-25,-23,-26,-22,-27,-21,-26,-20,-26,-20,-25,-19,-25,-19,-24,-20,-23,-20,-21,-20,-21,-21,-20,-22,-20,-23,-19,-24,-19,-24,-19,-24,-18,-24,-17,-25,-17,-24,-17]"
618020505157000,2.054308600,89699,1855496636,-50,-98,6,0,1,7,0,0,256,0,0,"[0,0,13,-7,12,-7,12,-7,12,-7,11,-7,10,-7,9,-7,9,-7,8,-7,8,-8,7,-7,6,-8,6,-8,5,-8,5,-9,5,-8,5,-8,5,-8,5,-8,5,-8,5,-8,5,-7,4,-7,4,-6,5,-6,5,-5,0,0,0,0,0,0,0,0,0,0,0,0,0,0,0,0,0,0,0,0,0,0,14,-9,15,-8,16,-8,16,-7,17,-6,17,-5,18,-5,18,-4,19,-4,17,-3,17,-2,17,-2,17,-2,16,-3,15,-3,15,-4,15,-4,15,-5,15,-5,14,-6,14,-6,14,-7,15,-7,14,-7,14,-7,14,-7,0,0,20,-19,19,-19,18,-19,17,-18,16,-18,14,-18,14,-17,12,-17,11,-17,10,-17,8,-17,7,-17,6,-17,6,-18,6,-18,5,-18,5,-17,5,-17,5,-17,6,-16,5,-15,5,-15,5,-14,5,-13,5,-13,6,-12,6,-12,7,-11,0,0,0,0,0,0,0,0,0,0,0,0,0,0,15,-25,18,-24,20,-23,22,-21,22,-21,24,-20,26,-20,28,-19,29,-17,30,-15,30,-14,29,-15,29,-14,28,-14,27,-13,26,-13,26,-14,24,-14,24,-15,24,-16,23,-17,23,-18,23,-18,23,-19,23,-19,21,-20,21,-20,21,-20]"
618020530664100,2.079815700,89700,1855521745,-51,-98,6,0,1,7,0,0,256,0,0,"[0,0,-16,-2,-15,-1,-14,-1,-14,-1,-13,-1,-13,0,-12,0,-12,0,-11,1,-11,1,-10,2,-10,2,-10,3,-9,3,-10,3,-10,3,-9,3,-9,3,-9,2,-9,2,-9,2,-8,2,-8,2,-7,2,-8,1,-7,1,0,0,0,0,0,0,0,0,0,0,0,0,0,0,0,0,0,0,0,0,0,0,-17,2,-18,0,-17,-1,-18,-1,-19,-2,-19,-4,-19,-5,-19,-5,-19,-6,-17,-6,-18,-5,-17,-6,-17,-5,-17,-5,-16,-5,-16,-5,-16,-4,-16,-4,-16,-3,-16,-3,-16,-2,-16,-2,-17,-1,-16,-1,-16,-1,-16,-1,0,0,-28,6,-28,6,-25,6,-24,6,-23,7,-22,7,-21,7,-20,7,-19,8,-18,9,-17,9,-16,10,-16,10,-15,11,-15,11,-14,11,-14,11,-14,11,-13,10,-13,9,-13,9,-13,8,-13,8,-12,8,-12,7,-12,6,-13,5,-12,4,0,0,0,0,0,0,0,0,0,0,0,0,0,0,-26,14,-27,12,-29,10,-30,9,-31,7,-31,5,-33,5,-35,3,-34,1,-35,-1,-34,-2,-34,-2,-32,-2,-32,-2,-32,-2,-30,-2,-30,-1,-30,0,-30,1,-30,1,-29,3,-29,3,-30,4,-30,4,-29,6,-29,6,-29,6,-29,6]"
618020546537600,2.095689200,89701,1855536674,-51,-98,6,0,1,7,0,0,256,0,0,"[0,0,-4,-14,-5,-14,-5,-14,-4,-13,-4,-13,-5,-12,-5,-11,-5,-11,-5,-10,-6,-10,-6,-9,-6,-8,-6,-8,-7,-8,-7,-8,-7,-7,-7,-8,-7,-7,-6,-7,-6,-7,-6,-7,-6,-7,-5,-7,-5,-7,-5,-6,-4,-6,0,0,0,0,0,0,0,0,0,0,0,0,0,0,0,0,0,0,0,0,0,0,-7,-16,-6,-16,-5,-17,-4,-17,-3,-18,-3,-19,-1,-19,-1,-19,0,-18,0,-19,0,-18,0,-18,0,-17,0,-17,-1,-16,-1,-16,-2,-16,-2,-16,-3,-16,-3,-16,-3,-16,-3,-16,-4,-16,-4,-16,-5,-15,-5,-15,0,0,-16,-24,-16,-23,-15,-22,-15,-20,-14,-19,-15,-18,-15,-17,-15,-16,-15,-15,-15,-14,-15,-12,-16,-12,-16,-10,-16,-10,-16,-10,-16,-10,-16,-9,-15,-9,-15,-9,-15,-9,-14,-9,-13,-9,-13,-9,-12,-9,-12,-9,-11,-9,-10,-9,-9,-10,0,0,0,0,0,0,0,0,0,0,0,0,0,0,-23,-19,-21,-22,-19,-24,-18,-25,-17,-27,-16,-27,-15,-29,-14,-31,-13,-31,-12,-33,-10,-32,-11,-32,-9,-31,-9,-31,-9,-30,-9,-29,-10,-28,-10,-28,-11,-27,-12,-27,-12,-26,-14,-26,-15,-26,-15,-26,-16,-25,-16,-25,-17,-25,-16,-25]"
618020564676500,2.113828100,89702,1855556722,-50,-98,6,0,1,7,0,0,256,0,0,"[0,0,-16,0,-16,0,-14,0,-14,0,-13,0,-13,1,-12,1,-12,1,-11,2,-11,3,-10,3,-10,3,-10,3,-9,3,-9,4,-9,4,-9,4,-9,4,-9,4,-9,3,-9,3,-8,3,-8,2,-8,2,-8,1,-8,1,0,0,0,0,0,0,0,0,0,0,0,0,0,0,0,0,0,0,0,0,0,0,-17,2,-17,1,-18,0,-18,-1,-19,-2,-19,-3,-19,-4,-19,-5,-19,-5,-18,-6,-18,-6,-17,-6,-16,-5,-16,-6,-16,-5,-16,-4,-16,-4,-17,-3,-16,-3,-16,-2,-17,-1,-17,-1,-18,-1,-17,-1,-16,-1,-16,-1,0,0,-27,4,-28,4,-26,4,-25,3,-24,4,-22,5,-20,5,-20,6,-20,8,-19,8,-17,7,-16,9,-15,8,-14,9,-15,10,-14,10,-14,11,-15,9,-14,9,-13,8,-14,8,-13,8,-14,7,-12,6,-12,5,-12,5,-12,5,-12,4,0,0,0,0,0,0,0,0,0,0,0,0,0,0,-28,10,-30,8,-31,5,-31,4,-31,3,-33,2,-34,-1,-35,-2,-35,-2,-35,-5,-34,-5,-34,-7,-33,-8,-32,-8,-30,-7,-29,-7,-28,-5,-29,-4,-29,-3,-30,-2,-29,-1,-29,1,-29,1,-29,3,-30,2,-29,2,-29,2,-30,2]"
618020585676400,2.134828000,89703,1855576558,-50,-98,6,0,1,7,0,0,256,0,0,"[0,0,13,-8,12,-8,11,-8,11,-8,10,-7,10,-7,8,-8,8,-8,8,-8,7,-8,6,-8,6,-8,6,-8,5,-8,5,-9,5,-8,4,-8,5,-8,5,-8,5,-8,5,-7,4,-7,5,-7,4,-6,5,-6,5,-5,0,0,0,0,0,0,0,0,0,0,0,0,0,0,0,0,0,0,0,0,0,0,13,-11,13,-11,14,-10,14,-9,16,-9,17,-8,17,-7,18,-6,17,-6,17,-5,17,-5,17,-5,16,-5,15,-5,15,-5,15,-5,14,-6,15,-6,14,-7,14,-7,14,-8,14,-8,14,-8,14,-9,13,-9,14,-9,0,0,22,-15,21,-17,21,-16,19,-14,18,-15,17,-15,16,-15,15,-15,13,-15,13,-15,10,-16,9,-16,9,-15,8,-15,8,-16,7,-16,7,-16,7,-15,7,-15,7,-15,7,-14,7,-13,8,-13,6,-12,7,-11,7,-10,8,-10,8,-10,0,0,0,0,0,0,0,0,0,0,0,0,0,0,18,-24,21,-23,21,-20,23,-18,26,-20,25,-19,29,-17,30,-15,31,-14,32,-12,31,-11,32,-10,31,-11,31,-9,28,-10,27,-10,26,-10,27,-12,26,-12,26,-12,25,-14,25,-15,25,-15,23,-16,25,-16,23,-17,23,-17,23,-16]"
618020604317300,2.153468900,89704,1855596712,-50,-98,6,0,1,7,0,0,256,0,0,"[0,0,-12,9,-11,9,-11,9,-10,8,-10,9,-9,8,-8,8,-8,8,-7,8,-7,8,-6,8,-5,8,-5,8,-5,8,-4,8,-4,8,-4,8,-4,8,-4,8,-5,7,-5,7,-4,6,-4,6,-4,6,-5,6,-5,5,0,0,0,0,0,0,0,0,0,0,0,0,0,0,0,0,0,0,0,0,0,0,-11,12,-12,12,-12,11,-14,11,-14,10,-16,10,-16,9,-17,8,-17,8,-17,7,-16,6,-16,6,-16,6,-15,7,-15,7,-14,7,-14,7,-14,8,-13,8,-13,8,-13,9,-13,9,-13,9,-13,10,-13,10,-12,10,0,0,-22,16,-23,15,-22,15,-21,14,-19,14,-17,15,-16,15,-15,15,-13,15,-13,15,-11,15,-11,15,-11,15,-9,15,-10,15,-8,14,-8,16,-8,14,-8,14,-8,14,-9,12,-8,13,-8,11,-8,11,-8,10,-8,9,-9,10,-9,8,0,0,0,0,0,0,0,0,0,0,0,0,0,0,-19,23,-21,22,-24,21,-23,19,-27,18,-26,17,-30,17,-30,14,-30,14,-31,15,-31,13,-33,13,-31,10,-30,9,-29,9,-29,9,-28,10,-28,12,-26,11,-26,12,-25,12,-24,15,-25,15,-25,17,-25,17,-25,16,-23,17,-24,16]"
618020627427500,2.176579100,89705,1855619126,-51,-98,6,0,1,7,0,0,256,0,0,"[0,0,15,3,13,2,13,2,13,2,12,2,12,1,11,0,11,0,10,-1,10,-1,10,-2,9,-2,9,-2,9,-2,9,-3,9,-3,8,-3,8,-3,8,-3,8,-3,8,-3,7,-2,7,-2,7,-2,7,-1,7,-1,0,0,0,0,0,0,0,0,0,0,0,0,0,0,0,0,0,0,0,0,0,0,16,1,17,2,16,3,16,4,17,4,17,6,17,6,17,7,16,8,15,8,15,8,15,8,14,8,14,7,14,6,14,6,14,6,14,5,15,5,15,4,15,4,15,4,15,3,15,3,15,3,15,3,0,0,27,-2,27,-3,25,-3,24,-3,23,-3,22,-4,21,-4,20,-6,19,-6,18,-6,17,-7,16,-8,16,-8,15,-9,15,-9,15,-9,14,-9,14,-9,14,-9,14,-9,14,-8,13,-7,13,-7,12,-6,12,-6,11,-5,12,-5,12,-3,0,0,0,0,0,0,0,0,0,0,0,0,0,0,27,-10,28,-7,29,-5,30,-4,31,-3,30,-1,32,1,32,2,32,4,33,6,33,6,32,8,30,8,30,8,29,8,28,6,28,5,28,4,28,3,29,3,28,2,28,0,28,1,29,-1,29,-1,29,-1,29,-2,29,-2]"
618020642997800,2.192149400,89706,1855636703,-51,-98,6,0,1,7,0,0,256,0,0,"[0,0,-3,14,-2,14,-2,13,-2,13,-1,12,-1,12,0,12,0,11,1,10,1,10,1,10,1,10,2,9,2,9,2,9,2,9,3,8,2,8,2,8,2,8,2,7,2,8,2,8,1,7,0,7,0,7,0,0,0,0,0,0,0,0,0,0,0,0,0,0,0,0,0,0,0,0,0,0,-1,16,-2,16,-2,16,-3,17,-5,17,-6,17,-6,17,-7,17,-7,17,-8,16,-8,15,-8,15,-7,15,-7,15,-6,14,-6,15,-6,14,-5,15,-5,15,-3,15,-4,15,-3,16,-3,16,-3,16,-3,16,-3,15,0,0,7,26,8,25,8,24,7,23,8,22,8,20,8,19,9,18,9,17,9,16,10,15,10,15,11,13,11,13,11,12,12,12,12,12,11,12,11,12,10,12,10,12,9,11,9,11,7,10,7,11,7,10,6,11,5,11,0,0,0,0,0,0,0,0,0,0,0,0,0,0,15,24,13,26,11,27,9,28,9,29,8,29,6,32,4,32,3,32,1,33,1,33,-1,33,-1,32,-2,31,-1,30,-1,29,1,29,2,28,2,28,3,28,4,28,5,27,5,28,7,28,7,28,7,28,7,28,8,27]"
618020664134900,2.213286500,89707,1855657722,-51,-98,6,0,1,7,0,0,256,0,0,"[0,0,9,11,10,10,9,10,9,9,9,9,8,8,9,8,8,7,8,6,9,5,9,5,8,5,9,4,9,4,8,3,8,3,8,4,8,3,8,3,8,3,7,3,7,4,6,4,6,4,6,3,5,3,0,0,0,0,0,0,0,0,0,0,0,0,0,0,0,0,0,0,0,0,0,0,12,10,12,11,12,12,11,13,11,14,10,15,10,15,9,16,9,16,7,16,7,15,7,15,7,15,7,14,7,14,8,13,8,13,8,13,9,12,9,12,9,12,10,12,10,12,10,11,10,11,11,11,0,0,18,20,17,19,16,20,16,18,15,16,16,16,15,14,15,13,15,11,15,9,16,10,14,9,14,9,14,7,16,7,16,6,14,7,15,7,15,5,14,6,14,6,12,6,12,6,12,7,11,7,10,6,9,8,9,8,0,0,0,0,0,0,0,0,0,0,0,0,0,0,24,17,22,20,21,22,19,22,20,24,19,24,18,27,17,28,17,29,15,30,14,30,12,31,11,30,10,29,10,27,10,26,12,26,14,25,13,25,14,24,15,24,17,23,16,23,18,22,18,22,16,22,17,22,18,22]"
618020684144800,2.233296400,89708,1855676523,-51,-98,6,0,1,7,0,0,256,0,0,"[0,0,-10,-12,-10,-12,-9,-11,-9,-11,-9,-11,-9,-10,-9,-9,-9,-8,-8,-7,-9,-7,-9,-6,-9,-6,-9,-5,-9,-5,-9,-4,-9,-5,-9,-5,-9,-4,-9,-5,-8,-5,-8,-4,-8,-5,-7,-5,-7,-5,-6,-4,-7,-4,0,0,0,0,0,0,0,0,0,0,0,0,0,0,0,0,0,0,0,0,0,0,-12,-13,-11,-14,-11,-14,-10,-15,-10,-16,-9,-17,-8,-17,-8,-18,-7,-18,-7,-18,-7,-17,-6,-17,-6,-17,-6,-16,-7,-16,-7,-14,-7,-15,-8,-15,-8,-15,-8,-14,-9,-14,-9,-14,-10,-14,-11,-13,-10,-13,-10,-13,0,0,-16,-23,-15,-23,-15,-22,-16,-20,-15,-19,-15,-18,-15,-17,-15,-16,-16,-15,-17,-12,-16,-11,-16,-11,-15,-11,-15,-10,-16,-9,-15,-8,-16,-9,-16,-8,-15,-8,-14,-8,-13,-9,-13,-9,-13,-8,-12,-9,-11,-8,-11,-9,-10,-9,-9,-9,0,0,0,0,0,0,0,0,0,0,0,0,0,0,-24,-20,-21,-22,-21,-24,-18,-25,-17,-27,-16,-28,-15,-30,-15,-31,-13,-32,-11,-34,-10,-33,-10,-32,-10,-31,-9,-30,-9,-30,-10,-29,-10,-28,-11,-28,-12,-27,-12,-27,-14,-26,-14,-26,-14,-25,-15,-26,-17,-25,-16,-24,-17,-24,-16,-24]"
618020704019000,2.253170600,89709,1855696736,-50,-98,6,0,1,7,0,0,256,0,0,"[0,0,11,-10,10,-10,10,-9,9,-9,9,-9,8,-9,7,-9,7,-9,6,-9,5,-9,5,-9,5,-9,4,-9,4,-9,4,-9,3,-9,3,-9,3,-9,3,-9,3,-8,3,-8,3,-8,3,-7,3,-7,3,-6,3,-6,0,0,0,0,0,0,0,0,0,0,0,0,0,0,0,0,0,0,0,0,0,0,11,-11,12,-11,12,-11,13,-10,14,-10,15,-9,15,-9,16,-8,16,-7,15,-7,15,-6,15,-6,14,-6,14,-6,14,-7,13,-7,13,-7,13,-8,12,-8,12,-9,12,-9,12,-9,12,-10,12,-10,11,-10,11,-10,0,0,26,-7,25,-9,24,-8,23,-8,21,-9,20,-10,19,-10,17,-11,17,-11,17,-11,14,-11,14,-13,13,-12,12,-12,13,-12,12,-13,10,-13,11,-12,13,-12,11,-11,11,-11,11,-10,10,-10,11,-9,11,-8,10,-6,11,-8,11,-6,0,0,0,0,0,0,0,0,0,0,0,0,0,0,26,-17,27,-14,27,-12,27,-12,30,-10,30,-8,32,-7,33,-5,34,-4,34,-2,32,-1,34,0,32,0,31,1,30,-1,29,-1,28,-3,29,-3,27,-3,29,-3,28,-5,28,-7,28,-7,27,-8,29,-8,29,-9,27,-9,28,-9]"
618020722617300,2.271768900,89710,1855716620,-51,-98,6,0,1,7,0,0,256,0,0,"[0,0,3,14,4,14,3,12,3,12,3,11,4,11,4,11,4,10,4,9,5,8,5,7,5,8,6,7,5,7,6,7,5,6,6,7,6,6,5,6,5,6,5,6,4,6,4,6,4,6,4,5,3,5,0,0,0,0,0,0,0,0,0,0,0,0,0,0,0,0,0,0,0,0,0,0,6,15,5,15,4,16,3,16,2,17,2,17,1,18,-1,18,-1,18,-1,18,-1,17,-2,16,-1,16,-1,16,-1,15,0,15,0,15,1,15,2,15,2,15,2,15,3,15,3,15,3,15,4,14,3,14,0,0,18,19,19,19,18,17,18,17,17,15,17,14,17,14,16,12,16,11,17,10,17,8,16,7,16,6,16,6,17,6,16,5,16,5,15,5,15,5,15,6,14,6,14,5,14,6,12,5,12,5,11,6,11,7,9,7,0,0,0,0,0,0,0,0,0,0,0,0,0,0,26,14,24,17,23,18,21,20,22,22,20,22,20,25,18,26,18,28,16,29,15,28,15,30,15,28,14,27,14,26,14,26,13,25,15,25,14,23,16,24,16,23,17,22,18,22,18,22,20,22,20,21,20,20,20,20]"
618020747088700,2.296240300,89711,1855738716,-51,-98,6,0,1,7,0,0,256,0,0,"[0,0,10,-11,10,-11,9,-10,9,-10,8,-10,7,-9,7,-10,6,-9,6,-9,5,-9,4,-9,4,-9,3,-9,3,-9,3,-9,3,-10,2,-9,3,-9,3,-9,3,-8,3,-8,3,-8,3,-7,3,-7,3,-7,3,-6,0,0,0,0,0,0,0,0,0,0,0,0,0,0,0,0,0,0,0,0,0,0,11,-13,12,-13,12,-12,13,-11,14,-11,15,-11,16,-10,16,-9,16,-9,16,-8,16,-8,15,-8,15,-8,14,-7,14,-8,13,-8,14,-8,13,-9,12,-10,12,-10,12,-10,12,-11,12,-11,12,-11,11,-11,12,-11,0,0,14,-25,13,-25,13,-24,12,-23,10,-22,9,-21,8,-21,7,-20,6,-20,5,-20,4,-19,3,-19,2,-19,1,-19,1,-19,1,-19,1,-18,1,-18,1,-18,1,-17,1,-17,2,-16,2,-15,2,-14,2,-14,3,-13,4,-13,5,-12,0,0,0,0,0,0,0,0,0,0,0,0,0,0,6,-30,10,-29,12,-28,14,-28,15,-28,17,-28,19,-28,21,-27,22,-27,24,-26,24,-24,24,-24,24,-23,24,-22,23,-21,22,-21,21,-22,20,-22,19,-23,19,-23,18,-24,16,-24,16,-25,16,-26,16,-26,15,-26,15,-26,15,-26]"
618020765342900,2.314494500,89712,1855756543,-51,-98,6,0,1,7,0,0,256,0,0,"[0,0,-9,12,-8,11,-8,11,-8,10,-7,10,-6,10,-6,10,-5,10,-5,9,-4,9,-4,9,-3,9,-3,9,-3,9,-3,9,-2,9,-2,8,-2,8,-2,8,-2,8,-2,8,-2,8,-3,7,-3,6,-3,6,-3,6,0,0,0,0,0,0,0,0,0,0,0,0,0,0,0,0,0,0,0,0,0,0,-8,14,-9,14,-9,14,-10,14,-11,14,-12,13,-13,13,-14,12,-14,12,-14,11,-14,10,-14,10,-13,10,-13,10,-12,10,-12,10,-12,10,-11,11,-11,11,-10,12,-10,12,-10,12,-10,12,-10,12,-10,12,-9,13,0,0,-18,53,-17,52,-16,49,-14,47,-13,45,-10,44,-8,43,-7,41,-4,39,-3,38,-2,37,0,37,2,36,3,34,5,35,5,34,5,33,5,34,5,33,3,32,2,31,2,30,1,29,-1,27,-1,27,-2,25,-3,25,-5,24,0,0,0,0,0,0,0,0,0,0,0,0,0,0,-3,58,-10,58,-15,57,-16,57,-18,60,-21,58,-26,60,-29,59,-30,59,-36,58,-35,57,-39,55,-39,51,-39,49,-37,48,-34,48,-32,48,-29,50,-27,49,-28,51,-26,51,-22,53,-22,54,-20,55,-22,55,-21,55,-21,55,-19,54]"
618020782452300,2.331603900,89713,1855776585,-51,-98,6,0,1,7,0,0,256,0,0,"[0,0,9,11,9,11,9,10,9,10,8,9,8,8,8,7,8,7,8,6,8,6,8,5,8,5,8,4,8,4,8,4,8,3,8,3,8,3,8,3,8,2,7,3,7,3,7,3,6,3,6,3,5,3,0,0,0,0,0,0,0,0,0,0,0,0,0,0,0,0,0,0,0,0,0,0,11,12,11,12,11,14,10,13,10,15,9,15,8,16,8,16,7,16,6,17,6,16,6,16,6,15,6,15,6,14,7,14,7,13,8,13,8,13,9,13,8,12,10,12,10,13,9,12,10,12,10,12,0,0,22,18,20,16,20,14,19,15,19,13,18,12,19,11,18,10,18,9,17,8,17,6,17,6,17,4,17,4,17,3,16,3,16,3,17,3,16,2,15,3,14,4,14,4,13,4,13,5,12,4,11,4,11,5,10,5,0,0,0,0,0,0,0,0,0,0,0,0,0,0,27,12,25,15,25,17,25,19,23,19,23,22,22,23,22,25,20,25,20,28,19,28,17,28,17,27,16,27,16,26,15,24,16,24,17,22,18,22,18,21,19,21,19,19,21,20,21,19,21,20,21,18,22,19,22,18]"
618020804472100,2.353623700,89714,1855797132,-50,-98,6,0,1,7,0,0,256,0,0,"[0,0,-13,8,-13,7,-12,7,-11,8,-11,7,-10,7,-9,7,-9,7,-8,7,-8,7,-7,7,-6,7,-6,7,-5,7,-6,8,-5,8,-5,7,-5,8,-5,7,-5,7,-5,6,-5,6,-5,6,-5,5,-5,5,-5,5,0,0,0,0,0,0,0,0,0,0,0,0,0,0,0,0,0,0,0,0,0,0,-14,10,-14,9,-15,9,-15,8,-17,8,-17,6,-18,6,-18,5,-18,5,-18,4,-18,4,-17,4,-16,4,-16,4,-15,4,-16,5,-15,5,-15,5,-14,6,-15,7,-14,7,-14,7,-15,8,-14,8,-14,8,-13,8,0,0,-24,15,-22,17,-21,14,-19,15,-19,15,-17,15,-16,14,-15,14,-15,15,-12,14,-11,14,-10,16,-9,15,-8,16,-8,16,-9,15,-8,15,-8,15,-8,14,-9,14,-8,12,-8,13,-7,12,-8,12,-7,11,-8,9,-9,10,-9,9,0,0,0,0,0,0,0,0,0,0,0,0,0,0,-17,24,-21,23,-24,21,-25,20,-26,18,-27,17,-30,17,-31,14,-31,11,-33,11,-33,9,-32,11,-31,10,-30,9,-30,9,-27,10,-28,11,-27,10,-27,11,-27,11,-26,13,-26,13,-26,14,-25,16,-25,17,-24,17,-23,18,-24,16]"
618020826653500,2.375805100,89715,1855817975,-51,-98,6,0,1,7,0,0,256,0,0,"[0,0,4,-15,3,-15,3,-15,3,-14,2,-14,2,-13,1,-13,1,-12,1,-11,-1,-11,-1,-11,-2,-11,-2,-10,-2,-10,-2,-10,-2,-10,-2,-10,-2,-9,-1,-10,-1,-9,-1,-9,-1,-9,-2,-9,-2,-8,-1,-8,-1,-7,0,0,0,0,0,0,0,0,0,0,0,0,0,0,0,0,0,0,0,0,0,0,2,-17,3,-17,3,-18,4,-17,5,-18,6,-18,8,-17,9,-17,9,-16,9,-16,8,-16,8,-16,8,-15,7,-15,7,-15,7,-14,7,-15,6,-15,5,-16,5,-15,5,-15,5,-16,4,-16,3,-17,3,-16,3,-16,0,0,1,-28,0,-27,0,-27,0,-25,-1,-25,-2,-23,-2,-23,-3,-21,-4,-20,-5,-19,-6,-19,-6,-18,-7,-18,-7,-17,-8,-17,-7,-17,-8,-16,-7,-17,-7,-16,-6,-16,-6,-15,-6,-15,-5,-14,-5,-14,-4,-13,-3,-13,-2,-13,-2,-13,0,0,0,0,0,0,0,0,0,0,0,0,0,0,-8,-29,-5,-30,-3,-30,-1,-31,0,-32,2,-32,3,-32,5,-34,7,-33,9,-33,10,-33,10,-32,10,-31,9,-30,9,-29,9,-29,8,-29,7,-28,7,-29,5,-28,4,-30,3,-29,3,-29,2,-30,2,-30,1,-30,1,-30,1,-30]"
618020846782800,2.395934400,89716,1855836669,-51,-98,6,0,1,7,0,0,256,0,0,"[0,0,-9,-13,-8,-13,-8,-12,-8,-12,-8,-11,-8,-10,-8,-10,-8,-9,-8,-8,-8,-8,-8,-8,-8,-7,-8,-7,-9,-6,-8,-5,-8,-5,-8,-5,-8,-5,-8,-5,-8,-5,-8,-5,-7,-5,-6,-5,-6,-5,-6,-5,-6,-5,0,0,0,0,0,0,0,0,0,0,0,0,0,0,0,0,0,0,0,0,0,0,-9,-14,-9,-15,-8,-15,-8,-17,-7,-17,-7,-18,-6,-18,-6,-18,-5,-18,-4,-18,-4,-18,-4,-17,-4,-17,-4,-16,-5,-16,-5,-15,-6,-16,-6,-15,-6,-15,-7,-15,-8,-15,-8,-15,-8,-14,-8,-15,-8,-14,-8,-14,0,0,-15,-23,-16,-23,-15,-22,-15,-21,-14,-20,-15,-18,-14,-17,-15,-16,-16,-14,-15,-14,-15,-13,-15,-12,-15,-12,-15,-10,-16,-10,-15,-9,-15,-9,-16,-8,-16,-8,-13,-9,-14,-8,-13,-9,-13,-9,-11,-9,-11,-9,-10,-8,-10,-10,-8,-10,0,0,0,0,0,0,0,0,0,0,0,0,0,0,-22,-22,-19,-24,-17,-26,-17,-27,-16,-28,-16,-29,-13,-31,-13,-32,-13,-32,-11,-33,-10,-32,-7,-35,-6,-33,-6,-32,-5,-31,-6,-30,-8,-29,-10,-29,-10,-28,-10,-27,-12,-27,-14,-26,-14,-27,-17,-27,-14,-27,-14,-27,-14,-26,-15,-25]"
618020868449500,2.417601100,89717,1855861277,-50,-98,6,0,1,7,0,0,256,0,0,"[0,0,1,-16,0,-15,0,-15,0,-14,-1,-14,-1,-13,-1,-12,-2,-12,-2,-11,-2,-11,-3,-10,-4,-10,-4,-10,-4,-10,-4,-10,-4,-10,-4,-9,-4,-9,-4,-9,-4,-8,-3,-9,-3,-8,-3,-8,-3,-8,-2,-8,-2,-8,0,0,0,0,0,0,0,0,0,0,0,0,0,0,0,0,0,0,0,0,0,0,-1,-17,0,-18,0,-18,1,-19,2,-18,3,-19,4,-18,5,-19,6,-18,6,-18,6,-17,5,-17,5,-17,5,-16,4,-17,4,-15,4,-16,3,-16,3,-17,2,-16,2,-17,2,-17,1,-16,0,-16,0,-17,1,-17,0,0,3,-28,1,-28,1,-27,2,-25,1,-25,1,-23,1,-23,-1,-22,-3,-19,-4,-19,-5,-18,-5,-19,-6,-18,-6,-19,-6,-16,-6,-18,-6,-16,-6,-17,-6,-16,-5,-16,-5,-15,-4,-15,-4,-14,-3,-14,-4,-14,-3,-13,-1,-12,-1,-13,0,0,0,0,0,0,0,0,0,0,0,0,0,0,-6,-30,-2,-32,0,-31,1,-32,3,-32,4,-33,6,-33,8,-34,9,-33,10,-33,12,-32,12,-31,11,-31,12,-30,11,-29,10,-29,11,-28,8,-26,8,-29,7,-28,7,-29,6,-29,5,-29,5,-31,4,-28,3,-29,3,-30,3,-30]"
618020884560800,2.433712400,89718,1855876614,-50,-98,6,0,1,7,0,0,256,0,0,"[0,0,-5,-15,-5,-15,-5,-14,-4,-13,-5,-13,-5,-12,-5,-12,-6,-11,-6,-10,-6,-10,-6,-9,-6,-9,-7,-8,-7,-8,-7,-7,-7,-7,-7,-7,-7,-7,-6,-7,-6,-7,-6,-7,-6,-7,-5,-7,-5,-7,-4,-6,-5,-6,0,0,0,0,0,0,0,0,0,0,0,0,0,0,0,0,0,0,0,0,0,0,-7,-15,-6,-17,-6,-17,-5,-17,-4,-18,-3,-19,-3,-19,-2,-19,-1,-19,-1,-19,-1,-18,-1,-17,-1,-17,-1,-17,-1,-17,-2,-16,-2,-16,-2,-16,-3,-16,-3,-16,-4,-16,-5,-16,-5,-16,-5,-16,-5,-16,-5,-15,0,0,-5,-28,-6,-28,-6,-27,-6,-25,-7,-24,-6,-23,-6,-22,-7,-21,-8,-20,-9,-18,-9,-17,-10,-16,-10,-16,-11,-15,-12,-15,-11,-15,-10,-15,-11,-13,-10,-13,-10,-13,-10,-13,-9,-13,-8,-13,-8,-11,-9,-12,-7,-12,-5,-11,-5,-13,0,0,0,0,0,0,0,0,0,0,0,0,0,0,-14,-27,-13,-29,-10,-30,-9,-31,-6,-32,-4,-33,-4,-33,-2,-34,0,-35,1,-35,2,-34,2,-34,2,-33,2,-32,2,-32,2,-30,2,-31,1,-30,-1,-31,-1,-30,-2,-31,-3,-30,-4,-30,-5,-31,-5,-29,-6,-30,-7,-31,-6,-30]"
618020903297200,2.452448800,89719,1855896480,-50,-98,6,0,1,7,0,0,256,0,0,"[0,0,15,1,14,0,13,0,13,0,12,-1,12,-1,11,-2,11,-2,10,-2,10,-3,10,-3,9,-4,9,-4,8,-4,9,-4,8,-4,8,-4,8,-5,8,-5,8,-4,7,-4,7,-3,7,-3,6,-3,7,-3,7,-3,0,0,0,0,0,0,0,0,0,0,0,0,0,0,0,0,0,0,0,0,0,0,16,0,17,1,17,2,17,3,17,4,17,4,17,5,17,5,17,6,16,6,16,6,16,6,15,6,15,6,15,6,15,4,14,4,15,3,15,3,15,2,15,2,15,1,15,1,15,1,15,1,16,1,0,0,26,3,27,2,24,1,24,2,23,1,22,-1,21,-1,21,-1,18,-3,18,-3,18,-4,17,-5,16,-6,15,-6,16,-7,16,-7,15,-7,16,-6,16,-6,15,-5,14,-6,12,-5,14,-4,13,-5,12,-4,13,-2,12,-3,12,-2,0,0,0,0,0,0,0,0,0,0,0,0,0,0,29,-3,29,0,29,3,29,4,31,5,31,7,31,8,31,11,31,11,31,14,29,14,29,15,29,15,28,15,26,13,26,12,25,11,26,11,26,10,27,8,27,7,26,6,28,6,28,5,29,5,28,3,28,4,28,4]"
618020932336000,2.481487600,89720,1855922993,-50,-98,6,0,1,7,0,0,256,0,0,"[0,0,-11,10,-11,10,-10,10,-10,9,-9,9,-8,9,-8,9,-7,9,-7,9,-6,9,-5,9,-4,8,-4,9,-4,9,-4,9,-4,9,-3,8,-4,8,-4,8,-4,8,-4,8,-4,7,-3,7,-4,6,-4,6,-4,5,0,0,0,0,0,0,0,0,0,0,0,0,0,0,0,0,0,0,0,0,0,0,-11,13,-11,12,-12,12,-13,12,-14,12,-15,11,-15,10,-16,9,-16,9,-16,9,-16,8,-15,8,-15,8,-15,8,-14,8,-14,8,-13,8,-13,9,-13,9,-12,10,-12,10,-12,10,-12,11,-12,10,-12,11,-11,11,0,0,-39,39,-39,38,-35,36,-35,38,-31,37,-28,37,-25,36,-24,34,-21,32,-21,34,-18,32,-16,33,-15,34,-11,33,-12,33,-12,33,-11,33,-12,31,-11,31,-12,31,-12,29,-10,28,-13,27,-12,25,-12,22,-13,23,-13,23,-15,20,0,0,0,0,0,0,0,0,0,0,0,0,0,0,-31,53,-37,50,-40,47,-42,45,-47,47,-47,44,-53,42,-56,39,-57,39,-60,35,-58,33,-60,32,-58,28,-58,29,-56,27,-55,28,-51,29,-52,30,-48,32,-49,32,-46,34,-46,38,-43,39,-44,41,-42,42,-44,41,-40,40,-41,39]"
618020945958300,2.495109900,89721,1855936644,-50,-98,6,0,1,7,0,0,256,0,0,"[0,0,-13,9,-12,9,-11,9,-11,9,-10,8,-9,8,-9,9,-8,8,-8,8,-7,8,-6,8,-6,9,-5,8,-5,8,-5,9,-5,8,-4,8,-4,8,-5,8,-4,8,-5,7,-4,7,-4,7,-4,6,-4,6,-5,5,0,0,0,0,0,0,0,0,0,0,0,0,0,0,0,0,0,0,0,0,0,0,-13,11,-13,10,-14,10,-15,9,-16,9,-17,8,-17,8,-18,7,-18,6,-18,6,-17,6,-17,5,-16,6,-16,6,-16,6,-15,6,-15,6,-15,7,-14,8,-14,8,-14,8,-13,9,-14,10,-13,9,-13,10,-13,10,0,0,-24,15,-22,16,-22,16,-20,15,-19,15,-17,14,-16,14,-15,15,-14,14,-12,15,-12,15,-9,15,-9,16,-9,15,-9,16,-8,15,-7,14,-8,15,-8,14,-8,14,-8,13,-7,13,-8,12,-7,11,-7,10,-8,9,-8,10,-9,8,0,0,0,0,0,0,0,0,0,0,0,0,0,0,-19,23,-21,21,-23,19,-25,18,-26,16,-27,17,-29,15,-32,15,-31,12,-32,11,-32,9,-31,10,-31,10,-31,10,-30,10,-28,10,-28,10,-27,10,-27,11,-26,12,-26,14,-26,13,-26,15,-26,14,-24,16,-24,19,-23,17,-25,17]"
618020964968700,2.514120300,89722,1855956793,-50,-98,6,0,1,7,0,0,256,0,0,"[0,0,12,-9,11,-9,11,-9,10,-8,9,-8,8,-9,8,-8,7,-8,7,-8,6,-9,5,-9,4,-9,4,-9,4,-9,4,-9,4,-9,3,-9,4,-9,4,-8,4,-8,4,-8,4,-7,4,-7,3,-7,4,-6,4,-6,0,0,0,0,0,0,0,0,0,0,0,0,0,0,0,0,0,0,0,0,0,0,12,-11,13,-11,13,-10,14,-10,15,-9,16,-9,16,-8,16,-7,17,-6,16,-7,16,-6,15,-6,15,-6,15,-6,14,-6,14,-6,14,-7,14,-7,13,-8,13,-8,13,-8,13,-9,13,-10,12,-10,12,-10,12,-10,0,0,25,-12,23,-14,23,-12,21,-12,21,-13,18,-13,17,-13,16,-12,16,-13,13,-13,13,-14,11,-14,11,-15,10,-15,10,-14,11,-14,10,-14,9,-14,11,-13,10,-12,10,-13,10,-13,9,-12,8,-12,10,-10,10,-8,9,-9,9,-7,0,0,0,0,0,0,0,0,0,0,0,0,0,0,21,-21,23,-18,25,-17,27,-15,28,-14,29,-12,30,-12,32,-10,32,-7,32,-7,32,-5,32,-7,31,-6,31,-6,30,-6,29,-7,28,-6,27,-6,28,-7,27,-8,27,-10,27,-10,27,-11,26,-12,26,-13,27,-13,25,-14,26,-14]"
618020985351400,2.534503000,89723,1855976510,-50,-98,6,0,1,7,0,0,256,0,0,"[0,0,-8,-14,-8,-13,-8,-13,-7,-12,-8,-12,-7,-11,-7,-10,-8,-9,-8,-9,-8,-8,-8,-7,-8,-7,-8,-7,-8,-6,-8,-6,-8,-6,-8,-6,-8,-5,-8,-6,-8,-5,-7,-6,-7,-6,-6,-6,-6,-6,-5,-6,-6,-5,0,0,0,0,0,0,0,0,0,0,0,0,0,0,0,0,0,0,0,0,0,0,-10,-13,-10,-14,-9,-15,-9,-16,-8,-16,-8,-17,-6,-18,-6,-18,-6,-18,-5,-18,-4,-17,-4,-17,-4,-16,-4,-16,-5,-16,-5,-15,-6,-15,-6,-15,-7,-15,-7,-15,-7,-15,-8,-15,-8,-15,-8,-14,-8,-15,-8,-14,0,0,-13,-25,-14,-24,-13,-23,-14,-22,-14,-21,-13,-19,-13,-19,-13,-17,-13,-16,-14,-15,-14,-13,-14,-14,-14,-12,-14,-12,-15,-11,-15,-11,-14,-11,-15,-11,-14,-11,-13,-10,-12,-11,-11,-11,-10,-10,-11,-11,-10,-10,-10,-10,-9,-10,-8,-10,0,0,0,0,0,0,0,0,0,0,0,0,0,0,-21,-22,-20,-24,-18,-26,-16,-26,-16,-29,-15,-29,-15,-31,-12,-32,-12,-34,-11,-34,-9,-33,-7,-33,-7,-33,-6,-32,-6,-32,-6,-29,-7,-29,-9,-28,-9,-27,-10,-28,-11,-28,-13,-28,-13,-28,-14,-27,-13,-28,-14,-28,-14,-27,-15,-27]"
618021004526000,2.553677600,89724,1855996492,-50,-98,6,0,1,7,0,0,256,0,0,"[0,0,-10,-12,-10,-12,-9,-11,-9,-11,-8,-11,-9,-10,-9,-9,-9,-8,-8,-8,-8,-7,-9,-6,-8,-6,-9,-6,-9,-6,-9,-5,-9,-5,-9,-5,-9,-5,-8,-5,-8,-5,-8,-5,-7,-5,-7,-5,-7,-5,-6,-5,-6,-5,0,0,0,0,0,0,0,0,0,0,0,0,0,0,0,0,0,0,0,0,0,0,-12,-12,-12,-13,-11,-14,-11,-14,-10,-16,-10,-16,-9,-17,-9,-17,-8,-17,-7,-17,-7,-17,-7,-16,-7,-17,-7,-16,-7,-16,-7,-15,-7,-15,-8,-15,-8,-14,-9,-14,-9,-14,-10,-14,-10,-14,-10,-13,-10,-13,-10,-13,0,0,-18,-22,-18,-22,-17,-22,-17,-19,-17,-18,-16,-18,-16,-16,-16,-16,-17,-14,-16,-12,-17,-11,-16,-11,-17,-10,-16,-9,-17,-8,-17,-8,-16,-8,-17,-8,-16,-8,-16,-9,-14,-9,-13,-9,-13,-8,-12,-7,-12,-8,-11,-8,-11,-9,-9,-10,0,0,0,0,0,0,0,0,0,0,0,0,0,0,-24,-17,-23,-20,-22,-23,-21,-23,-20,-25,-18,-26,-18,-28,-17,-30,-15,-31,-14,-32,-13,-31,-11,-32,-12,-30,-12,-30,-11,-29,-12,-28,-12,-27,-14,-27,-13,-26,-14,-25,-15,-26,-16,-26,-16,-26,-17,-26,-18,-25,-18,-24,-18,-24,-18,-24]"
618021024604900,2.573756500,89725,1856017436,-50,-98,6,0,1,7,0,0,256,0,0,"[0,0,-1,-15,-2,-16,-2,-14,-2,-14,-2,-13,-2,-13,-2,-13,-3,-12,-3,-11,-4,-11,-4,-10,-4,-10,-5,-9,-5,-9,-5,-9,-5,-9,-5,-9,-4,-9,-5,-8,-4,-8,-4,-8,-4,-9,-4,-8,-3,-8,-3,-7,-3,-7,0,0,0,0,0,0,0,0,0,0,0,0,0,0,0,0,0,0,0,0,0,0,-3,-16,-2,-17,-2,-18,-1,-17,0,-19,1,-18,2,-19,3,-19,3,-18,4,-19,4,-17,4,-17,4,-17,3,-17,3,-16,2,-16,1,-15,1,-16,1,-16,0,-16,0,-17,0,-16,0,-17,-1,-16,-1,-16,-1,-16,0,0,-5,-28,-6,-28,-5,-27,-5,-24,-6,-25,-6,-24,-5,-22,-7,-21,-7,-19,-9,-18,-10,-17,-10,-18,-10,-16,-11,-16,-10,-15,-11,-15,-11,-15,-10,-14,-10,-15,-10,-15,-8,-14,-8,-14,-7,-13,-7,-13,-7,-12,-6,-12,-4,-13,-4,-13,0,0,0,0,0,0,0,0,0,0,0,0,0,0,-14,-27,-11,-30,-9,-30,-6,-31,-5,-32,-4,-32,-2,-33,-1,-34,2,-35,3,-34,4,-33,5,-34,4,-32,4,-32,4,-31,3,-31,3,-30,2,-29,1,-29,0,-29,-1,-30,-2,-30,-3,-30,-4,-31,-3,-30,-5,-29,-6,-29,-6,-30]"
618021043045800,2.592197400,89726,1856036604,-50,-98,6,0,1,7,0,0,256,0,0,"[0,0,6,13,5,13,6,12,5,11,5,11,6,10,5,9,6,9,6,8,6,7,6,7,6,7,6,7,6,6,6,6,7,6,6,5,6,5,6,6,6,5,6,5,5,5,5,5,4,5,4,5,3,5,0,0,0,0,0,0,0,0,0,0,0,0,0,0,0,0,0,0,0,0,0,0,9,12,8,13,8,14,7,14,6,15,6,16,5,16,4,17,3,17,3,16,3,16,2,16,2,15,3,15,3,15,3,14,4,14,4,14,4,14,5,13,5,14,6,14,6,14,6,14,6,14,6,13,0,0,10,25,10,26,10,24,11,23,10,21,10,20,11,19,11,18,11,16,12,15,12,14,12,14,12,13,12,12,13,12,12,12,13,12,12,12,12,10,11,12,11,11,10,12,10,11,8,10,8,10,7,10,7,11,5,10,0,0,0,0,0,0,0,0,0,0,0,0,0,0,19,23,17,25,15,25,13,26,13,28,11,29,9,31,8,32,8,33,5,34,4,32,3,34,3,33,4,31,3,29,3,29,4,28,6,29,6,27,6,29,7,28,8,27,9,27,9,28,10,28,10,27,11,27,10,26]"
618021063034500,2.612186100,89727,1856057341,-50,-98,6,0,1,7,0,0,256,0,0,"[0,0,13,-7,12,-7,12,-7,11,-7,11,-7,10,-7,9,-7,9,-7,8,-7,8,-8,7,-7,6,-7,6,-8,6,-8,6,-8,6,-8,5,-8,6,-8,5,-8,6,-7,5,-7,5,-7,5,-6,5,-6,5,-5,5,-5,0,0,0,0,0,0,0,0,0,0,0,0,0,0,0,0,0,0,0,0,0,0,13,-9,13,-9,14,-8,14,-8,15,-7,16,-7,16,-6,17,-6,17,-5,16,-4,17,-3,16,-3,15,-3,15,-3,15,-4,14,-4,14,-5,14,-5,14,-6,14,-7,13,-7,14,-7,14,-7,14,-7,13,-7,14,-7,0,0,25,-11,24,-11,24,-10,23,-10,21,-10,20,-11,18,-11,17,-12,17,-12,16,-11,16,-12,14,-13,13,-12,12,-13,13,-13,12,-13,12,-13,12,-13,12,-13,11,-12,11,-11,11,-10,10,-11,10,-9,11,-8,10,-8,11,-8,11,-7,0,0,0,0,0,0,0,0,0,0,0,0,0,0,24,-17,25,-16,26,-13,27,-12,29,-12,28,-10,31,-9,33,-7,33,-7,33,-6,32,-4,33,-3,32,-1,31,-1,30,-1,28,-2,28,-4,29,-5,28,-6,28,-6,27,-7,27,-10,27,-10,27,-10,28,-11,27,-10,28,-10,27,-9]"
618021084049100,2.633200700,89728,1856077933,-50,-98,6,0,1,7,0,0,256,0,0,"[0,0,13,8,12,7,11,7,12,6,11,6,11,6,11,5,10,4,10,3,10,3,10,2,9,2,10,1,9,2,10,1,10,1,9,1,9,1,9,0,9,1,8,1,7,1,7,2,7,2,7,2,7,2,0,0,0,0,0,0,0,0,0,0,0,0,0,0,0,0,0,0,0,0,0,0,15,7,14,7,14,9,14,9,14,10,14,11,14,12,13,13,12,13,12,13,11,13,11,12,10,12,10,12,10,11,11,11,11,10,12,10,12,10,12,9,13,9,13,9,13,9,13,9,13,9,13,8,0,0,48,29,47,25,46,24,44,23,43,22,41,18,41,17,38,15,38,12,40,11,39,8,36,6,36,5,35,3,36,1,36,2,34,2,35,2,33,3,34,2,32,4,29,3,28,6,27,4,26,6,25,6,23,8,22,11,0,0,0,0,0,0,0,0,0,0,0,0,0,0,57,11,57,18,55,21,54,23,54,27,55,30,53,36,54,39,52,41,51,43,49,44,46,45,45,47,42,46,41,43,41,41,41,39,42,37,45,37,45,36,47,35,47,31,47,32,50,29,50,30,50,29,51,28,50,28]"
618021106139400,2.655291000,89729,1856097782,-50,-98,6,0,1,7,0,0,256,0,0,"[0,0,-16,3,-15,3,-14,3,-14,3,-13,3,-12,3,-12,3,-11,4,-11,4,-10,4,-10,5,-9,5,-9,5,-8,5,-9,5,-8,5,-8,6,-8,6,-8,5,-8,5,-8,5,-7,4,-7,4,-7,4,-7,3,-7,2,0,0,0,0,0,0,0,0,0,0,0,0,0,0,0,0,0,0,0,0,0,0,-16,4,-16,4,-17,3,-17,2,-18,2,-18,1,-19,0,-19,-2,-19,-2,-18,-2,-18,-2,-17,-2,-17,-2,-17,-2,-16,-1,-16,0,-16,0,-17,0,-16,1,-16,2,-16,1,-16,2,-17,2,-16,3,-16,3,-16,3,0,0,-28,6,-28,8,-27,6,-24,7,-24,9,-22,8,-21,8,-20,9,-20,8,-18,10,-16,11,-16,11,-15,12,-14,12,-14,12,-13,12,-14,11,-13,11,-14,11,-14,12,-13,9,-13,9,-12,8,-12,9,-12,7,-12,6,-11,5,-12,5,0,0,0,0,0,0,0,0,0,0,0,0,0,0,-26,16,-27,13,-29,11,-30,9,-30,8,-31,7,-32,4,-35,4,-35,2,-35,0,-34,-1,-33,-1,-33,0,-32,-1,-31,-1,-31,0,-31,0,-30,1,-30,3,-29,3,-30,3,-30,4,-29,5,-30,7,-29,7,-28,8,-29,9,-30,8]"
618021126683800,2.675835400,89730,1856119152,-50,-98,6,0,1,7,0,0,256,0,0,"[0,0,-5,14,-5,14,-5,13,-4,13,-4,12,-3,12,-3,11,-2,11,-2,10,-2,10,-1,10,-1,10,0,10,1,10,0,9,0,9,1,9,0,9,0,9,0,8,0,8,0,8,0,8,-1,7,-1,7,-1,7,0,0,0,0,0,0,0,0,0,0,0,0,0,0,0,0,0,0,0,0,0,0,-4,15,-5,15,-6,15,-7,15,-8,16,-9,15,-10,15,-10,15,-11,15,-11,14,-11,13,-11,13,-10,13,-10,13,-9,13,-9,13,-8,12,-8,13,-7,13,-7,14,-7,14,-6,15,-6,15,-6,15,-6,15,-6,14,0,0,-9,25,-8,26,-8,25,-8,24,-7,23,-6,22,-5,22,-5,20,-3,20,-2,18,-1,19,-1,19,0,18,0,17,1,18,1,17,1,17,1,17,1,15,1,15,0,15,0,15,-1,14,0,13,0,13,-2,12,-2,12,-4,12,0,0,0,0,0,0,0,0,0,0,0,0,0,0,-2,28,-5,28,-7,27,-9,28,-10,29,-11,29,-15,28,-16,29,-18,27,-19,28,-20,26,-20,26,-19,25,-19,24,-18,24,-18,24,-17,24,-16,23,-14,24,-15,25,-13,25,-13,26,-12,26,-12,27,-10,27,-11,28,-10,28,-10,26]"
618021146741000,2.695892600,89731,1856137320,-50,-98,6,0,1,7,0,0,256,0,0,"[0,0,-2,-16,-2,-15,-2,-15,-2,-14,-3,-14,-3,-13,-3,-13,-3,-12,-4,-11,-4,-10,-4,-10,-5,-10,-5,-10,-6,-9,-6,-9,-5,-9,-6,-9,-6,-9,-5,-8,-5,-9,-4,-8,-5,-8,-4,-8,-4,-7,-4,-7,-3,-7,0,0,0,0,0,0,0,0,0,0,0,0,0,0,0,0,0,0,0,0,0,0,-4,-16,-3,-17,-2,-17,-1,-17,0,-18,1,-18,2,-18,3,-19,3,-18,3,-18,3,-17,3,-17,3,-17,3,-17,2,-17,2,-16,1,-16,1,-16,0,-16,0,-16,-1,-17,-1,-17,-1,-17,-2,-16,-2,-17,-2,-16,0,0,-1,-28,-2,-29,-2,-27,-1,-26,-3,-25,-3,-24,-3,-23,-4,-23,-5,-21,-7,-20,-7,-19,-7,-18,-8,-18,-8,-17,-9,-17,-9,-16,-9,-18,-9,-16,-9,-16,-8,-15,-7,-16,-6,-15,-7,-15,-5,-14,-5,-14,-5,-13,-3,-14,-3,-14,0,0,0,0,0,0,0,0,0,0,0,0,0,0,-9,-29,-5,-31,-4,-31,-1,-30,-1,-33,-1,-32,4,-34,5,-33,6,-34,8,-34,8,-32,10,-33,9,-31,9,-30,9,-29,7,-29,6,-28,4,-31,4,-29,5,-30,3,-29,2,-31,2,-30,0,-31,0,-32,0,-31,-1,-32,0,-30]"
618021163090200,2.712241800,89732,1856156534,-50,-98,6,0,1,7,0,0,256,0,0,"[0,0,13,5,12,5,11,4,11,4,11,4,11,3,10,3,10,2,10,1,10,1,10,0,9,0,9,0,9,-1,9,-1,9,-1,8,-1,8,-1,8,-1,8,-1,8,-1,7,0,7,0,7,0,7,0,6,1,0,0,0,0,0,0,0,0,0,0,0,0,0,0,0,0,0,0,0,0,0,0,14,5,14,5,14,6,14,7,13,8,14,9,13,9,13,10,13,10,12,11,11,11,11,10,11,10,11,9,11,9,11,8,11,8,12,8,12,7,12,7,12,7,13,6,13,6,13,6,13,6,13,5,0,0,53,23,52,19,48,18,48,18,44,17,43,14,43,13,41,10,40,7,40,5,39,3,37,2,36,1,35,-2,37,-1,37,-2,36,-2,36,-2,34,-1,34,0,32,-1,30,1,29,1,27,3,28,2,26,3,26,5,22,8,0,0,0,0,0,0,0,0,0,0,0,0,0,0,59,7,56,12,57,17,57,19,58,24,55,27,58,31,59,33,57,35,54,39,55,41,50,41,49,40,47,41,46,39,45,37,45,35,46,34,48,33,49,30,51,28,49,25,53,25,54,26,55,25,55,24,54,23,56,21]"
618021185843800,2.734995400,89733,1856176627,-50,-98,6,0,1,7,0,0,256,0,0,"[0,0,-2,-14,-2,-14,-2,-14,-2,-13,-2,-13,-3,-12,-3,-12,-3,-12,-3,-10,-3,-10,-4,-10,-4,-10,-5,-9,-5,-9,-5,-8,-5,-8,-5,-9,-5,-8,-5,-8,-4,-8,-4,-8,-4,-8,-4,-8,-3,-7,-3,-7,-3,-7,0,0,0,0,0,0,0,0,0,0,0,0,0,0,0,0,0,0,0,0,0,0,-3,-15,-2,-16,-2,-16,-1,-16,0,-17,1,-17,2,-17,2,-17,3,-17,3,-17,3,-16,3,-16,3,-16,3,-16,3,-15,2,-15,1,-15,1,-15,0,-15,0,-15,-1,-15,-1,-15,-1,-16,-2,-15,-2,-16,-2,-15,0,0,-1,-27,0,-30,-1,-27,-2,-26,-2,-25,-3,-25,-4,-22,-4,-23,-5,-21,-7,-21,-7,-19,-7,-19,-7,-18,-8,-18,-8,-18,-9,-17,-8,-18,-8,-16,-8,-16,-7,-16,-7,-15,-6,-15,-6,-15,-5,-14,-4,-14,-4,-13,-3,-14,-2,-13,0,0,0,0,0,0,0,0,0,0,0,0,0,0,-8,-29,-4,-30,-3,-30,-1,-30,0,-33,2,-30,3,-34,5,-32,6,-34,8,-34,10,-32,10,-33,9,-31,10,-31,9,-29,8,-29,7,-28,7,-29,6,-28,6,-30,4,-29,2,-30,2,-30,1,-31,1,-31,0,-30,0,-31,1,-30]"
618021205535200,2.754686800,89734,1856196733,-50,-98,6,0,1,7,0,0,256,0,0,"[0,0,-8,13,-8,13,-7,12,-7,11,-6,11,-6,11,-5,10,-5,10,-4,10,-4,10,-4,10,-3,10,-3,9,-2,9,-2,9,-2,9,-2,9,-2,9,-2,9,-2,8,-3,8,-2,8,-2,7,-3,7,-3,6,-3,6,0,0,0,0,0,0,0,0,0,0,0,0,0,0,0,0,0,0,0,0,0,0,-6,14,-7,14,-8,15,-9,15,-10,14,-11,14,-12,14,-12,13,-13,13,-13,12,-13,12,-13,11,-12,11,-12,11,-11,12,-11,11,-11,12,-10,12,-10,12,-9,13,-9,13,-9,13,-9,13,-9,13,-8,13,-8,13,0,0,-27,49,-28,48,-25,46,-26,45,-22,45,-21,42,-19,41,-17,42,-14,37,-11,37,-11,38,-9,37,-8,38,-8,38,-4,36,-6,37,-5,36,-5,34,-4,32,-6,32,-6,31,-7,31,-7,30,-7,27,-10,26,-8,24,-12,23,-14,22,0,0,0,0,0,0,0,0,0,0,0,0,0,0,-11,57,-22,55,-23,54,-27,53,-30,55,-33,53,-37,53,-39,54,-42,49,-46,50,-46,45,-50,46,-47,43,-48,42,-45,42,-41,41,-41,42,-39,42,-39,42,-39,44,-35,46,-35,48,-35,48,-33,50,-32,51,-32,54,-31,50,-30,50]"
618021227458700,2.776610300,89735,1856221424,-50,-98,6,0,1,7,0,0,256,0,0,"[0,0,5,14,5,13,5,12,5,12,5,11,5,11,5,10,6,9,6,9,6,8,6,7,6,8,6,7,6,7,7,7,6,6,6,6,6,6,6,6,6,6,5,6,5,6,4,6,4,6,4,5,3,5,0,0,0,0,0,0,0,0,0,0,0,0,0,0,0,0,0,0,0,0,0,0,8,13,7,13,6,14,6,15,5,16,5,16,4,16,3,17,2,17,2,17,2,16,2,16,1,16,2,15,2,15,2,14,3,14,3,14,4,14,5,14,5,14,5,14,5,14,6,14,6,14,6,14,0,0,8,28,7,27,6,25,7,25,6,22,7,21,8,20,9,20,9,18,9,18,10,16,10,16,9,15,10,14,12,14,11,14,11,15,11,12,10,12,10,13,10,13,9,13,8,13,7,12,7,12,5,11,5,12,3,11,0,0,0,0,0,0,0,0,0,0,0,0,0,0,15,25,12,26,10,28,9,27,9,30,7,29,5,33,3,32,3,32,1,33,0,33,-2,34,-3,32,-2,31,-2,30,-2,29,-1,28,2,29,1,27,3,29,3,27,6,28,5,28,6,29,7,29,6,28,7,29,7,28]"
618021247421100,2.796572700,89736,1856238557,-50,-98,6,0,1,7,0,0,256,0,0,"[0,0,-1,-15,-1,-15,-1,-15,-1,-14,-1,-14,-2,-13,-2,-13,-3,-12,-3,-11,-3,-11,-3,-10,-4,-10,-5,-10,-5,-10,-5,-10,-5,-9,-5,-10,-5,-9,-4,-9,-4,-9,-4,-9,-4,-8,-3,-8,-3,-8,-2,-7,-2,-7,0,0,0,0,0,0,0,0,0,0,0,0,0,0,0,0,0,0,0,0,0,0,-3,-16,-2,-17,-1,-17,0,-17,1,-18,2,-18,2,-18,3,-18,4,-18,4,-17,4,-17,4,-17,4,-16,4,-16,3,-16,2,-16,2,-15,1,-16,1,-16,0,-16,0,-16,0,-16,0,-16,-1,-16,-1,-16,-1,-16,0,0,-2,-29,-2,-29,-2,-29,-2,-26,-2,-25,-4,-25,-4,-23,-5,-23,-5,-20,-6,-21,-6,-19,-7,-19,-8,-18,-8,-18,-9,-17,-9,-18,-8,-18,-8,-16,-8,-15,-8,-15,-7,-15,-6,-16,-5,-15,-4,-15,-4,-13,-4,-13,-2,-13,-1,-13,0,0,0,0,0,0,0,0,0,0,0,0,0,0,-10,-28,-6,-29,-4,-30,-3,-31,-2,-32,0,-32,1,-33,3,-34,3,-34,5,-33,7,-32,8,-32,9,-31,9,-30,9,-29,8,-29,6,-29,5,-30,5,-29,4,-30,2,-30,1,-30,0,-30,0,-30,0,-30,0,-30,0,-30,-1,-30]"
618021275467400,2.824619000,89737,1856256584,-50,-98,6,0,1,7,0,0,256,0,0,"[0,0,-9,-13,-9,-13,-9,-12,-9,-11,-9,-11,-9,-10,-9,-9,-9,-9,-8,-8,-9,-7,-9,-7,-9,-7,-9,-6,-9,-6,-9,-5,-9,-5,-9,-5,-9,-5,-9,-5,-8,-5,-8,-5,-7,-5,-7,-5,-6,-6,-6,-5,-5,-5,0,0,0,0,0,0,0,0,0,0,0,0,0,0,0,0,0,0,0,0,0,0,-11,-12,-10,-13,-10,-14,-9,-14,-9,-16,-9,-16,-8,-17,-7,-17,-7,-17,-6,-17,-6,-17,-5,-16,-6,-16,-5,-16,-6,-15,-7,-15,-7,-14,-7,-14,-8,-14,-8,-14,-9,-14,-9,-14,-10,-14,-9,-14,-9,-13,-10,-13,0,0,-18,-22,-18,-24,-17,-23,-17,-21,-16,-20,-16,-19,-16,-17,-16,-16,-16,-15,-17,-13,-17,-12,-16,-13,-16,-10,-17,-11,-16,-10,-17,-9,-16,-9,-16,-10,-16,-9,-16,-10,-15,-10,-13,-9,-12,-9,-12,-10,-11,-10,-10,-9,-9,-10,-9,-11,0,0,0,0,0,0,0,0,0,0,0,0,0,0,-23,-18,-21,-22,-19,-24,-19,-25,-19,-27,-18,-27,-17,-28,-17,-30,-15,-31,-14,-32,-13,-32,-11,-32,-11,-31,-10,-31,-9,-30,-9,-28,-11,-28,-12,-27,-14,-28,-14,-27,-14,-27,-16,-26,-16,-26,-17,-26,-17,-26,-17,-26,-17,-26,-18,-26]"
618021301127500,2.850279100,89738,1856283984,-49,-98,6,0,1,6,0,0,256,0,0,"[0,0,-12,10,-11,10,-11,10,-10,9,-10,9,-9,9,-8,9,-8,9,-7,8,-7,8,-6,9,-5,9,-5,9,-5,9,-5,9,-5,9,-4,9,-5,8,-5,8,-5,8,-5,7,-5,7,-4,7,-5,6,-5,6,-5,5,0,0,0,0,0,0,0,0,0,0,0,0,0,0,0,0,0,0,0,0,0,0,-10,12,-12,12,-12,11,-13,11,-14,11,-15,10,-16,9,-16,9,-16,8,-16,8,-16,8,-15,8,-15,7,-15,8,-15,8,-14,8,-14,8,-13,9,-13,9,-13,9,-12,10,-13,10,-13,10,-12,11,-12,11,-12,11,0,0,-46,39,-44,38,-42,37,-39,34,-37,35,-34,34,-31,34,-29,34,-28,34,-25,33,-23,34,-21,34,-19,34,-19,34,-19,34,-19,33,-16,33,-17,33,-17,31,-18,30,-17,28,-18,27,-17,27,-18,23,-17,22,-18,20,-20,17,-21,16,0,0,0,0,0,0,0,0,0,0,0,0,0,0,-34,48,-40,44,-40,44,-45,45,-46,42,-50,41,-52,40,-57,38,-59,35,-61,33,-61,30,-60,29,-61,28,-58,27,-57,26,-56,27,-55,29,-52,29,-52,29,-50,31,-50,34,-49,36,-47,37,-47,39,-48,38,-48,41,-46,42,-47,40]"
618021317870500,2.867022100,89739,1856298285,-49,-98,6,0,1,7,0,0,256,0,0,"[0,0,-14,8,-13,7,-13,7,-12,7,-11,7,-10,7,-10,7,-9,7,-9,7,-8,7,-8,7,-7,7,-6,8,-6,7,-6,8,-6,8,-6,7,-6,7,-6,7,-6,7,-6,7,-6,5,-5,5,-6,5,-5,4,-6,4,0,0,0,0,0,0,0,0,0,0,0,0,0,0,0,0,0,0,0,0,0,0,-13,9,-14,9,-14,8,-15,8,-15,8,-17,7,-17,6,-17,6,-17,5,-17,4,-17,4,-17,4,-16,4,-16,4,-16,4,-15,5,-15,5,-15,6,-15,6,-14,7,-14,7,-14,8,-14,8,-14,8,-14,8,-14,8,0,0,-26,14,-24,12,-23,14,-21,12,-21,13,-20,13,-20,12,-18,13,-16,14,-15,13,-15,13,-13,14,-13,14,-12,14,-11,14,-12,13,-11,14,-11,13,-11,13,-11,12,-11,11,-12,11,-10,10,-11,10,-10,8,-10,8,-9,7,-11,7,0,0,0,0,0,0,0,0,0,0,0,0,0,0,-22,18,-24,16,-25,15,-28,15,-26,14,-28,13,-30,11,-32,10,-31,10,-33,8,-33,7,-32,7,-31,5,-31,4,-30,5,-29,5,-30,6,-27,7,-29,8,-26,8,-28,10,-26,12,-26,12,-27,14,-26,11,-27,12,-27,13,-27,13]"
618021333693200,2.882844800,89740,1856316552,-50,-98,6,0,1,7,0,0,256,0,0,"[0,0,-15,-5,-15,-5,-14,-5,-14,-4,-13,-4,-13,-3,-12,-3,-12,-2,-12,-2,-12,-1,-11,-1,-11,0,-11,0,-11,0,-11,0,-10,1,-10,1,-10,1,-10,1,-10,0,-10,0,-9,0,-9,-1,-8,-1,-8,-1,-8,-1,0,0,0,0,0,0,0,0,0,0,0,0,0,0,0,0,0,0,0,0,0,0,-16,-4,-16,-5,-16,-6,-16,-7,-17,-8,-17,-9,-16,-9,-16,-10,-16,-11,-15,-11,-15,-10,-14,-10,-14,-10,-14,-10,-14,-9,-14,-8,-14,-8,-15,-8,-15,-7,-15,-6,-15,-7,-15,-6,-16,-6,-16,-6,-16,-6,-16,-5,0,0,-26,-9,-26,-9,-26,-9,-25,-8,-23,-6,-24,-6,-22,-4,-22,-4,-21,-3,-21,-2,-21,-1,-19,-1,-18,0,-18,0,-20,2,-19,0,-19,2,-18,1,-18,2,-17,1,-17,1,-16,0,-15,-1,-14,-1,-14,-2,-14,-2,-13,-3,-12,-3,0,0,0,0,0,0,0,0,0,0,0,0,0,0,-29,-3,-29,-7,-28,-9,-28,-9,-30,-11,-28,-12,-29,-14,-28,-16,-30,-16,-28,-18,-27,-18,-27,-20,-25,-21,-24,-20,-24,-19,-23,-18,-23,-17,-25,-16,-25,-15,-26,-15,-26,-14,-27,-11,-27,-11,-28,-10,-29,-11,-28,-12,-28,-11,-27,-11]"
618021346485800,2.895637400,89741,1856336628,-49,-98,6,0,1,7,0,0,256,0,0,"[0,0,-2,15,-2,14,-2,14,-2,13,-1,13,0,12,0,12,0,11,0,10,0,10,1,10,2,10,2,9,2,9,2,9,2,9,2,9,2,9,2,8,2,8,1,8,1,8,0,7,1,7,0,7,0,6,0,0,0,0,0,0,0,0,0,0,0,0,0,0,0,0,0,0,0,0,0,0,-1,15,-2,15,-2,16,-3,16,-4,16,-5,16,-6,16,-7,16,-7,16,-8,16,-7,15,-7,14,-7,14,-6,14,-6,14,-5,14,-5,14,-5,14,-4,14,-3,14,-3,15,-3,15,-3,15,-2,15,-2,15,-2,15,0,0,-3,27,-2,28,-2,25,-1,25,-1,24,0,24,0,22,0,21,1,20,3,20,4,19,4,19,4,18,5,17,6,17,5,16,5,17,5,15,5,16,4,16,3,15,2,15,2,15,3,13,2,12,1,11,0,13,-1,12,0,0,0,0,0,0,0,0,0,0,0,0,0,0,5,27,2,27,0,28,-2,28,-2,30,-3,29,-6,32,-8,30,-8,30,-11,31,-11,30,-13,31,-11,29,-11,27,-11,28,-10,27,-10,26,-9,28,-7,26,-8,28,-6,28,-5,29,-5,29,-4,29,-3,30,-3,29,-3,29,-2,28]"
618021365983600,2.915135200,89742,1856356821,-50,-98,6,0,1,7,0,0,256,0,0,"[0,0,-6,-14,-7,-14,-7,-13,-7,-13,-7,-12,-7,-11,-7,-11,-7,-10,-7,-9,-8,-9,-7,-8,-8,-8,-7,-8,-8,-7,-8,-7,-8,-7,-8,-7,-7,-7,-7,-7,-7,-7,-6,-7,-6,-7,-6,-7,-5,-6,-5,-6,-5,-6,0,0,0,0,0,0,0,0,0,0,0,0,0,0,0,0,0,0,0,0,0,0,-9,-14,-8,-14,-8,-15,-7,-15,-7,-17,-6,-17,-5,-17,-4,-18,-4,-17,-3,-18,-3,-17,-3,-17,-3,-17,-3,-16,-3,-15,-4,-16,-4,-15,-5,-15,-5,-15,-6,-15,-6,-15,-7,-15,-7,-15,-7,-15,-7,-15,-7,-15,0,0,-19,-22,-21,-23,-19,-20,-18,-20,-18,-18,-17,-18,-17,-17,-17,-16,-17,-14,-19,-13,-17,-11,-18,-11,-17,-10,-17,-10,-17,-9,-17,-9,-17,-9,-17,-8,-17,-9,-14,-9,-15,-9,-13,-9,-13,-9,-11,-8,-11,-8,-10,-9,-10,-10,-8,-9,0,0,0,0,0,0,0,0,0,0,0,0,0,0,-26,-16,-23,-18,-22,-20,-21,-22,-22,-24,-20,-24,-20,-28,-18,-28,-17,-30,-15,-31,-15,-30,-15,-32,-14,-30,-15,-29,-13,-29,-12,-27,-14,-27,-15,-27,-14,-24,-16,-27,-16,-24,-17,-25,-17,-24,-18,-25,-20,-24,-20,-24,-20,-24,-20,-23]"
618021386020000,2.935171600,89743,1856376769,-50,-98,6,0,1,7,0,0,256,0,0,"[0,0,4,-15,3,-15,3,-15,3,-14,3,-14,2,-13,2,-13,1,-12,1,-12,0,-11,-1,-11,-1,-11,-1,-11,-2,-11,-1,-10,-1,-11,-2,-10,-1,-10,-1,-10,-1,-10,-1,-9,0,-9,0,-8,0,-8,0,-7,1,-7,0,0,0,0,0,0,0,0,0,0,0,0,0,0,0,0,0,0,0,0,0,0,1,-16,3,-17,3,-16,4,-17,5,-16,7,-17,7,-16,8,-16,9,-16,8,-15,8,-15,8,-15,8,-15,7,-15,7,-15,6,-14,7,-15,6,-14,6,-15,5,-15,5,-16,4,-16,4,-15,4,-16,4,-16,4,-16,0,0,8,-29,8,-28,8,-28,7,-24,6,-25,5,-24,4,-24,3,-23,2,-21,2,-20,1,-20,1,-20,-1,-20,-1,-21,-2,-19,-1,-19,-2,-18,-2,-18,-2,-18,-1,-17,0,-17,0,-16,0,-16,1,-15,1,-13,2,-13,3,-13,3,-13,0,0,0,0,0,0,0,0,0,0,0,0,0,0,1,-29,5,-29,7,-29,9,-30,10,-29,12,-29,13,-29,15,-31,15,-29,17,-29,17,-29,18,-27,19,-26,19,-25,18,-25,17,-26,16,-26,14,-25,15,-25,13,-26,12,-27,11,-28,9,-29,9,-29,10,-28,10,-28,10,-30,10,-29]"
618021404903500,2.954055100,89744,1856396541,-50,-98,6,0,1,7,0,0,256,0,0,"[0,0,-15,7,-14,6,-13,6,-12,6,-12,6,-12,6,-11,6,-10,6,-10,6,-9,6,-9,6,-8,6,-8,7,-8,7,-8,7,-7,7,-7,6,-7,7,-8,6,-7,6,-7,5,-7,5,-6,4,-6,4,-6,4,-7,3,0,0,0,0,0,0,0,0,0,0,0,0,0,0,0,0,0,0,0,0,0,0,-13,9,-14,9,-14,8,-15,7,-16,7,-17,6,-18,5,-18,4,-18,4,-17,4,-18,4,-17,3,-16,4,-16,4,-16,4,-16,4,-15,4,-15,5,-15,5,-15,5,-15,6,-15,6,-15,7,-15,7,-14,7,-15,7,0,0,-26,12,-26,14,-23,13,-24,13,-21,12,-21,13,-19,12,-19,13,-17,13,-17,13,-16,12,-15,13,-13,14,-13,12,-14,13,-13,14,-13,14,-13,12,-13,13,-13,12,-13,11,-11,10,-12,10,-11,9,-12,7,-11,6,-11,6,-12,6,0,0,0,0,0,0,0,0,0,0,0,0,0,0,-21,20,-24,17,-25,15,-25,13,-27,16,-27,14,-31,13,-31,9,-31,11,-33,9,-32,8,-33,6,-33,4,-32,4,-30,5,-30,5,-28,6,-29,8,-27,8,-29,9,-27,9,-27,11,-28,12,-27,13,-29,12,-27,12,-28,13,-27,12]"
618021425685200,2.974836800,89745,1856418063,-50,-98,6,0,1,7,0,0,256,0,0,"[0,0,4,-15,2,-15,3,-14,3,-14,2,-14,1,-13,1,-13,1,-12,1,-12,0,-11,-1,-11,-1,-11,-2,-11,-2,-11,-2,-10,-2,-10,-2,-10,-2,-10,-1,-10,-2,-9,-1,-9,-1,-9,-1,-8,-1,-8,0,-8,0,-7,0,0,0,0,0,0,0,0,0,0,0,0,0,0,0,0,0,0,0,0,0,0,2,-16,3,-17,3,-16,4,-17,5,-16,7,-17,8,-16,8,-16,8,-16,8,-15,8,-15,8,-15,8,-14,7,-14,7,-15,6,-14,6,-15,6,-15,5,-16,5,-15,5,-16,4,-16,4,-16,4,-16,3,-16,4,-16,0,0,7,-29,6,-28,5,-27,6,-25,4,-25,3,-24,2,-24,0,-23,1,-21,0,-21,-1,-20,-2,-21,-2,-19,-3,-20,-3,-19,-3,-19,-4,-19,-3,-18,-3,-18,-2,-17,-1,-17,-1,-16,-1,-15,0,-15,0,-13,0,-13,2,-13,3,-12,0,0,0,0,0,0,0,0,0,0,0,0,0,0,-2,-29,1,-30,3,-29,3,-29,5,-30,7,-30,8,-32,11,-31,12,-31,13,-31,14,-30,16,-29,16,-28,16,-27,14,-27,14,-27,14,-28,11,-27,11,-27,10,-28,9,-28,8,-29,8,-29,7,-29,7,-29,7,-30,7,-31,6,-29]"
618021442924500,2.992076100,89746,1856436583,-50,-98,6,0,1,7,0,0,256,0,0,"[0,0,7,14,6,13,6,12,6,12,6,11,6,11,6,10,6,9,6,9,6,8,7,8,7,7,7,7,7,7,7,6,7,6,7,6,6,6,6,6,6,6,6,6,5,6,5,5,4,5,4,5,4,6,0,0,0,0,0,0,0,0,0,0,0,0,0,0,0,0,0,0,0,0,0,0,8,13,8,13,7,14,6,15,6,15,5,16,4,16,4,17,3,17,3,16,3,16,2,16,2,16,2,15,3,15,3,14,4,14,4,14,4,14,5,14,5,14,6,14,6,14,6,14,6,14,7,14,0,0,9,26,11,25,9,24,10,23,11,22,9,20,10,20,11,19,12,18,12,16,11,15,12,15,12,14,13,13,12,13,13,12,11,14,12,13,12,12,10,12,9,12,8,12,8,12,7,11,6,11,6,11,4,11,3,11,0,0,0,0,0,0,0,0,0,0,0,0,0,0,19,20,16,23,16,24,14,25,13,27,11,27,11,30,10,30,9,31,7,32,5,31,5,32,5,30,5,31,4,29,5,29,6,28,5,28,6,28,7,27,7,27,10,28,11,27,10,27,11,28,10,27,12,27,13,26]"
618021464587100,3.013738700,89747,1856456636,-50,-98,6,0,1,7,0,0,256,0,0,"[0,0,15,-1,14,-2,14,-2,14,-2,13,-2,12,-3,11,-3,11,-3,11,-3,10,-4,10,-4,9,-4,9,-4,9,-5,9,-5,8,-5,8,-5,8,-4,8,-4,8,-4,8,-3,7,-3,7,-3,7,-2,7,-2,7,-2,0,0,0,0,0,0,0,0,0,0,0,0,0,0,0,0,0,0,0,0,0,0,15,-4,15,-3,16,-3,15,-2,17,-1,17,0,17,1,17,2,17,2,17,3,16,2,16,3,15,2,15,2,15,2,15,1,15,1,15,1,15,0,15,-1,15,-1,15,-1,16,-2,15,-2,15,-2,16,-2,0,0,28,-2,27,-3,27,-2,26,-3,24,-3,23,-4,23,-4,21,-5,20,-6,19,-6,19,-7,19,-7,17,-8,17,-8,18,-9,17,-8,16,-9,17,-8,16,-8,15,-6,15,-6,14,-6,14,-5,13,-5,13,-4,13,-2,12,-2,12,-2,0,0,0,0,0,0,0,0,0,0,0,0,0,0,26,-9,28,-7,29,-6,29,-4,30,-2,30,0,31,1,33,2,32,4,32,6,31,7,32,7,31,7,29,7,29,6,28,6,29,5,28,5,28,4,29,3,29,1,28,0,29,0,29,-1,30,-1,30,-2,30,-2,31,-2]"
618021483145400,3.032297000,89748,1856476597,-50,-98,6,0,1,7,0,0,256,0,0,"[0,0,14,5,13,5,13,5,13,4,12,4,12,4,11,3,11,2,11,2,11,1,11,1,10,1,10,0,9,0,10,0,10,-1,9,0,9,0,9,0,9,1,9,1,8,1,7,1,7,1,7,1,6,1,0,0,0,0,0,0,0,0,0,0,0,0,0,0,0,0,0,0,0,0,0,0,15,2,15,4,15,4,15,5,15,6,15,7,15,9,15,9,14,10,14,9,14,9,13,9,13,9,13,9,12,9,13,8,13,7,13,7,13,7,14,7,14,6,14,6,15,6,15,5,14,5,14,5,0,0,53,24,49,21,48,20,48,20,45,17,45,15,44,13,43,12,42,10,41,8,40,6,39,8,37,5,37,3,39,2,38,2,37,2,38,3,35,1,34,3,32,4,30,4,27,7,27,7,27,9,25,9,23,9,20,11,0,0,0,0,0,0,0,0,0,0,0,0,0,0,55,5,56,12,56,17,56,19,56,21,56,23,56,28,57,32,55,33,57,36,54,38,49,40,48,42,47,40,45,39,45,37,45,37,47,32,48,32,48,31,50,29,52,25,53,25,55,26,53,24,54,26,53,26,55,22]"
618021506079400,3.055231000,89749,1856496656,-50,-98,6,0,1,7,0,0,256,0,0,"[0,0,6,-14,5,-15,5,-14,5,-14,4,-13,3,-13,3,-13,3,-12,3,-11,2,-12,1,-11,1,-11,0,-11,0,-11,0,-11,0,-11,0,-10,0,-10,0,-10,1,-10,1,-10,1,-9,1,-8,1,-8,2,-7,2,-7,0,0,0,0,0,0,0,0,0,0,0,0,0,0,0,0,0,0,0,0,0,0,3,-16,3,-16,4,-16,5,-16,7,-17,7,-16,8,-16,9,-15,10,-15,10,-15,10,-14,9,-14,9,-14,9,-14,9,-13,8,-14,8,-14,7,-14,7,-14,6,-15,6,-15,6,-15,6,-15,6,-15,5,-15,6,-15,0,0,11,-27,11,-27,10,-25,9,-24,8,-24,8,-24,6,-23,5,-23,4,-21,3,-20,3,-20,1,-21,0,-20,0,-20,0,-20,1,-18,0,-21,0,-18,1,-17,1,-17,3,-17,2,-17,2,-15,2,-16,2,-14,3,-13,4,-13,5,-11,0,0,0,0,0,0,0,0,0,0,0,0,0,0,2,-28,5,-28,7,-29,8,-29,11,-30,12,-28,14,-29,15,-29,17,-29,19,-27,20,-26,20,-27,20,-25,19,-25,19,-25,17,-24,17,-24,16,-24,16,-24,15,-25,14,-25,14,-27,12,-27,13,-28,11,-28,11,-28,11,-28,10,-28]"
618021524441200,3.073592800,89750,1856516601,-50,-98,6,0,1,7,0,0,256,0,0,"[0,0,14,-7,13,-8,12,-7,12,-7,11,-7,10,-8,10,-8,9,-8,9,-8,8,-8,8,-8,7,-8,7,-8,7,-8,7,-8,6,-8,6,-8,6,-8,6,-8,6,-7,6,-7,6,-6,6,-5,5,-5,6,-5,6,-5,0,0,0,0,0,0,0,0,0,0,0,0,0,0,0,0,0,0,0,0,0,0,12,-9,13,-9,14,-8,14,-7,15,-7,16,-7,16,-6,17,-5,17,-5,17,-4,17,-4,16,-4,16,-4,15,-4,15,-4,15,-5,14,-5,14,-5,14,-6,14,-7,14,-7,14,-7,14,-8,14,-8,14,-8,14,-8,0,0,26,-12,24,-12,25,-13,24,-12,23,-12,20,-12,20,-13,19,-13,18,-13,15,-13,15,-13,15,-14,14,-14,14,-15,13,-14,14,-14,12,-14,13,-14,13,-13,13,-12,12,-11,12,-11,11,-10,11,-10,12,-8,11,-8,10,-7,11,-6,0,0,0,0,0,0,0,0,0,0,0,0,0,0,21,-20,23,-18,24,-16,27,-14,26,-12,28,-12,28,-10,32,-10,31,-9,32,-6,31,-4,31,-5,31,-4,31,-4,30,-5,28,-6,29,-6,27,-6,28,-7,28,-8,28,-9,28,-10,27,-11,27,-12,27,-11,28,-13,28,-12,28,-13]"
618021547054200,3.096205800,89751,1856536581,-50,-98,6,0,1,7,0,0,256,0,0,"[0,0,13,-8,12,-8,12,-8,12,-7,11,-7,10,-7,9,-7,9,-7,9,-7,8,-8,7,-8,7,-8,6,-8,6,-8,6,-8,6,-8,6,-8,6,-8,6,-8,6,-7,6,-7,6,-6,5,-6,5,-6,5,-5,6,-4,0,0,0,0,0,0,0,0,0,0,0,0,0,0,0,0,0,0,0,0,0,0,12,-10,12,-9,13,-9,14,-8,15,-8,16,-7,16,-6,17,-5,16,-5,16,-4,16,-4,16,-4,15,-5,15,-5,15,-5,14,-5,14,-5,14,-6,14,-6,14,-7,14,-7,13,-7,14,-8,14,-8,13,-8,13,-8,0,0,27,-9,24,-9,24,-10,23,-10,23,-10,20,-11,19,-11,18,-11,18,-12,17,-11,16,-12,14,-12,14,-12,14,-13,14,-13,14,-13,12,-13,14,-12,13,-12,13,-11,12,-10,12,-10,12,-9,12,-8,12,-6,11,-7,11,-6,11,-5,0,0,0,0,0,0,0,0,0,0,0,0,0,0,21,-18,23,-15,25,-13,26,-13,27,-12,28,-11,28,-10,31,-8,31,-7,33,-5,31,-5,30,-3,30,-2,30,-3,28,-3,27,-3,28,-4,27,-4,28,-5,27,-6,27,-8,26,-9,27,-9,27,-10,27,-10,28,-11,27,-10,27,-10]"
618021566374800,3.115526400,89752,1856557932,-50,-98,6,0,1,7,0,0,256,0,0,"[0,0,7,-14,6,-13,6,-13,6,-13,6,-13,5,-12,4,-12,4,-12,3,-11,3,-11,2,-11,2,-11,2,-11,1,-11,1,-10,1,-11,1,-10,1,-10,1,-10,2,-10,2,-9,2,-9,2,-9,2,-8,2,-8,2,-7,0,0,0,0,0,0,0,0,0,0,0,0,0,0,0,0,0,0,0,0,0,0,5,-14,6,-15,7,-15,7,-15,8,-15,10,-14,10,-14,10,-14,11,-13,11,-13,11,-13,11,-12,11,-12,10,-12,10,-12,9,-12,10,-13,9,-12,9,-13,8,-13,8,-14,7,-14,8,-14,7,-14,7,-15,8,-15,0,0,33,-49,32,-50,28,-47,29,-47,25,-46,22,-45,20,-43,19,-42,16,-41,15,-41,15,-40,12,-40,11,-39,8,-40,8,-39,8,-40,6,-39,9,-37,7,-37,9,-35,10,-34,9,-33,14,-32,13,-29,13,-25,12,-25,13,-24,15,-23,0,0,0,0,0,0,0,0,0,0,0,0,0,0,15,-58,22,-54,25,-50,28,-50,32,-55,32,-51,39,-53,41,-51,45,-54,47,-46,46,-46,50,-45,51,-41,49,-40,47,-39,44,-38,43,-39,41,-42,38,-42,40,-44,40,-47,36,-50,35,-49,32,-51,34,-51,37,-50,35,-51,34,-50]"
618021586432800,3.135584400,89753,1856576955,-49,-98,6,0,1,7,0,0,256,0,0,"[0,0,-4,-15,-4,-14,-4,-14,-4,-13,-4,-13,-4,-13,-4,-12,-5,-11,-5,-11,-5,-10,-6,-10,-6,-9,-6,-9,-6,-9,-6,-9,-6,-8,-6,-9,-6,-8,-5,-8,-5,-8,-5,-8,-4,-8,-4,-8,-4,-7,-3,-7,-3,-7,0,0,0,0,0,0,0,0,0,0,0,0,0,0,0,0,0,0,0,0,0,0,-6,-13,-5,-14,-5,-15,-4,-16,-3,-16,-3,-17,-2,-17,-1,-17,-1,-17,0,-17,0,-16,0,-16,0,-15,0,-15,-1,-15,-1,-15,-1,-15,-2,-15,-2,-15,-3,-15,-3,-15,-4,-15,-4,-15,-4,-15,-4,-15,-4,-15,0,0,-8,-28,-9,-27,-8,-28,-9,-25,-9,-24,-8,-23,-9,-22,-9,-21,-10,-20,-12,-20,-11,-18,-11,-18,-12,-17,-12,-17,-12,-17,-11,-15,-12,-16,-11,-16,-11,-15,-10,-15,-9,-15,-9,-15,-8,-15,-7,-14,-7,-14,-6,-14,-4,-13,-3,-14,0,0,0,0,0,0,0,0,0,0,0,0,0,0,-16,-23,-14,-25,-13,-26,-11,-28,-9,-29,-8,-29,-8,-31,-6,-32,-4,-32,-2,-33,-1,-32,-1,-34,-1,-31,-2,-31,-1,-31,-2,-30,-1,-29,-4,-29,-3,-28,-4,-29,-6,-29,-6,-29,-7,-29,-7,-30,-8,-29,-9,-29,-9,-29,-10,-29]"
618021603451400,3.152603000,89754,1856596572,-49,-98,6,0,1,7,0,0,256,0,0,"[0,0,5,-15,5,-15,4,-14,5,-13,4,-14,4,-13,3,-13,2,-12,2,-12,1,-12,1,-12,0,-11,0,-11,-1,-11,0,-11,0,-11,-1,-11,0,-11,0,-11,0,-10,0,-10,0,-9,1,-9,1,-9,1,-8,1,-8,0,0,0,0,0,0,0,0,0,0,0,0,0,0,0,0,0,0,0,0,0,0,4,-15,5,-15,5,-15,7,-15,7,-16,9,-16,9,-15,10,-15,11,-15,10,-14,10,-14,10,-13,10,-13,9,-13,9,-13,9,-13,9,-13,8,-14,7,-14,7,-15,6,-15,6,-15,6,-15,6,-15,6,-16,6,-15,0,0,28,-49,28,-54,25,-49,24,-44,21,-45,21,-46,18,-44,16,-44,14,-41,14,-41,11,-41,8,-40,8,-40,6,-39,4,-40,5,-39,4,-40,5,-39,5,-36,5,-35,8,-34,8,-32,8,-33,9,-30,9,-28,9,-26,11,-26,13,-23,0,0,0,0,0,0,0,0,0,0,0,0,0,0,15,-54,21,-53,26,-52,27,-52,31,-53,32,-51,37,-53,39,-50,40,-49,45,-49,47,-47,46,-45,46,-41,46,-40,45,-39,42,-39,40,-41,39,-44,37,-41,37,-45,34,-44,31,-49,32,-50,30,-54,32,-50,31,-51,32,-52,31,-52]"
618021627786400,3.176938000,89755,1856616609,-49,-98,6,0,1,7,0,0,256,0,0,"[0,0,-9,-13,-9,-13,-9,-12,-9,-11,-9,-11,-9,-10,-9,-10,-9,-9,-9,-8,-9,-8,-9,-7,-9,-7,-9,-7,-9,-6,-9,-6,-9,-6,-9,-6,-9,-6,-9,-6,-8,-6,-8,-6,-7,-6,-7,-6,-7,-6,-6,-6,-6,-6,0,0,0,0,0,0,0,0,0,0,0,0,0,0,0,0,0,0,0,0,0,0,-11,-11,-10,-12,-10,-13,-9,-14,-9,-15,-9,-15,-8,-16,-7,-16,-6,-17,-6,-16,-6,-16,-6,-16,-6,-15,-6,-15,-6,-15,-6,-14,-7,-14,-7,-14,-8,-14,-8,-14,-9,-14,-9,-14,-9,-14,-10,-14,-10,-13,-10,-13,0,0,-17,-23,-17,-24,-17,-22,-16,-20,-17,-20,-16,-19,-15,-18,-16,-17,-17,-15,-16,-14,-17,-13,-17,-12,-17,-12,-16,-12,-17,-11,-17,-10,-16,-11,-18,-11,-16,-11,-15,-12,-14,-11,-13,-11,-12,-11,-12,-11,-11,-10,-10,-10,-10,-11,-8,-12,0,0,0,0,0,0,0,0,0,0,0,0,0,0,-22,-17,-21,-19,-20,-22,-19,-22,-18,-24,-17,-25,-15,-27,-16,-29,-15,-30,-13,-31,-11,-30,-12,-30,-11,-31,-11,-29,-10,-27,-10,-27,-10,-27,-12,-25,-13,-26,-13,-26,-14,-26,-15,-25,-15,-26,-17,-25,-17,-25,-18,-25,-18,-24,-19,-24]"
618021644435500,3.193587100,89756,1856636661,-49,-98,6,0,1,7,0,0,256,0,0,"[0,0,-15,5,-14,5,-14,5,-14,5,-13,5,-12,5,-12,5,-11,5,-11,5,-10,6,-10,6,-9,6,-9,6,-9,6,-9,7,-9,7,-8,7,-9,6,-9,6,-9,5,-9,5,-8,4,-8,4,-8,4,-8,3,-8,3,0,0,0,0,0,0,0,0,0,0,0,0,0,0,0,0,0,0,0,0,0,0,-14,6,-15,6,-15,5,-16,4,-16,4,-17,3,-18,2,-18,2,-18,1,-18,0,-18,0,-17,1,-16,0,-16,1,-16,1,-16,2,-16,2,-16,2,-16,3,-16,3,-16,4,-15,4,-16,4,-15,5,-16,5,-16,5,0,0,-28,7,-26,9,-26,8,-25,8,-24,8,-23,9,-22,9,-21,9,-22,9,-19,9,-20,11,-18,11,-17,11,-16,11,-17,11,-17,11,-16,12,-17,11,-17,11,-17,10,-16,9,-16,8,-14,7,-15,6,-14,6,-15,5,-14,4,-14,4,0,0,0,0,0,0,0,0,0,0,0,0,0,0,-23,15,-25,12,-26,10,-28,9,-28,8,-29,8,-31,6,-32,4,-32,3,-34,1,-33,0,-32,0,-32,0,-31,-1,-30,0,-30,0,-29,1,-29,1,-29,2,-29,4,-29,5,-28,5,-29,6,-31,6,-30,7,-30,8,-29,8,-29,8]"
618021664627700,3.213779300,89757,1856660359,-49,-98,6,0,1,7,0,0,256,0,0,"[0,0,-9,13,-8,13,-8,12,-8,11,-7,11,-7,11,-6,11,-5,11,-5,10,-5,10,-4,10,-3,10,-3,10,-3,10,-3,10,-3,10,-3,10,-3,10,-3,10,-3,9,-3,8,-3,9,-4,8,-4,7,-4,7,-4,6,0,0,0,0,0,0,0,0,0,0,0,0,0,0,0,0,0,0,0,0,0,0,-7,13,-7,13,-8,13,-9,13,-10,13,-11,13,-12,13,-13,12,-13,12,-13,11,-13,10,-13,10,-13,10,-12,10,-11,10,-11,11,-11,11,-11,11,-10,11,-9,12,-9,12,-9,13,-10,13,-9,13,-9,13,-9,13,0,0,-25,51,-22,52,-22,50,-20,47,-18,48,-15,47,-16,45,-12,44,-12,41,-7,39,-6,40,-4,40,-4,41,-3,42,-3,39,-2,39,0,40,-1,39,-4,37,-5,35,-5,35,-6,34,-7,32,-7,31,-8,28,-9,26,-11,26,-13,24,0,0,0,0,0,0,0,0,0,0,0,0,0,0,-8,53,-12,54,-17,52,-21,51,-24,52,-26,53,-30,54,-34,53,-38,52,-40,49,-42,48,-43,48,-41,46,-42,44,-39,44,-36,44,-36,45,-34,43,-32,45,-31,46,-29,49,-29,50,-28,51,-26,53,-25,52,-24,54,-25,54,-25,54]"
618021689627500,3.238779100,89758,1856679627,-49,-98,6,0,1,7,0,0,256,0,0,"[0,0,-16,-1,-15,-1,-15,-1,-14,-1,-14,-1,-13,0,-13,0,-12,1,-12,1,-12,1,-11,2,-11,2,-11,2,-11,3,-11,3,-11,3,-10,3,-11,3,-11,3,-10,2,-10,2,-9,1,-9,1,-9,0,-9,0,-8,-1,0,0,0,0,0,0,0,0,0,0,0,0,0,0,0,0,0,0,0,0,0,0,-15,1,-16,0,-15,-1,-16,-2,-16,-2,-17,-3,-17,-4,-17,-5,-17,-5,-16,-6,-16,-6,-16,-6,-15,-6,-15,-6,-15,-5,-15,-4,-15,-4,-15,-3,-15,-3,-15,-2,-16,-2,-16,-1,-16,-1,-16,-2,-16,-1,-16,-1,0,0,-30,-2,-29,-1,-28,-2,-27,-1,-26,-1,-25,1,-25,0,-23,2,-23,4,-23,3,-22,5,-22,4,-20,5,-19,5,-20,6,-20,7,-19,6,-20,6,-19,5,-19,4,-19,4,-17,3,-17,3,-16,2,-16,1,-16,1,-15,0,-14,-2,0,0,0,0,0,0,0,0,0,0,0,0,0,0,-27,5,-28,2,-29,0,-29,-1,-30,-2,-29,-3,-32,-6,-31,-7,-32,-8,-32,-10,-30,-11,-31,-11,-30,-13,-29,-12,-28,-12,-27,-11,-28,-9,-29,-8,-28,-8,-30,-7,-28,-5,-29,-4,-29,-4,-30,-3,-31,-4,-30,-3,-30,-2,-30,-3]"
618021703141700,3.252293300,89759,1856696667,-49,-98,6,0,1,7,0,0,256,0,0,"[0,0,-9,12,-9,12,-9,12,-8,11,-8,11,-7,11,-7,11,-5,11,-6,10,-5,10,-4,10,-4,10,-3,10,-3,10,-3,10,-3,10,-3,10,-3,10,-4,10,-4,9,-4,9,-4,9,-4,8,-4,7,-4,7,-5,6,0,0,0,0,0,0,0,0,0,0,0,0,0,0,0,0,0,0,0,0,0,0,-8,12,-9,12,-9,12,-10,12,-11,12,-12,12,-13,11,-14,11,-13,10,-14,10,-13,10,-13,9,-13,9,-13,9,-12,10,-12,9,-12,10,-11,10,-11,11,-10,11,-10,12,-10,12,-10,12,-9,13,-10,13,-10,13,0,0,-29,49,-27,48,-26,50,-23,45,-22,48,-22,45,-19,43,-18,42,-16,41,-14,39,-10,40,-8,41,-6,40,-6,41,-5,41,-6,39,-5,38,-4,41,-7,38,-9,36,-9,34,-8,33,-10,32,-9,31,-11,29,-12,26,-14,26,-15,25,0,0,0,0,0,0,0,0,0,0,0,0,0,0,-12,51,-18,52,-23,50,-26,49,-28,51,-31,50,-35,50,-39,49,-43,48,-46,45,-44,44,-45,42,-45,41,-46,40,-42,40,-40,39,-39,40,-36,40,-36,42,-35,43,-35,47,-33,48,-33,49,-31,50,-30,49,-30,53,-28,53,-27,53]"
618021731831500,3.280983100,89760,1856725156,-48,-98,6,0,1,7,0,0,256,0,0,"[0,0,4,-15,4,-15,4,-14,4,-14,3,-13,2,-13,2,-13,1,-12,1,-12,1,-12,0,-11,-1,-11,-1,-11,-1,-11,-1,-11,-1,-11,-1,-11,-1,-11,0,-10,0,-11,0,-10,0,-10,0,-10,1,-9,1,-8,1,-8,0,0,0,0,0,0,0,0,0,0,0,0,0,0,0,0,0,0,0,0,0,0,2,-14,3,-14,3,-15,4,-15,5,-15,6,-15,7,-15,8,-15,8,-14,8,-14,8,-14,8,-14,7,-14,7,-14,7,-13,7,-13,6,-13,6,-14,5,-14,5,-14,5,-15,5,-15,4,-15,3,-15,3,-15,4,-15,0,0,24,-52,22,-53,21,-51,20,-48,19,-49,18,-46,16,-46,14,-45,11,-43,6,-41,5,-42,4,-41,2,-41,3,-41,1,-40,0,-40,2,-41,1,-40,4,-40,4,-39,6,-37,6,-36,8,-35,6,-34,6,-31,8,-28,11,-28,12,-27,0,0,0,0,0,0,0,0,0,0,0,0,0,0,7,-54,12,-53,15,-52,20,-52,24,-53,26,-53,29,-53,33,-53,38,-49,40,-47,41,-46,41,-48,39,-48,38,-44,37,-44,34,-44,36,-43,33,-45,31,-45,32,-46,31,-49,30,-49,28,-50,27,-51,27,-52,22,-54,23,-56,24,-57]"
618021749638200,3.298789800,89761,1856738869,-48,-98,6,0,1,7,0,0,256,0,0,"[0,0,-11,-11,-11,-10,-11,-10,-10,-10,-10,-10,-10,-9,-10,-8,-10,-7,-10,-7,-10,-6,-10,-6,-10,-5,-10,-5,-10,-5,-10,-5,-10,-5,-10,-5,-10,-5,-10,-5,-9,-5,-9,-5,-8,-6,-8,-6,-7,-5,-7,-5,-6,-6,0,0,0,0,0,0,0,0,0,0,0,0,0,0,0,0,0,0,0,0,0,0,-12,-8,-12,-10,-12,-10,-11,-11,-11,-12,-11,-13,-10,-13,-10,-14,-9,-14,-9,-14,-9,-14,-8,-14,-8,-14,-8,-13,-9,-13,-9,-12,-9,-12,-9,-12,-10,-12,-10,-11,-11,-12,-11,-11,-12,-11,-11,-11,-12,-11,-12,-11,0,0,-38,-41,-40,-40,-39,-41,-39,-37,-36,-35,-36,-32,-34,-31,-38,-28,-35,-25,-37,-24,-38,-22,-36,-21,-36,-19,-37,-19,-40,-17,-39,-17,-37,-17,-37,-17,-36,-18,-34,-20,-33,-20,-30,-20,-28,-20,-27,-19,-25,-19,-23,-20,-21,-22,-19,-23,0,0,0,0,0,0,0,0,0,0,0,0,0,0,-46,-26,-43,-32,-42,-35,-40,-38,-42,-41,-39,-43,-37,-48,-37,-51,-36,-52,-31,-55,-31,-53,-29,-55,-26,-57,-26,-54,-25,-51,-25,-49,-26,-49,-30,-47,-32,-47,-30,-47,-34,-46,-36,-45,-36,-46,-40,-45,-39,-44,-39,-43,-39,-43,-41,-43]"
618021763300200,3.312451800,89762,1856756631,-48,-98,6,0,1,7,0,0,256,0,0,"[0,0,-7,13,-6,13,-6,12,-6,12,-6,12,-5,11,-5,11,-4,11,-4,10,-4,10,-3,10,-2,10,-2,10,-2,10,-2,10,-2,10,-1,10,-2,10,-2,10,-2,9,-3,9,-3,9,-3,8,-3,8,-4,7,-4,7,0,0,0,0,0,0,0,0,0,0,0,0,0,0,0,0,0,0,0,0,0,0,-5,13,-6,13,-6,13,-7,13,-8,13,-9,13,-10,13,-11,13,-11,12,-11,12,-11,11,-11,11,-10,11,-10,11,-10,11,-9,11,-9,11,-9,12,-8,12,-8,13,-8,13,-7,13,-8,14,-7,14,-7,13,-7,13,0,0,-31,48,-29,49,-29,46,-29,45,-27,44,-23,45,-21,42,-22,44,-17,41,-16,42,-15,40,-13,42,-11,39,-9,39,-9,40,-8,39,-8,39,-11,39,-10,37,-13,38,-11,35,-12,34,-13,35,-12,32,-16,27,-15,26,-17,26,-22,23,0,0,0,0,0,0,0,0,0,0,0,0,0,0,-16,50,-23,49,-28,48,-28,45,-30,48,-35,47,-39,47,-42,47,-42,46,-45,44,-45,41,-48,41,-49,37,-48,36,-46,36,-43,38,-42,37,-40,39,-40,38,-39,41,-39,43,-34,45,-34,47,-34,49,-36,49,-33,50,-34,49,-33,48]"
618021791978000,3.341129600,89763,1856780876,-48,-98,6,0,1,7,0,0,256,0,0,"[0,0,-15,-4,-15,-4,-14,-4,-14,-4,-13,-4,-13,-3,-12,-2,-12,-2,-12,-1,-12,-1,-11,-1,-11,-1,-11,0,-11,0,-11,1,-11,0,-11,0,-11,0,-11,0,-11,0,-10,-1,-10,-1,-9,-1,-9,-2,-9,-2,-8,-2,0,0,0,0,0,0,0,0,0,0,0,0,0,0,0,0,0,0,0,0,0,0,-14,-2,-15,-3,-15,-4,-14,-5,-15,-6,-15,-6,-15,-7,-15,-8,-15,-8,-14,-9,-14,-9,-14,-9,-13,-8,-13,-8,-13,-8,-13,-7,-13,-7,-14,-6,-13,-6,-14,-5,-15,-5,-15,-5,-15,-5,-15,-5,-15,-5,-15,-5,0,0,-56,-13,-57,-12,-54,-9,-53,-8,-49,-7,-49,-6,-46,-6,-47,-3,-45,-2,-45,0,-43,2,-41,2,-42,4,-39,6,-42,6,-41,6,-39,6,-40,6,-42,4,-39,3,-37,2,-35,-1,-33,0,-33,-2,-32,-4,-29,-3,-28,-6,-28,-7,0,0,0,0,0,0,0,0,0,0,0,0,0,0,-53,3,-55,-3,-55,-8,-55,-10,-55,-11,-54,-13,-57,-18,-57,-22,-57,-23,-59,-29,-55,-30,-55,-32,-53,-32,-51,-33,-49,-30,-49,-27,-48,-25,-52,-24,-52,-21,-54,-22,-51,-19,-55,-16,-55,-17,-56,-15,-59,-14,-58,-15,-57,-14,-59,-15]"
618021806334500,3.355486100,89764,1856796531,-48,-98,6,0,1,7,0,0,256,0,0,"[0,0,-15,-4,-14,-3,-14,-3,-14,-3,-13,-3,-13,-2,-12,-2,-12,-1,-12,-1,-12,0,-12,0,-11,0,-11,1,-11,1,-11,1,-11,1,-11,1,-11,1,-11,1,-10,0,-10,0,-9,0,-10,-1,-9,-1,-9,-1,-9,-2,0,0,0,0,0,0,0,0,0,0,0,0,0,0,0,0,0,0,0,0,0,0,-15,-2,-15,-3,-15,-3,-15,-4,-15,-5,-16,-6,-16,-7,-16,-8,-15,-8,-15,-8,-14,-8,-14,-8,-13,-8,-14,-7,-13,-7,-14,-6,-14,-6,-14,-6,-14,-5,-15,-5,-15,-5,-15,-4,-16,-4,-15,-4,-15,-4,-15,-4,0,0,-56,-16,-55,-17,-53,-14,-52,-12,-50,-11,-48,-11,-47,-7,-45,-8,-46,-5,-44,-3,-44,0,-41,2,-41,2,-41,2,-42,5,-43,5,-39,4,-42,4,-41,2,-40,1,-39,0,-35,-2,-33,-1,-33,-3,-33,-4,-32,-5,-29,-7,-29,-7,0,0,0,0,0,0,0,0,0,0,0,0,0,0,-53,-3,-53,-8,-55,-11,-54,-15,-53,-18,-54,-20,-55,-23,-57,-26,-55,-30,-55,-33,-52,-35,-52,-34,-51,-35,-49,-34,-48,-32,-49,-31,-47,-30,-49,-28,-49,-27,-51,-25,-52,-22,-53,-23,-52,-21,-56,-19,-57,-18,-56,-17,-56,-15,-56,-17]"
618021824962700,3.374114300,89765,1856816547,-48,-98,6,0,1,7,0,0,256,0,0,"[0,0,-14,7,-14,7,-13,7,-13,7,-12,7,-11,7,-11,7,-10,7,-10,7,-9,8,-9,7,-8,8,-8,8,-8,8,-8,8,-8,8,-7,8,-8,8,-8,8,-8,7,-8,6,-8,6,-7,5,-7,5,-8,4,-8,4,0,0,0,0,0,0,0,0,0,0,0,0,0,0,0,0,0,0,0,0,0,0,-12,8,-13,8,-13,7,-14,7,-15,6,-16,6,-16,5,-17,5,-17,4,-16,3,-16,3,-16,3,-16,3,-15,3,-15,4,-15,4,-15,5,-15,5,-14,5,-14,6,-14,6,-14,7,-15,7,-14,7,-14,7,-14,8,0,0,-26,14,-25,14,-24,14,-22,13,-22,13,-20,14,-19,13,-19,14,-17,13,-16,14,-16,14,-15,14,-14,15,-14,16,-14,16,-14,15,-13,16,-14,15,-14,15,-14,14,-14,14,-14,12,-14,11,-14,10,-14,8,-13,9,-14,8,-14,6,0,0,0,0,0,0,0,0,0,0,0,0,0,0,-19,18,-22,16,-24,14,-24,14,-25,13,-26,12,-27,12,-30,10,-30,10,-31,8,-31,7,-31,6,-31,5,-30,4,-29,4,-28,5,-28,6,-27,7,-26,8,-26,9,-27,10,-26,12,-27,12,-27,13,-26,12,-27,14,-26,13,-27,13]"
618021846164500,3.395316100,89766,1856842182,-48,-98,6,0,1,7,0,0,256,0,0,"[0,0,-15,4,-14,4,-13,4,-13,4,-12,4,-12,4,-11,4,-11,4,-11,5,-10,5,-10,6,-9,6,-9,6,-9,6,-9,6,-9,6,-9,6,-9,6,-9,6,-9,5,-9,5,-8,4,-8,4,-8,3,-8,3,-8,2,0,0,0,0,0,0,0,0,0,0,0,0,0,0,0,0,0,0,0,0,0,0,-13,5,-14,4,-14,4,-14,3,-15,3,-16,2,-16,1,-16,0,-17,0,-16,0,-16,0,-15,0,-15,0,-15,0,-15,0,-14,1,-14,1,-15,2,-14,2,-14,3,-14,3,-14,3,-15,4,-15,4,-14,4,-15,4,0,0,-28,8,-27,7,-26,7,-25,7,-24,7,-23,8,-22,8,-21,9,-21,9,-20,10,-19,11,-17,11,-17,11,-17,12,-17,11,-17,12,-17,11,-17,11,-17,11,-17,9,-17,9,-16,8,-16,8,-15,7,-15,6,-14,4,-16,3,-15,2,0,0,0,0,0,0,0,0,0,0,0,0,0,0,-23,13,-25,11,-25,10,-27,8,-27,7,-27,6,-29,5,-31,4,-31,2,-31,1,-32,0,-31,-1,-30,-1,-29,-1,-29,0,-28,0,-28,0,-28,1,-28,2,-29,3,-27,4,-27,5,-28,5,-28,6,-29,7,-28,8,-28,8,-28,8]"
618021863442400,3.412594000,89767,1856856638,-48,-98,6,0,1,7,0,0,256,0,0,"[0,0,14,4,14,4,13,3,14,3,13,3,12,3,12,2,12,2,12,1,11,1,11,0,11,0,11,-1,11,-1,11,-1,11,-1,10,-1,11,-1,11,-1,10,0,10,0,9,1,9,1,8,1,8,1,8,2,0,0,0,0,0,0,0,0,0,0,0,0,0,0,0,0,0,0,0,0,0,0,14,1,14,2,14,3,14,4,14,5,15,6,15,7,15,8,14,8,14,8,13,8,13,8,13,8,13,8,13,7,13,6,13,6,13,6,13,5,14,5,14,5,14,5,15,4,15,4,15,4,15,4,0,0,57,14,53,13,51,13,52,12,48,11,47,6,48,4,45,2,45,2,44,0,41,0,42,-1,41,-2,41,-6,42,-4,43,-3,39,-4,40,-3,41,-5,40,-2,38,-2,35,0,34,1,33,4,32,6,31,5,29,7,27,10,0,0,0,0,0,0,0,0,0,0,0,0,0,0,51,-2,52,5,54,10,54,9,53,14,53,17,55,20,56,22,57,23,56,27,55,28,52,30,51,32,50,31,48,30,48,29,48,26,49,25,49,24,50,21,51,20,52,15,54,15,54,15,57,15,56,16,57,17,58,15]"
618021883495100,3.432646700,89768,1856881944,-48,-98,6,0,1,7,0,0,256,0,0,"[0,0,12,8,12,8,11,7,12,7,11,7,11,6,11,5,11,5,10,4,11,4,10,4,10,3,10,3,10,3,11,2,10,2,10,3,10,3,9,2,9,3,9,3,8,3,8,4,7,4,7,4,6,4,0,0,0,0,0,0,0,0,0,0,0,0,0,0,0,0,0,0,0,0,0,0,12,6,12,6,12,7,11,8,12,9,12,10,12,10,11,11,11,11,10,12,9,12,9,12,9,11,9,11,9,10,10,10,9,10,10,10,10,9,11,9,11,8,12,8,13,9,12,9,12,9,12,8,0,0,50,29,49,29,48,28,46,26,43,25,44,21,43,21,42,19,43,16,40,15,41,13,40,12,40,9,41,8,42,6,41,6,40,8,41,8,39,7,38,11,38,11,35,11,32,12,30,12,29,14,27,14,26,15,22,17,0,0,0,0,0,0,0,0,0,0,0,0,0,0,50,12,49,20,50,24,49,26,48,27,48,29,46,36,48,37,48,40,45,44,46,44,41,46,39,45,38,46,37,43,37,40,39,41,41,37,42,37,42,36,43,35,46,32,46,34,49,31,51,32,50,32,50,32,53,31]"
618021903745600,3.452897200,89769,1856898665,-48,-98,6,0,1,7,0,0,256,0,0,"[0,0,12,-10,10,-11,10,-11,10,-10,10,-10,9,-10,8,-10,8,-10,7,-10,7,-10,6,-10,5,-10,5,-10,5,-10,5,-11,5,-11,5,-10,5,-10,6,-10,6,-9,6,-9,6,-8,5,-8,5,-7,6,-7,6,-6,0,0,0,0,0,0,0,0,0,0,0,0,0,0,0,0,0,0,0,0,0,0,9,-11,10,-11,11,-11,12,-10,12,-10,13,-10,14,-9,15,-8,15,-8,14,-8,15,-8,14,-7,14,-7,13,-7,13,-8,12,-8,13,-8,12,-9,12,-9,12,-9,12,-10,12,-10,12,-10,11,-11,11,-11,12,-11,0,0,42,-40,41,-39,41,-37,41,-36,35,-36,33,-37,32,-36,29,-37,30,-36,24,-37,24,-37,22,-37,20,-39,19,-39,20,-36,19,-38,19,-38,20,-38,19,-36,20,-34,19,-32,19,-31,20,-28,20,-28,21,-26,22,-24,22,-21,24,-19,0,0,0,0,0,0,0,0,0,0,0,0,0,0,26,-45,35,-43,38,-40,40,-40,42,-38,45,-37,48,-35,53,-32,54,-32,54,-30,56,-27,55,-27,54,-25,54,-22,53,-25,51,-25,50,-27,48,-25,48,-26,48,-29,46,-32,46,-34,44,-37,46,-37,45,-38,44,-39,44,-41,45,-40]"
618021925073800,3.474225400,89770,1856916759,-48,-98,6,0,1,7,0,0,256,0,0,"[0,0,-15,-5,-15,-5,-14,-5,-14,-5,-13,-5,-13,-4,-13,-3,-12,-3,-12,-2,-12,-2,-12,-1,-11,-1,-11,-1,-11,-1,-12,0,-11,0,-11,0,-11,0,-11,-1,-11,-1,-11,-2,-10,-2,-10,-2,-9,-2,-9,-3,-8,-3,0,0,0,0,0,0,0,0,0,0,0,0,0,0,0,0,0,0,0,0,0,0,-14,-3,-14,-4,-15,-5,-14,-6,-15,-7,-15,-8,-15,-8,-14,-9,-14,-10,-14,-10,-13,-10,-13,-10,-13,-9,-12,-9,-13,-9,-13,-8,-13,-8,-14,-7,-14,-7,-14,-7,-14,-7,-14,-7,-15,-6,-15,-6,-15,-6,-15,-6,0,0,-58,-15,-55,-14,-54,-14,-52,-13,-51,-11,-48,-9,-47,-9,-47,-6,-46,-5,-43,-1,-43,0,-43,3,-44,3,-44,3,-43,4,-43,4,-41,4,-43,4,-42,3,-41,1,-39,-1,-38,-2,-35,-2,-33,-3,-33,-5,-33,-5,-31,-7,-29,-9,0,0,0,0,0,0,0,0,0,0,0,0,0,0,-52,-1,-54,-5,-56,-10,-55,-14,-54,-18,-55,-20,-56,-24,-58,-28,-55,-30,-57,-32,-53,-35,-53,-33,-52,-33,-51,-32,-50,-30,-49,-31,-49,-30,-49,-27,-49,-26,-50,-25,-52,-23,-53,-23,-55,-20,-56,-19,-56,-17,-57,-17,-58,-15,-60,-18]"
618021965749200,3.514900800,89771,1856958839,-48,-98,6,0,1,7,0,0,256,0,0,"[0,0,6,13,6,12,6,12,6,11,6,11,6,11,6,10,6,9,6,9,6,8,7,8,7,8,7,7,7,7,7,7,7,7,7,7,7,7,7,7,6,7,6,7,5,7,5,7,5,7,4,6,4,6,0,0,0,0,0,0,0,0,0,0,0,0,0,0,0,0,0,0,0,0,0,0,7,11,6,12,6,12,6,13,5,14,4,15,4,15,3,15,3,15,2,15,2,15,2,14,2,14,2,14,3,14,3,13,3,13,4,13,4,13,5,13,5,13,6,13,6,13,6,13,6,13,7,13,0,0,25,53,23,51,24,48,24,47,23,45,23,42,24,40,24,39,27,36,27,33,28,32,28,32,29,29,30,29,31,27,30,28,31,29,29,28,29,28,26,29,24,29,22,29,21,28,19,28,16,27,16,27,12,28,10,28,0,0,0,0,0,0,0,0,0,0,0,0,0,0,34,40,31,43,30,46,28,48,23,52,21,54,21,57,19,58,14,58,15,61,11,62,9,61,10,59,9,58,9,56,9,56,10,56,11,52,14,55,15,54,17,53,18,53,21,52,21,54,23,53,24,52,26,54,27,53]"
618021986421500,3.535573100,89772,1856976648,-48,-98,6,0,1,7,0,0,256,0,0,"[0,0,1,-16,0,-16,0,-15,0,-15,0,-14,0,-14,-1,-14,-1,-13,-1,-13,-2,-12,-2,-12,-3,-12,-4,-12,-4,-11,-4,-11,-4,-11,-4,-11,-3,-11,-3,-11,-2,-11,-2,-11,-2,-10,-1,-10,-1,-10,-1,-9,0,-9,0,0,0,0,0,0,0,0,0,0,0,0,0,0,0,0,0,0,0,0,0,0,-1,-15,0,-15,0,-16,1,-16,2,-16,3,-16,4,-16,5,-17,6,-16,6,-16,5,-15,5,-15,5,-15,5,-15,5,-15,4,-15,4,-15,3,-15,3,-15,2,-16,2,-16,1,-16,1,-16,1,-17,0,-16,1,-16,0,0,3,-28,2,-30,2,-29,1,-26,2,-26,0,-25,0,-25,0,-25,-1,-23,-2,-22,-5,-21,-5,-21,-6,-21,-6,-21,-6,-21,-6,-20,-5,-21,-5,-21,-4,-20,-4,-20,-3,-19,-2,-18,-3,-18,-2,-17,-1,-17,0,-16,2,-16,2,-15,0,0,0,0,0,0,0,0,0,0,0,0,0,0,-6,-25,-3,-27,-1,-27,1,-28,2,-29,3,-30,6,-30,8,-30,10,-29,11,-30,11,-29,12,-29,11,-29,10,-28,11,-27,10,-26,10,-27,8,-27,7,-27,7,-26,7,-28,6,-28,6,-29,4,-30,4,-30,2,-30,2,-30,3,-31]"
618022004517700,3.553669300,89773,1856996603,-48,-98,6,0,1,7,0,0,256,0,0,"[0,0,10,-10,9,-11,9,-11,9,-10,8,-10,7,-10,7,-10,7,-10,6,-10,6,-10,5,-10,4,-10,4,-10,4,-10,4,-11,4,-10,4,-10,4,-10,4,-10,5,-9,5,-9,4,-9,5,-8,4,-7,5,-7,5,-6,0,0,0,0,0,0,0,0,0,0,0,0,0,0,0,0,0,0,0,0,0,0,8,-11,8,-11,9,-11,10,-11,11,-11,12,-10,13,-10,13,-9,13,-9,13,-8,13,-8,13,-7,12,-8,12,-8,12,-8,11,-8,11,-8,11,-9,11,-9,10,-10,10,-10,10,-11,11,-11,10,-11,10,-11,10,-11,0,0,37,-41,38,-44,35,-41,36,-40,33,-40,30,-40,27,-40,26,-38,25,-38,21,-38,18,-39,17,-39,17,-40,15,-39,17,-40,15,-37,16,-39,16,-37,17,-38,20,-35,18,-34,18,-32,19,-32,19,-29,18,-26,19,-23,21,-23,21,-20,0,0,0,0,0,0,0,0,0,0,0,0,0,0,22,-50,26,-46,30,-45,33,-43,37,-45,39,-41,44,-41,45,-38,48,-38,52,-35,52,-32,52,-34,52,-32,51,-31,49,-30,47,-31,46,-31,45,-33,44,-32,44,-35,40,-37,43,-38,40,-40,40,-42,41,-43,38,-44,39,-45,39,-44]"
618022025560300,3.574711900,89774,1857019061,-48,-98,6,0,1,7,0,0,256,0,0,"[0,0,-15,5,-14,4,-14,5,-13,4,-13,4,-12,5,-11,5,-11,5,-11,5,-10,6,-10,6,-9,6,-9,6,-9,6,-9,6,-9,7,-8,6,-9,6,-9,5,-9,5,-9,5,-9,4,-8,4,-8,4,-8,3,-8,2,0,0,0,0,0,0,0,0,0,0,0,0,0,0,0,0,0,0,0,0,0,0,-13,6,-14,6,-14,5,-14,5,-15,4,-16,3,-16,3,-17,1,-17,2,-16,1,-16,1,-16,0,-15,0,-15,1,-15,1,-15,2,-15,2,-15,2,-14,3,-14,3,-14,3,-15,4,-15,4,-15,5,-15,5,-15,5,0,0,-29,8,-27,8,-28,8,-24,8,-26,8,-23,10,-22,10,-21,9,-21,9,-18,10,-19,11,-18,11,-18,11,-18,13,-16,12,-17,13,-16,13,-17,12,-17,11,-18,11,-17,9,-16,9,-15,8,-16,7,-15,5,-15,5,-15,4,-16,2,0,0,0,0,0,0,0,0,0,0,0,0,0,0,-21,14,-24,11,-25,10,-27,9,-27,8,-28,7,-28,6,-32,4,-31,3,-32,2,-32,0,-31,0,-31,0,-31,-1,-29,-1,-29,1,-29,1,-27,1,-29,2,-28,3,-29,4,-28,6,-28,7,-28,7,-27,7,-28,8,-28,7,-29,7]"
618022049900800,3.599052400,89775,1857041874,-48,-98,6,0,1,7,0,0,256,0,0,"[0,0,14,-6,14,-7,12,-6,13,-6,12,-6,11,-7,10,-7,10,-7,9,-7,10,-7,9,-7,8,-8,8,-8,7,-8,8,-9,8,-8,8,-8,8,-8,8,-8,8,-7,8,-7,7,-6,8,-6,7,-5,7,-5,7,-4,0,0,0,0,0,0,0,0,0,0,0,0,0,0,0,0,0,0,0,0,0,0,13,-7,13,-6,14,-6,14,-5,15,-5,15,-4,16,-4,16,-2,16,-3,16,-1,16,-1,15,-1,15,-1,15,-1,14,-2,15,-3,14,-3,15,-4,14,-4,14,-5,14,-5,14,-6,15,-6,15,-6,14,-6,15,-6,0,0,27,-11,25,-13,25,-13,24,-11,22,-12,21,-12,20,-12,19,-13,19,-13,18,-13,17,-14,15,-15,14,-15,14,-15,14,-15,15,-16,13,-16,15,-16,15,-15,15,-14,14,-12,14,-12,13,-12,13,-10,13,-9,13,-8,13,-7,13,-7,0,0,0,0,0,0,0,0,0,0,0,0,0,0,20,-17,22,-15,23,-14,25,-12,26,-11,27,-11,28,-8,30,-9,30,-5,30,-5,30,-3,30,-4,29,-5,29,-4,29,-4,27,-4,27,-5,27,-5,27,-6,27,-6,27,-9,27,-9,27,-10,27,-10,27,-12,26,-13,26,-13,27,-13]"
618022064741900,3.613893500,89776,1857058135,-48,-98,6,0,1,7,0,0,256,0,0,"[0,0,10,10,10,10,10,10,10,9,9,9,9,8,9,8,9,7,9,6,9,6,9,5,9,5,9,5,9,5,10,4,9,4,9,5,9,4,9,5,9,5,8,5,7,5,7,5,6,5,6,5,5,5,0,0,0,0,0,0,0,0,0,0,0,0,0,0,0,0,0,0,0,0,0,0,11,8,11,9,11,9,10,10,10,11,10,12,9,13,9,13,9,13,7,14,7,13,7,13,7,13,7,13,7,12,8,11,8,11,8,11,9,11,9,11,9,11,10,10,10,11,10,11,10,11,11,11,0,0,40,42,39,40,38,40,38,38,37,37,35,32,36,32,37,30,36,26,35,25,37,23,36,24,38,21,37,20,40,18,39,19,37,19,37,20,37,20,33,21,32,22,29,20,28,23,25,22,24,22,21,22,20,24,18,24,0,0,0,0,0,0,0,0,0,0,0,0,0,0,44,27,42,32,40,35,39,38,40,39,39,42,37,47,37,51,35,52,32,55,29,55,27,56,25,56,26,55,23,52,23,50,25,50,28,47,31,48,32,46,32,46,35,43,35,45,39,43,39,44,39,45,40,43,41,44]"
618022085182200,3.634333800,89777,1857076613,-48,-98,6,0,1,7,0,0,256,0,0,"[0,0,-6,-14,-6,-15,-5,-14,-5,-13,-6,-13,-6,-12,-6,-12,-6,-11,-6,-11,-7,-10,-7,-9,-7,-10,-7,-9,-7,-9,-8,-9,-7,-9,-8,-9,-7,-8,-7,-9,-6,-9,-6,-9,-6,-9,-5,-9,-5,-8,-4,-8,-4,-8,0,0,0,0,0,0,0,0,0,0,0,0,0,0,0,0,0,0,0,0,0,0,-7,-13,-6,-13,-6,-15,-5,-14,-5,-16,-4,-15,-3,-16,-2,-16,-2,-17,-1,-17,-1,-16,-1,-16,-1,-16,-1,-15,-2,-15,-2,-15,-3,-14,-3,-15,-3,-14,-4,-15,-5,-15,-5,-15,-5,-15,-5,-15,-6,-15,-5,-15,0,0,-11,-26,-10,-27,-10,-26,-10,-24,-10,-24,-12,-22,-12,-22,-11,-21,-12,-20,-13,-19,-12,-17,-13,-17,-14,-17,-15,-17,-14,-16,-14,-16,-14,-16,-14,-16,-14,-16,-13,-16,-12,-16,-10,-16,-9,-16,-7,-15,-8,-15,-7,-15,-5,-16,-3,-16,0,0,0,0,0,0,0,0,0,0,0,0,0,0,-17,-21,-15,-24,-12,-25,-11,-25,-10,-27,-9,-28,-8,-30,-8,-30,-7,-30,-5,-31,-3,-31,-3,-31,-3,-30,-2,-30,-2,-29,-3,-29,-3,-28,-4,-28,-5,-27,-6,-27,-7,-28,-8,-27,-9,-28,-10,-28,-10,-28,-10,-28,-11,-29,-10,-29]"
618022103412800,3.652564400,89778,1857096681,-48,-98,6,0,1,7,0,0,256,0,0,"[0,0,-14,6,-13,6,-13,5,-13,5,-12,6,-11,6,-11,5,-10,6,-10,6,-10,6,-9,6,-9,6,-8,6,-8,7,-8,7,-8,7,-8,7,-8,7,-8,6,-8,6,-8,6,-8,5,-8,5,-7,4,-8,3,-8,3,0,0,0,0,0,0,0,0,0,0,0,0,0,0,0,0,0,0,0,0,0,0,-12,7,-13,6,-13,6,-14,5,-15,5,-15,4,-16,4,-16,3,-16,2,-16,2,-16,1,-15,1,-15,1,-15,1,-14,2,-15,3,-14,3,-15,3,-14,4,-14,5,-14,5,-14,5,-15,6,-14,5,-14,5,-14,5,0,0,-54,20,-53,20,-50,22,-50,21,-48,22,-45,21,-41,24,-41,22,-36,22,-37,24,-35,25,-33,27,-32,26,-31,27,-32,28,-32,27,-32,28,-32,27,-32,26,-32,23,-31,21,-29,20,-30,20,-30,18,-30,14,-28,12,-30,11,-29,8,0,0,0,0,0,0,0,0,0,0,0,0,0,0,-42,30,-47,27,-49,22,-50,19,-53,21,-55,17,-59,14,-61,11,-62,9,-63,6,-61,6,-62,4,-61,3,-60,3,-57,3,-54,4,-55,7,-56,7,-54,7,-55,10,-54,13,-55,16,-54,17,-55,21,-55,18,-55,21,-55,21,-56,20]"
618022126586200,3.675737800,89779,1857117544,-48,-98,6,0,1,7,0,0,256,0,0,"[0,0,1,-15,1,-15,1,-15,1,-14,0,-14,0,-14,0,-13,-1,-12,-1,-12,-2,-12,-2,-12,-3,-12,-3,-12,-3,-11,-3,-11,-3,-11,-3,-11,-3,-11,-2,-11,-2,-11,-2,-10,-1,-10,-1,-10,-1,-9,0,-9,0,-8,0,0,0,0,0,0,0,0,0,0,0,0,0,0,0,0,0,0,0,0,0,0,0,-14,1,-15,1,-15,2,-15,3,-16,4,-16,5,-16,6,-16,6,-15,6,-15,6,-14,6,-14,6,-14,5,-14,5,-14,4,-13,4,-14,4,-14,3,-15,3,-15,2,-15,2,-16,2,-16,2,-16,1,-16,2,-16,0,0,10,-57,8,-56,8,-56,7,-51,4,-52,3,-50,3,-48,1,-48,0,-45,-2,-43,-6,-43,-7,-43,-9,-42,-10,-44,-11,-41,-10,-42,-10,-40,-10,-41,-8,-39,-5,-40,-5,-37,-3,-37,-2,-34,-2,-34,0,-33,2,-32,4,-32,6,-31,0,0,0,0,0,0,0,0,0,0,0,0,0,0,-3,-52,2,-53,5,-54,9,-55,9,-54,13,-56,17,-56,21,-58,25,-57,28,-56,28,-54,30,-54,29,-53,29,-50,28,-50,25,-50,25,-51,19,-50,20,-53,19,-52,19,-54,15,-54,16,-55,12,-57,14,-56,10,-58,11,-59,13,-59]"
618022146268000,3.695419600,89780,1857136595,-48,-98,6,0,1,7,0,0,256,0,0,"[0,0,-13,-8,-13,-7,-13,-7,-12,-7,-13,-7,-12,-6,-12,-5,-12,-5,-11,-4,-11,-4,-11,-3,-11,-3,-11,-3,-11,-3,-11,-2,-11,-2,-11,-3,-11,-3,-11,-3,-10,-3,-10,-3,-9,-4,-9,-4,-9,-4,-8,-4,-8,-4,0,0,0,0,0,0,0,0,0,0,0,0,0,0,0,0,0,0,0,0,0,0,-13,-5,-14,-6,-14,-7,-14,-8,-14,-8,-14,-10,-13,-10,-13,-11,-13,-11,-12,-11,-12,-11,-12,-11,-11,-11,-11,-11,-11,-10,-12,-9,-12,-10,-12,-9,-13,-9,-13,-8,-13,-9,-13,-8,-14,-8,-14,-8,-14,-8,-14,-8,0,0,-51,-30,-49,-30,-50,-28,-47,-25,-45,-23,-43,-21,-43,-22,-43,-19,-43,-18,-42,-13,-41,-12,-41,-11,-41,-9,-43,-9,-41,-8,-43,-6,-41,-8,-41,-8,-39,-10,-41,-10,-37,-11,-34,-13,-34,-13,-32,-13,-31,-15,-29,-15,-26,-17,-24,-19,0,0,0,0,0,0,0,0,0,0,0,0,0,0,-52,-11,-51,-17,-53,-21,-51,-26,-49,-28,-48,-29,-49,-33,-51,-37,-48,-40,-49,-42,-46,-44,-43,-44,-42,-43,-43,-44,-40,-41,-40,-40,-41,-40,-40,-37,-42,-37,-44,-35,-44,-33,-45,-34,-48,-32,-52,-32,-50,-29,-49,-30,-50,-30,-53,-31]"
618022166412400,3.715564000,89781,1857156646,-48,-98,6,0,1,7,0,0,256,0,0,"[0,0,-12,10,-12,10,-11,9,-11,9,-10,9,-10,9,-9,9,-8,9,-8,9,-8,9,-7,9,-6,9,-6,9,-6,9,-6,10,-6,9,-6,9,-6,9,-7,9,-6,8,-7,8,-6,7,-6,7,-6,7,-6,6,-7,5,0,0,0,0,0,0,0,0,0,0,0,0,0,0,0,0,0,0,0,0,0,0,-10,10,-11,10,-12,10,-12,9,-13,9,-14,8,-15,8,-16,7,-15,7,-15,6,-15,6,-15,6,-15,6,-14,6,-14,6,-14,7,-13,7,-14,7,-13,8,-13,9,-13,9,-12,9,-13,10,-13,10,-12,10,-12,10,0,0,-45,37,-44,38,-41,37,-39,34,-39,37,-35,35,-33,34,-32,35,-29,34,-27,36,-24,36,-23,35,-21,35,-20,37,-21,37,-20,37,-19,38,-20,37,-22,34,-22,33,-22,31,-22,29,-23,30,-21,27,-22,22,-23,21,-24,20,-24,18,0,0,0,0,0,0,0,0,0,0,0,0,0,0,-31,41,-36,39,-38,37,-41,34,-44,38,-45,35,-50,34,-53,30,-55,30,-57,25,-58,24,-58,23,-58,21,-56,21,-55,21,-50,22,-51,23,-49,25,-48,27,-49,28,-48,31,-46,32,-46,33,-46,35,-48,36,-45,37,-45,38,-47,37]"
618022183966600,3.733118200,89782,1857177056,-48,-98,6,0,1,7,0,0,256,0,0,"[0,0,7,13,7,13,7,12,7,11,7,11,7,11,7,10,7,9,7,9,7,8,8,8,8,7,8,7,8,7,8,7,8,7,8,7,8,7,8,7,7,7,7,7,6,7,6,7,5,7,5,6,4,7,0,0,0,0,0,0,0,0,0,0,0,0,0,0,0,0,0,0,0,0,0,0,8,12,7,12,7,13,6,13,6,14,5,15,5,15,4,16,4,16,3,16,3,15,3,15,3,15,3,14,3,14,4,14,4,13,4,14,5,13,6,13,6,13,7,13,7,14,7,14,7,13,7,13,0,0,15,23,15,24,14,22,15,21,13,20,15,19,14,18,15,17,15,15,16,15,15,14,15,14,16,13,16,11,18,12,16,11,17,13,16,11,16,11,15,11,14,12,12,12,12,12,10,13,9,12,9,11,9,13,6,13,0,0,0,0,0,0,0,0,0,0,0,0,0,0,18,19,15,21,14,22,13,22,14,25,12,23,12,28,10,27,12,28,10,29,8,28,6,30,5,30,6,29,5,27,5,26,7,25,9,26,9,24,10,26,10,25,13,25,14,25,14,24,15,26,14,25,14,26,14,24]"
618022204272300,3.753423900,89783,1857196635,-48,-98,6,0,1,7,0,0,256,0,0,"[0,0,-12,8,-11,8,-11,8,-11,8,-10,8,-10,8,-9,8,-9,8,-8,8,-8,8,-8,8,-7,8,-7,8,-6,8,-6,9,-6,8,-6,8,-6,8,-7,8,-7,7,-7,7,-7,6,-7,6,-7,5,-7,5,-7,4,0,0,0,0,0,0,0,0,0,0,0,0,0,0,0,0,0,0,0,0,0,0,-10,9,-11,9,-11,9,-12,8,-13,8,-14,8,-14,7,-15,6,-15,6,-15,5,-15,5,-14,5,-14,5,-14,5,-13,5,-13,6,-13,6,-13,6,-12,7,-12,7,-12,8,-12,8,-13,8,-12,9,-12,9,-13,9,0,0,-46,35,-45,35,-43,34,-41,33,-38,33,-36,32,-35,33,-33,32,-32,32,-28,32,-25,33,-24,36,-23,36,-21,35,-22,36,-22,35,-21,36,-21,34,-23,34,-24,31,-24,29,-23,28,-23,26,-22,26,-24,23,-25,19,-25,19,-26,17,0,0,0,0,0,0,0,0,0,0,0,0,0,0,-29,43,-35,40,-38,38,-44,36,-45,34,-45,33,-49,33,-53,29,-56,26,-58,25,-57,23,-58,23,-57,22,-54,21,-54,23,-53,24,-51,23,-50,23,-50,24,-51,26,-48,29,-49,30,-47,31,-50,32,-47,35,-45,37,-45,38,-46,37]"
618022224028700,3.773180300,89784,1857216798,-48,-98,6,0,1,7,0,0,256,0,0,"[0,0,9,-13,8,-13,8,-13,7,-12,7,-12,6,-12,6,-12,5,-12,5,-11,5,-11,4,-11,4,-11,3,-11,3,-11,3,-11,3,-11,3,-11,3,-11,3,-11,4,-10,3,-10,4,-9,4,-9,4,-8,4,-8,5,-7,0,0,0,0,0,0,0,0,0,0,0,0,0,0,0,0,0,0,0,0,0,0,6,-13,7,-13,7,-13,8,-13,9,-13,10,-13,11,-12,12,-12,12,-12,12,-11,12,-10,12,-10,12,-10,11,-10,11,-10,10,-10,10,-11,10,-11,9,-12,9,-12,9,-12,9,-13,9,-13,9,-13,9,-13,9,-13,0,0,29,-51,27,-54,25,-50,26,-47,22,-46,22,-47,19,-44,17,-44,18,-41,14,-44,10,-42,8,-43,7,-44,6,-41,7,-43,6,-41,7,-44,7,-41,8,-40,10,-38,10,-39,11,-35,12,-35,11,-32,13,-30,12,-27,16,-28,19,-25,0,0,0,0,0,0,0,0,0,0,0,0,0,0,10,-54,16,-52,20,-50,23,-49,28,-52,30,-49,36,-53,38,-50,39,-48,44,-48,44,-44,45,-46,44,-45,43,-43,40,-42,40,-41,38,-41,38,-44,35,-42,38,-44,34,-46,33,-48,33,-50,31,-50,31,-53,28,-53,26,-55,31,-53]"
618022246319700,3.795471300,89785,1857236596,-48,-98,6,0,1,7,0,0,256,0,0,"[0,0,-13,9,-12,9,-12,8,-12,8,-11,8,-10,8,-9,8,-9,8,-9,8,-8,9,-8,8,-7,8,-7,9,-6,9,-7,9,-7,9,-6,9,-7,8,-7,8,-7,8,-7,8,-6,7,-7,6,-7,6,-7,5,-7,5,0,0,0,0,0,0,0,0,0,0,0,0,0,0,0,0,0,0,0,0,0,0,-11,9,-12,9,-12,8,-13,8,-14,8,-15,7,-16,7,-16,6,-16,6,-16,5,-16,5,-15,4,-15,4,-14,5,-14,5,-14,5,-14,5,-14,6,-13,7,-13,7,-13,8,-13,8,-14,8,-13,9,-13,9,-13,9,0,0,-51,31,-49,34,-44,32,-43,31,-41,30,-41,32,-37,31,-37,30,-34,30,-31,32,-30,33,-28,32,-26,33,-26,33,-26,34,-23,33,-24,34,-25,31,-26,32,-27,29,-27,27,-26,27,-26,24,-25,23,-27,20,-25,19,-26,16,-27,14,0,0,0,0,0,0,0,0,0,0,0,0,0,0,-35,41,-40,38,-42,36,-46,31,-48,34,-49,31,-56,30,-55,25,-58,25,-60,19,-61,18,-62,17,-60,17,-59,14,-57,15,-55,18,-52,19,-53,21,-51,20,-54,22,-51,26,-51,28,-51,28,-50,30,-52,31,-50,32,-50,32,-50,32]"
618022264973000,3.814124600,89786,1857256600,-48,-98,6,0,1,7,0,0,256,0,0,"[0,0,-8,12,-8,13,-7,12,-7,12,-7,12,-6,11,-6,11,-5,11,-5,10,-5,11,-4,10,-4,10,-3,10,-3,10,-3,10,-3,10,-3,10,-3,10,-3,10,-4,9,-4,9,-4,9,-4,8,-4,8,-5,7,-5,6,0,0,0,0,0,0,0,0,0,0,0,0,0,0,0,0,0,0,0,0,0,0,-6,13,-7,12,-8,13,-8,12,-10,13,-11,12,-12,12,-12,11,-12,11,-13,11,-12,10,-12,10,-12,10,-12,10,-11,10,-11,10,-10,10,-10,11,-9,11,-9,12,-9,12,-9,13,-10,13,-8,13,-8,13,-9,13,0,0,-20,51,-19,51,-17,53,-18,48,-16,47,-15,46,-14,45,-12,44,-10,42,-7,42,-4,42,-3,41,-1,42,-1,40,-1,41,-1,40,-1,40,-2,39,-3,39,-4,38,-5,36,-8,35,-6,35,-8,31,-8,30,-10,28,-12,28,-14,26,0,0,0,0,0,0,0,0,0,0,0,0,0,0,-2,53,-8,53,-13,50,-16,50,-19,54,-20,54,-25,56,-31,53,-32,53,-36,53,-35,48,-37,49,-37,48,-36,47,-35,46,-32,44,-32,44,-30,46,-29,45,-29,47,-26,50,-24,51,-25,52,-23,52,-23,53,-23,55,-21,54,-20,54]"
618022285450300,3.834601900,89787,1857276580,-48,-98,6,0,1,7,0,0,256,0,0,"[0,0,-12,10,-11,9,-11,9,-10,9,-10,9,-9,9,-9,9,-8,9,-8,9,-7,9,-7,9,-6,9,-6,9,-5,9,-6,9,-6,9,-5,9,-5,9,-6,9,-6,8,-6,8,-6,8,-6,7,-6,7,-6,6,-6,6,0,0,0,0,0,0,0,0,0,0,0,0,0,0,0,0,0,0,0,0,0,0,-10,10,-11,10,-12,9,-13,9,-13,8,-14,8,-15,8,-15,7,-15,6,-15,6,-15,6,-15,6,-14,5,-14,6,-14,6,-13,6,-14,7,-13,7,-13,8,-12,8,-13,9,-12,9,-13,9,-12,10,-12,10,-12,10,0,0,-47,34,-46,35,-44,34,-43,33,-39,34,-36,32,-35,33,-33,32,-31,32,-27,35,-27,34,-24,35,-23,36,-22,36,-22,36,-22,35,-22,36,-22,34,-22,34,-24,31,-24,29,-22,29,-22,27,-23,24,-23,23,-22,21,-25,20,-25,16,0,0,0,0,0,0,0,0,0,0,0,0,0,0,-32,42,-39,39,-41,36,-44,34,-47,33,-48,30,-54,30,-55,28,-57,26,-59,23,-59,20,-59,22,-57,21,-57,19,-56,21,-54,21,-53,21,-51,21,-50,23,-51,25,-50,27,-49,32,-49,31,-50,31,-49,35,-50,36,-45,38,-48,35]"
618022302575200,3.851726800,89788,1857296636,-48,-98,6,0,1,7,0,0,256,0,0,"[0,0,6,13,5,13,5,13,5,12,6,12,5,11,6,10,6,10,6,9,6,9,6,8,7,8,7,8,7,8,7,7,7,7,7,7,7,7,6,8,5,8,5,8,5,8,4,7,4,7,3,7,3,6,0,0,0,0,0,0,0,0,0,0,0,0,0,0,0,0,0,0,0,0,0,0,8,11,7,12,6,13,6,13,5,14,5,15,4,15,3,16,2,16,2,15,2,15,2,15,2,15,2,14,3,14,3,14,3,13,3,13,4,13,4,13,5,13,5,14,6,14,6,13,7,14,6,13,0,0,9,28,8,26,9,25,9,24,9,24,9,22,10,22,9,20,10,19,10,18,11,18,12,17,12,17,12,17,12,16,12,16,12,16,12,15,11,16,11,16,9,15,9,16,8,15,6,15,6,14,6,15,3,13,3,14,0,0,0,0,0,0,0,0,0,0,0,0,0,0,15,22,12,24,11,24,10,26,8,26,7,27,6,28,5,31,4,30,3,31,1,31,1,30,0,30,0,29,0,29,1,29,1,28,2,26,2,27,4,26,5,27,6,27,6,27,7,28,8,27,8,28,9,27,10,28]"
618022324918400,3.874070000,89789,1857316562,-48,-98,6,0,1,7,0,0,256,0,0,"[0,0,-9,12,-8,11,-8,11,-8,11,-8,11,-7,11,-6,10,-6,11,-5,10,-5,10,-4,10,-4,10,-3,10,-3,10,-3,10,-3,10,-3,10,-3,10,-4,10,-4,9,-4,9,-4,8,-4,8,-4,7,-4,7,-5,6,0,0,0,0,0,0,0,0,0,0,0,0,0,0,0,0,0,0,0,0,0,0,-7,12,-8,12,-8,12,-10,12,-10,12,-12,11,-12,11,-13,11,-13,10,-13,10,-13,9,-13,9,-12,9,-12,9,-12,9,-11,9,-11,10,-10,10,-10,11,-10,11,-10,11,-9,12,-10,12,-9,12,-9,12,-9,12,0,0,-39,42,-38,44,-38,42,-34,40,-32,40,-32,36,-30,39,-28,36,-26,36,-23,37,-21,37,-18,38,-18,38,-16,39,-16,37,-15,37,-15,39,-16,36,-17,36,-19,34,-19,31,-18,31,-18,30,-19,28,-18,27,-20,22,-21,21,-22,20,0,0,0,0,0,0,0,0,0,0,0,0,0,0,-23,49,-29,46,-33,44,-36,43,-38,43,-40,41,-45,40,-48,39,-51,35,-53,33,-53,31,-54,32,-53,31,-51,29,-51,32,-48,30,-49,31,-46,30,-45,32,-44,33,-44,37,-43,38,-43,39,-43,41,-42,42,-41,44,-39,43,-41,45]"
618022345684500,3.894836100,89790,1857336736,-48,-98,6,0,1,7,0,0,256,0,0,"[0,0,1,-15,0,-15,0,-15,0,-14,-1,-14,-1,-13,-2,-13,-2,-13,-2,-12,-2,-12,-3,-11,-3,-11,-3,-11,-4,-11,-4,-11,-4,-10,-4,-10,-3,-10,-3,-10,-3,-10,-2,-10,-2,-10,-2,-9,-2,-9,-1,-9,-1,-8,0,0,0,0,0,0,0,0,0,0,0,0,0,0,0,0,0,0,0,0,0,0,-1,-14,-1,-15,0,-15,1,-16,1,-16,2,-16,3,-16,4,-16,4,-16,5,-16,4,-15,5,-15,5,-15,4,-15,4,-15,3,-15,3,-14,3,-15,2,-15,1,-15,1,-15,1,-16,1,-16,0,-16,0,-16,0,-16,0,0,3,-55,2,-58,1,-57,1,-53,2,-51,-1,-50,-2,-49,-3,-47,-4,-45,-9,-42,-10,-41,-11,-42,-12,-41,-12,-40,-14,-39,-12,-39,-11,-39,-12,-39,-11,-38,-8,-39,-8,-37,-5,-36,-6,-36,-5,-34,-3,-30,0,-29,2,-31,5,-31,0,0,0,0,0,0,0,0,0,0,0,0,0,0,-12,-53,-7,-54,-3,-54,0,-54,2,-58,5,-58,8,-60,12,-62,14,-61,18,-60,20,-58,19,-60,22,-57,18,-56,19,-55,18,-54,17,-53,15,-54,13,-53,12,-54,11,-56,8,-58,9,-59,6,-59,6,-60,3,-61,2,-60,3,-60]"
618022366469000,3.915620600,89791,1857357761,-48,-98,6,0,1,7,0,0,256,0,0,"[0,0,-12,-9,-12,-9,-11,-9,-11,-8,-11,-8,-11,-7,-11,-7,-11,-6,-10,-6,-10,-5,-10,-5,-10,-5,-10,-4,-10,-4,-11,-4,-10,-3,-10,-4,-10,-4,-10,-4,-10,-4,-9,-4,-9,-4,-8,-5,-8,-5,-7,-5,-7,-5,0,0,0,0,0,0,0,0,0,0,0,0,0,0,0,0,0,0,0,0,0,0,-12,-7,-12,-8,-12,-9,-12,-10,-12,-11,-12,-11,-11,-12,-11,-12,-11,-13,-10,-13,-10,-13,-9,-13,-9,-12,-9,-12,-9,-12,-10,-11,-10,-11,-11,-11,-10,-10,-11,-10,-11,-10,-12,-10,-12,-10,-12,-10,-12,-10,-12,-9,0,0,-46,-35,-47,-33,-45,-32,-45,-29,-45,-29,-42,-28,-41,-26,-40,-23,-39,-19,-40,-17,-42,-13,-40,-13,-41,-11,-40,-11,-42,-10,-40,-10,-39,-11,-40,-9,-39,-13,-37,-15,-35,-15,-32,-16,-31,-14,-31,-13,-29,-14,-26,-18,-26,-18,-23,-18,0,0,0,0,0,0,0,0,0,0,0,0,0,0,-50,-18,-51,-22,-48,-25,-48,-32,-48,-33,-46,-36,-46,-39,-45,-43,-43,-48,-39,-49,-39,-51,-39,-50,-39,-48,-40,-46,-36,-44,-36,-43,-36,-44,-37,-42,-39,-41,-40,-39,-42,-39,-42,-41,-43,-38,-45,-39,-48,-35,-48,-33,-48,-35,-50,-33]"
618022384055100,3.933206700,89792,1857377142,-48,-98,6,0,1,7,0,0,256,0,0,"[0,0,-14,5,-13,5,-13,5,-13,5,-12,5,-12,5,-11,5,-10,5,-10,6,-10,6,-9,6,-9,6,-9,6,-8,6,-8,7,-8,7,-8,7,-8,6,-8,6,-8,5,-8,5,-8,5,-8,4,-7,4,-7,3,-7,3,0,0,0,0,0,0,0,0,0,0,0,0,0,0,0,0,0,0,0,0,0,0,-12,6,-13,6,-13,6,-14,5,-15,4,-15,4,-16,3,-16,2,-16,2,-16,1,-16,1,-16,1,-15,1,-15,1,-14,1,-15,2,-14,2,-15,3,-14,3,-14,4,-14,4,-14,5,-15,5,-14,5,-14,5,-14,5,0,0,-55,23,-51,23,-50,22,-48,22,-44,24,-42,23,-41,23,-40,24,-38,24,-35,24,-33,26,-31,27,-30,27,-27,27,-30,29,-28,28,-27,28,-30,27,-29,27,-30,23,-29,23,-29,20,-27,19,-26,18,-27,15,-27,14,-27,13,-27,11,0,0,0,0,0,0,0,0,0,0,0,0,0,0,-42,34,-46,27,-49,26,-51,24,-54,23,-53,21,-57,19,-59,14,-60,13,-62,9,-64,8,-64,6,-62,5,-60,5,-58,6,-57,8,-57,8,-55,10,-54,12,-56,13,-53,15,-53,17,-55,19,-54,21,-56,21,-54,24,-55,23,-55,22]"
618022404643200,3.953794800,89793,1857396756,-48,-98,6,0,1,7,0,0,256,0,0,"[0,0,-14,-7,-14,-6,-13,-6,-13,-6,-13,-6,-12,-5,-12,-4,-12,-4,-11,-4,-11,-3,-12,-2,-11,-2,-11,-2,-11,-2,-11,-1,-11,-1,-11,-2,-11,-1,-11,-2,-10,-2,-10,-3,-9,-3,-9,-3,-9,-3,-8,-3,-8,-4,0,0,0,0,0,0,0,0,0,0,0,0,0,0,0,0,0,0,0,0,0,0,-15,-4,-14,-5,-15,-6,-14,-6,-15,-7,-15,-8,-14,-9,-14,-10,-14,-10,-13,-11,-13,-10,-13,-10,-12,-10,-12,-9,-12,-9,-13,-9,-13,-8,-13,-8,-13,-8,-13,-8,-13,-7,-14,-7,-15,-7,-15,-7,-14,-6,-14,-6,0,0,-52,-24,-51,-20,-50,-22,-48,-20,-49,-19,-46,-18,-46,-15,-43,-13,-43,-10,-42,-7,-44,-7,-41,-6,-41,-4,-41,-3,-40,-3,-42,-4,-40,-2,-42,-2,-40,-5,-39,-5,-38,-8,-35,-6,-34,-7,-33,-9,-31,-8,-29,-11,-27,-12,-25,-13,0,0,0,0,0,0,0,0,0,0,0,0,0,0,-52,-4,-54,-11,-53,-14,-53,-18,-52,-22,-52,-23,-55,-27,-55,-32,-53,-36,-51,-38,-49,-39,-49,-38,-48,-38,-47,-36,-45,-37,-44,-35,-45,-34,-45,-31,-46,-32,-50,-31,-49,-28,-51,-27,-50,-27,-51,-25,-53,-23,-56,-22,-53,-23,-55,-22]"
618022422633700,3.971785300,89794,1857416573,-49,-98,6,0,1,7,0,0,256,0,0,"[0,0,14,6,13,6,13,6,12,5,12,5,12,4,11,4,11,3,11,3,11,2,11,2,10,1,10,1,11,1,10,1,10,1,10,1,10,1,10,1,10,2,9,2,9,2,8,2,7,2,7,3,7,3,0,0,0,0,0,0,0,0,0,0,0,0,0,0,0,0,0,0,0,0,0,0,14,3,14,4,14,5,14,6,14,7,14,8,14,8,14,9,13,10,12,10,12,10,12,9,12,9,12,9,12,9,11,8,12,8,12,8,13,7,13,7,13,7,13,7,14,6,14,6,14,6,14,6,0,0,51,25,50,22,47,22,47,20,45,19,45,18,44,15,42,14,43,12,41,8,42,8,40,6,39,4,41,3,41,4,40,3,39,3,40,3,39,4,37,6,35,8,34,8,31,8,30,10,29,9,27,12,26,13,24,15,0,0,0,0,0,0,0,0,0,0,0,0,0,0,52,5,51,10,54,14,52,18,51,20,51,24,53,28,53,31,51,34,51,37,49,39,46,39,46,40,45,39,42,37,43,34,43,34,45,32,45,31,46,30,45,29,48,27,48,26,49,26,54,26,53,26,53,24,53,24]"
618022443196100,3.992347700,89795,1857436584,-48,-98,6,0,1,7,0,0,256,0,0,"[0,0,14,1,13,0,13,0,13,0,12,0,12,0,11,-1,11,-1,11,-2,10,-2,10,-3,9,-3,9,-3,10,-3,10,-4,10,-4,9,-3,9,-3,9,-3,9,-2,9,-2,8,-2,8,-1,7,-1,7,-1,7,0,0,0,0,0,0,0,0,0,0,0,0,0,0,0,0,0,0,0,0,0,0,0,13,-2,14,-1,14,0,14,0,14,1,15,2,15,3,15,4,15,4,14,4,14,4,14,4,13,4,13,4,13,4,13,3,13,3,13,2,13,2,14,2,13,1,14,1,14,1,14,0,14,0,15,0,0,0,56,10,58,8,51,6,56,8,49,7,49,2,48,3,47,1,45,0,46,-3,44,-4,43,-5,39,-5,37,-7,43,-9,40,-9,41,-10,39,-7,40,-7,38,-5,38,-4,35,-3,36,-3,32,0,32,2,29,3,30,5,27,6,0,0,0,0,0,0,0,0,0,0,0,0,0,0,56,-7,56,0,53,6,55,8,60,10,57,13,60,18,59,20,59,20,60,26,58,25,58,30,56,30,53,30,50,29,50,27,51,24,54,22,51,19,55,21,53,17,56,14,56,14,58,11,62,12,59,13,59,11,58,10]"
618022463968900,4.013120500,89796,1857456598,-48,-98,6,0,1,7,0,0,256,0,0,"[0,0,14,-6,13,-6,12,-6,12,-6,12,-6,11,-6,10,-6,10,-7,10,-6,9,-7,9,-7,8,-7,8,-7,7,-8,8,-8,8,-8,7,-8,8,-7,8,-7,8,-7,8,-6,7,-6,7,-5,7,-5,7,-4,7,-4,0,0,0,0,0,0,0,0,0,0,0,0,0,0,0,0,0,0,0,0,0,0,12,-8,13,-8,13,-7,14,-7,15,-6,15,-5,16,-4,17,-3,16,-3,16,-3,16,-3,15,-2,15,-3,15,-3,14,-3,14,-3,14,-4,14,-4,14,-5,14,-5,14,-6,14,-6,14,-6,14,-6,14,-7,14,-7,0,0,28,-10,25,-11,26,-11,24,-10,24,-10,22,-11,21,-11,20,-11,19,-12,18,-11,18,-12,16,-13,16,-14,16,-14,15,-14,16,-14,15,-14,16,-14,15,-13,15,-12,15,-12,15,-11,13,-8,14,-9,14,-8,14,-6,13,-6,14,-5,0,0,0,0,0,0,0,0,0,0,0,0,0,0,21,-17,24,-14,25,-13,27,-13,26,-10,29,-9,29,-9,31,-6,32,-6,32,-4,33,-3,31,-2,31,-2,31,-1,29,-1,28,-3,29,-4,27,-4,28,-4,28,-6,28,-7,28,-8,27,-8,28,-10,28,-9,27,-10,29,-11,29,-10]"
618022486543700,4.035695300,89797,1857479552,-49,-98,6,0,1,7,0,0,256,0,0,"[0,0,14,4,13,4,13,4,13,4,13,3,12,3,12,2,11,2,11,1,11,1,11,0,11,0,10,0,10,0,10,-1,10,-1,10,-1,10,-1,10,0,10,0,9,0,9,0,8,1,8,1,8,1,7,2,0,0,0,0,0,0,0,0,0,0,0,0,0,0,0,0,0,0,0,0,0,0,14,2,15,3,14,3,14,4,14,5,15,6,15,7,14,8,14,8,13,9,13,9,13,8,12,8,12,8,12,8,13,7,13,7,13,6,14,6,13,5,14,5,14,5,14,5,14,4,14,5,15,4,0,0,55,19,55,17,52,17,49,16,51,15,48,12,47,9,45,9,45,5,42,2,42,1,41,0,40,-1,42,0,40,-4,42,-2,39,-2,42,-3,39,-2,38,0,37,0,35,2,32,4,32,4,31,5,29,7,27,8,28,11,0,0,0,0,0,0,0,0,0,0,0,0,0,0,53,2,55,6,55,11,54,16,55,17,56,21,54,24,57,28,56,31,55,33,52,35,50,37,50,36,49,35,47,35,47,32,47,32,49,26,50,28,49,27,51,24,52,23,53,22,55,20,56,21,56,19,58,18,58,18]"
618022505959400,4.055111000,89798,1857498199,-49,-98,6,0,1,7,0,0,256,0,0,"[0,0,12,9,12,9,11,8,12,8,11,7,11,7,11,6,10,5,10,5,10,4,10,3,10,3,10,3,10,2,10,2,10,2,10,2,10,2,10,2,9,3,9,3,8,3,8,3,7,3,7,3,7,4,0,0,0,0,0,0,0,0,0,0,0,0,0,0,0,0,0,0,0,0,0,0,12,7,13,8,12,9,12,9,12,10,12,11,11,12,11,12,10,13,10,13,10,13,9,13,9,12,9,12,9,11,10,11,10,10,11,10,11,10,11,10,11,10,12,9,12,10,12,9,13,9,13,9,0,0,49,34,48,32,46,30,43,29,44,25,39,25,42,23,41,22,40,20,41,15,39,12,39,10,39,9,40,8,40,9,41,9,38,8,40,8,37,10,36,12,36,11,33,12,30,12,29,12,29,14,27,14,23,15,24,17,0,0,0,0,0,0,0,0,0,0,0,0,0,0,50,16,51,21,51,25,49,30,48,34,46,36,46,38,47,43,42,45,44,49,40,49,38,49,38,48,38,47,37,45,38,44,37,44,38,41,41,39,40,38,41,37,42,36,45,37,46,37,47,34,48,32,50,32,51,34]"
618022525186700,4.074338300,89799,1857516733,-49,-98,6,0,1,7,0,0,256,0,0,"[0,0,-16,4,-15,4,-15,4,-14,4,-13,4,-12,5,-12,5,-11,5,-11,5,-11,5,-10,6,-10,6,-9,6,-9,6,-9,6,-9,6,-9,6,-9,6,-9,6,-9,5,-9,5,-8,4,-8,4,-8,4,-8,3,-8,2,0,0,0,0,0,0,0,0,0,0,0,0,0,0,0,0,0,0,0,0,0,0,-14,5,-15,6,-15,5,-16,4,-16,3,-17,3,-17,2,-18,1,-18,1,-17,0,-17,0,-17,-1,-16,0,-16,0,-16,1,-16,1,-16,1,-16,2,-15,2,-15,3,-15,3,-16,4,-16,4,-16,4,-16,4,-16,4,0,0,-29,5,-29,6,-27,6,-26,6,-25,6,-24,6,-22,7,-22,8,-21,8,-21,9,-20,9,-19,10,-18,10,-17,10,-18,10,-18,11,-16,11,-17,10,-17,9,-17,9,-16,9,-15,7,-16,7,-15,6,-15,5,-15,4,-16,4,-15,2,0,0,0,0,0,0,0,0,0,0,0,0,0,0,-25,12,-26,9,-28,7,-28,6,-29,5,-29,5,-31,3,-32,2,-32,1,-33,-1,-32,-2,-33,-3,-32,-4,-31,-4,-29,-3,-29,-3,-29,-2,-29,-1,-28,1,-29,0,-29,2,-28,3,-29,4,-29,5,-30,5,-29,5,-31,6,-29,5]"
618022542743500,4.091895100,89800,1857536527,-49,-98,6,0,1,7,0,0,256,0,0,"[0,0,14,2,14,1,13,1,14,1,13,1,12,0,11,0,11,0,11,-1,11,-2,11,-2,10,-2,10,-2,9,-2,10,-3,10,-3,10,-3,10,-3,10,-2,9,-2,9,-2,8,-1,8,-1,8,-1,8,0,7,0,0,0,0,0,0,0,0,0,0,0,0,0,0,0,0,0,0,0,0,0,0,0,14,-1,14,0,15,0,15,1,16,2,16,3,16,4,16,5,16,5,15,6,14,6,14,6,14,6,13,5,13,5,14,4,14,4,14,4,14,3,14,3,14,3,15,2,15,2,15,2,15,2,15,1,0,0,28,2,28,0,26,0,26,0,24,0,23,-2,23,-2,22,-3,22,-3,21,-5,20,-5,19,-6,19,-6,18,-6,19,-7,19,-7,18,-7,19,-7,18,-6,18,-5,18,-5,17,-4,15,-3,15,-3,15,-2,15,-1,13,-1,14,0,0,0,0,0,0,0,0,0,0,0,0,0,0,0,25,-7,27,-5,28,-3,28,0,29,0,28,1,29,4,31,5,30,7,31,9,29,10,29,9,29,10,29,9,27,9,27,8,27,8,26,6,27,6,27,6,28,4,27,3,28,3,29,2,29,2,29,1,30,0,30,1]"
618022562904300,4.112055900,89801,1857556518,-49,-98,6,0,1,7,0,0,256,0,0,"[0,0,15,-3,14,-3,13,-3,13,-3,12,-3,12,-3,11,-4,11,-4,10,-5,10,-5,10,-5,9,-5,9,-6,9,-6,9,-6,8,-6,8,-6,8,-6,9,-6,9,-5,8,-4,8,-4,8,-4,7,-3,7,-3,8,-2,0,0,0,0,0,0,0,0,0,0,0,0,0,0,0,0,0,0,0,0,0,0,13,-5,14,-4,14,-3,15,-2,16,-2,16,-1,16,0,17,1,16,1,16,1,15,1,15,2,15,1,15,1,15,1,15,0,14,0,14,-1,14,-1,14,-1,15,-1,15,-2,15,-2,15,-3,15,-3,15,-3,0,0,28,-7,26,-10,26,-8,25,-8,24,-8,23,-9,21,-10,20,-10,19,-10,19,-11,18,-11,16,-12,16,-12,16,-13,16,-12,16,-12,16,-13,16,-12,15,-12,16,-11,15,-9,14,-9,15,-9,14,-7,14,-7,13,-5,14,-4,13,-4,0,0,0,0,0,0,0,0,0,0,0,0,0,0,22,-15,25,-12,26,-10,27,-9,27,-8,29,-6,30,-6,31,-4,32,-4,32,-2,32,-1,31,0,30,1,30,2,29,1,28,0,28,-1,28,-1,28,-2,28,-3,27,-4,28,-7,28,-6,28,-7,29,-8,30,-7,28,-8,29,-9]"
618022584902000,4.134053600,89802,1857576693,-49,-98,6,0,1,7,0,0,256,0,0,"[0,0,-15,5,-14,5,-14,5,-13,5,-13,5,-12,5,-12,5,-11,6,-10,6,-10,6,-9,6,-9,6,-9,6,-8,7,-8,7,-8,7,-8,7,-8,7,-8,6,-8,6,-8,5,-8,5,-8,5,-7,4,-8,3,-8,3,0,0,0,0,0,0,0,0,0,0,0,0,0,0,0,0,0,0,0,0,0,0,-14,7,-14,6,-15,6,-15,5,-16,4,-17,3,-18,3,-18,2,-18,2,-17,1,-17,1,-17,1,-16,1,-16,1,-16,1,-15,2,-16,2,-15,3,-15,3,-15,4,-15,4,-15,5,-16,5,-15,5,-15,5,-15,6,0,0,-29,9,-27,10,-26,9,-25,9,-24,10,-22,10,-21,10,-21,10,-19,10,-19,11,-18,11,-17,12,-16,12,-16,12,-16,13,-15,12,-15,12,-16,12,-16,11,-15,11,-15,10,-15,10,-14,7,-14,8,-14,6,-14,5,-14,5,-14,4,0,0,0,0,0,0,0,0,0,0,0,0,0,0,-22,15,-24,13,-26,11,-27,10,-28,9,-29,9,-30,7,-32,5,-32,5,-34,4,-32,2,-32,1,-32,0,-31,0,-30,0,-29,1,-29,3,-28,2,-29,3,-29,5,-28,5,-27,7,-28,8,-28,8,-29,7,-29,9,-27,8,-29,9]"
618022608586900,4.157738500,89803,1857600849,-49,-98,6,0,1,7,0,0,256,0,0,"[0,0,14,-6,12,-6,12,-6,12,-6,11,-6,11,-6,10,-6,10,-6,9,-7,8,-7,8,-8,7,-8,7,-8,7,-8,7,-8,7,-8,7,-8,7,-8,7,-7,7,-7,7,-7,7,-6,6,-6,6,-6,6,-5,6,-4,0,0,0,0,0,0,0,0,0,0,0,0,0,0,0,0,0,0,0,0,0,0,12,-8,13,-7,13,-7,14,-6,14,-6,16,-5,16,-4,17,-3,17,-2,16,-2,16,-2,15,-2,15,-3,14,-3,15,-3,14,-3,14,-3,14,-4,14,-4,14,-5,14,-5,14,-6,14,-6,14,-7,14,-7,14,-7,0,0,28,-9,25,-10,24,-11,24,-9,23,-10,21,-11,21,-10,20,-11,20,-12,18,-12,16,-12,15,-13,16,-13,15,-13,15,-14,14,-13,15,-13,14,-12,14,-12,15,-12,14,-11,14,-11,13,-10,14,-10,13,-7,13,-7,13,-7,13,-5,0,0,0,0,0,0,0,0,0,0,0,0,0,0,22,-15,24,-14,25,-13,26,-11,28,-10,28,-8,30,-8,31,-6,31,-4,32,-3,32,-3,33,-2,31,-1,30,-1,29,-1,28,-3,28,-4,28,-3,27,-4,29,-5,27,-6,27,-6,27,-8,28,-9,28,-10,27,-9,27,-10,27,-11]"
618022625914600,4.175066200,89804,1857616900,-49,-98,6,0,1,7,0,0,256,0,0,"[0,0,0,-16,-1,-16,-1,-15,-1,-15,-1,-14,-2,-14,-2,-13,-2,-13,-2,-12,-3,-11,-3,-11,-4,-11,-4,-11,-4,-11,-4,-10,-4,-10,-4,-10,-4,-10,-4,-10,-3,-10,-3,-9,-3,-10,-2,-9,-2,-9,-2,-9,-1,-8,0,0,0,0,0,0,0,0,0,0,0,0,0,0,0,0,0,0,0,0,0,0,-3,-15,-2,-16,-1,-16,-1,-17,1,-17,1,-17,3,-17,3,-18,4,-17,4,-17,4,-16,4,-16,4,-16,4,-15,3,-15,3,-15,2,-16,2,-15,1,-16,1,-16,0,-16,0,-16,0,-16,-1,-16,-1,-16,-1,-16,0,0,1,-28,0,-30,0,-28,0,-26,0,-26,-2,-25,-1,-24,-2,-23,-4,-22,-4,-20,-5,-21,-6,-20,-7,-20,-7,-20,-7,-19,-8,-19,-7,-19,-7,-19,-6,-19,-5,-18,-5,-18,-4,-17,-3,-17,-3,-17,-3,-15,-2,-15,0,-15,1,-14,0,0,0,0,0,0,0,0,0,0,0,0,0,0,-7,-27,-4,-29,-3,-28,0,-28,1,-30,3,-30,4,-31,5,-31,6,-32,9,-32,9,-31,11,-31,10,-31,10,-29,10,-29,9,-28,8,-27,7,-28,6,-27,6,-29,5,-28,4,-29,3,-29,3,-30,2,-30,1,-30,1,-29,1,-31]"
618022642482200,4.191633800,89805,1857636469,-49,-98,6,0,1,7,0,0,256,0,0,"[0,0,15,-1,13,-2,13,-2,13,-2,13,-2,12,-2,11,-2,11,-3,11,-3,10,-4,10,-4,9,-5,9,-5,9,-5,9,-5,9,-5,8,-5,9,-5,9,-5,8,-4,9,-4,8,-3,8,-3,7,-3,8,-2,7,-2,0,0,0,0,0,0,0,0,0,0,0,0,0,0,0,0,0,0,0,0,0,0,14,-3,15,-2,15,-1,15,-1,16,0,16,1,16,2,16,3,16,3,15,3,16,3,15,3,15,3,14,3,14,2,14,2,14,1,14,1,14,1,14,0,15,0,15,-1,15,-1,15,-1,15,-2,15,-2,0,0,27,-2,29,-2,25,-2,27,-2,24,-2,23,-3,23,-5,21,-5,21,-6,21,-7,20,-7,19,-7,18,-8,17,-9,19,-8,17,-9,18,-9,18,-8,17,-9,17,-7,17,-7,15,-6,16,-5,15,-4,14,-3,14,-2,15,-2,13,0,0,0,0,0,0,0,0,0,0,0,0,0,0,0,25,-8,27,-6,27,-3,27,-2,30,-2,27,-1,32,3,30,4,31,3,32,6,30,6,31,8,29,9,29,9,28,9,27,8,26,6,29,5,26,4,30,4,27,2,28,0,29,0,28,-1,31,0,30,0,29,-1,30,-2]"
618022664706000,4.213857600,89806,1857657767,-49,-98,6,0,1,7,0,0,256,0,0,"[0,0,15,2,14,2,13,1,13,1,13,1,12,1,11,0,12,0,11,-1,11,-2,11,-2,10,-2,10,-3,10,-3,10,-3,10,-3,10,-3,10,-3,10,-2,10,-2,9,-2,8,-1,8,-1,8,-1,7,-1,8,0,0,0,0,0,0,0,0,0,0,0,0,0,0,0,0,0,0,0,0,0,0,0,14,0,14,1,15,2,15,2,15,3,15,4,15,5,16,6,15,7,15,7,15,6,14,6,14,6,14,5,14,5,14,5,14,4,14,4,14,4,14,3,14,4,15,3,15,2,15,2,15,2,15,1,0,0,29,5,26,4,27,5,25,4,24,4,23,2,24,2,22,1,22,0,20,-2,20,-3,20,-3,19,-4,20,-4,19,-5,20,-5,18,-5,19,-4,19,-4,18,-3,17,-2,17,-2,16,-1,15,-1,16,0,15,1,14,2,14,2,0,0,0,0,0,0,0,0,0,0,0,0,0,0,26,-2,27,3,27,4,28,5,28,6,28,8,28,9,30,11,29,12,29,14,28,15,26,15,27,15,26,15,25,15,25,13,25,13,25,12,26,11,25,10,27,9,27,8,27,7,28,7,28,6,28,7,28,6,31,6]"
618022684128500,4.233280100,89807,1857678024,-49,-98,6,0,1,7,0,0,256,0,0,"[0,0,1,14,1,14,1,14,1,13,2,13,2,12,2,12,3,11,3,10,3,10,4,9,4,9,4,9,4,9,4,8,4,8,5,9,4,8,4,8,3,8,3,8,2,8,3,8,2,7,2,7,1,7,0,0,0,0,0,0,0,0,0,0,0,0,0,0,0,0,0,0,0,0,0,0,3,14,3,14,2,15,1,15,0,16,0,16,-2,16,-2,17,-3,16,-3,16,-3,16,-3,15,-3,15,-3,15,-2,15,-2,14,-2,14,-1,14,-1,15,0,14,1,15,1,15,1,15,2,15,2,15,2,15,0,0,4,28,4,28,3,26,4,26,4,24,6,23,6,23,5,21,7,20,8,20,8,19,8,18,8,18,9,17,10,17,9,17,9,17,9,16,9,17,8,16,7,15,6,16,6,16,4,14,3,14,3,13,1,14,1,13,0,0,0,0,0,0,0,0,0,0,0,0,0,0,12,25,8,26,6,27,4,27,4,30,2,28,1,32,0,31,-1,32,-3,31,-3,31,-6,32,-6,30,-6,29,-6,29,-5,29,-4,28,-3,28,-2,27,-1,29,-1,27,1,28,2,28,2,29,3,30,3,30,3,30,2,28]"
618022703488800,4.252640400,89808,1857702693,-49,-98,6,0,1,7,0,0,256,0,0,"[0,0,5,14,4,14,4,13,4,13,4,12,5,12,5,11,5,11,5,10,5,9,6,9,6,8,6,8,7,8,6,8,6,8,6,8,6,7,6,8,5,8,5,8,4,8,4,7,3,7,3,7,3,7,0,0,0,0,0,0,0,0,0,0,0,0,0,0,0,0,0,0,0,0,0,0,7,12,6,13,5,14,5,15,4,15,4,16,3,16,2,17,1,17,1,17,1,16,1,16,1,16,1,15,1,15,1,15,2,14,2,14,3,15,3,15,4,15,4,15,5,15,5,15,5,14,5,14,0,0,5,28,4,28,4,27,4,25,5,24,5,23,6,23,6,22,7,20,7,19,9,19,9,19,9,17,9,17,9,17,10,17,9,17,10,16,9,16,8,16,8,16,6,16,6,15,4,15,4,14,4,14,2,14,1,13,0,0,0,0,0,0,0,0,0,0,0,0,0,0,12,24,10,26,7,27,6,28,5,28,4,29,2,31,1,31,-1,31,-2,32,-3,32,-3,31,-4,30,-4,30,-5,30,-3,28,-3,28,-2,27,-2,27,0,28,1,29,2,29,3,29,3,30,4,29,3,29,4,29,4,29]"
618022724206900,4.273358500,89809,1857716615,-49,-98,6,0,1,7,0,0,256,0,0,"[0,0,-14,6,-13,5,-13,5,-13,5,-12,5,-11,5,-11,6,-10,6,-10,6,-9,6,-9,6,-8,6,-8,6,-8,6,-7,7,-7,7,-7,7,-7,7,-7,6,-7,6,-7,6,-7,5,-7,5,-7,5,-7,4,-7,4,0,0,0,0,0,0,0,0,0,0,0,0,0,0,0,0,0,0,0,0,0,0,-13,7,-14,6,-14,5,-14,5,-16,5,-16,4,-17,3,-17,2,-17,2,-17,2,-16,1,-16,1,-16,1,-15,1,-15,1,-15,2,-14,3,-15,3,-14,4,-14,4,-14,5,-14,5,-15,5,-14,5,-14,5,-14,5,0,0,-27,14,-25,14,-24,13,-23,14,-22,13,-20,13,-19,13,-19,13,-18,13,-17,14,-15,14,-15,14,-15,15,-13,15,-13,16,-13,15,-12,15,-13,15,-13,14,-13,13,-12,13,-12,12,-13,12,-12,10,-13,9,-12,8,-13,8,-13,6,0,0,0,0,0,0,0,0,0,0,0,0,0,0,-20,19,-22,16,-25,14,-25,14,-27,14,-27,12,-30,12,-31,10,-31,10,-32,8,-32,7,-33,6,-32,4,-31,5,-30,5,-28,5,-28,6,-28,8,-28,8,-29,9,-28,10,-26,12,-27,12,-27,12,-29,12,-27,13,-27,13,-27,13]"
618022744395100,4.293546700,89810,1857736579,-49,-98,6,0,1,7,0,0,256,0,0,"[0,0,-16,1,-15,1,-14,1,-14,1,-13,1,-13,1,-13,1,-12,2,-12,2,-11,3,-11,3,-10,4,-10,4,-10,4,-10,5,-10,4,-9,4,-10,4,-10,4,-10,3,-9,3,-9,2,-9,2,-8,2,-8,2,-8,1,0,0,0,0,0,0,0,0,0,0,0,0,0,0,0,0,0,0,0,0,0,0,-15,3,-16,2,-16,1,-16,0,-17,-1,-17,-1,-17,-3,-18,-4,-17,-4,-17,-4,-17,-4,-16,-4,-16,-3,-16,-3,-15,-3,-16,-2,-15,-2,-16,-2,-16,-1,-16,-1,-16,-1,-16,-1,-17,0,-16,1,-16,1,-16,1,0,0,-30,2,-28,4,-28,4,-26,4,-26,5,-24,4,-24,4,-23,5,-22,5,-21,7,-21,9,-19,8,-18,9,-19,9,-17,9,-18,10,-17,10,-18,9,-18,8,-17,7,-17,6,-17,6,-16,5,-14,5,-14,4,-15,2,-14,2,-14,1,0,0,0,0,0,0,0,0,0,0,0,0,0,0,-25,11,-26,8,-28,8,-29,4,-29,4,-30,2,-31,2,-33,-1,-32,-3,-33,-5,-32,-6,-32,-6,-32,-5,-31,-6,-30,-5,-29,-4,-29,-4,-28,-3,-29,-2,-29,-2,-29,-1,-30,0,-30,0,-29,1,-31,2,-30,3,-29,3,-31,3]"
618022766387500,4.315539100,89811,1857758442,-49,-98,6,0,1,7,0,0,256,0,0,"[0,0,11,-10,10,-11,10,-10,10,-10,9,-10,8,-10,8,-10,7,-10,7,-10,6,-10,6,-9,5,-10,5,-10,5,-10,5,-10,4,-10,4,-10,5,-9,5,-9,5,-9,5,-9,5,-8,5,-8,5,-7,5,-6,5,-6,0,0,0,0,0,0,0,0,0,0,0,0,0,0,0,0,0,0,0,0,0,0,9,-12,10,-12,10,-12,11,-12,12,-11,13,-11,14,-10,14,-10,15,-9,15,-9,14,-8,14,-8,14,-8,13,-8,13,-8,13,-8,13,-8,12,-9,12,-9,12,-10,11,-10,11,-11,12,-11,11,-11,11,-11,11,-11,0,0,43,-37,43,-39,41,-38,37,-34,36,-35,35,-36,32,-34,30,-35,27,-33,27,-33,23,-35,21,-35,21,-35,18,-36,19,-36,19,-35,17,-34,19,-35,19,-33,19,-32,19,-30,20,-29,20,-28,19,-25,20,-22,18,-20,21,-21,21,-17,0,0,0,0,0,0,0,0,0,0,0,0,0,0,30,-45,35,-46,38,-42,41,-40,43,-40,44,-38,51,-37,52,-36,54,-35,57,-29,56,-29,58,-28,58,-26,56,-24,53,-24,52,-24,51,-25,50,-26,49,-29,49,-29,47,-32,45,-34,45,-36,45,-38,48,-38,46,-39,46,-41,47,-39]"
618022783923100,4.333074700,89812,1857777312,-49,-98,6,0,1,7,0,0,256,0,0,"[0,0,0,15,0,15,0,14,0,14,0,13,1,12,1,12,1,12,2,11,2,10,2,10,3,10,3,10,4,9,4,9,4,9,4,9,3,9,3,9,3,9,2,9,2,8,2,8,2,8,1,7,1,7,0,0,0,0,0,0,0,0,0,0,0,0,0,0,0,0,0,0,0,0,0,0,1,14,0,15,0,15,-1,15,-2,16,-3,16,-4,16,-5,17,-5,16,-5,16,-6,15,-5,15,-5,15,-5,15,-4,14,-3,14,-4,14,-3,15,-2,14,-2,15,-2,15,-1,15,-1,16,-1,15,0,16,-1,15,0,0,1,29,2,28,2,27,3,26,3,25,4,23,3,23,4,22,5,21,6,20,6,18,7,19,7,18,7,17,8,17,9,17,8,17,8,16,8,16,7,17,6,16,5,16,5,15,5,14,5,14,3,13,1,14,0,13,0,0,0,0,0,0,0,0,0,0,0,0,0,0,9,25,6,27,5,26,3,27,2,29,0,29,-1,31,-3,31,-4,31,-6,32,-6,31,-8,31,-7,30,-7,29,-7,28,-6,28,-6,28,-4,28,-4,27,-4,28,-2,28,-1,28,0,28,0,29,1,29,2,30,2,29,2,29]"
618022804112800,4.353264400,89813,1857796626,-49,-98,6,0,1,7,0,0,256,0,0,"[0,0,-6,14,-6,14,-6,13,-5,13,-5,13,-4,12,-4,12,-3,11,-3,11,-2,11,-2,10,-1,10,-1,11,-1,10,-1,10,-1,10,0,10,-1,10,-1,10,-1,9,-2,9,-2,9,-2,8,-2,8,-3,7,-3,7,0,0,0,0,0,0,0,0,0,0,0,0,0,0,0,0,0,0,0,0,0,0,-4,14,-5,14,-5,15,-6,15,-7,15,-8,15,-9,14,-10,14,-10,14,-10,13,-11,13,-10,13,-10,13,-10,12,-9,12,-9,12,-8,13,-8,13,-8,13,-7,13,-7,14,-6,14,-7,15,-6,14,-6,14,-6,14,0,0,-24,51,-23,54,-22,51,-20,50,-19,46,-17,46,-14,44,-14,44,-10,41,-11,41,-7,40,-6,40,-4,39,-5,39,-1,39,-2,40,-3,40,-3,39,-5,37,-5,34,-6,35,-8,34,-7,32,-7,30,-9,28,-10,25,-12,28,-13,25,0,0,0,0,0,0,0,0,0,0,0,0,0,0,-4,53,-10,54,-15,53,-17,51,-18,56,-21,55,-28,55,-33,55,-35,55,-38,53,-37,50,-42,52,-41,49,-41,49,-37,46,-35,45,-34,46,-33,47,-31,47,-32,49,-30,49,-28,50,-29,53,-25,53,-26,55,-24,55,-22,57,-24,55]"
618022825275700,4.374427300,89814,1857818757,-49,-98,6,0,1,7,0,0,256,0,0,"[0,0,11,-10,10,-10,10,-10,10,-10,9,-10,8,-9,8,-9,7,-9,7,-9,6,-9,5,-10,5,-10,5,-10,4,-10,4,-9,4,-10,4,-9,4,-9,5,-9,5,-9,5,-8,5,-8,4,-7,4,-7,4,-7,5,-6,0,0,0,0,0,0,0,0,0,0,0,0,0,0,0,0,0,0,0,0,0,0,9,-11,10,-11,11,-11,12,-10,12,-10,14,-10,14,-9,15,-8,15,-8,14,-8,14,-7,14,-7,14,-7,13,-7,13,-7,12,-7,13,-8,12,-8,12,-9,12,-9,12,-9,12,-10,12,-10,11,-11,11,-11,11,-11,0,0,46,-36,42,-39,42,-37,41,-33,37,-34,34,-36,33,-33,29,-35,28,-34,24,-34,25,-34,22,-35,21,-35,19,-35,19,-36,19,-33,19,-35,17,-33,19,-32,17,-31,19,-29,18,-30,18,-28,20,-25,20,-23,20,-21,20,-20,21,-19,0,0,0,0,0,0,0,0,0,0,0,0,0,0,30,-47,36,-43,39,-41,42,-38,43,-39,46,-37,49,-35,53,-33,56,-33,57,-31,58,-28,58,-27,57,-24,56,-24,55,-24,53,-25,50,-25,49,-27,51,-26,49,-30,47,-31,47,-33,45,-35,46,-38,47,-37,47,-38,45,-38,48,-37]"
618022846393200,4.395544800,89815,1857838423,-49,-98,6,0,1,7,0,0,256,0,0,"[0,0,10,-11,9,-11,9,-11,8,-10,8,-10,7,-10,7,-10,6,-10,6,-10,5,-10,5,-9,4,-10,4,-10,4,-10,3,-10,4,-10,3,-9,3,-9,4,-9,4,-9,4,-8,3,-8,4,-8,4,-7,4,-7,4,-6,0,0,0,0,0,0,0,0,0,0,0,0,0,0,0,0,0,0,0,0,0,0,8,-12,9,-12,9,-12,10,-12,11,-11,12,-11,12,-11,13,-10,13,-10,13,-9,13,-9,12,-8,12,-8,12,-8,12,-9,11,-8,11,-9,11,-9,11,-10,10,-10,10,-10,10,-11,10,-11,10,-11,10,-11,10,-11,0,0,40,-40,40,-42,38,-40,36,-38,33,-38,31,-38,29,-38,27,-37,23,-37,22,-36,22,-36,18,-35,16,-35,15,-37,16,-37,15,-38,15,-36,16,-36,15,-34,18,-33,16,-31,15,-32,16,-29,18,-27,18,-25,19,-23,20,-23,21,-21,0,0,0,0,0,0,0,0,0,0,0,0,0,0,25,-49,30,-46,35,-44,37,-42,38,-44,41,-43,46,-40,51,-40,50,-39,56,-35,54,-35,56,-31,56,-28,55,-27,51,-26,49,-29,50,-29,48,-31,46,-32,46,-33,47,-34,43,-38,44,-39,43,-42,46,-41,43,-42,45,-43,43,-41]"
618022869786100,4.418937700,89816,1857860162,-49,-98,6,0,1,7,0,0,256,0,0,"[0,0,-14,-8,-13,-8,-13,-8,-12,-7,-13,-7,-12,-7,-12,-6,-11,-6,-11,-5,-11,-4,-11,-3,-11,-3,-11,-3,-11,-3,-11,-2,-11,-2,-10,-2,-11,-2,-11,-3,-10,-3,-10,-3,-9,-4,-9,-3,-8,-4,-8,-3,-8,-4,0,0,0,0,0,0,0,0,0,0,0,0,0,0,0,0,0,0,0,0,0,0,-14,-6,-15,-7,-14,-8,-14,-9,-14,-10,-15,-11,-14,-12,-13,-13,-13,-13,-12,-13,-12,-12,-12,-12,-12,-12,-11,-11,-12,-11,-12,-11,-12,-11,-12,-10,-13,-10,-13,-10,-13,-10,-14,-9,-14,-9,-14,-9,-14,-8,-14,-8,0,0,-54,-25,-50,-24,-52,-24,-47,-23,-47,-19,-45,-19,-45,-15,-43,-14,-41,-13,-42,-9,-44,-6,-41,-5,-40,-5,-40,-5,-40,-3,-40,-2,-38,-3,-40,-2,-38,-3,-39,-5,-37,-5,-33,-8,-34,-8,-30,-7,-30,-8,-29,-10,-26,-11,-26,-13,0,0,0,0,0,0,0,0,0,0,0,0,0,0,-53,-8,-55,-15,-53,-18,-54,-22,-53,-25,-53,-29,-52,-32,-54,-36,-52,-38,-52,-43,-48,-42,-48,-43,-46,-43,-46,-42,-45,-40,-43,-38,-44,-39,-45,-36,-47,-35,-45,-33,-48,-31,-51,-29,-52,-29,-52,-29,-54,-26,-53,-27,-55,-25,-55,-29]"
618022887883800,4.437035400,89817,1857878792,-49,-98,6,0,1,7,0,0,256,0,0,"[0,0,-7,-13,-7,-13,-7,-13,-6,-12,-7,-12,-7,-11,-7,-10,-7,-10,-7,-9,-7,-9,-7,-8,-8,-8,-8,-8,-8,-8,-8,-7,-8,-7,-8,-7,-8,-7,-7,-7,-7,-7,-7,-7,-6,-7,-6,-7,-5,-7,-5,-6,-5,-7,0,0,0,0,0,0,0,0,0,0,0,0,0,0,0,0,0,0,0,0,0,0,-8,-12,-8,-13,-7,-14,-6,-14,-6,-15,-6,-16,-5,-16,-4,-16,-4,-16,-2,-16,-3,-16,-3,-16,-2,-15,-3,-15,-3,-15,-4,-14,-4,-14,-4,-14,-5,-14,-6,-14,-6,-14,-6,-14,-7,-14,-7,-14,-7,-14,-6,-14,0,0,-29,-49,-30,-49,-27,-47,-28,-45,-27,-44,-28,-40,-27,-39,-28,-36,-28,-33,-30,-30,-31,-28,-30,-28,-32,-26,-31,-26,-33,-24,-32,-24,-32,-25,-31,-23,-31,-23,-29,-24,-28,-25,-24,-24,-22,-24,-22,-24,-21,-22,-19,-24,-17,-24,-15,-25,0,0,0,0,0,0,0,0,0,0,0,0,0,0,-38,-40,-35,-44,-32,-46,-31,-50,-29,-52,-26,-54,-26,-58,-22,-60,-22,-61,-17,-62,-15,-62,-15,-62,-14,-62,-13,-61,-11,-59,-13,-58,-14,-55,-18,-55,-19,-54,-20,-55,-22,-53,-24,-53,-24,-55,-25,-53,-27,-53,-29,-54,-28,-53,-29,-52]"
618022903885800,4.453037400,89818,1857896593,-49,-98,6,0,1,7,0,0,256,0,0,"[0,0,-3,14,-2,14,-2,13,-2,13,-1,12,-1,12,-1,11,0,11,0,10,0,10,1,10,2,9,2,9,2,9,2,9,2,9,2,9,2,9,2,9,1,9,1,8,1,8,1,8,1,7,0,7,0,7,0,0,0,0,0,0,0,0,0,0,0,0,0,0,0,0,0,0,0,0,0,0,-1,13,-2,14,-2,14,-3,14,-4,15,-5,15,-6,15,-7,15,-7,15,-7,14,-7,14,-7,14,-6,13,-6,13,-6,13,-6,13,-5,13,-5,13,-4,13,-4,14,-4,14,-3,14,-3,14,-2,15,-2,14,-2,14,0,0,-12,55,-10,54,-12,55,-11,49,-7,52,-7,49,-4,47,-3,45,-2,43,3,41,3,40,5,40,6,39,6,42,6,38,7,37,7,39,8,38,8,36,6,36,4,34,3,34,2,32,1,31,0,29,-1,30,-5,28,-6,27,0,0,0,0,0,0,0,0,0,0,0,0,0,0,5,54,0,56,-6,57,-9,55,-12,55,-17,58,-18,57,-23,60,-25,59,-28,60,-29,56,-29,57,-31,54,-29,53,-29,52,-28,51,-28,54,-25,48,-24,53,-22,51,-19,56,-18,56,-16,57,-16,56,-13,56,-12,60,-13,59,-12,58]"
618022925362800,4.474514400,89819,1857916793,-49,-98,6,0,1,7,0,0,256,0,0,"[0,0,-11,-11,-11,-11,-11,-11,-10,-10,-10,-10,-10,-9,-10,-9,-10,-8,-10,-7,-10,-6,-10,-5,-10,-5,-10,-5,-10,-5,-10,-5,-10,-4,-10,-5,-10,-4,-10,-5,-9,-5,-9,-5,-8,-5,-8,-5,-8,-5,-7,-5,-7,-5,0,0,0,0,0,0,0,0,0,0,0,0,0,0,0,0,0,0,0,0,0,0,-12,-9,-11,-10,-11,-11,-11,-12,-11,-13,-11,-14,-10,-14,-9,-15,-8,-15,-8,-15,-8,-15,-8,-14,-8,-14,-8,-14,-8,-14,-8,-13,-9,-13,-9,-13,-10,-13,-10,-12,-10,-12,-10,-12,-11,-12,-12,-12,-12,-11,-12,-11,0,0,-43,-37,-40,-39,-41,-38,-39,-35,-40,-35,-40,-29,-38,-26,-38,-25,-39,-23,-38,-21,-37,-21,-37,-18,-37,-18,-37,-15,-37,-14,-39,-15,-38,-14,-37,-15,-36,-13,-37,-13,-34,-13,-31,-15,-28,-16,-27,-17,-26,-16,-27,-16,-22,-18,-19,-19,0,0,0,0,0,0,0,0,0,0,0,0,0,0,-48,-26,-46,-31,-44,-35,-45,-37,-43,-40,-40,-44,-42,-45,-40,-51,-38,-50,-39,-53,-35,-54,-31,-55,-31,-54,-29,-54,-27,-52,-28,-51,-32,-49,-30,-45,-34,-47,-35,-46,-36,-46,-39,-43,-40,-42,-41,-43,-41,-42,-41,-44,-43,-43,-45,-44]"
618022946073800,4.495225400,89820,1857937106,-49,-98,6,0,1,7,0,0,256,0,0,"[0,0,-11,-11,-10,-11,-10,-11,-10,-10,-10,-10,-10,-9,-10,-8,-10,-8,-10,-7,-9,-7,-9,-6,-10,-6,-10,-6,-10,-5,-10,-5,-10,-5,-10,-5,-10,-5,-10,-5,-9,-5,-9,-5,-8,-5,-8,-5,-7,-5,-7,-5,-6,-5,0,0,0,0,0,0,0,0,0,0,0,0,0,0,0,0,0,0,0,0,0,0,-11,-10,-11,-11,-11,-12,-10,-12,-10,-14,-10,-14,-10,-15,-9,-15,-8,-15,-8,-16,-7,-15,-7,-15,-6,-15,-7,-14,-7,-14,-8,-14,-8,-13,-9,-13,-9,-13,-9,-13,-10,-13,-10,-12,-11,-13,-10,-13,-10,-12,-10,-12,0,0,-42,-38,-43,-37,-41,-37,-41,-33,-38,-32,-37,-30,-37,-29,-37,-27,-37,-23,-38,-21,-37,-19,-37,-17,-38,-16,-37,-14,-40,-11,-38,-13,-38,-12,-37,-12,-35,-13,-35,-13,-36,-13,-33,-13,-30,-14,-27,-14,-27,-16,-27,-16,-25,-17,-22,-19,0,0,0,0,0,0,0,0,0,0,0,0,0,0,-48,-29,-45,-34,-43,-36,-42,-39,-43,-43,-39,-43,-39,-49,-38,-53,-38,-52,-35,-56,-34,-55,-29,-59,-28,-58,-28,-56,-27,-54,-25,-52,-28,-50,-31,-47,-33,-46,-35,-47,-34,-47,-38,-43,-39,-45,-41,-43,-40,-45,-42,-45,-41,-43,-41,-43]"
618022963350500,4.512502100,89821,1857961923,-49,-98,6,0,1,7,0,0,256,0,0,"[0,0,10,10,10,10,10,10,10,9,9,9,10,8,9,7,9,7,9,6,9,5,9,5,9,4,9,4,9,4,9,4,9,4,9,4,9,3,9,4,8,4,8,4,8,4,7,4,6,4,6,4,6,5,0,0,0,0,0,0,0,0,0,0,0,0,0,0,0,0,0,0,0,0,0,0,11,9,11,9,11,11,10,11,11,12,10,13,9,13,9,14,9,14,8,15,8,14,7,13,7,14,7,13,7,13,8,12,8,12,8,12,9,12,9,11,10,11,10,11,11,11,11,11,11,11,11,10,0,0,40,41,41,39,37,37,37,35,37,33,36,30,37,28,37,27,35,23,35,19,37,18,34,17,36,16,35,16,38,14,37,14,36,15,36,14,34,14,33,15,32,16,30,16,28,16,26,16,25,16,24,17,21,18,18,20,0,0,0,0,0,0,0,0,0,0,0,0,0,0,48,23,45,29,46,33,44,36,42,38,40,42,39,45,40,48,38,51,36,53,35,55,32,55,32,54,31,52,29,49,28,49,30,50,30,46,32,47,34,45,35,44,37,44,39,43,39,42,41,41,43,43,41,41,45,40]"
618022985561500,4.534713100,89822,1857979324,-49,-98,6,0,1,7,0,0,256,0,0,"[0,0,11,-11,10,-11,10,-11,9,-10,9,-11,8,-10,8,-10,7,-10,7,-10,6,-10,5,-10,5,-10,4,-10,4,-10,4,-10,4,-11,3,-10,4,-10,4,-10,5,-9,5,-9,4,-8,4,-8,4,-8,5,-7,5,-7,0,0,0,0,0,0,0,0,0,0,0,0,0,0,0,0,0,0,0,0,0,0,9,-12,9,-13,10,-12,11,-12,12,-11,13,-11,14,-10,14,-10,14,-9,14,-9,14,-8,14,-8,14,-8,13,-8,13,-9,12,-9,13,-9,12,-9,12,-10,11,-10,11,-11,11,-11,12,-11,11,-12,10,-12,12,-12,0,0,47,-32,45,-35,45,-35,41,-31,40,-33,36,-33,36,-33,32,-32,30,-33,28,-32,27,-33,24,-32,23,-34,22,-33,21,-33,21,-34,21,-34,20,-33,19,-33,22,-31,22,-28,21,-29,22,-27,22,-25,21,-22,22,-21,22,-19,24,-18,0,0,0,0,0,0,0,0,0,0,0,0,0,0,33,-44,38,-40,43,-37,44,-35,47,-36,50,-33,54,-31,56,-28,58,-28,60,-25,60,-23,60,-20,61,-20,58,-18,56,-18,53,-18,54,-21,53,-22,53,-23,51,-24,51,-28,50,-30,50,-29,49,-33,50,-32,50,-33,49,-33,50,-33]"
618023004722000,4.553873600,89823,1857999783,-49,-98,6,0,1,7,0,0,256,0,0,"[0,0,-16,-1,-15,-1,-14,-1,-14,0,-13,0,-13,0,-13,0,-12,1,-12,1,-12,2,-11,2,-10,2,-10,3,-10,3,-10,3,-10,3,-10,3,-10,3,-10,3,-10,2,-10,2,-9,1,-9,2,-8,1,-8,1,-8,0,0,0,0,0,0,0,0,0,0,0,0,0,0,0,0,0,0,0,0,0,0,0,-15,1,-15,1,-16,0,-16,-1,-17,-2,-17,-3,-17,-3,-17,-4,-17,-5,-16,-5,-16,-5,-16,-5,-15,-5,-15,-4,-15,-4,-15,-3,-15,-4,-15,-3,-15,-2,-15,-2,-15,-2,-16,-2,-17,-1,-16,0,-16,0,-16,-1,0,0,-29,-2,-29,-3,-28,-3,-27,-2,-25,-2,-25,0,-23,1,-22,1,-22,1,-22,3,-21,4,-20,4,-20,5,-19,5,-20,5,-19,6,-20,6,-19,5,-19,5,-19,4,-19,4,-17,3,-17,3,-16,3,-16,0,-15,0,-15,-1,-15,-1,0,0,0,0,0,0,0,0,0,0,0,0,0,0,-27,5,-28,2,-28,-1,-28,-2,-29,-4,-29,-5,-31,-7,-32,-9,-32,-9,-31,-10,-30,-12,-30,-12,-30,-13,-29,-13,-28,-12,-26,-11,-27,-10,-27,-10,-27,-10,-29,-8,-28,-7,-29,-6,-29,-5,-29,-4,-31,-4,-30,-3,-29,-3,-30,-4]"
618023024748300,4.573899900,89824,1858016504,-49,-98,6,0,1,7,0,0,256,0,0,"[0,0,-6,14,-5,14,-5,13,-5,13,-4,13,-4,12,-3,12,-3,11,-3,11,-2,11,-1,11,-1,10,0,11,0,10,0,10,0,10,0,10,0,10,0,10,-1,9,-1,9,-1,9,-1,8,-1,8,-2,8,-2,7,0,0,0,0,0,0,0,0,0,0,0,0,0,0,0,0,0,0,0,0,0,0,-4,14,-5,14,-6,14,-6,14,-7,14,-8,14,-9,14,-10,14,-10,14,-10,13,-11,12,-10,12,-10,12,-9,12,-9,12,-9,12,-8,12,-8,12,-7,13,-7,13,-7,14,-6,14,-7,14,-6,14,-6,14,-6,15,0,0,-20,54,-20,54,-16,49,-16,49,-13,48,-12,45,-10,45,-10,44,-7,42,-5,40,-1,41,-2,41,0,39,2,39,1,39,1,38,2,40,2,36,1,37,0,36,-1,34,-3,34,-3,34,-4,30,-5,30,-6,28,-9,30,-10,27,0,0,0,0,0,0,0,0,0,0,0,0,0,0,-1,54,-8,54,-13,54,-14,54,-19,57,-20,53,-25,57,-27,53,-32,55,-34,53,-38,52,-38,52,-35,49,-37,49,-36,47,-32,48,-31,49,-30,48,-28,47,-27,50,-24,50,-24,51,-23,52,-24,55,-21,56,-19,55,-18,56,-20,55]"
618023046041900,4.595193500,89825,1858039000,-49,-98,6,0,1,7,0,0,256,0,0,"[0,0,2,-16,2,-16,1,-15,2,-14,1,-14,0,-14,0,-13,-1,-12,0,-12,-1,-12,-2,-12,-3,-11,-3,-11,-3,-11,-3,-11,-3,-11,-3,-11,-3,-10,-2,-11,-2,-10,-2,-10,-1,-10,-1,-9,-1,-9,-1,-9,0,-8,0,0,0,0,0,0,0,0,0,0,0,0,0,0,0,0,0,0,0,0,0,0,0,-15,0,-16,1,-16,2,-16,3,-16,4,-17,5,-16,6,-17,6,-16,6,-16,6,-16,6,-15,6,-15,5,-15,5,-15,5,-14,4,-15,4,-15,3,-15,3,-15,3,-16,3,-16,2,-16,1,-16,2,-16,2,-16,0,0,4,-29,4,-29,4,-28,2,-25,3,-25,1,-26,0,-24,-1,-24,-1,-22,-2,-21,-3,-21,-3,-22,-4,-21,-5,-21,-5,-20,-5,-19,-7,-20,-5,-20,-5,-19,-4,-19,-4,-18,-3,-18,-2,-18,-1,-17,0,-16,-1,-16,2,-16,2,-15,0,0,0,0,0,0,0,0,0,0,0,0,0,0,-3,-27,0,-29,2,-28,3,-28,4,-29,5,-30,7,-30,10,-30,10,-30,12,-30,13,-29,14,-29,14,-27,14,-27,14,-26,12,-25,11,-27,10,-26,10,-27,9,-27,9,-27,6,-28,6,-28,6,-30,6,-30,6,-30,6,-30,5,-30]"
618023063278200,4.612429800,89826,1858056532,-49,-98,6,0,1,7,0,0,256,0,0,"[0,0,9,10,9,9,9,9,9,8,9,8,8,8,9,7,9,6,8,5,9,5,9,5,8,4,9,4,9,4,9,3,9,3,8,3,9,3,8,4,8,3,7,3,7,4,7,4,6,4,6,4,5,4,0,0,0,0,0,0,0,0,0,0,0,0,0,0,0,0,0,0,0,0,0,0,11,8,11,9,10,9,10,10,10,11,10,12,9,12,8,13,8,13,7,13,8,13,7,12,7,12,7,12,7,12,7,11,8,11,8,11,8,11,9,11,9,11,10,10,10,10,10,10,10,10,10,10,0,0,44,34,45,36,40,32,41,31,40,28,39,27,39,24,39,22,38,20,38,18,37,15,37,15,36,13,38,11,40,10,37,9,37,11,36,10,37,10,35,10,35,10,30,13,31,12,28,13,27,13,25,14,24,15,21,18,0,0,0,0,0,0,0,0,0,0,0,0,0,0,49,20,47,26,47,29,44,33,46,34,43,37,44,42,41,45,43,46,39,50,39,50,36,52,35,51,33,51,33,49,32,47,34,47,36,44,34,40,38,43,39,41,41,39,43,38,43,38,47,37,45,37,47,38,46,36]"
618023083694200,4.632845800,89827,1858076520,-49,-98,6,0,1,7,0,0,256,0,0,"[0,0,10,10,9,10,9,9,9,9,9,8,8,7,8,7,8,6,8,6,8,5,8,4,8,5,9,4,8,4,9,3,9,3,9,4,8,4,8,3,8,4,7,4,7,4,6,4,6,4,5,4,5,4,0,0,0,0,0,0,0,0,0,0,0,0,0,0,0,0,0,0,0,0,0,0,11,8,11,8,11,9,10,10,10,11,10,12,9,12,9,13,9,13,7,14,7,13,7,13,7,12,7,12,7,12,8,11,7,11,8,11,8,11,9,11,9,11,10,10,10,10,10,10,10,10,10,10,0,0,44,37,44,35,42,33,40,32,39,31,38,27,37,25,37,24,37,20,38,18,39,16,36,16,37,13,36,12,39,11,38,10,36,12,36,11,37,12,34,12,33,14,32,13,29,14,27,13,27,14,25,15,23,17,20,19,0,0,0,0,0,0,0,0,0,0,0,0,0,0,49,19,48,25,47,27,44,32,46,35,45,38,44,43,42,46,41,49,38,51,37,52,34,53,36,52,33,50,32,48,31,47,32,45,35,42,37,42,36,43,36,44,40,42,40,41,40,40,45,39,46,39,45,37,45,39]"
618023105798100,4.654949700,89828,1858096688,-49,-98,6,0,1,7,0,0,256,0,0,"[0,0,-12,-9,-12,-9,-11,-8,-11,-8,-11,-8,-11,-7,-11,-6,-10,-6,-11,-5,-10,-5,-10,-4,-10,-4,-10,-3,-10,-3,-11,-3,-10,-3,-10,-3,-10,-3,-10,-3,-10,-3,-9,-3,-9,-4,-9,-4,-8,-4,-7,-4,-7,-4,0,0,0,0,0,0,0,0,0,0,0,0,0,0,0,0,0,0,0,0,0,0,-12,-7,-12,-8,-12,-9,-12,-10,-12,-11,-12,-11,-12,-12,-11,-13,-10,-13,-10,-14,-10,-13,-9,-13,-9,-12,-9,-12,-9,-12,-10,-11,-10,-11,-11,-11,-10,-10,-11,-10,-11,-10,-12,-10,-13,-10,-12,-9,-12,-10,-12,-9,0,0,-51,-30,-47,-30,-46,-31,-45,-25,-45,-26,-44,-21,-41,-20,-44,-18,-41,-17,-41,-12,-41,-10,-42,-10,-40,-9,-40,-8,-40,-7,-41,-5,-38,-6,-40,-7,-38,-5,-38,-8,-37,-8,-33,-9,-32,-10,-30,-11,-30,-11,-28,-12,-27,-13,-24,-15,0,0,0,0,0,0,0,0,0,0,0,0,0,0,-53,-14,-52,-21,-51,-25,-50,-29,-49,-32,-48,-34,-48,-38,-49,-42,-48,-42,-48,-45,-45,-47,-42,-48,-41,-47,-41,-46,-38,-46,-37,-43,-40,-42,-40,-39,-41,-38,-42,-38,-43,-36,-47,-33,-45,-32,-49,-33,-48,-33,-50,-33,-50,-31,-51,-31]"
618023124371700,4.673523300,89829,1858116620,-49,-98,6,0,1,7,0,0,256,0,0,"[0,0,5,-15,4,-15,4,-14,4,-13,3,-13,3,-13,3,-13,2,-12,2,-12,1,-12,0,-12,0,-11,-1,-11,-1,-11,-1,-11,-1,-11,-1,-11,-1,-11,-1,-11,0,-10,0,-10,0,-10,0,-10,0,-9,1,-9,1,-8,0,0,0,0,0,0,0,0,0,0,0,0,0,0,0,0,0,0,0,0,0,0,3,-15,4,-15,4,-15,5,-15,6,-16,7,-15,8,-15,9,-15,10,-14,9,-14,9,-14,9,-14,8,-13,8,-13,8,-13,8,-13,7,-13,7,-13,6,-14,6,-14,6,-15,6,-15,5,-16,5,-15,4,-15,5,-15,0,0,29,-49,29,-52,25,-50,26,-46,21,-46,20,-46,17,-45,15,-44,15,-42,11,-42,9,-40,8,-41,6,-41,5,-41,6,-41,6,-39,4,-41,5,-40,5,-38,6,-36,7,-37,7,-36,7,-36,9,-33,10,-30,10,-29,14,-29,15,-25,0,0,0,0,0,0,0,0,0,0,0,0,0,0,11,-55,18,-55,21,-53,25,-52,30,-53,32,-50,36,-53,39,-51,42,-50,44,-49,45,-45,47,-47,45,-43,43,-43,43,-42,42,-41,38,-41,39,-40,37,-40,38,-43,35,-45,33,-49,32,-50,32,-49,32,-53,31,-52,29,-52,28,-53]"
618023144020200,4.693171800,89830,1858136531,-49,-98,6,0,1,7,0,0,256,0,0,"[0,0,14,5,13,5,13,5,13,4,13,4,12,3,11,2,11,2,11,1,11,1,11,1,10,0,11,0,10,-1,10,-1,10,-1,10,-1,10,-1,10,-1,10,0,9,0,9,0,8,1,8,1,8,1,7,1,0,0,0,0,0,0,0,0,0,0,0,0,0,0,0,0,0,0,0,0,0,0,14,3,15,4,14,5,15,5,15,6,15,7,15,8,15,8,14,9,13,9,13,10,13,10,12,9,12,9,13,8,12,8,13,8,13,7,13,7,14,6,14,6,14,6,15,6,14,6,14,6,15,5,0,0,52,25,49,24,51,24,46,21,45,22,46,18,43,16,41,13,44,11,41,10,40,9,38,8,38,4,42,3,40,1,41,1,37,3,39,2,38,2,38,4,35,4,33,5,31,7,31,7,30,10,28,9,27,10,25,10,0,0,0,0,0,0,0,0,0,0,0,0,0,0,54,11,52,17,53,22,52,23,51,26,53,29,52,32,52,38,53,38,50,42,48,43,45,45,43,45,40,45,41,43,40,42,43,41,44,36,45,36,46,34,46,33,49,31,50,31,53,30,53,30,49,28,51,30,52,28]"
618023163300700,4.712452300,89831,1858156528,-49,-98,6,0,1,7,0,0,256,0,0,"[0,0,14,3,14,3,13,2,13,2,12,2,12,2,12,1,11,0,11,0,11,-1,10,-1,10,-1,10,-1,10,-2,10,-2,10,-3,10,-2,10,-2,10,-2,9,-2,9,-1,8,0,8,0,8,0,8,0,8,0,0,0,0,0,0,0,0,0,0,0,0,0,0,0,0,0,0,0,0,0,0,0,14,0,14,1,14,2,15,3,15,4,15,5,16,6,15,6,15,7,14,7,14,7,14,7,13,7,13,7,13,6,13,5,13,5,13,5,14,4,14,4,14,4,14,4,15,3,15,3,15,3,15,3,0,0,29,6,27,4,27,3,25,3,24,3,23,2,22,1,22,1,22,-1,21,-2,21,-3,20,-3,20,-4,19,-4,19,-5,19,-4,19,-5,18,-5,19,-4,19,-3,18,-2,16,-2,16,-2,15,-2,15,0,15,0,14,0,14,2,0,0,0,0,0,0,0,0,0,0,0,0,0,0,26,-4,26,-1,27,1,28,3,28,4,28,5,29,8,30,10,30,11,30,12,29,13,28,14,27,14,27,13,25,13,25,13,25,11,26,10,27,9,27,9,27,8,27,7,28,7,29,6,29,5,30,6,29,5,29,6]"
618023186802300,4.735953900,89832,1858176617,-49,-98,6,0,1,7,0,0,256,0,0,"[0,0,-2,-15,-3,-15,-3,-14,-3,-14,-3,-14,-3,-13,-4,-12,-4,-12,-4,-11,-4,-11,-5,-10,-5,-10,-5,-10,-6,-10,-6,-9,-6,-9,-6,-9,-6,-9,-6,-9,-5,-9,-5,-9,-5,-9,-4,-9,-4,-8,-3,-8,-3,-8,0,0,0,0,0,0,0,0,0,0,0,0,0,0,0,0,0,0,0,0,0,0,-4,-15,-3,-15,-2,-16,-2,-16,-1,-17,0,-17,0,-17,1,-17,1,-17,3,-17,3,-16,3,-16,3,-16,2,-16,2,-15,1,-15,0,-15,0,-16,0,-15,-1,-16,-1,-16,-2,-16,-2,-16,-2,-16,-2,-16,-2,-16,0,0,-9,-28,-10,-28,-9,-26,-9,-24,-9,-24,-10,-22,-10,-23,-11,-22,-11,-19,-12,-18,-12,-17,-13,-17,-13,-16,-13,-17,-13,-15,-13,-17,-13,-16,-13,-15,-12,-16,-13,-15,-11,-15,-10,-14,-10,-14,-8,-14,-8,-14,-7,-14,-6,-15,-5,-14,0,0,0,0,0,0,0,0,0,0,0,0,0,0,-18,-23,-15,-24,-13,-26,-11,-27,-10,-29,-10,-29,-8,-31,-6,-31,-6,-32,-4,-32,-3,-33,-2,-33,-2,-32,-2,-31,-2,-30,-1,-29,-2,-29,-3,-29,-4,-29,-5,-29,-5,-29,-6,-28,-8,-28,-8,-30,-9,-30,-10,-30,-10,-28,-10,-29]"
618023203510100,4.752661700,89833,1858196630,-49,-98,6,0,1,7,0,0,256,0,0,"[0,0,-3,-14,-3,-14,-4,-14,-3,-12,-3,-13,-4,-12,-4,-11,-4,-11,-5,-10,-5,-10,-5,-9,-5,-9,-6,-9,-6,-9,-6,-8,-6,-8,-6,-8,-6,-8,-6,-8,-5,-8,-5,-8,-4,-8,-4,-8,-4,-7,-3,-7,-3,-7,0,0,0,0,0,0,0,0,0,0,0,0,0,0,0,0,0,0,0,0,0,0,-5,-13,-4,-14,-4,-14,-3,-15,-2,-15,-2,-16,-1,-16,0,-16,0,-16,1,-16,1,-16,1,-15,1,-15,1,-15,0,-15,0,-14,0,-15,-1,-14,-1,-15,-2,-15,-2,-15,-3,-15,-3,-15,-3,-15,-3,-15,-3,-15,0,0,-3,-57,-4,-58,-3,-55,-4,-52,-4,-50,-7,-49,-8,-46,-10,-44,-12,-42,-13,-40,-16,-40,-14,-39,-16,-38,-17,-37,-18,-36,-17,-36,-17,-36,-18,-35,-17,-34,-16,-34,-13,-33,-13,-32,-11,-32,-9,-31,-7,-30,-7,-30,-5,-30,-2,-28,0,0,0,0,0,0,0,0,0,0,0,0,0,0,-20,-52,-14,-54,-9,-56,-7,-56,-4,-59,-1,-59,1,-63,4,-64,6,-63,9,-66,12,-63,14,-62,16,-61,16,-59,16,-58,15,-57,12,-59,7,-56,6,-56,7,-58,4,-58,1,-58,1,-57,-1,-60,0,-60,0,-60,-3,-60,-3,-60]"
618023225062100,4.774213700,89834,1858216868,-49,-98,6,0,1,7,0,0,256,0,0,"[0,0,14,-3,14,-4,13,-3,13,-4,12,-4,11,-4,11,-5,10,-4,10,-5,10,-5,9,-5,9,-6,8,-6,8,-6,9,-6,8,-6,8,-6,8,-6,8,-6,8,-6,8,-5,7,-5,7,-5,7,-4,7,-3,7,-3,0,0,0,0,0,0,0,0,0,0,0,0,0,0,0,0,0,0,0,0,0,0,14,-5,14,-4,14,-4,14,-3,16,-2,16,-1,16,-1,16,0,16,0,16,1,15,1,15,1,15,1,14,1,14,1,15,0,14,0,15,-1,14,-1,14,-2,14,-3,15,-3,15,-3,15,-3,14,-3,15,-3,0,0,27,-6,26,-7,25,-7,26,-6,23,-7,22,-8,21,-7,20,-8,20,-8,19,-9,18,-10,17,-11,16,-11,16,-12,16,-13,15,-12,15,-12,15,-12,15,-12,15,-10,15,-9,14,-9,14,-9,13,-8,14,-7,13,-5,14,-6,13,-4,0,0,0,0,0,0,0,0,0,0,0,0,0,0,24,-13,26,-10,26,-8,28,-6,28,-6,28,-4,30,-2,31,-1,31,0,31,2,31,2,32,4,30,4,30,4,28,3,28,2,27,2,28,0,27,0,28,-1,28,-2,28,-4,29,-4,28,-5,31,-4,29,-6,29,-6,29,-4]"
618023246127900,4.795279500,89835,1858236628,-49,-98,6,0,1,7,0,0,256,0,0,"[0,0,-9,-13,-9,-13,-8,-12,-9,-12,-9,-11,-8,-11,-9,-10,-9,-9,-9,-8,-9,-8,-9,-7,-9,-7,-9,-7,-9,-6,-10,-6,-10,-6,-9,-6,-9,-6,-9,-6,-9,-6,-8,-6,-8,-6,-8,-6,-7,-6,-6,-6,-6,-6,0,0,0,0,0,0,0,0,0,0,0,0,0,0,0,0,0,0,0,0,0,0,-10,-12,-9,-13,-9,-14,-8,-14,-8,-15,-7,-16,-7,-16,-6,-17,-6,-16,-5,-17,-5,-16,-4,-16,-4,-16,-4,-16,-5,-15,-6,-15,-6,-14,-7,-14,-7,-14,-8,-14,-8,-14,-9,-14,-9,-14,-9,-14,-9,-13,-9,-13,0,0,-21,-21,-21,-21,-20,-20,-20,-19,-18,-18,-18,-17,-18,-15,-19,-14,-19,-13,-20,-12,-19,-10,-19,-10,-19,-9,-19,-8,-20,-8,-19,-7,-18,-8,-19,-7,-19,-7,-18,-8,-17,-8,-16,-9,-15,-8,-14,-9,-14,-8,-13,-9,-12,-10,-11,-10,0,0,0,0,0,0,0,0,0,0,0,0,0,0,-24,-14,-22,-17,-22,-19,-21,-21,-21,-23,-19,-24,-19,-26,-19,-27,-17,-29,-16,-30,-16,-29,-15,-30,-14,-29,-15,-28,-13,-28,-13,-27,-13,-26,-15,-26,-16,-24,-16,-25,-17,-24,-19,-24,-19,-23,-20,-24,-21,-23,-21,-22,-21,-22,-21,-22]"
618023262735800,4.811887400,89836,1858256434,-49,-98,6,0,1,7,0,0,256,0,0,"[0,0,4,13,4,13,4,12,4,11,5,11,5,11,4,10,5,9,5,9,5,8,6,8,6,7,6,7,6,7,6,7,6,6,6,6,6,6,6,6,5,6,5,6,5,7,4,6,4,6,4,6,3,6,0,0,0,0,0,0,0,0,0,0,0,0,0,0,0,0,0,0,0,0,0,0,5,12,5,12,5,13,4,14,3,15,3,15,2,15,1,16,0,15,0,15,0,15,0,15,0,14,0,14,1,14,1,14,1,13,2,13,2,14,3,14,3,14,4,13,4,14,4,14,4,14,5,13,0,0,8,27,8,27,8,25,8,25,7,23,9,22,9,21,9,21,11,18,11,18,11,17,11,16,12,16,11,15,13,14,12,14,13,15,12,14,13,15,11,15,11,14,8,14,9,13,8,13,8,14,6,12,5,13,4,13,0,0,0,0,0,0,0,0,0,0,0,0,0,0,15,22,13,25,10,26,8,25,8,28,6,27,6,31,4,31,2,32,1,32,1,31,-1,32,-1,31,0,29,-1,29,0,29,0,28,2,28,2,27,3,29,4,28,5,28,5,28,6,29,6,29,8,29,9,28,9,28]"
618023285649600,4.834801200,89837,1858276593,-49,-98,6,0,1,7,0,0,256,0,0,"[0,0,-8,-13,-8,-12,-7,-12,-7,-11,-7,-11,-8,-10,-8,-9,-8,-9,-8,-8,-8,-8,-8,-8,-8,-7,-8,-7,-8,-6,-8,-6,-8,-6,-8,-6,-8,-6,-8,-6,-8,-6,-8,-6,-7,-6,-7,-6,-6,-6,-6,-6,-5,-6,0,0,0,0,0,0,0,0,0,0,0,0,0,0,0,0,0,0,0,0,0,0,-9,-11,-9,-13,-8,-13,-8,-14,-7,-14,-6,-15,-6,-15,-5,-16,-5,-15,-4,-16,-4,-16,-4,-15,-4,-15,-4,-15,-4,-15,-5,-14,-5,-14,-6,-13,-6,-14,-7,-13,-7,-13,-7,-13,-7,-13,-8,-13,-7,-13,-8,-13,0,0,-29,-49,-29,-51,-29,-49,-28,-45,-28,-43,-27,-40,-27,-40,-28,-36,-29,-33,-30,-31,-31,-28,-31,-28,-30,-26,-32,-26,-32,-25,-33,-24,-32,-24,-32,-25,-31,-24,-29,-25,-28,-24,-25,-25,-25,-24,-22,-24,-22,-24,-18,-24,-17,-26,-15,-26,0,0,0,0,0,0,0,0,0,0,0,0,0,0,-39,-38,-36,-45,-32,-48,-31,-48,-30,-50,-28,-52,-25,-57,-24,-60,-21,-62,-18,-63,-16,-64,-13,-66,-14,-63,-13,-61,-11,-59,-12,-57,-13,-56,-17,-54,-18,-54,-20,-54,-20,-53,-24,-52,-25,-53,-27,-54,-28,-55,-26,-53,-30,-54,-27,-51]"
618023307567400,4.856719000,89838,1858298617,-49,-98,6,0,1,7,0,0,256,0,0,"[0,0,-12,-9,-12,-9,-11,-9,-12,-9,-11,-8,-11,-7,-11,-7,-11,-6,-11,-5,-11,-5,-11,-4,-11,-4,-10,-4,-11,-3,-11,-3,-11,-3,-11,-3,-11,-3,-10,-3,-10,-3,-10,-3,-9,-3,-9,-4,-8,-4,-8,-4,-8,-4,0,0,0,0,0,0,0,0,0,0,0,0,0,0,0,0,0,0,0,0,0,0,-13,-9,-13,-9,-13,-10,-12,-11,-12,-12,-12,-13,-12,-13,-12,-14,-11,-14,-10,-15,-9,-14,-10,-14,-9,-14,-9,-13,-9,-13,-10,-12,-10,-12,-11,-12,-11,-11,-11,-11,-12,-11,-12,-11,-13,-11,-13,-11,-13,-10,-13,-10,0,0,-48,-32,-46,-31,-45,-30,-45,-29,-42,-26,-43,-23,-43,-21,-41,-18,-41,-15,-41,-14,-40,-11,-39,-10,-38,-10,-39,-8,-41,-7,-39,-6,-38,-6,-42,-6,-38,-7,-40,-7,-36,-8,-34,-10,-32,-10,-31,-10,-30,-11,-28,-12,-27,-13,-24,-15,0,0,0,0,0,0,0,0,0,0,0,0,0,0,-51,-18,-51,-24,-49,-28,-48,-31,-48,-34,-48,-36,-47,-41,-45,-44,-47,-46,-45,-50,-42,-51,-40,-50,-39,-50,-38,-49,-36,-48,-37,-45,-35,-44,-40,-42,-41,-41,-42,-41,-43,-39,-45,-38,-44,-36,-47,-37,-48,-36,-48,-33,-48,-34,-50,-32]"
618023324983500,4.874135100,89839,1858317176,-49,-98,6,0,1,7,0,0,256,0,0,"[0,0,13,-7,12,-7,12,-7,12,-7,11,-7,10,-7,9,-7,9,-7,9,-7,8,-8,8,-8,7,-8,7,-8,6,-8,6,-9,6,-9,6,-9,6,-8,6,-8,6,-8,6,-7,6,-7,6,-7,6,-6,6,-6,6,-5,0,0,0,0,0,0,0,0,0,0,0,0,0,0,0,0,0,0,0,0,0,0,12,-9,13,-8,13,-8,14,-7,15,-7,16,-6,16,-5,16,-5,17,-4,16,-3,16,-3,16,-3,15,-3,14,-3,14,-3,14,-4,14,-5,14,-5,14,-6,14,-6,14,-6,13,-7,14,-7,14,-7,14,-7,14,-7,0,0,25,-12,23,-12,23,-13,22,-12,22,-13,20,-13,19,-13,18,-12,17,-13,16,-13,14,-15,13,-15,13,-16,12,-15,12,-15,13,-16,12,-15,12,-15,12,-14,12,-14,12,-13,12,-12,12,-12,12,-11,12,-10,12,-10,11,-8,12,-7,0,0,0,0,0,0,0,0,0,0,0,0,0,0,20,-19,22,-17,23,-15,25,-13,25,-13,27,-13,27,-11,30,-10,31,-9,30,-7,31,-6,30,-6,30,-5,30,-4,29,-4,28,-5,28,-6,27,-7,27,-8,26,-8,27,-9,27,-11,27,-11,26,-13,26,-12,27,-13,26,-13,28,-13]"
618023343988900,4.893140500,89840,1858336551,-49,-98,6,0,1,7,0,0,256,0,0,"[0,0,-2,-15,-2,-15,-2,-15,-2,-14,-2,-14,-3,-13,-3,-12,-3,-12,-3,-11,-4,-11,-4,-10,-5,-10,-5,-10,-5,-10,-5,-10,-5,-10,-5,-10,-5,-9,-5,-10,-5,-9,-4,-9,-4,-9,-4,-9,-3,-9,-2,-8,-2,-8,0,0,0,0,0,0,0,0,0,0,0,0,0,0,0,0,0,0,0,0,0,0,-4,-14,-3,-15,-3,-16,-2,-16,-1,-17,-1,-17,0,-17,1,-17,2,-17,2,-17,2,-17,2,-16,2,-16,2,-16,1,-16,1,-15,1,-15,0,-16,0,-16,-1,-16,-1,-16,-1,-16,-2,-16,-2,-16,-2,-16,-2,-16,0,0,-2,-29,-3,-29,-3,-28,-2,-26,-4,-26,-3,-24,-4,-23,-4,-22,-6,-20,-7,-20,-8,-19,-8,-19,-8,-19,-9,-19,-9,-17,-9,-17,-10,-18,-9,-18,-9,-17,-8,-17,-6,-18,-6,-17,-6,-17,-5,-15,-4,-15,-4,-14,-2,-16,-2,-15,0,0,0,0,0,0,0,0,0,0,0,0,0,0,-10,-26,-7,-28,-5,-27,-4,-29,-3,-29,-2,-30,0,-32,2,-32,4,-32,6,-33,6,-31,8,-31,6,-31,7,-30,7,-29,6,-28,5,-28,4,-28,3,-28,2,-28,2,-29,1,-29,1,-29,-1,-30,-1,-30,-2,-30,-2,-30,-2,-30]"
618023364823400,4.913975000,89841,1858356827,-49,-98,6,0,1,7,0,0,256,0,0,"[0,0,11,-11,10,-12,9,-11,10,-11,9,-11,8,-10,7,-10,7,-10,7,-10,6,-10,5,-10,5,-10,4,-10,4,-11,4,-11,4,-10,4,-10,4,-10,4,-10,4,-9,4,-9,4,-9,4,-8,4,-8,5,-7,5,-7,0,0,0,0,0,0,0,0,0,0,0,0,0,0,0,0,0,0,0,0,0,0,8,-13,10,-13,10,-12,11,-12,12,-12,13,-11,14,-11,14,-10,14,-10,15,-9,14,-9,14,-8,13,-9,13,-8,13,-9,13,-9,12,-9,12,-10,12,-10,11,-11,11,-11,11,-11,12,-12,11,-12,11,-12,11,-12,0,0,36,-42,37,-43,34,-40,34,-39,31,-38,27,-38,27,-37,25,-37,22,-37,19,-37,17,-38,16,-38,16,-37,12,-37,13,-38,13,-36,11,-38,12,-36,13,-34,13,-32,14,-32,15,-32,15,-31,14,-29,13,-27,16,-24,17,-25,17,-22,0,0,0,0,0,0,0,0,0,0,0,0,0,0,21,-51,28,-47,31,-47,32,-44,39,-47,39,-43,45,-45,47,-40,48,-40,55,-37,52,-36,54,-34,52,-31,51,-31,49,-29,48,-31,46,-31,46,-35,43,-32,45,-34,40,-36,40,-38,43,-40,41,-41,41,-44,41,-43,39,-44,39,-43]"
618023383458300,4.932609900,89842,1858376624,-49,-98,6,0,1,7,0,0,256,0,0,"[0,0,-15,6,-14,6,-13,6,-13,6,-12,6,-12,6,-11,6,-11,6,-10,6,-10,7,-9,7,-8,7,-8,7,-8,7,-8,8,-8,8,-7,8,-8,7,-8,7,-8,6,-8,6,-7,6,-7,6,-7,5,-8,4,-7,4,0,0,0,0,0,0,0,0,0,0,0,0,0,0,0,0,0,0,0,0,0,0,-13,8,-14,7,-15,7,-15,6,-16,6,-17,5,-17,4,-18,3,-18,3,-18,2,-18,2,-17,1,-16,2,-16,2,-16,3,-16,3,-15,3,-16,4,-15,4,-15,5,-15,5,-15,6,-16,6,-15,6,-15,6,-15,6,0,0,-26,14,-24,14,-24,15,-22,13,-22,14,-20,14,-19,14,-18,14,-18,13,-15,14,-14,14,-13,16,-12,17,-13,16,-12,16,-12,16,-11,16,-12,16,-12,15,-12,15,-12,14,-12,12,-11,12,-12,11,-12,11,-12,10,-12,9,-13,7,0,0,0,0,0,0,0,0,0,0,0,0,0,0,-19,20,-22,18,-23,17,-26,15,-26,14,-28,13,-29,12,-31,10,-31,9,-33,7,-32,7,-32,7,-31,8,-31,6,-30,6,-29,8,-29,8,-27,8,-29,9,-27,9,-27,10,-27,12,-27,13,-26,13,-27,13,-26,15,-26,15,-27,14]"
618023403850000,4.953001600,89843,1858396576,-49,-98,6,0,1,7,0,0,256,0,0,"[0,0,-15,-4,-15,-4,-14,-4,-14,-4,-13,-3,-13,-3,-12,-2,-12,-2,-11,-1,-12,-1,-11,0,-11,0,-11,0,-10,1,-11,1,-10,1,-10,1,-11,1,-10,1,-10,1,-10,1,-9,0,-9,-1,-9,-1,-9,-1,-8,-2,0,0,0,0,0,0,0,0,0,0,0,0,0,0,0,0,0,0,0,0,0,0,-15,-2,-15,-3,-16,-4,-15,-4,-16,-6,-16,-6,-16,-7,-16,-8,-16,-8,-15,-9,-14,-9,-14,-9,-13,-9,-14,-9,-13,-8,-14,-7,-14,-7,-14,-7,-14,-6,-15,-5,-15,-6,-15,-5,-16,-5,-15,-5,-15,-5,-15,-5,0,0,-59,-9,-56,-9,-54,-9,-52,-6,-51,-6,-48,-4,-46,-3,-44,0,-44,3,-41,4,-41,6,-39,7,-40,9,-38,9,-37,10,-39,9,-37,10,-39,10,-37,9,-36,7,-37,6,-34,6,-32,4,-31,3,-32,0,-31,0,-29,-1,-27,-4,0,0,0,0,0,0,0,0,0,0,0,0,0,0,-54,7,-57,1,-58,-3,-58,-7,-56,-9,-58,-13,-61,-16,-65,-20,-61,-24,-62,-26,-60,-28,-58,-28,-58,-30,-56,-28,-53,-26,-51,-25,-53,-24,-53,-22,-54,-20,-54,-18,-54,-17,-56,-15,-55,-14,-58,-13,-58,-12,-59,-11,-59,-11,-58,-10]"
618023428224700,4.977376300,89844,1858419277,-49,-98,6,0,1,7,0,0,256,0,0,"[0,0,-14,7,-14,7,-13,7,-13,6,-12,7,-11,7,-11,7,-10,7,-10,7,-9,7,-9,7,-8,7,-8,7,-7,7,-7,8,-7,8,-7,7,-7,7,-7,7,-7,7,-7,7,-7,6,-7,6,-7,5,-7,4,-7,4,0,0,0,0,0,0,0,0,0,0,0,0,0,0,0,0,0,0,0,0,0,0,-13,9,-14,8,-14,8,-15,7,-16,7,-17,6,-17,6,-18,5,-17,4,-17,3,-17,3,-17,3,-16,3,-16,3,-16,3,-15,4,-15,5,-15,5,-15,5,-15,6,-15,6,-15,7,-15,7,-14,7,-14,7,-15,7,0,0,-23,16,-23,17,-22,17,-21,16,-19,15,-18,17,-18,15,-16,16,-14,15,-13,15,-12,16,-12,16,-10,16,-10,16,-11,17,-10,16,-9,17,-11,16,-10,15,-11,16,-11,14,-10,14,-10,14,-10,12,-10,11,-10,10,-11,10,-12,9,0,0,0,0,0,0,0,0,0,0,0,0,0,0,-17,22,-19,21,-21,19,-22,18,-24,19,-24,18,-27,16,-28,14,-29,15,-31,13,-30,13,-31,10,-31,10,-30,9,-28,9,-28,10,-27,10,-27,12,-25,12,-27,14,-26,14,-25,15,-25,16,-24,17,-25,17,-25,17,-24,18,-25,17]"
618023445731800,4.994883400,89845,1858436534,-49,-98,6,0,1,7,0,0,256,0,0,"[0,0,-12,-10,-11,-9,-11,-9,-11,-8,-11,-8,-10,-8,-10,-7,-10,-7,-10,-6,-10,-5,-10,-4,-10,-4,-10,-4,-10,-3,-10,-3,-10,-3,-10,-3,-10,-3,-10,-3,-9,-3,-9,-4,-8,-4,-8,-3,-8,-4,-8,-4,-7,-4,0,0,0,0,0,0,0,0,0,0,0,0,0,0,0,0,0,0,0,0,0,0,-13,-8,-12,-9,-12,-10,-12,-10,-12,-12,-11,-13,-11,-13,-10,-14,-10,-14,-10,-14,-10,-13,-9,-13,-9,-13,-9,-13,-9,-13,-10,-12,-10,-12,-10,-12,-10,-11,-10,-11,-11,-11,-11,-11,-12,-11,-12,-10,-12,-10,-12,-10,0,0,-40,-39,-40,-38,-40,-40,-40,-32,-39,-34,-38,-31,-38,-30,-36,-28,-36,-23,-37,-20,-39,-17,-36,-16,-38,-14,-38,-15,-38,-13,-38,-12,-35,-12,-39,-13,-36,-14,-34,-15,-34,-15,-32,-16,-30,-15,-29,-13,-28,-13,-26,-17,-25,-16,-23,-17,0,0,0,0,0,0,0,0,0,0,0,0,0,0,-49,-27,-48,-33,-45,-34,-44,-40,-41,-43,-41,-47,-40,-49,-40,-54,-36,-56,-33,-58,-29,-57,-30,-56,-31,-55,-32,-55,-29,-52,-29,-51,-31,-52,-31,-48,-32,-48,-34,-47,-37,-46,-36,-45,-37,-47,-38,-45,-41,-42,-44,-42,-45,-41,-44,-43]"
618023465396100,5.014547700,89846,1858456551,-49,-98,6,0,1,7,0,0,256,0,0,"[0,0,-16,-3,-15,-3,-15,-3,-14,-3,-14,-2,-13,-2,-13,-1,-12,-1,-12,0,-12,0,-11,1,-11,1,-11,1,-11,2,-11,2,-11,2,-10,2,-11,2,-11,2,-10,1,-10,1,-10,1,-9,1,-9,0,-9,0,-9,-1,0,0,0,0,0,0,0,0,0,0,0,0,0,0,0,0,0,0,0,0,0,0,-16,-1,-16,-2,-16,-3,-16,-4,-16,-5,-17,-6,-17,-7,-17,-7,-16,-8,-16,-8,-16,-8,-15,-8,-15,-8,-15,-7,-15,-7,-15,-7,-15,-6,-15,-6,-15,-5,-15,-5,-16,-4,-16,-4,-16,-4,-16,-3,-16,-3,-16,-3,0,0,-28,-7,-29,-8,-26,-6,-26,-6,-24,-5,-23,-4,-23,-3,-23,-3,-23,-1,-22,0,-21,1,-20,0,-20,2,-19,2,-21,3,-20,3,-19,2,-19,3,-20,3,-19,1,-18,1,-17,0,-16,0,-16,-1,-15,-1,-16,-3,-15,-2,-14,-3,0,0,0,0,0,0,0,0,0,0,0,0,0,0,-29,1,-29,-2,-29,-4,-28,-5,-29,-8,-29,-9,-30,-11,-30,-11,-31,-14,-30,-16,-29,-17,-28,-17,-28,-17,-27,-17,-26,-15,-25,-15,-26,-15,-26,-13,-26,-13,-28,-12,-27,-11,-27,-10,-28,-9,-29,-9,-29,-8,-29,-8,-29,-8,-29,-8]"
618023483111500,5.032263100,89847,1858476623,-49,-98,6,0,1,7,0,0,256,0,0,"[0,0,-3,13,-3,13,-3,12,-3,12,-2,12,-1,11,-1,11,-1,10,-1,10,0,9,1,9,1,9,1,9,2,9,1,9,1,9,2,8,2,8,1,8,1,8,1,8,0,8,0,7,0,7,0,6,-1,6,0,0,0,0,0,0,0,0,0,0,0,0,0,0,0,0,0,0,0,0,0,0,-1,13,-2,14,-3,14,-3,14,-4,14,-5,14,-6,14,-7,14,-7,14,-7,13,-7,13,-7,12,-7,12,-7,12,-6,13,-6,12,-6,12,-5,12,-5,13,-4,13,-4,13,-4,14,-4,14,-3,13,-3,14,-3,13,0,0,-14,55,-15,54,-13,53,-10,49,-9,51,-9,46,-6,45,-4,45,-3,42,0,42,2,39,3,42,5,39,4,40,6,38,5,39,4,37,6,38,5,36,4,35,3,34,0,34,1,33,0,29,-1,31,-3,28,-4,28,-8,27,0,0,0,0,0,0,0,0,0,0,0,0,0,0,5,55,-1,58,-6,56,-9,57,-13,58,-15,58,-22,59,-23,61,-26,58,-30,60,-31,56,-33,55,-30,55,-29,52,-29,51,-29,50,-26,52,-26,52,-24,51,-24,52,-20,54,-20,53,-19,56,-19,59,-15,57,-15,58,-12,57,-13,57]"
618023504509000,5.053660600,89848,1858496757,-49,-98,6,0,1,7,0,0,256,0,0,"[0,0,10,-10,9,-10,9,-10,9,-9,8,-10,7,-10,7,-9,6,-9,6,-9,5,-9,5,-9,4,-9,4,-9,3,-9,4,-9,4,-9,3,-9,3,-9,3,-9,4,-9,4,-8,4,-8,3,-7,3,-7,4,-6,4,-6,0,0,0,0,0,0,0,0,0,0,0,0,0,0,0,0,0,0,0,0,0,0,8,-12,9,-12,9,-11,10,-11,10,-11,12,-10,12,-10,13,-9,13,-9,13,-8,13,-8,13,-8,13,-8,12,-8,12,-8,11,-8,11,-8,11,-9,11,-9,11,-10,10,-10,10,-10,10,-10,10,-11,10,-11,10,-11,0,0,47,-33,42,-37,41,-35,39,-34,36,-34,33,-35,32,-34,30,-33,28,-32,25,-33,22,-34,23,-33,20,-35,20,-36,19,-34,18,-35,15,-36,18,-33,19,-33,19,-31,19,-30,19,-30,19,-27,19,-25,19,-23,19,-22,19,-21,21,-18,0,0,0,0,0,0,0,0,0,0,0,0,0,0,27,-46,36,-44,39,-43,43,-43,43,-40,46,-39,49,-37,53,-35,55,-34,57,-32,58,-30,58,-25,56,-25,56,-23,57,-25,54,-24,53,-26,48,-28,52,-29,47,-30,49,-31,47,-33,47,-35,48,-39,46,-35,47,-38,46,-38,48,-40]"
618023530806800,5.079958400,89849,1858521563,-49,-98,6,0,1,7,0,0,256,0,0,"[0,0,-15,5,-14,5,-14,5,-14,5,-13,5,-12,5,-12,5,-11,5,-11,5,-10,6,-9,6,-9,6,-8,7,-8,7,-8,7,-8,7,-8,7,-8,7,-8,6,-8,6,-8,5,-8,5,-7,5,-7,5,-7,4,-7,3,0,0,0,0,0,0,0,0,0,0,0,0,0,0,0,0,0,0,0,0,0,0,-14,7,-15,6,-15,5,-16,4,-17,4,-18,3,-18,2,-19,1,-18,1,-18,1,-17,1,-17,1,-16,1,-16,1,-16,1,-16,1,-16,2,-16,2,-16,3,-15,3,-16,4,-16,4,-16,5,-15,5,-15,5,-15,5,0,0,-28,9,-26,9,-26,9,-24,8,-23,9,-21,9,-21,10,-20,9,-20,10,-17,10,-18,11,-16,12,-16,13,-16,14,-14,13,-15,12,-15,12,-15,13,-15,12,-16,11,-14,11,-14,10,-13,10,-13,8,-13,7,-14,6,-13,6,-14,5,0,0,0,0,0,0,0,0,0,0,0,0,0,0,-22,16,-25,14,-26,13,-28,11,-28,9,-29,8,-30,6,-32,6,-33,5,-32,2,-34,1,-32,2,-31,1,-32,1,-30,0,-30,1,-31,2,-28,2,-30,3,-29,4,-29,5,-29,7,-28,7,-30,8,-28,8,-28,8,-28,10,-29,9]"
618023543614900,5.092766500,89850,1858536627,-49,-98,6,0,1,7,0,0,256,0,0,"[0,0,2,14,2,13,2,12,2,12,2,12,3,11,3,11,3,10,3,9,3,9,4,9,4,8,4,8,5,8,4,8,5,7,5,8,4,7,4,7,4,7,4,7,3,7,3,7,2,7,2,6,2,6,0,0,0,0,0,0,0,0,0,0,0,0,0,0,0,0,0,0,0,0,0,0,5,13,4,13,4,14,3,14,2,15,1,15,1,16,0,16,-1,16,-1,16,-1,15,-2,15,-1,15,-1,14,-1,14,0,14,0,13,0,14,1,14,1,14,1,14,2,14,2,15,3,14,3,14,3,14,0,0,4,28,3,28,4,26,5,26,4,24,5,24,5,23,6,22,6,20,7,19,8,18,7,18,8,17,9,17,9,17,9,16,9,16,10,17,9,16,8,16,7,15,6,16,5,16,5,15,3,14,3,13,2,14,1,13,0,0,0,0,0,0,0,0,0,0,0,0,0,0,13,26,9,27,8,27,5,28,5,30,3,30,1,33,0,33,0,32,-3,33,-4,32,-6,33,-5,31,-6,30,-6,29,-5,29,-4,28,-3,29,-1,28,-1,29,0,29,1,29,2,30,2,29,3,30,3,30,3,30,3,29]"
618023563597900,5.112749500,89851,1858556556,-49,-98,6,0,1,7,0,0,256,0,0,"[0,0,-12,8,-11,8,-11,8,-11,7,-10,7,-9,7,-9,7,-8,7,-8,7,-7,7,-7,7,-6,7,-6,8,-5,8,-6,8,-6,8,-5,8,-5,8,-5,7,-6,7,-6,7,-5,6,-6,6,-5,6,-6,5,-6,5,0,0,0,0,0,0,0,0,0,0,0,0,0,0,0,0,0,0,0,0,0,0,-11,10,-11,9,-12,9,-13,8,-14,8,-15,7,-15,7,-15,6,-15,6,-15,5,-15,5,-15,5,-14,5,-14,5,-14,5,-13,5,-13,6,-14,6,-13,6,-12,7,-13,8,-12,8,-13,8,-12,8,-12,9,-13,8,0,0,-45,33,-45,33,-43,29,-43,29,-38,30,-36,31,-34,31,-31,32,-29,29,-27,30,-25,30,-25,30,-22,32,-21,31,-20,32,-20,31,-20,33,-20,30,-20,32,-19,29,-20,28,-20,26,-20,24,-21,23,-20,20,-20,19,-21,20,-23,16,0,0,0,0,0,0,0,0,0,0,0,0,0,0,-35,42,-40,39,-44,35,-45,34,-49,34,-50,31,-55,30,-58,28,-58,25,-62,23,-60,21,-61,20,-61,16,-59,16,-59,16,-56,17,-52,19,-53,19,-52,21,-52,21,-51,25,-49,29,-49,29,-50,31,-49,32,-50,30,-48,31,-46,30]"
618023589844600,5.138996200,89852,1858579780,-49,-98,6,0,1,7,0,0,256,0,0,"[0,0,-7,-14,-7,-13,-7,-13,-6,-12,-7,-12,-7,-11,-7,-10,-7,-10,-7,-9,-7,-9,-7,-8,-8,-8,-8,-8,-8,-8,-8,-7,-8,-7,-8,-7,-8,-7,-8,-8,-7,-7,-7,-7,-6,-7,-6,-7,-5,-7,-5,-7,-4,-7,0,0,0,0,0,0,0,0,0,0,0,0,0,0,0,0,0,0,0,0,0,0,-9,-12,-9,-13,-9,-14,-8,-15,-7,-15,-7,-16,-6,-17,-5,-17,-5,-17,-4,-17,-4,-16,-4,-16,-4,-16,-4,-16,-4,-15,-4,-14,-5,-15,-5,-14,-6,-15,-6,-14,-6,-15,-7,-14,-7,-14,-7,-14,-7,-14,-8,-14,0,0,-11,-27,-11,-27,-11,-25,-11,-24,-10,-23,-10,-23,-11,-21,-12,-20,-12,-19,-13,-18,-14,-17,-13,-16,-14,-15,-13,-15,-15,-14,-15,-15,-14,-15,-14,-14,-14,-14,-13,-14,-11,-15,-10,-14,-10,-14,-9,-13,-8,-13,-8,-13,-7,-13,-5,-13,0,0,0,0,0,0,0,0,0,0,0,0,0,0,-18,-22,-16,-24,-15,-26,-13,-26,-13,-28,-11,-28,-10,-30,-9,-31,-7,-32,-7,-33,-5,-33,-4,-33,-3,-32,-4,-32,-3,-30,-4,-29,-4,-29,-6,-29,-7,-29,-7,-29,-8,-28,-9,-28,-9,-27,-10,-28,-11,-29,-11,-28,-10,-28,-10,-28]"
618023604880300,5.154031900,89853,1858596678,-49,-98,6,0,1,7,0,0,256,0,0,"[0,0,15,-3,14,-3,14,-3,13,-3,13,-3,12,-4,11,-4,11,-4,10,-4,10,-5,9,-5,9,-6,8,-6,8,-6,8,-6,8,-6,8,-6,8,-6,8,-6,8,-6,8,-5,7,-5,7,-4,7,-4,7,-4,7,-3,0,0,0,0,0,0,0,0,0,0,0,0,0,0,0,0,0,0,0,0,0,0,14,-4,15,-4,15,-3,16,-2,17,-1,17,-1,17,0,17,1,17,2,17,2,17,2,16,2,16,2,15,2,15,1,15,1,15,0,15,0,15,-1,15,-1,15,-2,15,-2,16,-2,16,-3,15,-3,15,-3,0,0,27,-7,26,-8,26,-8,24,-7,23,-8,22,-8,22,-8,20,-9,20,-9,17,-10,17,-12,16,-12,16,-12,16,-12,15,-12,16,-13,13,-13,15,-12,15,-11,15,-11,14,-10,14,-10,13,-10,13,-8,13,-7,12,-7,13,-6,13,-4,0,0,0,0,0,0,0,0,0,0,0,0,0,0,23,-14,25,-12,26,-10,28,-9,29,-7,29,-6,31,-4,33,-2,33,-1,33,0,33,2,31,1,32,2,31,1,30,1,29,1,29,0,28,0,29,-2,28,-2,28,-3,28,-5,28,-5,29,-5,29,-7,29,-6,28,-8,29,-8]"
618023625267600,5.174419200,89854,1858616498,-49,-98,6,0,1,7,0,0,256,0,0,"[0,0,-16,-1,-15,-1,-15,-1,-14,-1,-14,-1,-13,0,-13,0,-12,1,-12,1,-11,2,-11,2,-11,2,-11,2,-11,3,-11,3,-11,3,-10,3,-10,3,-10,3,-10,3,-10,3,-9,2,-9,2,-9,1,-9,1,-8,0,0,0,0,0,0,0,0,0,0,0,0,0,0,0,0,0,0,0,0,0,0,0,-16,1,-17,0,-16,-1,-17,-2,-17,-3,-18,-4,-18,-5,-18,-5,-18,-6,-16,-6,-17,-6,-16,-6,-16,-6,-16,-6,-16,-6,-16,-4,-16,-4,-16,-4,-16,-3,-16,-3,-16,-2,-16,-2,-17,-2,-17,-2,-16,-1,-17,-2,0,0,-29,-1,-29,0,-28,0,-26,-1,-25,1,-24,1,-23,2,-22,2,-22,3,-21,5,-21,6,-19,5,-18,6,-19,6,-18,7,-18,7,-18,7,-18,7,-18,7,-17,6,-17,5,-17,4,-16,4,-15,4,-16,1,-14,1,-16,0,-15,0,0,0,0,0,0,0,0,0,0,0,0,0,0,0,-28,7,-28,4,-29,2,-29,1,-30,0,-30,-2,-32,-4,-33,-6,-33,-7,-33,-9,-32,-10,-32,-10,-31,-11,-30,-11,-29,-10,-28,-10,-27,-8,-29,-8,-28,-6,-30,-6,-28,-4,-29,-3,-30,-4,-31,-2,-31,-2,-30,-2,-30,-1,-30,-1]"
618023645489200,5.194640800,89855,1858638313,-49,-98,6,0,1,7,0,0,256,0,0,"[0,0,14,2,13,2,13,2,13,1,12,1,11,1,11,0,11,0,10,-1,10,-1,10,-2,9,-2,9,-2,9,-3,9,-3,9,-3,9,-3,9,-3,9,-3,9,-2,8,-2,8,-2,7,-1,7,-1,7,-1,7,0,0,0,0,0,0,0,0,0,0,0,0,0,0,0,0,0,0,0,0,0,0,0,14,1,14,2,14,2,15,3,15,4,15,5,15,5,15,6,15,6,14,7,14,7,13,7,13,7,12,6,13,6,13,5,13,5,14,4,14,4,14,3,13,3,14,2,14,3,14,3,14,2,14,2,0,0,58,9,54,7,53,4,50,7,50,4,45,2,45,-2,43,-2,41,-2,40,-6,40,-7,36,-7,38,-9,37,-11,39,-11,37,-10,36,-12,37,-11,36,-10,38,-8,34,-8,32,-6,31,-5,29,-6,29,-3,28,-1,28,1,26,2,0,0,0,0,0,0,0,0,0,0,0,0,0,0,54,-8,57,-3,57,1,58,5,57,10,58,11,60,15,62,18,61,21,62,23,61,26,58,26,58,27,54,26,53,24,53,24,52,22,52,21,52,19,55,17,55,16,57,13,56,10,57,12,60,9,58,9,57,9,61,8]"
618023664612000,5.213763600,89856,1858657667,-49,-98,6,0,1,7,0,0,256,0,0,"[0,0,13,-8,13,-8,12,-8,12,-8,11,-8,10,-8,9,-8,9,-8,8,-8,8,-8,7,-8,7,-8,6,-8,6,-9,6,-9,6,-9,5,-9,6,-8,6,-9,6,-8,6,-8,5,-7,5,-7,5,-6,6,-6,6,-5,0,0,0,0,0,0,0,0,0,0,0,0,0,0,0,0,0,0,0,0,0,0,13,-9,13,-9,14,-8,14,-8,15,-7,16,-6,16,-6,17,-5,17,-5,16,-4,16,-3,16,-3,16,-3,15,-4,15,-4,15,-5,15,-5,14,-6,14,-6,14,-7,14,-7,14,-8,14,-8,14,-8,14,-8,14,-8,0,0,24,-14,25,-15,22,-13,22,-13,21,-14,19,-13,19,-14,17,-15,16,-15,15,-14,15,-15,13,-15,12,-14,12,-15,12,-17,12,-16,11,-16,11,-15,11,-15,11,-14,11,-14,11,-13,11,-13,11,-12,11,-10,10,-9,11,-9,12,-8,0,0,0,0,0,0,0,0,0,0,0,0,0,0,21,-20,23,-18,25,-16,25,-14,27,-15,27,-14,30,-12,30,-11,30,-11,32,-8,31,-7,32,-6,31,-5,30,-5,29,-6,29,-6,28,-6,28,-8,27,-9,28,-9,26,-10,26,-12,26,-12,26,-14,27,-14,27,-13,26,-13,26,-13]"
618023692361600,5.241513200,89857,1858683325,-49,-98,6,0,1,7,0,0,256,0,0,"[0,0,11,-10,10,-11,10,-10,9,-10,9,-10,8,-10,8,-9,7,-10,7,-9,6,-10,5,-10,4,-10,4,-10,4,-10,4,-10,4,-10,4,-10,4,-10,4,-9,4,-9,4,-9,4,-8,4,-8,4,-7,4,-7,5,-6,0,0,0,0,0,0,0,0,0,0,0,0,0,0,0,0,0,0,0,0,0,0,9,-13,10,-12,11,-12,11,-12,12,-12,14,-11,14,-10,15,-9,15,-9,15,-8,14,-8,14,-8,14,-8,13,-8,13,-8,13,-9,13,-9,13,-10,12,-10,12,-10,12,-10,12,-11,12,-11,11,-12,11,-11,11,-11,0,0,41,-39,38,-41,39,-41,37,-38,35,-39,30,-37,29,-36,26,-36,25,-35,21,-34,18,-37,17,-36,15,-36,15,-38,14,-34,15,-37,13,-35,15,-35,15,-33,16,-33,16,-32,16,-29,15,-28,16,-27,17,-25,17,-24,17,-23,20,-21,0,0,0,0,0,0,0,0,0,0,0,0,0,0,22,-52,27,-50,33,-47,38,-45,38,-44,44,-45,45,-43,53,-42,54,-38,55,-36,55,-32,54,-34,55,-32,53,-30,51,-31,50,-32,49,-33,46,-32,46,-32,45,-33,46,-38,45,-36,46,-40,44,-40,42,-41,40,-44,40,-42,43,-45]"
618023707879400,5.257031000,89858,1858696704,-49,-98,6,0,1,7,0,0,256,0,0,"[0,0,-4,-15,-4,-14,-4,-14,-4,-12,-4,-13,-5,-12,-5,-11,-5,-11,-5,-10,-6,-10,-6,-9,-6,-9,-6,-9,-7,-9,-6,-8,-6,-8,-7,-8,-6,-8,-6,-8,-6,-8,-5,-7,-5,-8,-5,-7,-5,-7,-4,-7,-4,-7,0,0,0,0,0,0,0,0,0,0,0,0,0,0,0,0,0,0,0,0,0,0,-5,-14,-5,-15,-4,-15,-3,-16,-3,-16,-2,-17,-1,-17,-1,-17,0,-17,0,-17,0,-17,0,-16,0,-16,0,-16,0,-16,-1,-14,-1,-15,-1,-15,-2,-15,-3,-15,-3,-15,-3,-15,-4,-15,-4,-15,-4,-15,-4,-15,0,0,-3,-28,-4,-28,-4,-28,-4,-26,-4,-26,-5,-25,-5,-23,-6,-22,-6,-21,-7,-20,-9,-19,-9,-18,-9,-18,-10,-18,-10,-18,-11,-17,-11,-17,-11,-17,-10,-17,-9,-17,-9,-16,-8,-16,-6,-15,-6,-16,-6,-15,-5,-14,-4,-14,-3,-15,0,0,0,0,0,0,0,0,0,0,0,0,0,0,-11,-27,-8,-29,-7,-28,-5,-29,-3,-31,-2,-31,0,-32,1,-34,2,-34,4,-34,4,-32,6,-32,6,-32,6,-31,7,-30,4,-29,4,-29,3,-29,2,-29,2,-29,1,-30,-1,-31,-1,-29,-2,-30,-3,-30,-3,-31,-3,-30,-3,-31]"
618023725485700,5.274637300,89859,1858716712,-49,-98,6,0,1,7,0,0,256,0,0,"[0,0,-8,-14,-9,-14,-8,-13,-8,-13,-8,-12,-8,-11,-8,-11,-8,-10,-8,-9,-8,-9,-8,-8,-8,-8,-9,-8,-9,-7,-9,-7,-8,-7,-9,-7,-8,-7,-8,-7,-8,-7,-8,-7,-7,-7,-7,-7,-6,-7,-6,-7,-5,-6,0,0,0,0,0,0,0,0,0,0,0,0,0,0,0,0,0,0,0,0,0,0,-10,-13,-9,-14,-9,-15,-8,-15,-8,-17,-7,-17,-6,-18,-5,-18,-5,-18,-4,-18,-4,-18,-4,-17,-4,-17,-4,-17,-4,-16,-5,-16,-5,-15,-6,-15,-6,-15,-7,-15,-7,-15,-7,-15,-8,-15,-8,-15,-8,-15,-8,-15,0,0,-16,-24,-17,-25,-14,-22,-17,-21,-15,-20,-16,-19,-16,-18,-15,-16,-15,-15,-16,-14,-16,-13,-16,-13,-16,-12,-16,-12,-17,-11,-17,-10,-16,-11,-16,-10,-15,-10,-15,-11,-15,-10,-14,-11,-13,-11,-12,-10,-11,-10,-10,-10,-9,-11,-8,-12,0,0,0,0,0,0,0,0,0,0,0,0,0,0,-22,-18,-20,-21,-19,-22,-18,-23,-18,-25,-16,-26,-15,-28,-14,-28,-14,-30,-13,-31,-11,-31,-10,-32,-9,-31,-9,-31,-8,-29,-8,-27,-10,-27,-11,-27,-11,-26,-12,-27,-13,-26,-15,-26,-15,-26,-16,-26,-17,-26,-16,-27,-16,-25,-17,-25]"
618023742467200,5.291618800,89860,1858736526,-49,-98,6,0,1,7,0,0,256,0,0,"[0,0,6,13,6,13,6,12,6,12,6,11,6,10,6,10,6,10,6,8,6,8,6,7,7,7,7,7,7,6,7,6,7,6,7,6,7,6,7,6,6,6,6,6,5,6,5,6,5,6,4,6,4,6,0,0,0,0,0,0,0,0,0,0,0,0,0,0,0,0,0,0,0,0,0,0,8,12,8,13,7,14,7,14,6,15,5,15,5,16,4,16,3,16,2,17,2,16,2,15,2,16,2,15,3,15,3,14,3,14,4,14,4,14,5,14,5,14,6,14,6,14,6,14,6,14,6,13,0,0,13,24,14,23,13,23,13,22,12,20,13,19,13,19,13,18,13,15,14,14,14,13,14,13,14,12,15,12,14,11,15,10,15,12,15,11,15,11,14,11,13,10,11,10,11,11,10,10,9,10,9,10,8,11,6,11,0,0,0,0,0,0,0,0,0,0,0,0,0,0,20,19,18,22,16,22,15,24,14,26,12,26,11,29,11,29,10,30,8,32,7,31,6,32,5,31,6,29,6,28,5,28,7,27,7,27,8,26,9,27,10,26,10,26,11,26,12,26,13,27,13,26,14,25,13,25]"
618023763498300,5.312649900,89861,1858756551,-49,-98,6,0,1,7,0,0,256,0,0,"[0,0,14,3,14,2,13,2,13,2,12,2,12,1,11,1,11,0,11,0,11,-1,10,-1,10,-2,10,-2,9,-2,10,-2,9,-2,9,-2,9,-2,9,-2,9,-2,9,-2,8,-1,8,-1,7,0,7,0,7,0,0,0,0,0,0,0,0,0,0,0,0,0,0,0,0,0,0,0,0,0,0,0,15,0,15,1,15,2,15,3,16,4,16,5,16,5,16,7,15,7,15,7,14,7,14,7,14,7,14,6,14,6,13,5,13,5,14,5,14,4,14,4,14,4,15,3,15,3,15,3,15,3,15,2,0,0,28,2,28,2,25,1,26,1,23,1,24,1,22,-1,20,-2,21,-2,21,-4,20,-5,19,-5,18,-6,17,-5,19,-7,18,-7,18,-7,18,-6,18,-6,17,-5,16,-4,16,-3,16,-4,14,-3,14,-3,14,-2,14,-1,13,0,0,0,0,0,0,0,0,0,0,0,0,0,0,0,27,-7,28,-4,28,-2,28,0,29,2,28,3,31,5,31,7,31,9,31,11,30,11,30,12,29,11,28,12,27,10,26,9,27,9,27,8,26,7,28,8,26,5,28,4,27,4,27,4,30,3,28,2,28,2,30,3]"
618023788948700,5.338100300,89862,1858782114,-49,-98,6,0,1,7,0,0,256,0,0,"[0,0,-3,14,-3,14,-3,13,-2,13,-2,12,-2,12,-1,11,-1,11,-1,10,0,10,1,10,1,9,1,10,2,9,2,9,2,9,2,9,2,9,2,9,1,8,1,8,1,8,0,8,0,7,0,7,0,7,0,0,0,0,0,0,0,0,0,0,0,0,0,0,0,0,0,0,0,0,0,0,-2,14,-3,14,-4,15,-5,15,-5,15,-6,15,-7,15,-8,15,-8,14,-9,14,-8,14,-9,13,-8,13,-8,13,-7,13,-7,13,-6,13,-6,13,-5,13,-5,14,-4,14,-4,14,-4,15,-3,14,-3,15,-3,14,0,0,-11,56,-11,53,-9,53,-9,48,-7,50,-5,47,-5,45,-1,43,0,41,0,40,5,39,3,38,4,39,7,37,9,35,9,36,8,38,8,37,7,35,7,35,4,33,3,33,3,31,2,29,0,29,-1,28,-4,28,-7,27,0,0,0,0,0,0,0,0,0,0,0,0,0,0,6,55,-2,57,-7,55,-9,58,-12,58,-14,59,-17,59,-21,62,-25,59,-28,59,-28,55,-30,55,-31,55,-29,53,-30,52,-26,51,-25,51,-23,51,-23,53,-20,53,-19,54,-18,56,-15,55,-13,56,-14,56,-12,58,-12,58,-12,57]"
618023807911500,5.357063100,89863,1858798571,-49,-98,6,0,1,7,0,0,256,0,0,"[0,0,8,-13,8,-13,7,-12,7,-12,7,-12,6,-12,5,-11,5,-11,4,-11,4,-11,3,-11,3,-11,2,-11,2,-11,2,-11,2,-11,2,-10,2,-10,2,-10,2,-10,2,-9,2,-9,3,-9,3,-8,3,-8,3,-7,0,0,0,0,0,0,0,0,0,0,0,0,0,0,0,0,0,0,0,0,0,0,7,-14,7,-14,8,-14,9,-14,10,-14,11,-13,12,-13,13,-13,13,-12,13,-12,13,-11,13,-11,12,-11,12,-11,11,-11,11,-11,11,-11,10,-11,10,-12,9,-12,9,-13,9,-13,9,-13,9,-14,8,-14,8,-13,0,0,34,-47,29,-46,29,-46,26,-43,26,-45,24,-41,23,-41,20,-42,18,-38,14,-38,11,-39,10,-39,7,-39,9,-40,6,-38,9,-39,6,-36,8,-37,8,-36,9,-35,9,-33,10,-34,10,-32,9,-29,10,-28,12,-26,11,-26,16,-25,0,0,0,0,0,0,0,0,0,0,0,0,0,0,16,-53,23,-55,26,-53,31,-51,32,-50,37,-49,39,-50,43,-50,48,-44,51,-43,52,-41,48,-41,47,-41,48,-40,46,-39,44,-39,44,-38,40,-37,42,-39,38,-40,38,-42,38,-44,37,-45,36,-46,34,-45,33,-48,32,-50,33,-49]"
618023824150100,5.373301700,89864,1858816568,-49,-98,6,0,1,7,0,0,256,0,0,"[0,0,7,-12,6,-13,6,-12,6,-11,5,-11,5,-11,4,-11,4,-11,4,-10,3,-10,2,-10,2,-10,1,-10,1,-10,1,-10,1,-10,0,-10,1,-10,1,-10,1,-9,1,-9,1,-9,1,-9,2,-8,2,-7,2,-7,0,0,0,0,0,0,0,0,0,0,0,0,0,0,0,0,0,0,0,0,0,0,5,-14,6,-14,7,-14,8,-14,9,-13,10,-13,10,-13,11,-12,11,-12,11,-12,11,-11,11,-11,10,-11,10,-11,10,-11,9,-11,9,-11,9,-11,8,-12,8,-12,8,-13,8,-13,8,-13,7,-13,7,-13,7,-13,0,0,34,-42,32,-44,30,-42,30,-40,28,-40,26,-39,24,-40,20,-40,21,-38,16,-36,14,-37,14,-38,12,-39,11,-39,12,-35,10,-36,8,-36,9,-36,12,-33,11,-34,12,-32,13,-32,13,-30,13,-27,13,-27,13,-25,15,-23,16,-21,0,0,0,0,0,0,0,0,0,0,0,0,0,0,18,-52,24,-53,29,-50,33,-49,35,-46,39,-46,42,-47,45,-45,49,-42,51,-41,52,-39,48,-38,50,-36,49,-36,48,-36,48,-36,45,-36,43,-34,44,-36,42,-37,40,-40,39,-40,38,-43,40,-44,37,-44,37,-46,36,-46,36,-47]"
618023845079500,5.394231100,89865,1858836642,-49,-98,6,0,1,7,0,0,256,0,0,"[0,0,-15,-5,-15,-5,-15,-5,-14,-4,-14,-4,-13,-4,-13,-3,-12,-3,-12,-2,-12,-1,-12,-1,-11,-1,-11,0,-11,0,-11,1,-11,1,-10,0,-11,1,-11,1,-10,0,-10,0,-10,0,-9,0,-9,-1,-9,-1,-8,-1,0,0,0,0,0,0,0,0,0,0,0,0,0,0,0,0,0,0,0,0,0,0,-16,-5,-16,-5,-16,-6,-16,-7,-16,-8,-16,-9,-16,-10,-15,-11,-16,-11,-15,-11,-14,-11,-14,-11,-14,-11,-13,-10,-14,-10,-13,-9,-14,-9,-14,-8,-14,-8,-15,-7,-15,-7,-15,-7,-16,-6,-15,-6,-15,-6,-16,-6,0,0,-53,-19,-51,-22,-47,-20,-54,-17,-46,-16,-46,-14,-44,-12,-41,-7,-41,-8,-42,-7,-41,-5,-36,-4,-38,-2,-37,0,-40,2,-38,1,-37,1,-39,0,-39,1,-35,1,-33,-1,-32,0,-32,-3,-29,-5,-29,-5,-27,-7,-26,-7,-27,-8,0,0,0,0,0,0,0,0,0,0,0,0,0,0,-55,-10,-54,-17,-53,-21,-52,-22,-53,-25,-53,-27,-55,-33,-54,-36,-55,-36,-54,-39,-50,-39,-50,-44,-46,-45,-44,-42,-43,-42,-43,-39,-43,-37,-47,-35,-46,-33,-47,-32,-46,-28,-52,-27,-51,-26,-52,-25,-50,-27,-54,-28,-52,-23,-53,-24]"
618023866784900,5.415936500,89866,1858859379,-49,-98,6,0,1,7,0,0,256,0,0,"[0,0,-1,15,-1,14,-1,14,0,14,0,13,0,13,1,12,1,12,1,10,2,11,2,10,3,10,3,10,3,9,3,9,4,9,4,9,3,9,3,9,2,8,3,8,2,8,2,8,2,8,1,7,1,7,0,0,0,0,0,0,0,0,0,0,0,0,0,0,0,0,0,0,0,0,0,0,0,15,-1,16,-1,16,-2,16,-3,17,-4,17,-5,17,-6,17,-6,16,-6,16,-6,16,-7,15,-6,15,-6,15,-5,15,-4,15,-4,14,-4,15,-3,15,-3,15,-2,15,-2,16,-2,15,-1,16,-1,16,-1,15,0,0,-4,26,-4,27,-3,26,-2,25,-2,24,-2,24,-1,22,0,22,2,20,3,19,4,19,5,20,5,18,5,18,6,18,6,17,5,19,6,17,5,17,4,16,3,16,3,16,3,15,3,15,2,14,1,13,0,14,-1,13,0,0,0,0,0,0,0,0,0,0,0,0,0,0,4,28,1,29,-1,28,-3,28,-5,30,-5,29,-8,31,-9,30,-11,31,-14,30,-14,29,-15,30,-13,29,-13,27,-13,27,-12,27,-11,26,-11,27,-9,26,-9,27,-8,27,-8,27,-6,29,-6,29,-5,28,-4,29,-3,29,-4,29]"
618023886289200,5.435440800,89867,1858876589,-49,-98,6,0,1,7,0,0,256,0,0,"[0,0,-15,-5,-14,-6,-14,-5,-14,-5,-13,-4,-13,-4,-12,-3,-12,-3,-12,-2,-12,-1,-11,-1,-11,-1,-11,-1,-11,0,-11,0,-11,0,-10,0,-11,0,-11,0,-10,0,-10,0,-9,-1,-9,-1,-9,-1,-8,-2,-8,-2,0,0,0,0,0,0,0,0,0,0,0,0,0,0,0,0,0,0,0,0,0,0,-16,-4,-16,-5,-16,-6,-16,-7,-16,-8,-16,-9,-16,-9,-16,-10,-15,-11,-14,-11,-14,-11,-14,-10,-13,-10,-13,-10,-13,-9,-14,-9,-14,-8,-14,-8,-14,-8,-15,-7,-15,-7,-15,-7,-16,-6,-16,-6,-15,-6,-15,-6,0,0,-57,-17,-54,-18,-51,-17,-51,-15,-48,-12,-46,-11,-45,-10,-43,-7,-42,-6,-42,-3,-42,-1,-41,1,-39,2,-39,4,-39,5,-38,4,-38,4,-39,4,-36,4,-37,2,-35,2,-32,0,-31,0,-31,-1,-31,-2,-30,-3,-29,-4,-26,-7,0,0,0,0,0,0,0,0,0,0,0,0,0,0,-56,-3,-58,-11,-59,-14,-58,-19,-55,-21,-56,-24,-56,-28,-58,-30,-58,-34,-56,-37,-54,-40,-54,-39,-52,-37,-51,-36,-50,-35,-50,-33,-49,-33,-49,-32,-50,-29,-51,-28,-52,-26,-53,-25,-52,-23,-56,-23,-58,-19,-55,-21,-56,-20,-57,-20]"
618023903628600,5.452780200,89868,1858896623,-49,-98,6,0,1,7,0,0,256,0,0,"[0,0,-10,11,-9,10,-9,10,-8,10,-8,10,-7,9,-7,9,-6,9,-6,9,-5,9,-4,9,-4,9,-4,9,-3,9,-3,9,-3,9,-3,9,-3,9,-4,8,-4,8,-4,8,-4,7,-4,7,-4,7,-4,6,-4,5,0,0,0,0,0,0,0,0,0,0,0,0,0,0,0,0,0,0,0,0,0,0,-8,12,-9,11,-9,12,-10,11,-12,11,-13,11,-13,10,-14,9,-14,9,-14,8,-14,8,-14,8,-13,8,-13,8,-13,8,-12,8,-12,9,-11,9,-11,10,-11,10,-11,10,-10,10,-11,11,-10,11,-10,11,-10,11,0,0,-40,41,-39,41,-37,39,-36,36,-34,36,-29,36,-28,37,-26,34,-24,35,-20,37,-20,35,-18,36,-15,35,-13,36,-13,34,-14,36,-14,36,-14,35,-13,33,-14,32,-14,30,-14,31,-14,29,-16,26,-16,25,-16,22,-16,22,-19,20,0,0,0,0,0,0,0,0,0,0,0,0,0,0,-29,49,-34,46,-38,42,-42,44,-43,42,-46,38,-51,40,-54,39,-55,37,-57,35,-58,31,-56,30,-56,27,-56,28,-54,27,-52,27,-49,30,-49,28,-48,29,-49,31,-46,35,-46,35,-43,38,-44,38,-44,41,-41,43,-42,44,-42,41]"
618023922696300,5.471847900,89869,1858916675,-49,-98,6,0,1,7,0,0,256,0,0,"[0,0,3,13,4,13,3,12,3,12,3,12,4,11,4,10,4,10,4,9,5,8,5,8,5,8,5,7,6,7,6,7,5,7,5,7,5,6,5,6,5,7,4,7,4,7,4,6,3,6,3,6,3,6,0,0,0,0,0,0,0,0,0,0,0,0,0,0,0,0,0,0,0,0,0,0,5,13,5,13,4,14,4,15,3,15,2,16,2,16,0,16,0,16,-1,16,0,15,0,15,0,15,0,15,0,15,1,14,1,14,2,14,2,14,2,14,3,14,3,14,3,14,3,14,4,14,4,13,0,0,8,26,7,26,8,25,7,23,8,23,9,22,8,20,9,20,10,17,9,17,10,17,10,16,10,15,11,15,12,13,12,14,11,13,11,14,11,13,10,13,9,13,9,12,7,13,7,13,6,13,6,11,4,13,3,13,0,0,0,0,0,0,0,0,0,0,0,0,0,0,15,23,12,25,10,25,10,27,9,27,8,29,6,30,5,32,4,31,2,33,2,32,-1,32,-2,31,-2,30,-2,30,0,28,0,28,2,26,3,28,3,28,3,28,6,27,6,27,8,28,7,28,7,28,7,28,8,27]"
618023945319200,5.494470800,89870,1858936611,-49,-98,6,0,1,7,0,0,256,0,0,"[0,0,-8,13,-7,13,-7,12,-7,12,-6,11,-5,11,-5,11,-4,11,-4,10,-3,10,-3,10,-2,9,-2,10,-1,10,-2,10,-1,9,-1,10,-1,9,-2,9,-2,9,-2,9,-1,8,-2,8,-2,8,-3,7,-3,6,0,0,0,0,0,0,0,0,0,0,0,0,0,0,0,0,0,0,0,0,0,0,-7,14,-8,13,-9,13,-9,13,-11,14,-11,13,-12,13,-12,12,-13,12,-13,11,-14,11,-13,10,-13,11,-12,10,-11,11,-11,11,-11,11,-10,11,-10,12,-9,12,-9,13,-8,13,-9,13,-9,13,-9,13,-8,13,0,0,-23,52,-23,53,-22,51,-19,49,-18,48,-14,47,-14,44,-13,43,-9,41,-5,42,-3,40,-3,41,-1,41,0,39,0,39,1,38,2,39,0,38,1,39,-1,35,-2,33,-2,35,-2,31,-4,31,-6,28,-5,28,-8,26,-10,25,0,0,0,0,0,0,0,0,0,0,0,0,0,0,-9,57,-14,57,-20,56,-21,54,-25,55,-28,54,-32,57,-37,56,-40,53,-40,54,-45,51,-43,50,-44,48,-42,49,-41,48,-39,47,-38,47,-35,45,-34,47,-34,50,-30,51,-32,52,-28,51,-28,54,-25,55,-23,56,-23,57,-23,56]"
618023962416000,5.511567600,89871,1858956640,-49,-98,6,0,1,7,0,0,256,0,0,"[0,0,5,13,4,12,5,12,5,11,4,11,5,10,5,10,5,9,5,8,5,8,5,7,6,7,6,7,6,7,6,7,6,7,6,6,6,6,6,6,5,6,5,6,4,6,4,6,4,6,4,5,3,6,0,0,0,0,0,0,0,0,0,0,0,0,0,0,0,0,0,0,0,0,0,0,7,12,6,12,6,13,5,14,5,15,4,15,4,15,3,16,2,16,2,16,2,15,2,14,2,15,2,14,2,14,2,13,2,13,3,13,3,13,4,13,4,13,4,13,5,14,5,13,5,13,5,13,0,0,9,26,7,25,8,25,9,23,8,23,8,21,9,20,9,19,10,17,10,17,10,15,10,16,10,14,12,14,12,13,14,14,11,13,11,14,11,13,10,13,10,14,8,13,8,12,7,12,7,12,5,12,5,11,4,12,0,0,0,0,0,0,0,0,0,0,0,0,0,0,16,22,14,24,12,25,10,27,9,27,8,29,7,29,7,31,5,31,3,32,3,31,1,31,0,31,0,31,-1,29,0,28,1,28,2,27,3,28,4,28,5,28,6,27,6,27,7,28,8,27,8,27,8,28,8,27]"
618023982711800,5.531863400,89872,1858976610,-49,-98,6,0,1,7,0,0,256,0,0,"[0,0,3,15,3,14,3,13,3,13,3,13,3,12,4,11,4,11,4,10,4,9,4,9,5,8,5,9,5,8,6,8,6,8,6,8,5,7,5,7,5,7,5,7,4,7,4,7,3,7,3,6,2,6,0,0,0,0,0,0,0,0,0,0,0,0,0,0,0,0,0,0,0,0,0,0,5,15,4,15,3,16,3,16,2,17,1,17,0,17,0,18,-1,18,-2,17,-2,17,-2,16,-2,16,-1,16,-1,16,-1,15,0,15,0,15,1,15,2,15,2,15,2,16,2,15,3,15,3,15,3,15,0,0,7,27,6,27,6,26,6,23,6,25,7,22,8,21,8,20,10,18,10,17,9,18,9,17,9,17,11,16,12,15,11,15,10,14,11,14,11,13,11,14,9,13,8,14,7,12,7,12,6,12,5,13,4,12,4,13,0,0,0,0,0,0,0,0,0,0,0,0,0,0,11,24,9,26,10,28,9,27,6,29,6,29,5,31,3,32,2,33,1,34,0,33,-1,32,-4,32,-4,31,-4,31,-3,29,-1,30,0,28,0,29,2,28,2,29,5,28,5,29,6,29,5,29,5,29,5,28,6,29]"
618024004747900,5.553899500,89873,1858998299,-50,-98,6,0,1,7,0,0,256,0,0,"[0,0,13,7,12,6,12,6,12,5,11,5,11,4,11,4,10,3,10,2,10,2,10,2,10,1,10,1,9,1,10,0,9,0,9,0,9,0,9,0,9,0,9,0,8,1,8,1,7,1,7,1,6,2,0,0,0,0,0,0,0,0,0,0,0,0,0,0,0,0,0,0,0,0,0,0,14,5,14,6,13,7,13,7,14,9,13,9,13,10,13,11,12,11,12,11,11,11,11,11,11,10,11,10,11,10,11,9,11,9,12,9,12,8,12,8,13,8,13,7,13,7,13,7,13,7,13,7,0,0,45,30,46,29,42,28,45,27,41,25,41,22,41,21,40,18,42,13,39,12,39,10,37,10,37,8,36,6,39,6,35,5,37,5,36,6,35,4,35,7,33,8,30,7,29,10,27,10,27,9,25,10,24,13,21,12,0,0,0,0,0,0,0,0,0,0,0,0,0,0,53,17,52,23,51,27,49,27,51,31,47,35,50,40,49,41,49,45,45,48,45,48,43,50,40,48,38,47,35,48,37,43,37,42,40,42,38,38,43,40,41,37,46,35,46,35,49,32,47,35,48,32,49,34,48,32]"
618024023115700,5.572267300,89874,1859016648,-50,-98,6,0,1,7,0,0,256,0,0,"[0,0,15,-1,14,-1,13,-1,14,-1,13,-1,12,-2,11,-2,11,-2,11,-3,10,-3,10,-4,10,-4,10,-4,9,-4,9,-5,9,-5,9,-4,9,-5,9,-4,9,-4,8,-4,8,-3,8,-3,7,-3,7,-2,7,-2,0,0,0,0,0,0,0,0,0,0,0,0,0,0,0,0,0,0,0,0,0,0,15,-4,15,-2,16,-2,16,-1,17,0,17,1,17,2,17,3,17,3,16,4,16,4,16,3,15,3,15,4,15,3,15,2,15,2,14,1,15,1,15,0,15,0,15,0,15,0,16,-1,15,-1,16,-1,0,0,28,1,27,0,26,0,25,0,25,-1,23,-2,22,-2,21,-3,20,-4,19,-5,19,-6,18,-7,18,-7,17,-7,17,-7,18,-8,17,-8,18,-7,16,-6,17,-6,17,-5,15,-5,14,-5,14,-4,14,-4,13,-3,13,-2,13,0,0,0,0,0,0,0,0,0,0,0,0,0,0,0,27,-9,28,-5,29,-3,29,-1,29,0,30,2,30,3,33,5,32,8,32,8,31,9,29,9,29,9,28,9,28,9,28,8,28,8,27,7,28,6,27,6,28,4,30,4,28,3,29,2,28,1,30,1,29,1,30,0]"
618024043400700,5.592552300,89875,1859036581,-50,-98,6,0,1,7,0,0,256,0,0,"[0,0,9,11,9,10,9,10,9,9,8,9,8,9,8,8,8,7,8,6,8,6,8,5,8,5,9,5,8,4,8,4,8,4,8,4,8,4,8,4,7,4,7,4,6,4,6,4,6,4,6,4,5,4,0,0,0,0,0,0,0,0,0,0,0,0,0,0,0,0,0,0,0,0,0,0,11,9,11,10,11,11,10,11,10,12,10,13,8,14,8,15,8,15,7,15,7,14,7,14,7,14,7,14,7,13,7,13,7,12,7,12,8,12,8,12,9,12,9,12,10,12,10,11,10,11,10,11,0,0,33,42,35,42,34,41,34,39,32,37,33,32,31,29,32,29,33,26,34,22,32,22,31,21,32,19,34,17,34,17,33,17,32,17,34,17,33,16,30,15,29,17,27,17,25,17,23,18,22,18,20,17,19,19,16,19,0,0,0,0,0,0,0,0,0,0,0,0,0,0,48,30,45,38,42,38,39,42,40,46,37,47,35,53,35,55,33,56,32,58,27,57,25,59,22,59,23,57,22,55,22,53,24,52,25,50,27,48,28,48,29,48,32,46,33,47,34,46,38,47,37,46,38,47,38,45]"
618024062443100,5.611594700,89876,1859056549,-50,-98,6,0,1,7,0,0,256,0,0,"[0,0,7,13,6,12,7,12,7,11,7,11,7,10,7,9,7,9,7,8,7,7,7,7,7,7,7,6,8,6,8,5,8,5,7,5,8,6,7,5,7,5,7,5,6,5,5,5,5,5,5,5,4,6,0,0,0,0,0,0,0,0,0,0,0,0,0,0,0,0,0,0,0,0,0,0,9,12,8,13,7,13,7,14,6,15,6,16,5,16,5,16,4,16,3,16,3,16,3,16,3,15,3,15,4,15,4,13,4,15,5,14,5,14,6,14,6,14,7,14,7,14,7,14,7,14,7,13,0,0,12,24,12,25,12,23,11,22,11,21,11,20,11,19,12,18,12,16,13,16,12,14,13,15,13,13,13,13,15,11,15,11,14,11,14,11,13,12,12,11,12,11,10,11,10,11,9,11,8,10,8,10,7,11,6,12,0,0,0,0,0,0,0,0,0,0,0,0,0,0,19,21,16,23,15,24,12,25,13,27,12,26,11,30,9,31,9,31,6,32,6,32,4,32,3,31,4,30,3,29,4,28,4,28,6,26,7,27,7,27,8,27,9,27,10,26,11,27,11,27,12,27,13,27,12,26]"
618024084232600,5.633384200,89877,1859076476,-50,-98,6,0,1,7,0,0,256,0,0,"[0,0,-8,12,-7,13,-7,12,-7,12,-6,12,-5,11,-5,11,-4,11,-4,10,-4,10,-2,10,-2,10,-2,10,-1,9,-1,10,-1,9,-1,9,-1,9,-2,9,-2,9,-3,9,-2,8,-2,8,-2,7,-3,7,-3,7,0,0,0,0,0,0,0,0,0,0,0,0,0,0,0,0,0,0,0,0,0,0,-6,14,-6,14,-7,14,-8,14,-9,14,-10,14,-11,13,-12,13,-12,12,-12,12,-12,12,-12,11,-11,12,-11,11,-11,11,-10,11,-10,12,-10,12,-9,12,-8,13,-9,13,-8,13,-8,14,-7,14,-7,14,-8,13,0,0,-27,51,-24,49,-23,48,-22,46,-19,46,-19,43,-16,43,-13,41,-13,39,-9,37,-6,38,-5,38,-3,39,-4,39,-3,38,-4,38,-1,37,-2,36,-3,35,-3,34,-5,33,-6,33,-4,32,-5,28,-6,26,-9,26,-10,25,-11,24,0,0,0,0,0,0,0,0,0,0,0,0,0,0,-7,56,-11,55,-18,55,-20,53,-24,55,-28,53,-32,55,-36,55,-39,52,-40,51,-42,49,-42,49,-41,48,-39,46,-38,45,-37,46,-38,45,-35,45,-35,44,-32,47,-31,49,-31,49,-28,50,-28,51,-27,52,-25,53,-22,53,-25,53]"
618024103211800,5.652363400,89878,1859096540,-50,-98,6,0,1,7,0,0,256,0,0,"[0,0,13,6,12,6,12,6,11,5,11,5,11,4,11,4,10,3,10,3,10,2,10,1,9,1,9,1,9,0,9,0,9,0,9,0,9,0,9,0,8,1,8,1,8,1,7,1,7,2,7,1,7,2,0,0,0,0,0,0,0,0,0,0,0,0,0,0,0,0,0,0,0,0,0,0,14,4,14,5,13,6,14,7,13,8,14,9,13,10,13,11,12,11,11,10,12,11,11,10,11,10,11,10,11,10,11,9,11,9,11,8,12,8,12,8,12,8,13,7,13,7,13,6,13,6,13,6,0,0,49,27,46,25,46,27,45,24,44,24,41,19,41,19,38,14,39,14,38,9,40,9,38,8,38,6,38,4,36,4,38,4,36,4,37,4,36,4,35,5,34,4,33,6,30,7,27,8,27,8,26,9,23,11,21,12,0,0,0,0,0,0,0,0,0,0,0,0,0,0,52,13,53,20,52,23,54,26,51,30,51,32,48,37,52,41,47,43,48,45,47,46,43,44,43,47,39,47,39,43,39,41,40,43,40,38,42,38,43,36,42,36,46,33,47,31,49,32,49,32,49,32,52,30,52,32]"
618024124598600,5.673750200,89879,1859119520,-50,-98,6,0,1,7,0,0,256,0,0,"[0,0,11,9,11,9,10,9,11,8,10,8,10,7,10,6,10,6,9,5,9,5,9,4,9,4,9,4,9,3,9,3,9,3,9,3,9,3,9,3,9,3,8,3,7,3,7,3,7,4,6,3,6,3,0,0,0,0,0,0,0,0,0,0,0,0,0,0,0,0,0,0,0,0,0,0,13,8,12,9,12,10,11,10,12,12,11,12,11,13,10,14,10,14,9,14,9,14,8,14,8,13,8,13,8,12,9,12,9,11,10,12,10,11,10,11,10,11,11,11,11,11,11,10,11,10,12,10,0,0,42,39,43,36,39,35,40,33,37,32,37,29,37,28,34,26,35,22,35,20,35,17,35,17,36,13,35,15,36,13,35,11,35,13,35,10,34,12,32,14,31,14,29,15,27,12,27,13,26,14,22,15,23,17,19,18,0,0,0,0,0,0,0,0,0,0,0,0,0,0,53,22,50,25,50,31,46,35,45,37,44,39,45,46,42,48,40,50,39,54,37,55,33,54,34,54,33,51,31,50,33,49,32,49,33,45,35,44,35,45,38,43,40,41,39,42,40,42,45,43,43,38,43,38,45,40]"
618024145436200,5.694587800,89880,1859136671,-50,-98,6,0,1,7,0,0,256,0,0,"[0,0,-12,-10,-13,-10,-11,-9,-11,-9,-11,-9,-11,-8,-11,-7,-10,-6,-10,-6,-10,-5,-10,-4,-10,-4,-10,-4,-10,-4,-10,-3,-10,-3,-10,-3,-10,-3,-10,-3,-10,-3,-9,-4,-9,-4,-8,-4,-8,-4,-8,-4,-7,-4,0,0,0,0,0,0,0,0,0,0,0,0,0,0,0,0,0,0,0,0,0,0,-13,-9,-13,-9,-13,-11,-12,-11,-13,-13,-12,-13,-11,-14,-11,-15,-10,-15,-10,-15,-10,-14,-10,-14,-9,-13,-9,-13,-9,-13,-10,-12,-10,-12,-11,-12,-11,-12,-11,-12,-12,-11,-12,-11,-13,-11,-13,-10,-13,-10,-12,-10,0,0,-47,-33,-47,-31,-45,-29,-44,-30,-41,-26,-39,-25,-41,-22,-39,-21,-42,-18,-41,-14,-38,-13,-39,-12,-39,-10,-37,-10,-38,-6,-37,-8,-36,-8,-36,-7,-35,-8,-35,-9,-33,-9,-30,-8,-31,-10,-28,-9,-27,-10,-26,-8,-26,-13,-23,-14,0,0,0,0,0,0,0,0,0,0,0,0,0,0,-52,-17,-52,-23,-52,-27,-49,-29,-50,-35,-46,-36,-49,-43,-48,-44,-47,-46,-43,-50,-41,-51,-42,-51,-41,-48,-38,-49,-39,-45,-38,-45,-37,-43,-40,-42,-39,-40,-41,-43,-42,-38,-44,-39,-46,-38,-48,-36,-51,-34,-46,-33,-49,-32,-48,-33]"
618024165536700,5.714688300,89881,1859156634,-50,-98,6,0,1,7,0,0,256,0,0,"[0,0,-8,-13,-9,-13,-8,-12,-8,-12,-8,-11,-8,-10,-8,-10,-8,-10,-8,-9,-8,-8,-8,-8,-8,-8,-9,-7,-8,-7,-9,-6,-9,-6,-9,-6,-8,-6,-8,-6,-8,-6,-8,-6,-7,-6,-7,-6,-6,-6,-6,-6,-5,-6,0,0,0,0,0,0,0,0,0,0,0,0,0,0,0,0,0,0,0,0,0,0,-10,-12,-10,-13,-9,-14,-9,-14,-9,-16,-7,-16,-7,-16,-6,-17,-6,-17,-5,-17,-5,-16,-5,-16,-5,-16,-5,-16,-5,-15,-6,-15,-6,-14,-7,-15,-7,-14,-7,-14,-8,-14,-8,-14,-8,-15,-8,-14,-9,-14,-9,-13,0,0,-15,-24,-16,-25,-15,-24,-15,-22,-14,-21,-15,-20,-15,-18,-15,-17,-15,-16,-16,-15,-16,-14,-16,-13,-16,-12,-16,-12,-17,-11,-16,-11,-16,-11,-16,-11,-15,-11,-15,-11,-15,-11,-13,-11,-13,-11,-12,-11,-11,-11,-10,-10,-9,-12,-8,-12,0,0,0,0,0,0,0,0,0,0,0,0,0,0,-22,-19,-20,-22,-20,-22,-18,-24,-17,-27,-16,-27,-16,-30,-14,-30,-14,-31,-12,-32,-11,-31,-10,-33,-9,-32,-8,-30,-9,-30,-9,-30,-10,-27,-11,-28,-11,-27,-12,-27,-13,-27,-14,-27,-15,-26,-16,-27,-16,-27,-16,-26,-16,-26,-16,-26]"
618024187480000,5.736631600,89882,1859177608,-50,-98,6,0,1,7,0,0,256,0,0,"[0,0,-7,-14,-7,-14,-7,-13,-6,-13,-6,-12,-6,-12,-7,-11,-7,-10,-7,-10,-7,-10,-7,-9,-8,-9,-7,-8,-7,-8,-8,-8,-8,-7,-8,-7,-8,-7,-7,-7,-7,-7,-6,-7,-6,-7,-6,-7,-5,-7,-5,-7,-5,-7,0,0,0,0,0,0,0,0,0,0,0,0,0,0,0,0,0,0,0,0,0,0,-9,-14,-8,-14,-8,-15,-8,-15,-7,-17,-6,-17,-6,-17,-4,-18,-4,-18,-3,-18,-3,-17,-3,-17,-3,-17,-3,-16,-3,-15,-4,-16,-4,-15,-5,-16,-5,-15,-6,-16,-6,-15,-6,-15,-7,-16,-7,-15,-7,-15,-7,-15,0,0,-17,-23,-18,-24,-17,-22,-17,-21,-16,-20,-16,-18,-16,-17,-16,-17,-16,-15,-17,-12,-17,-12,-17,-11,-18,-10,-17,-11,-17,-10,-16,-10,-17,-9,-17,-9,-16,-10,-16,-10,-15,-9,-14,-10,-14,-10,-13,-9,-13,-9,-11,-10,-10,-10,-9,-11,0,0,0,0,0,0,0,0,0,0,0,0,0,0,-23,-17,-23,-19,-22,-21,-20,-22,-20,-24,-18,-26,-18,-27,-17,-29,-15,-30,-14,-31,-13,-31,-13,-31,-13,-30,-12,-29,-12,-28,-12,-28,-12,-28,-13,-27,-13,-26,-13,-26,-15,-26,-15,-25,-17,-25,-17,-26,-19,-24,-18,-24,-20,-24,-19,-24]"
618024207071700,5.756223300,89883,1859196647,-50,-98,6,0,1,7,0,0,256,0,0,"[0,0,-15,-5,-15,-5,-14,-5,-14,-5,-13,-4,-13,-3,-12,-3,-12,-2,-12,-2,-12,-1,-11,-1,-11,-1,-11,0,-11,0,-11,0,-11,0,-10,0,-10,1,-10,0,-10,0,-10,0,-9,0,-9,-1,-9,-1,-9,-1,-8,-2,0,0,0,0,0,0,0,0,0,0,0,0,0,0,0,0,0,0,0,0,0,0,-16,-4,-16,-5,-16,-6,-16,-7,-16,-8,-16,-9,-16,-9,-15,-10,-15,-11,-15,-11,-14,-11,-14,-11,-13,-10,-13,-10,-13,-9,-14,-9,-14,-8,-14,-8,-14,-7,-14,-7,-15,-7,-15,-7,-16,-6,-15,-6,-16,-6,-15,-5,0,0,-53,-23,-54,-23,-49,-23,-50,-21,-47,-19,-47,-16,-43,-14,-42,-10,-42,-9,-41,-8,-41,-6,-40,-5,-40,-2,-38,0,-41,-1,-37,-1,-38,0,-38,0,-36,1,-38,-1,-36,-1,-34,-3,-31,-6,-31,-6,-29,-6,-27,-7,-27,-9,-24,-10,0,0,0,0,0,0,0,0,0,0,0,0,0,0,-58,-12,-54,-18,-57,-21,-53,-23,-55,-26,-53,-28,-57,-33,-54,-37,-55,-39,-53,-43,-52,-44,-51,-46,-47,-45,-45,-43,-44,-42,-43,-39,-45,-36,-48,-37,-46,-34,-48,-35,-48,-30,-51,-31,-52,-28,-55,-29,-55,-29,-55,-28,-53,-27,-55,-26]"
618024227267000,5.776418600,89884,1859220274,-50,-98,6,0,1,7,0,0,256,0,0,"[0,0,-10,-12,-11,-12,-10,-11,-9,-11,-9,-10,-9,-10,-9,-9,-9,-9,-9,-8,-10,-7,-9,-6,-9,-6,-10,-6,-10,-6,-9,-5,-9,-5,-9,-5,-9,-5,-9,-5,-9,-5,-9,-5,-8,-5,-7,-5,-7,-5,-7,-5,-6,-5,0,0,0,0,0,0,0,0,0,0,0,0,0,0,0,0,0,0,0,0,0,0,-12,-11,-12,-12,-11,-13,-11,-13,-10,-15,-10,-15,-9,-16,-8,-16,-8,-17,-7,-17,-7,-16,-7,-16,-7,-15,-7,-15,-7,-15,-8,-14,-8,-14,-9,-14,-9,-13,-9,-13,-10,-13,-10,-14,-10,-13,-11,-13,-11,-13,-11,-12,0,0,-16,-24,-16,-24,-16,-24,-16,-21,-15,-21,-15,-19,-15,-18,-15,-17,-15,-16,-14,-14,-16,-13,-15,-12,-16,-12,-16,-11,-16,-11,-16,-11,-16,-9,-17,-11,-15,-11,-15,-11,-14,-10,-13,-11,-12,-10,-11,-11,-10,-11,-10,-10,-9,-11,-8,-11,0,0,0,0,0,0,0,0,0,0,0,0,0,0,-23,-18,-20,-21,-20,-23,-18,-25,-17,-25,-17,-27,-15,-28,-15,-31,-14,-30,-13,-32,-11,-31,-9,-32,-10,-32,-9,-31,-8,-29,-8,-29,-10,-28,-11,-27,-13,-28,-12,-26,-13,-27,-14,-26,-14,-26,-15,-26,-15,-26,-16,-26,-16,-26,-17,-26]"
618024244780000,5.793931600,89885,1859238463,-50,-98,6,0,1,7,0,0,256,0,0,"[0,0,14,3,13,2,13,2,13,2,12,2,12,1,12,1,11,1,10,0,10,-1,10,-1,9,-1,9,-2,10,-2,9,-3,9,-2,9,-2,9,-2,9,-2,8,-1,9,-1,8,-1,8,-1,7,-1,7,0,7,0,0,0,0,0,0,0,0,0,0,0,0,0,0,0,0,0,0,0,0,0,0,0,15,0,16,1,15,1,15,3,15,4,16,5,15,5,16,6,15,7,15,7,14,7,14,7,14,6,14,6,13,6,13,5,14,5,14,4,14,4,14,4,14,4,14,4,15,3,14,3,15,3,15,3,0,0,27,8,26,7,25,7,25,7,23,6,21,4,22,4,21,3,21,2,20,1,20,1,18,1,19,-1,17,-2,19,-2,19,-3,19,-2,18,-1,18,-3,18,-1,17,-2,16,-1,15,-1,15,0,14,1,13,2,12,2,12,3,0,0,0,0,0,0,0,0,0,0,0,0,0,0,28,0,27,5,27,6,28,7,29,7,28,10,29,12,29,14,30,14,30,16,27,16,27,18,25,19,24,18,23,18,23,16,24,14,25,14,25,13,25,13,25,12,26,11,27,10,28,9,29,10,28,10,27,10,28,10]"
618024265405300,5.814556900,89886,1859256522,-50,-98,6,0,1,7,0,0,256,0,0,"[0,0,5,-15,4,-15,4,-14,5,-14,4,-13,3,-13,3,-12,2,-12,2,-12,2,-12,1,-11,0,-11,0,-11,-1,-11,-1,-11,-1,-10,-1,-11,0,-10,0,-11,0,-10,0,-10,0,-9,1,-9,1,-9,1,-8,2,-7,0,0,0,0,0,0,0,0,0,0,0,0,0,0,0,0,0,0,0,0,0,0,3,-16,4,-15,5,-16,5,-15,7,-16,8,-16,8,-16,9,-15,9,-15,10,-15,10,-14,10,-13,9,-13,9,-13,8,-13,8,-14,7,-13,8,-14,6,-14,6,-15,6,-15,6,-15,6,-16,5,-15,5,-15,5,-15,0,0,16,-57,15,-55,15,-54,14,-48,12,-49,10,-49,7,-46,5,-45,4,-44,3,-41,1,-40,0,-42,-2,-40,-2,-41,-3,-37,-3,-40,-4,-36,-4,-40,-2,-37,-2,-37,-2,-35,0,-35,1,-33,3,-31,2,-29,3,-27,5,-28,6,-26,0,0,0,0,0,0,0,0,0,0,0,0,0,0,-2,-57,5,-58,11,-56,12,-59,14,-58,17,-60,21,-59,26,-61,26,-57,31,-57,32,-58,35,-56,36,-54,36,-51,33,-50,32,-49,30,-51,26,-50,27,-53,24,-51,24,-53,21,-55,20,-56,17,-57,19,-56,17,-57,19,-59,18,-57]"
618024284500700,5.833652300,89887,1859276583,-50,-98,6,0,1,7,0,0,256,0,0,"[0,0,-13,-8,-14,-8,-13,-7,-13,-7,-12,-7,-12,-6,-12,-5,-12,-5,-11,-4,-11,-4,-11,-3,-11,-3,-11,-2,-11,-2,-11,-1,-10,-1,-10,-1,-10,-1,-10,-2,-10,-2,-10,-2,-9,-2,-9,-2,-8,-3,-8,-3,-8,-3,0,0,0,0,0,0,0,0,0,0,0,0,0,0,0,0,0,0,0,0,0,0,-15,-7,-14,-8,-14,-9,-14,-10,-14,-10,-14,-11,-14,-12,-13,-13,-13,-13,-12,-14,-12,-13,-11,-13,-11,-13,-11,-12,-11,-12,-12,-11,-12,-10,-13,-10,-13,-10,-13,-10,-13,-9,-14,-9,-14,-9,-14,-9,-14,-9,-14,-8,0,0,-51,-30,-51,-28,-47,-28,-47,-24,-42,-23,-42,-22,-41,-19,-42,-18,-41,-14,-40,-11,-39,-8,-39,-8,-38,-6,-39,-5,-40,-4,-39,-5,-38,-4,-39,-3,-38,-6,-35,-7,-36,-7,-31,-8,-31,-9,-29,-6,-29,-8,-27,-11,-25,-10,-24,-13,0,0,0,0,0,0,0,0,0,0,0,0,0,0,-55,-15,-54,-20,-54,-26,-52,-28,-53,-31,-52,-34,-50,-39,-50,-40,-48,-43,-47,-47,-44,-48,-43,-48,-44,-48,-43,-47,-39,-45,-41,-42,-42,-42,-43,-39,-43,-40,-44,-35,-46,-36,-47,-33,-48,-34,-48,-36,-52,-32,-52,-31,-52,-30,-55,-31]"
618024303934400,5.853086000,89888,1859296555,-50,-98,6,0,1,7,0,0,256,0,0,"[0,0,-13,-10,-13,-10,-12,-9,-12,-8,-11,-8,-11,-8,-11,-7,-11,-6,-10,-6,-11,-5,-11,-4,-10,-4,-11,-3,-11,-4,-11,-3,-10,-3,-10,-3,-10,-3,-10,-3,-10,-3,-9,-3,-9,-4,-8,-4,-8,-3,-8,-4,-7,-4,0,0,0,0,0,0,0,0,0,0,0,0,0,0,0,0,0,0,0,0,0,0,-14,-8,-14,-9,-14,-10,-13,-11,-13,-12,-13,-13,-13,-14,-12,-14,-11,-14,-11,-15,-11,-14,-10,-14,-10,-14,-10,-13,-10,-13,-11,-12,-11,-12,-11,-11,-11,-11,-12,-11,-12,-11,-13,-11,-13,-11,-13,-10,-13,-10,-13,-10,0,0,-41,-41,-44,-36,-40,-36,-39,-33,-39,-32,-37,-30,-40,-27,-36,-25,-38,-24,-38,-19,-37,-18,-36,-16,-37,-13,-36,-15,-37,-11,-37,-13,-36,-12,-36,-13,-34,-13,-35,-12,-31,-14,-30,-14,-30,-14,-27,-14,-26,-15,-24,-15,-21,-16,-20,-17,0,0,0,0,0,0,0,0,0,0,0,0,0,0,-50,-24,-50,-31,-48,-33,-47,-38,-44,-41,-44,-43,-43,-48,-44,-50,-42,-54,-39,-55,-36,-57,-34,-55,-34,-56,-34,-53,-33,-52,-32,-50,-33,-50,-34,-48,-33,-48,-37,-46,-38,-45,-39,-45,-40,-41,-42,-41,-44,-41,-45,-42,-46,-40,-45,-39]"
618024325967900,5.875119500,89889,1859316570,-50,-98,6,0,1,7,0,0,256,0,0,"[0,0,-15,-3,-15,-3,-14,-3,-14,-3,-13,-3,-13,-2,-12,-2,-12,-1,-12,-1,-12,0,-11,1,-11,1,-11,1,-10,1,-11,2,-10,2,-10,2,-10,2,-10,1,-10,1,-10,1,-9,0,-9,0,-8,0,-8,0,-8,-1,0,0,0,0,0,0,0,0,0,0,0,0,0,0,0,0,0,0,0,0,0,0,-16,-1,-16,-2,-16,-3,-16,-4,-17,-5,-17,-6,-17,-7,-17,-8,-16,-8,-16,-9,-16,-8,-15,-8,-15,-7,-15,-7,-14,-7,-15,-6,-14,-6,-15,-6,-15,-5,-15,-5,-16,-5,-15,-4,-17,-4,-16,-3,-16,-3,-16,-3,0,0,-28,-9,-26,-8,-25,-8,-26,-7,-24,-8,-23,-6,-23,-6,-22,-5,-22,-3,-21,-2,-22,-2,-20,-1,-20,0,-20,0,-20,1,-20,2,-19,1,-19,1,-19,1,-19,0,-17,0,-17,-1,-17,-1,-15,-2,-15,-2,-14,-2,-14,-2,-13,-4,0,0,0,0,0,0,0,0,0,0,0,0,0,0,-29,-3,-29,-5,-29,-7,-28,-9,-28,-11,-28,-12,-30,-14,-30,-16,-29,-17,-28,-19,-27,-19,-27,-20,-26,-20,-25,-20,-24,-18,-24,-17,-25,-17,-25,-16,-24,-15,-26,-14,-26,-13,-26,-13,-27,-12,-28,-12,-28,-12,-28,-9,-28,-10,-28,-10]"
618024348487300,5.897638900,89890,1859341029,-50,-98,6,0,1,7,0,0,256,0,0,"[0,0,11,10,10,9,10,9,10,8,9,8,9,8,9,7,9,6,9,5,9,5,9,4,9,4,9,4,9,3,9,3,9,3,9,3,9,2,9,3,8,3,8,3,7,3,7,3,6,3,6,3,6,3,0,0,0,0,0,0,0,0,0,0,0,0,0,0,0,0,0,0,0,0,0,0,12,8,12,9,11,10,11,11,11,12,11,13,10,13,10,14,9,14,9,14,8,14,8,14,8,13,8,13,8,13,8,12,9,12,9,11,9,11,10,11,10,11,11,11,11,11,11,11,11,10,12,10,0,0,35,44,33,42,34,41,33,37,31,35,31,32,33,30,30,30,31,27,33,23,33,22,33,22,32,20,34,19,31,17,34,17,31,18,34,17,31,16,29,17,30,16,26,17,24,17,23,17,23,16,20,18,19,18,16,18,0,0,0,0,0,0,0,0,0,0,0,0,0,0,44,32,43,37,41,43,37,45,36,45,35,49,33,51,34,57,30,58,29,60,25,61,24,58,22,58,22,57,20,55,19,54,23,54,22,50,24,52,26,50,29,50,31,46,33,47,34,50,35,46,35,47,36,47,37,45]"
618024365170300,5.914321900,89891,1859356783,-50,-98,6,0,1,7,0,0,256,0,0,"[0,0,4,-15,3,-15,3,-14,4,-14,3,-13,2,-13,2,-13,1,-12,1,-11,1,-11,0,-11,-1,-11,-1,-11,-1,-10,-1,-11,-1,-10,-1,-11,-1,-10,-1,-10,-1,-10,0,-9,0,-9,0,-9,0,-9,1,-8,1,-8,0,0,0,0,0,0,0,0,0,0,0,0,0,0,0,0,0,0,0,0,0,0,2,-16,3,-16,3,-16,4,-16,5,-17,6,-16,7,-16,8,-16,8,-15,9,-16,9,-15,8,-14,8,-14,8,-14,7,-14,7,-14,6,-14,6,-15,6,-15,5,-15,5,-15,5,-15,5,-16,4,-16,4,-15,5,-15,0,0,7,-28,5,-28,4,-27,4,-25,4,-24,3,-24,3,-23,2,-24,1,-21,-1,-21,-2,-20,-3,-21,-4,-19,-4,-19,-4,-20,-4,-18,-5,-19,-3,-18,-3,-18,-2,-17,-2,-17,-2,-16,-1,-16,-1,-14,0,-15,0,-14,1,-14,2,-13,0,0,0,0,0,0,0,0,0,0,0,0,0,0,-3,-29,0,-29,2,-30,4,-29,5,-30,7,-30,9,-31,11,-30,13,-30,15,-29,16,-28,15,-30,15,-28,15,-27,14,-27,12,-27,13,-26,12,-26,11,-26,10,-27,9,-27,8,-29,9,-28,7,-29,8,-29,6,-29,7,-30,7,-28]"
618024382172300,5.931323900,89892,1859376677,-50,-98,6,0,1,7,0,0,256,0,0,"[0,0,13,7,12,7,12,6,11,6,11,6,11,5,10,5,10,4,10,3,10,2,10,2,9,2,10,1,10,1,9,1,10,1,9,1,9,1,9,1,9,1,9,1,8,2,7,1,7,1,7,2,7,2,0,0,0,0,0,0,0,0,0,0,0,0,0,0,0,0,0,0,0,0,0,0,13,5,14,7,13,7,13,9,13,9,13,11,12,11,12,12,11,12,11,12,11,12,11,11,10,11,11,10,10,11,10,10,11,10,11,9,12,9,12,9,12,9,12,9,13,8,13,7,13,7,14,7,0,0,41,36,40,36,40,35,38,31,37,32,36,28,38,27,34,23,35,20,37,17,35,16,36,14,34,12,35,12,36,10,36,12,35,10,35,11,34,11,32,10,32,11,29,12,27,12,26,12,25,14,24,13,22,14,19,15,0,0,0,0,0,0,0,0,0,0,0,0,0,0,48,26,46,32,45,34,45,39,41,40,41,44,40,46,38,52,38,53,37,56,34,57,30,54,30,55,30,53,28,52,27,50,30,50,29,46,33,47,33,46,37,44,36,42,37,42,40,42,41,40,41,40,43,40,45,40]"
618024406002800,5.955154400,89893,1859399680,-50,-98,6,0,1,7,0,0,256,0,0,"[0,0,14,3,13,2,13,2,13,2,12,2,12,1,11,0,11,0,10,0,10,0,10,-1,10,-1,9,-2,10,-1,9,-2,9,-3,9,-2,9,-2,9,-2,9,-2,9,-2,8,-1,8,-1,7,0,7,0,7,0,0,0,0,0,0,0,0,0,0,0,0,0,0,0,0,0,0,0,0,0,0,0,15,0,16,1,15,1,15,2,16,3,16,4,16,5,16,6,16,6,15,7,14,7,14,7,13,7,13,6,14,6,14,5,14,5,14,5,14,4,14,3,14,3,15,3,15,3,15,3,15,3,15,3,0,0,27,3,27,2,26,1,26,2,24,1,24,0,22,0,21,-1,20,-1,21,-3,20,-4,19,-4,18,-5,17,-4,19,-5,18,-6,18,-5,18,-5,17,-5,16,-4,17,-3,15,-3,15,-3,15,-2,13,-1,13,-1,14,-1,13,0,0,0,0,0,0,0,0,0,0,0,0,0,0,0,27,-5,29,-2,28,0,29,1,31,2,30,4,31,6,31,8,32,8,31,11,29,10,31,13,30,13,28,13,27,12,26,11,25,10,28,9,28,8,28,9,28,7,29,6,29,6,28,4,31,5,30,3,29,4,30,4]"
618024423298200,5.972449800,89894,1859416641,-50,-98,6,0,1,7,0,0,256,0,0,"[0,0,11,11,10,10,10,10,10,9,10,9,9,8,9,8,9,7,9,6,9,5,9,4,9,5,9,4,9,4,9,4,9,3,9,4,9,3,8,4,8,4,8,4,7,4,6,4,6,4,6,4,6,4,0,0,0,0,0,0,0,0,0,0,0,0,0,0,0,0,0,0,0,0,0,0,12,9,12,10,12,10,11,11,11,12,11,13,10,14,10,14,9,15,8,14,8,14,8,14,8,14,8,13,8,14,8,12,8,12,9,12,9,12,10,11,10,11,11,12,11,11,11,11,11,11,11,11,0,0,44,41,41,36,40,35,39,32,38,33,37,29,37,26,36,26,36,21,35,19,37,18,35,17,36,15,35,14,36,12,35,11,34,11,35,12,34,12,32,12,31,12,27,14,26,14,25,13,23,13,24,15,21,14,18,17,0,0,0,0,0,0,0,0,0,0,0,0,0,0,50,24,49,30,46,34,46,38,45,40,43,43,42,46,41,51,40,52,37,56,35,56,32,56,31,55,31,55,29,54,30,50,30,50,33,47,34,45,36,43,37,45,39,43,41,42,42,43,42,40,41,39,43,40,45,41]"
618024443973800,5.993125400,89895,1859436681,-50,-98,6,0,1,7,0,0,256,0,0,"[0,0,14,-3,14,-3,13,-3,13,-3,12,-3,11,-3,11,-4,11,-4,10,-4,9,-5,9,-5,9,-5,8,-5,8,-5,8,-6,8,-6,8,-6,8,-5,8,-5,8,-5,8,-4,7,-4,7,-4,6,-3,6,-3,7,-2,0,0,0,0,0,0,0,0,0,0,0,0,0,0,0,0,0,0,0,0,0,0,14,-5,15,-5,15,-4,15,-3,16,-3,17,-2,17,-1,17,0,17,1,17,1,16,1,16,1,15,1,15,1,15,1,14,0,14,-1,14,-1,14,-1,14,-2,15,-2,15,-2,15,-3,15,-3,14,-3,15,-3,0,0,29,-2,26,-3,28,-3,26,-4,24,-4,23,-4,22,-5,20,-6,21,-6,18,-7,18,-9,18,-9,18,-9,18,-10,16,-9,18,-9,15,-9,17,-8,16,-8,16,-9,16,-7,14,-6,13,-6,14,-6,13,-4,14,-3,12,-3,12,-2,0,0,0,0,0,0,0,0,0,0,0,0,0,0,24,-12,27,-9,29,-7,30,-5,28,-2,31,-1,30,-1,33,0,32,3,32,4,32,7,30,5,30,4,29,5,29,4,29,4,31,4,27,5,29,3,27,2,29,0,28,0,28,-2,30,-1,28,-2,28,-3,30,-4,31,-3]"
618024463403400,6.012555000,89896,1859456822,-50,-98,6,0,1,7,0,0,256,0,0,"[0,0,-15,-1,-15,-2,-14,-2,-14,-1,-13,-1,-13,-1,-12,-1,-11,0,-11,0,-11,1,-11,2,-10,2,-10,2,-10,2,-10,2,-10,2,-9,2,-9,2,-10,2,-9,1,-9,1,-8,1,-8,0,-8,1,-8,0,-7,0,0,0,0,0,0,0,0,0,0,0,0,0,0,0,0,0,0,0,0,0,0,0,-15,2,-15,0,-16,0,-16,-1,-17,-2,-17,-3,-17,-4,-17,-5,-17,-6,-16,-5,-16,-5,-16,-5,-15,-5,-15,-4,-15,-4,-15,-4,-15,-4,-15,-3,-15,-3,-15,-3,-15,-3,-16,-2,-16,-2,-16,-1,-15,-1,-15,-1,0,0,-29,-5,-27,-4,-27,-5,-26,-4,-24,-3,-23,-2,-23,-1,-21,-1,-22,0,-21,0,-21,1,-19,3,-19,3,-19,4,-18,4,-20,4,-17,3,-19,3,-18,3,-17,3,-17,2,-16,1,-15,2,-14,0,-14,0,-14,-1,-13,-1,-13,-2,0,0,0,0,0,0,0,0,0,0,0,0,0,0,-27,3,-29,0,-29,-3,-30,-4,-28,-6,-29,-8,-30,-8,-32,-11,-30,-12,-31,-13,-30,-15,-28,-14,-28,-15,-28,-15,-26,-14,-26,-13,-27,-12,-26,-11,-28,-11,-28,-10,-28,-8,-29,-8,-28,-6,-28,-6,-29,-6,-29,-6,-30,-6,-30,-7]"
618024483642000,6.032793600,89897,1859476948,-50,-98,6,0,1,7,0,0,256,0,0,"[0,0,14,6,13,6,13,6,13,5,12,5,12,4,11,4,11,3,11,2,11,2,10,1,10,1,10,1,9,0,10,0,10,0,9,0,9,0,9,0,9,0,9,0,8,1,8,1,7,1,7,1,7,2,0,0,0,0,0,0,0,0,0,0,0,0,0,0,0,0,0,0,0,0,0,0,14,5,14,6,14,6,14,7,14,8,14,9,14,10,14,11,13,11,13,11,12,11,12,11,12,11,11,11,12,10,12,9,12,9,13,9,13,8,13,8,13,7,14,7,14,7,14,7,14,7,14,7,0,0,51,23,52,23,49,19,50,19,44,18,46,16,44,14,44,11,42,8,43,6,41,5,39,4,38,3,34,2,40,0,36,-1,38,-1,36,0,37,0,34,2,32,2,31,2,30,4,28,5,27,5,25,6,26,8,23,8,0,0,0,0,0,0,0,0,0,0,0,0,0,0,57,6,56,13,54,18,51,19,59,23,53,24,58,33,54,34,56,38,55,41,52,39,53,45,47,42,45,42,44,39,44,36,41,34,50,34,47,30,51,35,47,30,50,26,50,28,53,26,57,27,54,25,55,25,54,23]"
618024507494400,6.056646000,89898,1859499544,-50,-98,6,0,1,7,0,0,256,0,0,"[0,0,4,14,4,14,4,13,4,12,4,12,4,11,5,11,4,10,5,9,5,9,5,8,5,8,6,8,5,7,6,7,6,6,5,7,5,7,5,7,5,7,4,7,4,6,4,6,3,6,3,6,2,6,0,0,0,0,0,0,0,0,0,0,0,0,0,0,0,0,0,0,0,0,0,0,6,13,5,13,5,15,4,15,3,16,3,16,1,17,0,17,1,16,0,17,0,16,0,15,0,15,0,15,0,15,1,15,1,14,1,15,2,14,3,15,3,14,4,14,4,15,4,15,4,15,4,15,0,0,13,24,13,23,13,22,13,21,12,20,12,19,12,18,12,17,12,16,13,15,14,13,14,13,13,12,14,12,15,11,14,11,14,10,13,11,13,11,12,11,12,10,10,10,9,10,9,9,8,10,8,9,6,10,5,10,0,0,0,0,0,0,0,0,0,0,0,0,0,0,20,18,18,20,17,23,15,23,15,25,14,26,12,28,11,29,10,29,8,31,8,30,6,31,6,29,7,29,6,29,6,27,6,27,8,26,9,26,8,26,10,26,11,25,11,26,12,26,12,25,14,25,13,25,13,25]"
618024526336300,6.075487900,89899,1859516661,-50,-98,6,0,1,7,0,0,256,0,0,"[0,0,8,-13,7,-13,7,-12,6,-12,6,-11,5,-11,5,-11,4,-11,4,-10,3,-10,2,-10,2,-10,2,-10,1,-10,1,-10,2,-10,1,-9,2,-9,2,-9,2,-9,2,-9,2,-8,2,-8,2,-7,2,-7,2,-7,0,0,0,0,0,0,0,0,0,0,0,0,0,0,0,0,0,0,0,0,0,0,5,-14,6,-14,7,-14,8,-14,9,-14,10,-14,11,-13,11,-13,11,-12,12,-12,11,-12,11,-12,10,-11,10,-12,10,-11,9,-11,9,-12,9,-12,9,-12,8,-12,8,-12,8,-13,8,-13,7,-14,7,-13,7,-13,0,0,33,-44,29,-48,29,-45,28,-42,26,-43,25,-42,21,-41,19,-38,17,-37,14,-40,12,-37,12,-37,10,-38,9,-38,10,-35,9,-37,9,-38,9,-37,9,-33,11,-33,10,-31,11,-31,11,-29,10,-28,12,-24,9,-24,12,-23,15,-22,0,0,0,0,0,0,0,0,0,0,0,0,0,0,12,-55,19,-54,23,-53,29,-53,30,-53,32,-51,38,-51,43,-52,43,-47,46,-49,46,-45,47,-46,46,-42,47,-42,44,-40,44,-40,44,-38,40,-40,38,-42,39,-41,36,-45,35,-47,35,-48,35,-48,34,-48,33,-52,34,-52,34,-53]"
618024547010600,6.096162200,89900,1859536736,-50,-98,6,0,1,7,0,0,256,0,0,"[0,0,-13,-8,-13,-8,-12,-7,-12,-7,-12,-7,-12,-6,-11,-6,-11,-5,-11,-4,-11,-4,-10,-3,-10,-3,-10,-3,-10,-2,-10,-2,-10,-2,-10,-2,-10,-2,-10,-2,-10,-2,-9,-2,-8,-3,-8,-3,-7,-3,-7,-2,-7,-3,0,0,0,0,0,0,0,0,0,0,0,0,0,0,0,0,0,0,0,0,0,0,-14,-7,-14,-8,-14,-9,-14,-9,-14,-10,-14,-11,-14,-12,-13,-13,-13,-12,-12,-13,-12,-13,-11,-12,-11,-13,-11,-12,-11,-12,-12,-11,-12,-11,-12,-11,-12,-10,-13,-9,-13,-9,-13,-9,-14,-9,-14,-9,-14,-9,-14,-8,0,0,-48,-33,-48,-31,-45,-31,-45,-27,-43,-26,-43,-24,-41,-23,-40,-21,-41,-17,-39,-16,-38,-13,-39,-12,-38,-9,-37,-10,-37,-7,-38,-5,-34,-7,-36,-8,-35,-8,-35,-8,-33,-10,-29,-10,-28,-10,-27,-9,-26,-9,-25,-10,-25,-11,-21,-13,0,0,0,0,0,0,0,0,0,0,0,0,0,0,-53,-20,-51,-28,-50,-29,-49,-34,-50,-37,-48,-37,-47,-44,-47,-46,-47,-48,-45,-52,-43,-51,-40,-54,-39,-53,-38,-52,-34,-49,-36,-47,-37,-46,-40,-44,-41,-40,-42,-42,-44,-40,-46,-38,-46,-39,-49,-38,-50,-37,-47,-37,-48,-37,-50,-38]"
618024562501000,6.111652600,89901,1859556517,-50,-98,6,0,1,7,0,0,256,0,0,"[0,0,5,13,4,13,5,12,5,11,4,11,5,11,5,10,5,10,5,9,5,8,5,7,6,7,5,7,6,7,6,7,6,6,6,6,5,6,5,6,5,6,5,6,4,6,4,6,4,6,3,5,3,5,0,0,0,0,0,0,0,0,0,0,0,0,0,0,0,0,0,0,0,0,0,0,7,12,6,13,5,14,5,14,4,15,4,16,3,16,2,16,1,16,1,16,1,16,1,15,1,15,1,15,1,14,2,14,2,14,3,14,3,14,3,14,4,14,4,14,5,14,5,14,5,14,5,14,0,0,8,28,7,27,7,26,8,23,8,23,8,22,8,21,8,20,9,18,10,17,11,16,11,17,12,15,11,15,12,14,12,13,11,14,12,14,10,13,10,14,9,13,8,14,8,12,6,12,7,12,6,11,5,11,3,12,0,0,0,0,0,0,0,0,0,0,0,0,0,0,14,23,12,26,12,27,9,28,9,28,8,29,5,31,5,34,4,32,2,33,0,33,-1,32,0,32,-1,31,-2,30,0,30,0,29,3,28,2,28,3,28,4,28,5,29,5,28,6,29,7,28,8,29,8,29,8,28]"
618024595798700,6.144950300,89902,1859587521,-50,-98,6,0,1,7,0,0,256,0,0,"[0,0,13,8,12,7,11,7,12,7,11,7,11,6,11,5,10,5,10,4,10,3,10,2,9,2,10,2,9,2,9,1,10,1,9,1,9,1,9,1,8,2,8,1,8,2,7,2,7,2,7,2,6,2,0,0,0,0,0,0,0,0,0,0,0,0,0,0,0,0,0,0,0,0,0,0,14,6,13,7,13,8,14,9,13,10,13,11,12,12,12,13,11,13,11,13,11,13,10,12,10,12,10,12,10,11,10,10,11,11,11,10,11,10,12,10,12,10,13,9,13,9,13,9,13,9,13,8,0,0,48,27,48,29,46,28,46,24,41,24,41,20,42,20,39,16,41,14,40,12,40,10,37,8,36,6,36,6,38,5,38,4,35,3,34,5,37,4,34,4,33,4,30,6,30,7,26,7,26,7,24,7,24,9,22,12,0,0,0,0,0,0,0,0,0,0,0,0,0,0,51,17,51,26,54,27,52,31,52,34,51,34,50,38,48,43,48,44,48,51,45,46,42,54,41,51,39,48,38,48,38,45,37,43,42,40,41,39,43,40,45,38,47,34,47,35,50,32,51,36,50,34,49,33,50,32]"
618024610508800,6.159660400,89903,1859602473,-50,-98,6,0,1,7,0,0,256,0,0,"[0,0,5,14,5,14,5,13,5,12,5,12,5,11,5,11,5,10,5,9,6,9,6,8,6,8,6,8,6,7,6,7,6,7,6,7,6,7,6,7,6,7,5,7,4,6,4,6,4,6,3,6,3,6,0,0,0,0,0,0,0,0,0,0,0,0,0,0,0,0,0,0,0,0,0,0,7,13,6,14,6,15,5,15,5,16,4,17,3,17,2,18,2,17,1,17,1,17,1,16,1,16,1,16,1,15,2,15,3,15,3,15,3,15,4,15,4,15,5,15,5,15,5,15,5,14,5,14,0,0,11,26,10,26,10,24,11,23,11,22,11,21,11,21,11,19,11,17,13,16,12,14,12,14,13,14,13,12,13,13,12,12,13,12,13,12,12,11,12,12,11,12,10,12,10,11,8,11,7,11,7,10,5,11,5,11,0,0,0,0,0,0,0,0,0,0,0,0,0,0,17,23,15,24,13,25,12,25,12,28,9,28,9,30,8,31,7,32,5,33,4,32,2,33,2,32,2,32,2,30,3,28,3,28,5,27,6,27,7,27,7,28,9,27,8,27,10,29,11,28,10,27,12,27,11,27]"
618024626588000,6.175739600,89904,1859621245,-50,-98,6,0,1,6,0,0,256,0,0,"[0,0,10,-12,9,-13,9,-12,8,-12,8,-11,7,-11,6,-11,5,-11,6,-10,5,-11,4,-11,3,-10,3,-11,3,-10,3,-10,3,-10,2,-10,3,-10,3,-10,3,-9,3,-9,3,-8,3,-8,3,-7,3,-7,3,-6,0,0,0,0,0,0,0,0,0,0,0,0,0,0,0,0,0,0,0,0,0,0,8,-14,9,-14,9,-14,10,-13,11,-14,12,-13,13,-12,14,-12,14,-11,14,-11,13,-11,13,-10,13,-10,12,-10,12,-11,12,-10,12,-10,12,-11,11,-12,10,-12,10,-12,10,-13,10,-13,10,-13,9,-13,10,-13,0,0,41,-41,36,-41,37,-39,34,-37,32,-37,29,-37,27,-37,25,-36,23,-35,21,-35,21,-33,18,-34,16,-36,16,-35,15,-35,14,-34,13,-33,15,-32,13,-32,13,-31,17,-29,15,-28,14,-26,14,-24,15,-22,15,-21,16,-20,18,-17,0,0,0,0,0,0,0,0,0,0,0,0,0,0,24,-51,30,-46,33,-46,38,-44,42,-44,43,-42,46,-42,50,-41,52,-38,53,-35,55,-35,56,-33,55,-29,53,-27,54,-28,50,-28,47,-32,47,-32,46,-32,45,-33,45,-35,43,-40,42,-39,42,-43,42,-41,42,-42,42,-43,43,-41]"
618024644833600,6.193985200,89905,1859636579,-50,-98,6,0,1,7,0,0,256,0,0,"[0,0,9,-12,8,-13,8,-12,8,-12,7,-11,7,-11,6,-12,5,-11,5,-11,5,-11,4,-10,3,-10,3,-10,2,-10,2,-10,2,-10,2,-10,2,-10,2,-9,3,-9,3,-9,3,-8,3,-8,3,-8,3,-7,3,-7,0,0,0,0,0,0,0,0,0,0,0,0,0,0,0,0,0,0,0,0,0,0,7,-14,8,-14,9,-14,9,-14,11,-14,12,-13,13,-13,14,-12,13,-12,14,-11,13,-11,13,-10,13,-10,12,-10,11,-10,11,-11,11,-11,11,-11,10,-12,10,-12,10,-12,10,-13,10,-13,9,-14,9,-13,10,-13,0,0,31,-48,27,-51,27,-49,25,-45,26,-44,22,-44,22,-41,17,-42,17,-40,14,-39,13,-40,9,-40,7,-39,6,-38,8,-37,7,-38,5,-38,7,-38,7,-36,8,-33,8,-31,9,-31,10,-31,9,-28,10,-25,12,-23,11,-24,13,-23,0,0,0,0,0,0,0,0,0,0,0,0,0,0,13,-57,19,-57,25,-53,28,-54,28,-56,32,-53,36,-53,42,-53,43,-51,48,-49,45,-45,47,-46,48,-43,47,-43,45,-42,44,-41,42,-41,39,-43,37,-43,39,-44,35,-47,33,-49,35,-48,33,-50,36,-51,33,-52,30,-51,32,-53]"
618024664755200,6.213906800,89906,1859656578,-50,-98,6,0,1,7,0,0,256,0,0,"[0,0,6,-14,5,-14,4,-14,5,-13,4,-13,3,-12,3,-12,2,-11,2,-11,1,-11,1,-11,0,-10,0,-11,0,-10,0,-10,0,-10,0,-10,0,-10,0,-10,0,-9,1,-9,1,-9,1,-8,1,-8,1,-7,1,-7,0,0,0,0,0,0,0,0,0,0,0,0,0,0,0,0,0,0,0,0,0,0,3,-15,4,-15,4,-16,6,-15,7,-16,8,-16,8,-15,9,-15,10,-15,10,-14,10,-13,9,-13,9,-13,9,-13,9,-13,8,-13,8,-13,7,-13,7,-14,6,-14,6,-14,6,-15,6,-15,5,-15,5,-15,6,-15,0,0,19,-54,20,-54,17,-53,18,-48,15,-48,14,-47,12,-46,9,-45,9,-43,7,-40,4,-39,3,-40,1,-40,1,-39,1,-39,0,-36,-1,-39,0,-36,1,-35,2,-33,1,-32,4,-33,6,-30,5,-28,6,-27,6,-25,8,-25,9,-23,0,0,0,0,0,0,0,0,0,0,0,0,0,0,0,-57,7,-58,12,-57,16,-59,20,-57,21,-56,26,-60,28,-59,35,-58,35,-58,37,-54,38,-56,36,-52,35,-50,34,-49,34,-49,32,-49,33,-48,30,-48,28,-50,25,-52,25,-56,22,-54,24,-57,22,-57,21,-57,21,-58,20,-57]"
618024683488300,6.232639900,89907,1859678757,-50,-98,6,0,1,7,0,0,256,0,0,"[0,0,2,14,2,14,2,13,2,12,2,12,2,11,2,11,3,10,3,10,3,9,3,9,4,8,4,8,4,8,4,8,4,7,4,8,4,7,4,7,4,7,3,7,3,7,3,6,2,6,2,6,2,6,0,0,0,0,0,0,0,0,0,0,0,0,0,0,0,0,0,0,0,0,0,0,3,14,3,14,2,15,1,15,1,16,0,16,-1,16,-2,16,-2,16,-3,16,-3,16,-3,15,-3,15,-3,14,-2,14,-2,14,-1,14,-1,14,0,14,1,14,1,15,1,14,2,15,2,15,2,15,2,14,0,0,4,27,4,27,5,26,5,24,5,24,5,23,6,22,6,21,6,19,8,18,8,18,9,16,10,16,10,16,10,15,10,15,10,14,10,15,9,14,8,13,7,14,7,14,7,13,6,13,5,12,4,11,4,11,2,12,0,0,0,0,0,0,0,0,0,0,0,0,0,0,12,26,9,27,7,29,6,29,3,31,3,31,1,31,0,33,-2,33,-3,33,-5,31,-5,33,-4,31,-4,30,-5,30,-4,29,-3,29,-2,27,-1,29,-1,28,0,29,1,29,2,29,3,30,3,30,4,29,5,29,4,28]"
618024705377600,6.254529200,89908,1859696552,-50,-98,6,0,1,7,0,0,256,0,0,"[0,0,4,-15,3,-15,3,-14,3,-14,2,-14,2,-13,2,-13,1,-12,1,-12,0,-11,-1,-11,-1,-11,-2,-11,-1,-11,-2,-11,-2,-10,-2,-11,-1,-10,-1,-10,-1,-10,-1,-9,-1,-9,-1,-9,-1,-8,0,-8,0,-7,0,0,0,0,0,0,0,0,0,0,0,0,0,0,0,0,0,0,0,0,0,0,1,-16,3,-16,3,-17,4,-16,5,-17,6,-17,7,-17,8,-16,9,-16,9,-16,8,-15,8,-15,8,-15,8,-15,7,-14,7,-15,6,-14,6,-15,5,-15,5,-15,5,-15,4,-16,5,-16,4,-16,3,-16,4,-16,0,0,4,-28,4,-29,3,-27,3,-26,2,-25,1,-24,2,-24,1,-22,0,-22,-2,-21,-3,-21,-4,-20,-5,-20,-5,-19,-4,-19,-4,-19,-5,-19,-4,-18,-3,-17,-4,-17,-3,-17,-2,-16,-2,-16,-1,-15,-2,-14,-1,-13,0,-14,1,-12,0,0,0,0,0,0,0,0,0,0,0,0,0,0,-4,-29,-2,-29,0,-30,3,-29,4,-31,6,-30,7,-33,8,-31,11,-31,14,-31,13,-30,13,-31,14,-29,13,-29,12,-28,12,-28,11,-28,10,-28,9,-27,8,-28,8,-28,7,-28,7,-28,6,-32,5,-30,4,-30,4,-31,5,-30]"
618024724406300,6.273557900,89909,1859716806,-50,-98,6,0,1,7,0,0,256,0,0,"[0,0,15,-4,14,-4,14,-4,13,-4,13,-4,12,-4,11,-4,11,-5,10,-5,10,-5,9,-6,8,-5,8,-6,8,-6,8,-6,8,-6,7,-6,8,-6,8,-6,7,-5,7,-5,7,-5,7,-4,6,-4,6,-4,6,-3,0,0,0,0,0,0,0,0,0,0,0,0,0,0,0,0,0,0,0,0,0,0,15,-6,15,-5,15,-4,16,-4,17,-3,18,-2,17,-1,18,0,18,0,17,1,17,1,16,1,16,1,15,0,16,0,15,-1,15,-1,15,-2,15,-2,15,-2,15,-3,15,-3,16,-3,15,-4,15,-4,16,-4,0,0,29,-3,28,-4,26,-6,25,-4,24,-5,23,-6,22,-5,20,-7,21,-6,19,-8,18,-8,17,-9,16,-11,16,-10,15,-10,15,-10,15,-9,16,-10,15,-9,15,-8,15,-7,14,-7,13,-6,13,-6,12,-5,12,-4,12,-4,11,-3,0,0,0,0,0,0,0,0,0,0,0,0,0,0,25,-13,26,-11,28,-9,29,-6,29,-6,30,-4,32,-3,33,0,33,1,33,4,33,4,32,4,32,3,31,3,30,3,29,2,29,4,28,2,29,1,30,1,29,-1,28,-2,29,-2,29,-3,29,-3,29,-5,30,-5,30,-5]"
618024744852500,6.294004100,89910,1859736625,-50,-98,6,0,1,7,0,0,256,0,0,"[0,0,-16,-1,-15,-1,-15,-1,-14,0,-14,0,-13,0,-13,0,-12,1,-12,1,-12,2,-11,2,-11,2,-10,3,-10,3,-10,3,-10,3,-9,2,-10,3,-10,2,-10,2,-9,2,-9,1,-8,1,-8,1,-8,1,-8,0,0,0,0,0,0,0,0,0,0,0,0,0,0,0,0,0,0,0,0,0,0,0,-16,2,-17,1,-17,0,-17,-1,-18,-1,-19,-3,-18,-4,-18,-5,-18,-5,-17,-6,-17,-5,-17,-5,-16,-5,-16,-5,-16,-5,-16,-4,-16,-3,-16,-3,-16,-3,-16,-3,-16,-2,-17,-2,-17,-1,-17,-1,-16,0,-17,0,0,0,-30,-4,-28,-3,-28,-3,-27,-3,-26,-2,-24,-2,-24,0,-22,0,-22,1,-21,2,-20,3,-20,3,-19,5,-20,5,-18,5,-19,5,-18,5,-18,4,-18,4,-18,4,-17,2,-15,2,-15,2,-15,2,-14,0,-15,1,-13,0,-13,-2,0,0,0,0,0,0,0,0,0,0,0,0,0,0,-28,4,-30,2,-31,-1,-31,-2,-31,-4,-32,-5,-32,-7,-33,-9,-33,-11,-33,-12,-31,-14,-31,-13,-31,-13,-29,-12,-28,-12,-28,-12,-28,-11,-28,-11,-29,-10,-28,-8,-29,-8,-29,-6,-29,-5,-30,-5,-30,-5,-30,-4,-29,-4,-31,-4]"
618024764919400,6.314071000,89911,1859756823,-50,-98,6,0,1,7,0,0,256,0,0,"[0,0,10,-12,10,-12,9,-11,9,-11,8,-11,7,-11,6,-11,6,-10,6,-10,5,-10,5,-10,4,-10,4,-10,3,-10,4,-10,3,-10,3,-10,3,-9,3,-9,3,-9,3,-8,3,-8,3,-8,4,-7,4,-6,4,-6,0,0,0,0,0,0,0,0,0,0,0,0,0,0,0,0,0,0,0,0,0,0,8,-13,9,-13,10,-13,10,-13,12,-13,13,-12,13,-12,14,-11,14,-11,14,-10,14,-9,14,-9,14,-9,13,-9,12,-10,12,-10,12,-10,12,-10,11,-11,11,-11,11,-12,10,-12,11,-13,11,-12,10,-12,11,-13,0,0,36,-46,33,-46,33,-46,30,-43,28,-44,27,-41,25,-41,21,-39,19,-37,17,-38,17,-38,16,-37,12,-37,10,-38,10,-37,10,-37,8,-37,9,-34,8,-34,11,-34,11,-31,11,-30,11,-28,11,-26,12,-23,11,-22,14,-23,15,-22,0,0,0,0,0,0,0,0,0,0,0,0,0,0,20,-57,28,-53,32,-49,35,-49,37,-50,40,-50,41,-48,49,-47,48,-47,52,-43,51,-41,54,-39,54,-38,53,-37,52,-34,48,-35,47,-36,43,-38,44,-39,42,-40,43,-44,39,-47,39,-45,37,-48,40,-45,41,-47,38,-48,40,-46]"
618024784720100,6.333871700,89912,1859776608,-50,-98,6,0,1,7,0,0,256,0,0,"[0,0,-15,5,-14,4,-14,4,-13,4,-13,4,-12,5,-11,5,-11,5,-10,5,-10,5,-9,5,-8,6,-8,5,-8,6,-8,6,-8,6,-8,6,-8,6,-8,6,-8,5,-7,5,-7,4,-7,4,-7,4,-7,3,-7,3,0,0,0,0,0,0,0,0,0,0,0,0,0,0,0,0,0,0,0,0,0,0,-14,6,-15,6,-16,5,-16,4,-17,3,-17,3,-18,2,-18,1,-18,1,-18,0,-18,0,-17,0,-16,0,-16,0,-16,1,-16,1,-16,1,-16,2,-15,2,-15,3,-15,4,-15,4,-16,4,-15,5,-15,5,-16,5,0,0,-26,11,-26,11,-25,11,-24,10,-22,11,-21,12,-20,10,-19,10,-19,12,-16,12,-16,12,-14,12,-14,13,-12,13,-14,13,-12,12,-12,13,-13,12,-13,12,-13,11,-13,10,-12,10,-11,8,-11,8,-10,7,-11,6,-12,6,-11,5,0,0,0,0,0,0,0,0,0,0,0,0,0,0,-22,18,-24,15,-26,14,-27,12,-28,12,-29,10,-30,10,-32,8,-33,7,-33,6,-33,4,-33,5,-32,3,-31,4,-30,3,-28,4,-29,4,-28,5,-28,5,-28,7,-28,8,-27,8,-27,10,-27,10,-28,11,-27,12,-28,12,-28,12]"
618024803889700,6.353041300,89913,1859796551,-50,-98,6,0,1,7,0,0,256,0,0,"[0,0,-15,-6,-14,-6,-14,-6,-13,-5,-13,-5,-13,-4,-12,-4,-12,-3,-12,-3,-11,-2,-11,-1,-11,-1,-11,-1,-11,0,-10,0,-10,0,-10,0,-10,0,-10,0,-10,-1,-9,-1,-9,-1,-8,-1,-8,-2,-8,-1,-7,-2,0,0,0,0,0,0,0,0,0,0,0,0,0,0,0,0,0,0,0,0,0,0,-15,-4,-16,-5,-16,-6,-16,-6,-16,-7,-16,-8,-16,-9,-16,-10,-15,-10,-14,-10,-14,-10,-14,-10,-13,-10,-13,-9,-13,-10,-14,-8,-14,-8,-14,-8,-14,-8,-14,-7,-14,-7,-15,-7,-15,-6,-15,-6,-15,-6,-15,-6,0,0,-56,-20,-53,-22,-51,-19,-49,-17,-49,-16,-45,-12,-44,-13,-43,-10,-43,-8,-40,-7,-40,-4,-40,-2,-39,1,-38,2,-38,1,-37,3,-36,1,-36,2,-37,3,-35,0,-34,-1,-33,-1,-30,-2,-28,-2,-29,-3,-26,-5,-24,-6,-23,-6,0,0,0,0,0,0,0,0,0,0,0,0,0,0,-54,-10,-55,-14,-56,-18,-56,-23,-56,-24,-55,-28,-54,-32,-56,-35,-54,-39,-53,-41,-52,-42,-50,-43,-48,-43,-48,-42,-46,-38,-45,-35,-47,-35,-48,-33,-48,-31,-49,-31,-49,-28,-52,-28,-52,-28,-55,-25,-54,-24,-54,-23,-56,-21,-54,-23]"
618024822476400,6.371628000,89914,1859816659,-50,-98,6,0,1,7,0,0,256,0,0,"[0,0,7,12,7,13,7,11,7,11,7,11,7,10,7,9,7,9,7,8,7,8,7,7,7,7,7,6,7,6,7,6,7,5,8,5,7,5,7,5,6,5,6,5,5,5,5,5,5,5,4,5,4,5,0,0,0,0,0,0,0,0,0,0,0,0,0,0,0,0,0,0,0,0,0,0,9,12,9,12,9,13,7,14,7,15,6,15,6,16,5,16,5,16,4,17,4,16,3,16,3,15,4,15,4,14,4,14,4,14,5,14,6,14,6,14,7,13,7,13,8,14,8,14,7,14,7,13,0,0,15,25,15,24,13,21,14,21,13,20,14,18,13,18,13,17,14,15,14,14,14,13,13,13,13,12,14,11,15,11,15,10,15,10,12,11,13,10,12,10,12,10,11,11,10,10,9,10,9,10,8,9,6,11,6,10,0,0,0,0,0,0,0,0,0,0,0,0,0,0,21,18,20,21,18,22,16,23,17,25,15,26,14,29,14,29,13,29,11,32,10,30,10,32,8,30,8,30,7,29,7,28,8,27,10,27,10,26,11,27,11,26,13,26,14,26,15,25,16,26,15,26,16,25,16,25]"
618024844715200,6.393866800,89915,1859836551,-50,-98,6,0,1,7,0,0,256,0,0,"[0,0,-15,2,-15,2,-15,2,-14,2,-13,2,-13,2,-12,3,-11,3,-11,4,-11,4,-10,4,-10,4,-9,5,-9,5,-9,5,-9,5,-9,5,-9,5,-9,5,-9,4,-8,4,-8,3,-8,3,-7,3,-7,2,-7,2,0,0,0,0,0,0,0,0,0,0,0,0,0,0,0,0,0,0,0,0,0,0,-16,3,-16,3,-16,2,-16,1,-18,1,-18,-1,-18,-1,-19,-2,-18,-2,-18,-3,-17,-3,-17,-3,-17,-3,-16,-3,-16,-2,-16,-1,-16,-1,-16,0,-16,0,-16,1,-16,1,-16,1,-17,1,-16,1,-16,2,-16,2,0,0,-29,2,-27,4,-27,3,-26,4,-25,4,-25,4,-22,4,-22,5,-21,5,-20,7,-19,8,-18,9,-16,9,-16,9,-17,10,-17,9,-16,9,-16,8,-17,7,-16,7,-16,6,-14,5,-14,6,-14,6,-12,4,-13,3,-13,3,-12,2,0,0,0,0,0,0,0,0,0,0,0,0,0,0,-27,12,-28,9,-29,7,-29,4,-30,2,-31,1,-33,1,-34,-2,-34,-5,-34,-6,-33,-6,-33,-6,-33,-5,-32,-5,-30,-4,-30,-4,-30,-4,-29,-4,-29,-3,-29,-3,-30,-1,-30,0,-30,0,-30,1,-30,3,-29,5,-29,5,-29,3]"
618024862640300,6.411791900,89916,1859856619,-50,-98,6,0,1,7,0,0,256,0,0,"[0,0,2,15,2,14,2,14,2,13,2,13,2,12,2,12,3,11,3,10,3,10,3,9,4,9,4,9,4,9,4,8,4,8,4,9,4,8,4,8,4,8,3,7,3,7,2,7,2,7,2,7,1,6,0,0,0,0,0,0,0,0,0,0,0,0,0,0,0,0,0,0,0,0,0,0,4,14,3,15,3,15,2,16,2,17,1,17,0,17,-1,17,-1,17,-2,17,-2,17,-2,16,-2,16,-2,16,-2,15,-1,15,-1,15,-1,15,0,15,1,15,1,15,1,15,1,15,2,15,2,16,2,15,0,0,0,29,-1,28,0,28,0,24,1,26,1,25,2,23,2,22,4,20,5,18,5,19,6,18,6,18,6,18,6,16,6,17,6,16,7,16,6,16,5,16,5,15,3,15,3,14,2,13,2,13,1,13,-1,12,-1,12,0,0,0,0,0,0,0,0,0,0,0,0,0,0,10,26,7,27,5,29,4,30,1,29,0,30,-1,31,-2,33,-4,32,-5,33,-8,33,-7,31,-8,30,-8,30,-8,29,-7,30,-6,30,-6,27,-6,28,-4,27,-3,29,-3,29,-1,29,-2,31,-1,29,-1,29,0,30,2,31]"
618024884127500,6.433279100,89917,1859876674,-50,-98,6,0,1,7,0,0,256,0,0,"[0,0,15,1,15,0,13,0,14,-1,12,0,12,-1,12,-1,11,-1,11,-2,10,-3,10,-3,9,-3,9,-3,9,-4,9,-4,9,-4,9,-4,9,-4,9,-4,8,-3,8,-3,8,-2,7,-2,7,-2,6,-2,6,-1,0,0,0,0,0,0,0,0,0,0,0,0,0,0,0,0,0,0,0,0,0,0,15,-2,15,-1,16,0,15,1,16,2,17,2,17,4,17,4,16,5,16,5,16,5,15,5,15,5,14,4,14,4,15,3,14,3,15,2,14,2,15,2,15,2,15,1,16,1,15,0,15,0,15,0,0,0,30,-1,26,-3,27,-2,25,-2,26,-3,23,-5,22,-4,21,-5,21,-5,19,-6,18,-6,18,-7,17,-7,17,-8,17,-8,18,-8,16,-8,17,-8,16,-8,16,-6,15,-6,14,-6,13,-6,14,-5,13,-4,13,-3,12,-2,13,0,0,0,0,0,0,0,0,0,0,0,0,0,0,0,26,-10,27,-7,30,-5,30,-3,29,-2,31,-1,31,1,34,3,33,3,33,6,32,6,31,7,31,7,31,8,29,7,28,7,29,5,28,5,30,3,29,3,29,2,28,1,29,0,29,-1,29,-1,30,-2,30,-2,31,-2]"
618024905386000,6.454537600,89918,1859896711,-50,-98,6,0,1,7,0,0,256,0,0,"[0,0,6,-14,5,-14,5,-14,5,-13,4,-13,3,-13,3,-12,2,-12,2,-12,2,-11,2,-11,1,-11,0,-11,0,-11,0,-11,0,-11,-1,-10,0,-10,0,-10,0,-10,0,-9,1,-9,0,-8,1,-8,1,-8,2,-7,0,0,0,0,0,0,0,0,0,0,0,0,0,0,0,0,0,0,0,0,0,0,4,-16,5,-16,5,-16,7,-16,8,-16,9,-16,9,-15,10,-15,10,-15,10,-14,11,-14,10,-13,10,-13,10,-13,10,-14,9,-13,9,-13,8,-13,8,-14,7,-14,7,-15,6,-15,6,-15,6,-15,6,-15,6,-15,0,0,27,-52,24,-51,23,-50,20,-45,21,-46,18,-44,16,-46,14,-42,9,-39,8,-37,8,-38,4,-39,4,-39,3,-39,1,-38,2,-37,0,-37,2,-36,2,-36,3,-34,4,-32,4,-32,5,-30,6,-30,6,-27,6,-25,7,-25,8,-24,0,0,0,0,0,0,0,0,0,0,0,0,0,0,12,-54,18,-54,22,-53,25,-53,26,-53,30,-54,33,-52,39,-54,40,-51,45,-50,45,-48,45,-47,44,-46,44,-42,42,-42,40,-42,38,-43,36,-42,36,-46,34,-45,32,-50,30,-50,29,-50,29,-52,30,-52,29,-54,28,-50,29,-53]"
618024922709100,6.471860700,89919,1859916546,-50,-98,6,0,1,7,0,0,256,0,0,"[0,0,0,14,0,14,1,13,0,13,0,12,1,12,1,11,2,11,2,10,2,10,3,9,3,9,3,9,4,9,3,8,3,8,3,8,3,8,3,8,2,8,2,8,2,7,1,7,1,7,1,6,1,6,0,0,0,0,0,0,0,0,0,0,0,0,0,0,0,0,0,0,0,0,0,0,3,14,2,15,1,15,0,16,-1,16,-2,16,-3,17,-4,17,-4,16,-4,16,-4,16,-4,15,-4,15,-4,15,-3,14,-3,14,-3,14,-2,14,-1,15,-1,15,-1,15,0,15,0,15,0,15,1,15,0,15,0,0,-1,28,0,28,-1,26,0,25,1,24,2,23,2,23,2,21,4,20,5,19,5,19,5,18,7,18,6,17,6,17,7,16,6,17,6,16,6,15,5,15,5,15,3,15,3,15,3,13,3,13,2,13,0,12,-1,12,0,0,0,0,0,0,0,0,0,0,0,0,0,0,9,25,7,27,5,29,2,29,1,30,0,29,-2,31,-3,32,-5,32,-8,32,-8,32,-8,32,-8,30,-8,29,-8,29,-7,29,-7,28,-6,27,-5,27,-4,27,-3,29,-3,29,-3,29,-3,30,0,29,0,30,0,30,0,30]"
618024946893200,6.496044800,89920,1859937061,-50,-98,6,0,1,7,0,0,256,0,0,"[0,0,-7,-14,-7,-14,-7,-14,-6,-13,-7,-12,-7,-12,-7,-11,-7,-10,-7,-9,-7,-9,-7,-9,-8,-9,-8,-8,-8,-8,-8,-7,-8,-7,-8,-7,-7,-7,-7,-7,-7,-7,-6,-7,-6,-7,-5,-7,-5,-7,-5,-6,-4,-6,0,0,0,0,0,0,0,0,0,0,0,0,0,0,0,0,0,0,0,0,0,0,-9,-14,-8,-14,-8,-15,-7,-15,-7,-17,-6,-17,-5,-17,-4,-18,-4,-18,-4,-18,-3,-17,-3,-17,-3,-17,-3,-16,-3,-16,-4,-16,-4,-15,-5,-16,-5,-15,-6,-15,-6,-15,-7,-15,-7,-16,-7,-15,-7,-15,-7,-15,0,0,-15,-26,-13,-25,-12,-25,-13,-23,-14,-23,-14,-21,-14,-20,-13,-18,-14,-16,-14,-16,-14,-15,-14,-15,-14,-14,-14,-12,-15,-12,-15,-12,-14,-12,-15,-11,-15,-12,-14,-11,-13,-11,-11,-11,-11,-12,-9,-12,-9,-11,-9,-11,-8,-11,-6,-12,0,0,0,0,0,0,0,0,0,0,0,0,0,0,-20,-21,-18,-24,-17,-25,-15,-26,-13,-28,-13,-28,-13,-31,-11,-31,-11,-32,-10,-33,-8,-32,-7,-33,-6,-32,-5,-31,-5,-29,-6,-31,-7,-29,-8,-28,-8,-28,-10,-28,-11,-27,-13,-28,-13,-27,-14,-28,-14,-27,-13,-27,-14,-28,-15,-26]"
618024962804500,6.511956100,89921,1859956529,-50,-98,6,0,1,7,0,0,256,0,0,"[0,0,0,15,0,14,0,14,1,13,1,12,1,12,2,11,2,11,2,10,3,10,3,9,3,9,3,9,4,8,4,8,4,8,4,8,4,8,3,7,3,8,3,7,2,7,2,7,2,7,2,6,1,6,0,0,0,0,0,0,0,0,0,0,0,0,0,0,0,0,0,0,0,0,0,0,2,14,1,15,1,16,0,15,-1,17,-2,16,-3,16,-3,17,-4,16,-4,17,-4,16,-4,15,-4,15,-4,15,-3,15,-3,14,-3,14,-2,15,-1,14,-1,15,-1,15,0,15,0,15,0,15,1,15,0,15,0,0,-4,27,-3,28,-3,27,-2,25,-2,24,0,23,0,22,0,21,2,20,1,20,3,19,3,19,4,18,4,18,6,17,5,17,4,17,4,17,5,16,4,16,3,15,2,15,2,15,0,14,2,12,0,12,-1,13,-2,12,0,0,0,0,0,0,0,0,0,0,0,0,0,0,4,27,1,29,0,28,-2,28,-3,31,-4,30,-6,32,-9,32,-9,31,-11,31,-12,30,-13,30,-14,29,-13,28,-13,26,-12,27,-11,26,-9,27,-8,26,-8,28,-8,28,-6,29,-6,28,-4,29,-4,29,-4,29,-4,30,-4,29]"
618024983400500,6.532552100,89922,1859976562,-50,-98,6,0,1,7,0,0,256,0,0,"[0,0,13,8,12,7,12,7,12,6,11,6,11,5,11,5,10,4,10,3,10,3,10,2,9,2,9,2,10,1,10,1,9,1,9,1,9,1,9,1,8,1,8,1,8,2,7,2,7,2,7,2,6,2,0,0,0,0,0,0,0,0,0,0,0,0,0,0,0,0,0,0,0,0,0,0,14,6,14,7,14,7,14,8,14,9,13,11,13,11,12,12,12,12,11,12,11,12,11,12,11,11,11,11,10,11,11,10,11,10,11,10,12,9,12,9,12,8,13,9,13,9,13,8,13,8,13,8,0,0,50,28,49,27,46,25,45,24,43,24,43,19,43,16,40,16,41,14,39,11,38,8,36,7,36,5,37,5,39,4,36,3,34,2,38,4,36,2,35,4,33,6,29,6,29,6,29,7,25,7,24,8,23,10,22,11,0,0,0,0,0,0,0,0,0,0,0,0,0,0,54,16,54,20,53,24,52,28,51,31,51,33,49,38,52,43,49,43,46,47,46,46,45,47,43,49,41,47,38,47,39,43,42,41,43,37,43,38,44,37,46,35,46,33,47,34,51,31,50,31,52,29,50,31,51,30]"
618025003925800,6.553077400,89923,1859996580,-50,-98,6,0,1,7,0,0,256,0,0,"[0,0,15,-2,14,-2,14,-2,13,-2,13,-2,12,-2,11,-3,11,-3,11,-3,10,-4,10,-5,9,-5,9,-5,9,-5,9,-5,9,-5,8,-5,8,-5,8,-5,8,-4,8,-4,7,-3,7,-3,7,-3,7,-3,7,-2,0,0,0,0,0,0,0,0,0,0,0,0,0,0,0,0,0,0,0,0,0,0,15,-5,16,-4,16,-3,16,-2,17,-1,17,0,17,1,18,2,18,2,17,2,16,3,16,2,16,2,15,2,15,2,15,1,15,1,15,0,15,0,15,-1,15,-1,15,-2,16,-2,16,-2,15,-3,16,-3,0,0,30,-2,27,-3,26,-3,25,-2,24,-3,23,-4,23,-5,21,-5,21,-5,19,-5,19,-6,17,-7,17,-8,17,-8,17,-8,16,-8,16,-8,17,-8,16,-8,16,-7,15,-7,14,-6,13,-5,13,-5,13,-3,13,-4,12,-2,12,-1,0,0,0,0,0,0,0,0,0,0,0,0,0,0,26,-12,28,-7,28,-6,29,-4,29,-3,30,-2,32,-1,33,1,33,2,33,4,32,5,32,6,31,6,31,6,30,6,28,5,29,5,28,4,29,3,29,2,29,1,28,-1,29,-1,29,-2,30,-2,29,-2,30,-3,30,-2]"
618025024578800,6.573730400,89924,1860016659,-50,-98,6,0,1,7,0,0,256,0,0,"[0,0,-6,-14,-7,-14,-7,-13,-6,-13,-6,-13,-6,-12,-6,-11,-7,-11,-6,-10,-7,-9,-7,-9,-7,-8,-7,-8,-7,-8,-8,-7,-8,-7,-7,-7,-7,-7,-7,-7,-7,-7,-6,-7,-6,-7,-5,-7,-5,-7,-5,-7,-4,-6,0,0,0,0,0,0,0,0,0,0,0,0,0,0,0,0,0,0,0,0,0,0,-9,-13,-8,-14,-8,-15,-7,-15,-6,-16,-6,-17,-5,-17,-4,-18,-4,-18,-3,-17,-3,-17,-3,-17,-3,-16,-3,-16,-3,-16,-4,-15,-4,-15,-5,-15,-5,-15,-5,-15,-6,-15,-6,-16,-6,-15,-7,-15,-7,-15,-7,-15,0,0,-14,-26,-14,-26,-13,-25,-13,-24,-12,-23,-13,-22,-12,-21,-14,-19,-13,-18,-14,-16,-15,-16,-15,-14,-14,-14,-15,-13,-15,-13,-15,-13,-14,-13,-15,-12,-14,-13,-13,-12,-12,-12,-11,-12,-11,-12,-10,-12,-9,-11,-8,-11,-7,-12,-5,-12,0,0,0,0,0,0,0,0,0,0,0,0,0,0,-20,-22,-17,-24,-16,-25,-15,-26,-15,-28,-14,-28,-12,-31,-12,-32,-10,-32,-9,-32,-8,-32,-7,-34,-7,-32,-6,-31,-5,-29,-6,-30,-6,-28,-7,-29,-9,-28,-10,-28,-11,-29,-11,-28,-12,-27,-12,-28,-13,-28,-14,-29,-13,-27,-14,-28]"
618025046543100,6.595694700,89925,1860039559,-50,-98,6,0,1,7,0,0,256,0,0,"[0,0,14,-6,13,-6,13,-6,13,-6,12,-6,11,-6,10,-6,10,-6,9,-6,9,-6,9,-7,8,-7,7,-7,7,-7,7,-7,7,-7,7,-7,8,-7,7,-7,7,-6,7,-6,6,-6,6,-5,6,-5,6,-4,6,-4,0,0,0,0,0,0,0,0,0,0,0,0,0,0,0,0,0,0,0,0,0,0,13,-8,14,-7,14,-7,16,-6,16,-5,17,-5,17,-3,17,-3,17,-2,17,-2,17,-2,16,-2,16,-1,15,-2,15,-2,15,-3,15,-3,15,-4,15,-4,15,-4,15,-5,15,-6,15,-5,15,-6,14,-6,15,-6,0,0,25,-9,26,-11,24,-10,24,-10,21,-10,20,-10,20,-10,18,-11,17,-11,17,-11,15,-12,14,-13,14,-12,13,-12,14,-14,14,-13,12,-13,13,-12,13,-11,13,-11,13,-11,12,-10,12,-10,12,-8,11,-7,11,-7,11,-6,12,-5,0,0,0,0,0,0,0,0,0,0,0,0,0,0,21,-19,23,-16,24,-14,25,-13,27,-13,27,-12,30,-11,30,-8,31,-7,33,-4,32,-4,33,-3,31,-3,30,-3,29,-3,28,-3,27,-3,28,-5,27,-6,28,-7,27,-7,26,-8,27,-9,26,-10,27,-11,27,-11,27,-11,27,-11]"
618025068323700,6.617475300,89926,1860059741,-49,-98,6,0,1,7,0,0,256,0,0,"[0,0,-11,11,-11,10,-10,10,-10,10,-9,10,-8,9,-8,9,-7,9,-7,9,-6,9,-6,9,-5,9,-5,9,-4,9,-4,9,-4,8,-4,9,-4,9,-5,8,-5,8,-5,7,-4,7,-4,6,-5,6,-5,5,-5,5,0,0,0,0,0,0,0,0,0,0,0,0,0,0,0,0,0,0,0,0,0,0,-9,12,-10,12,-11,12,-11,11,-13,12,-13,11,-14,11,-15,10,-15,9,-15,9,-15,8,-15,8,-14,8,-14,8,-13,8,-13,9,-13,8,-13,9,-12,9,-11,10,-11,10,-11,11,-12,11,-11,11,-11,11,-11,11,0,0,-40,43,-37,46,-34,42,-33,40,-32,41,-30,38,-28,40,-25,36,-25,37,-21,38,-18,37,-16,36,-14,38,-14,36,-11,37,-13,35,-14,36,-14,32,-15,33,-15,31,-16,30,-16,29,-14,27,-15,28,-16,24,-15,21,-16,21,-17,19,0,0,0,0,0,0,0,0,0,0,0,0,0,0,-20,54,-26,54,-31,50,-35,47,-38,50,-39,47,-45,47,-49,46,-52,42,-54,40,-53,38,-56,38,-53,37,-51,35,-50,34,-47,34,-48,35,-46,36,-44,35,-43,36,-43,41,-42,42,-41,42,-41,46,-40,44,-38,48,-38,47,-40,47]"
618025083958200,6.633109800,89927,1860076538,-50,-98,6,0,1,7,0,0,256,0,0,"[0,0,13,-9,12,-9,11,-9,11,-8,11,-8,9,-8,9,-8,8,-8,8,-8,7,-9,7,-9,6,-9,6,-9,5,-9,6,-9,6,-9,5,-9,6,-9,5,-8,5,-8,5,-7,5,-7,4,-7,5,-6,5,-6,5,-5,0,0,0,0,0,0,0,0,0,0,0,0,0,0,0,0,0,0,0,0,0,0,11,-11,13,-11,13,-10,14,-9,14,-9,16,-9,16,-7,17,-7,17,-6,16,-6,16,-6,15,-6,15,-6,15,-6,15,-6,14,-6,14,-6,13,-7,14,-8,13,-8,13,-8,13,-9,14,-9,13,-9,13,-10,13,-9,0,0,26,-12,24,-14,24,-13,23,-12,22,-13,20,-13,18,-13,18,-13,17,-14,16,-14,15,-14,13,-15,12,-15,12,-15,12,-15,12,-14,11,-14,11,-14,11,-13,12,-12,12,-12,12,-12,11,-11,11,-10,11,-9,11,-7,11,-8,11,-7,0,0,0,0,0,0,0,0,0,0,0,0,0,0,19,-21,22,-19,23,-17,25,-16,26,-15,28,-13,29,-12,31,-12,32,-9,33,-8,32,-7,31,-6,31,-5,31,-7,30,-6,28,-7,28,-7,27,-8,28,-8,28,-8,27,-11,26,-11,27,-12,26,-13,28,-13,26,-14,26,-14,27,-14]"
618025104817100,6.653968700,89928,1860096587,-49,-98,6,0,1,7,0,0,256,0,0,"[0,0,-5,-15,-6,-15,-5,-14,-5,-13,-5,-13,-6,-12,-6,-12,-6,-11,-6,-10,-6,-10,-6,-9,-6,-9,-7,-9,-7,-8,-7,-8,-7,-8,-7,-8,-7,-7,-7,-7,-6,-8,-6,-7,-5,-8,-5,-8,-4,-7,-4,-7,-3,-7,0,0,0,0,0,0,0,0,0,0,0,0,0,0,0,0,0,0,0,0,0,0,-8,-14,-7,-15,-6,-16,-6,-16,-5,-17,-4,-17,-4,-18,-3,-18,-3,-18,-2,-18,-1,-17,-1,-17,-1,-17,-1,-16,-2,-16,-3,-15,-2,-15,-3,-16,-4,-15,-4,-15,-5,-15,-6,-16,-5,-16,-5,-16,-5,-16,-5,-15,0,0,-13,-27,-13,-27,-12,-25,-11,-24,-10,-22,-12,-22,-12,-19,-12,-19,-13,-18,-13,-17,-12,-16,-12,-16,-13,-15,-14,-14,-14,-14,-14,-14,-14,-14,-13,-13,-13,-12,-13,-12,-12,-11,-12,-13,-10,-14,-9,-12,-9,-12,-7,-11,-7,-12,-5,-12,0,0,0,0,0,0,0,0,0,0,0,0,0,0,-19,-23,-16,-26,-14,-26,-14,-28,-13,-28,-11,-29,-10,-32,-9,-33,-9,-32,-7,-34,-6,-33,-3,-34,-3,-32,-3,-31,-2,-31,-3,-30,-5,-30,-6,-30,-7,-28,-7,-29,-8,-28,-10,-28,-11,-28,-11,-28,-11,-28,-11,-29,-11,-29,-12,-28]"
618025124212700,6.673364300,89929,1860116636,-49,-98,6,0,1,7,0,0,256,0,0,"[0,0,-16,1,-15,1,-15,1,-15,2,-14,1,-13,2,-12,2,-12,2,-12,3,-11,3,-11,3,-10,3,-10,4,-10,4,-10,4,-10,4,-9,4,-9,4,-10,4,-9,3,-9,3,-9,2,-8,2,-8,2,-8,2,-7,1,0,0,0,0,0,0,0,0,0,0,0,0,0,0,0,0,0,0,0,0,0,0,-16,4,-16,3,-17,2,-17,2,-18,1,-18,0,-18,-1,-18,-2,-18,-2,-18,-3,-18,-3,-17,-3,-17,-3,-16,-3,-16,-2,-16,-2,-16,-2,-16,-1,-16,-1,-16,0,-16,0,-16,0,-17,1,-16,1,-17,1,-16,2,0,0,-30,4,-27,3,-27,4,-26,3,-25,4,-23,4,-22,4,-21,4,-21,6,-20,6,-19,8,-18,7,-17,9,-18,9,-16,9,-17,8,-15,9,-17,9,-16,8,-16,6,-16,6,-15,5,-14,5,-13,5,-13,3,-14,3,-13,3,-13,1,0,0,0,0,0,0,0,0,0,0,0,0,0,0,-25,10,-28,9,-28,7,-30,5,-28,3,-30,2,-30,2,-35,-1,-33,-2,-33,-4,-33,-6,-31,-4,-32,-5,-31,-6,-30,-5,-29,-4,-30,-4,-28,-4,-30,-3,-28,-1,-30,1,-29,0,-28,1,-30,1,-29,2,-29,3,-29,3,-30,4]"
618025149994700,6.699146300,89930,1860141950,-49,-98,6,0,1,7,0,0,256,0,0,"[0,0,-16,0,-15,0,-15,0,-14,0,-14,0,-13,1,-13,1,-12,2,-12,2,-11,3,-12,3,-10,3,-10,3,-10,4,-10,4,-10,4,-10,4,-10,4,-10,4,-9,3,-9,3,-9,2,-8,2,-8,2,-8,2,-8,1,0,0,0,0,0,0,0,0,0,0,0,0,0,0,0,0,0,0,0,0,0,0,-16,1,-17,0,-17,0,-17,-1,-18,-2,-18,-3,-18,-4,-18,-4,-18,-5,-17,-5,-17,-6,-17,-5,-16,-5,-16,-5,-16,-5,-16,-4,-16,-3,-16,-3,-16,-2,-16,-2,-16,-1,-16,-1,-17,-1,-17,0,-16,0,-16,0,0,0,-31,2,-28,0,-27,1,-26,2,-26,1,-23,3,-24,3,-23,4,-22,4,-21,5,-19,6,-20,6,-19,6,-18,7,-19,7,-17,8,-17,7,-18,8,-16,7,-17,6,-16,5,-16,5,-15,5,-14,4,-14,3,-13,2,-13,2,-13,1,0,0,0,0,0,0,0,0,0,0,0,0,0,0,-27,8,-29,5,-31,2,-31,1,-31,0,-31,-1,-33,-4,-33,-5,-33,-6,-34,-8,-33,-10,-33,-9,-31,-10,-31,-10,-29,-10,-29,-8,-29,-7,-29,-7,-29,-7,-30,-5,-28,-3,-30,-3,-29,-1,-31,-2,-31,0,-30,0,-31,0,-30,0]"
618025165769100,6.714920700,89931,1860156558,-50,-98,6,0,1,7,0,0,256,0,0,"[0,0,-10,-12,-10,-12,-9,-11,-9,-10,-9,-10,-9,-10,-9,-9,-9,-9,-9,-8,-9,-7,-9,-6,-9,-6,-9,-6,-9,-5,-9,-5,-9,-5,-9,-5,-9,-5,-9,-5,-8,-5,-8,-5,-7,-6,-7,-5,-7,-5,-6,-5,-6,-5,0,0,0,0,0,0,0,0,0,0,0,0,0,0,0,0,0,0,0,0,0,0,-12,-11,-11,-12,-11,-13,-10,-14,-10,-15,-9,-15,-8,-16,-8,-16,-8,-16,-7,-17,-7,-16,-7,-16,-6,-15,-7,-15,-6,-15,-7,-14,-8,-14,-8,-13,-8,-13,-9,-13,-9,-13,-10,-13,-10,-13,-10,-13,-10,-13,-10,-13,0,0,-17,-23,-18,-23,-17,-23,-17,-21,-16,-20,-16,-19,-16,-18,-16,-16,-16,-15,-15,-14,-16,-12,-16,-12,-16,-11,-17,-12,-17,-10,-17,-10,-16,-10,-17,-9,-16,-10,-15,-9,-14,-10,-14,-10,-12,-10,-12,-10,-11,-10,-10,-9,-10,-10,-9,-10,0,0,0,0,0,0,0,0,0,0,0,0,0,0,-23,-18,-23,-21,-20,-22,-19,-24,-18,-25,-17,-27,-17,-29,-16,-30,-15,-31,-12,-32,-12,-32,-11,-31,-12,-31,-10,-30,-11,-29,-10,-28,-11,-27,-12,-26,-13,-27,-14,-25,-14,-26,-16,-26,-15,-26,-17,-26,-17,-25,-17,-25,-17,-25,-18,-24]"
618025184126800,6.733278400,89932,1860176641,-50,-98,6,0,1,7,0,0,256,0,0,"[0,0,-9,12,-8,12,-8,12,-8,11,-7,12,-6,11,-6,11,-5,10,-5,10,-4,10,-4,10,-3,10,-3,9,-2,10,-3,9,-2,9,-2,9,-2,9,-3,9,-3,8,-3,8,-3,8,-3,7,-3,7,-3,6,-4,6,0,0,0,0,0,0,0,0,0,0,0,0,0,0,0,0,0,0,0,0,0,0,-7,14,-8,14,-8,14,-9,14,-10,14,-12,13,-12,13,-13,12,-14,12,-13,11,-13,11,-13,11,-12,11,-12,10,-11,11,-11,11,-11,11,-11,11,-10,12,-10,12,-10,12,-9,12,-10,13,-9,14,-9,13,-9,13,0,0,-33,46,-31,46,-31,47,-29,44,-26,44,-24,41,-23,40,-21,38,-17,37,-16,39,-15,37,-12,37,-10,37,-10,38,-9,36,-7,37,-7,36,-10,36,-9,33,-10,32,-11,31,-11,31,-10,29,-12,28,-11,23,-12,23,-14,24,-16,23,0,0,0,0,0,0,0,0,0,0,0,0,0,0,-16,54,-22,54,-25,52,-28,51,-31,49,-36,52,-38,51,-43,50,-46,50,-49,45,-49,43,-51,44,-50,38,-50,39,-46,39,-44,38,-43,39,-40,39,-40,41,-40,42,-40,45,-36,46,-36,46,-36,47,-36,50,-35,51,-35,50,-32,49]"
618025205800900,6.754952500,89933,1860196574,-50,-98,6,0,1,7,0,0,256,0,0,"[0,0,-15,0,-15,0,-14,0,-14,0,-13,0,-12,1,-12,1,-12,2,-12,1,-11,2,-10,3,-10,3,-10,3,-9,3,-10,4,-9,4,-10,3,-9,3,-9,3,-9,2,-9,2,-8,2,-8,2,-8,1,-8,1,-7,0,0,0,0,0,0,0,0,0,0,0,0,0,0,0,0,0,0,0,0,0,0,0,-16,3,-16,2,-17,1,-16,0,-18,-1,-17,-1,-18,-2,-18,-3,-18,-3,-17,-5,-17,-5,-16,-4,-16,-4,-15,-4,-15,-4,-16,-3,-15,-2,-16,-2,-15,-2,-16,-1,-16,-1,-16,0,-17,0,-16,0,-16,0,-16,0,0,0,-29,4,-28,5,-27,5,-27,5,-25,5,-23,5,-22,5,-22,7,-20,7,-19,7,-18,9,-18,8,-17,9,-16,10,-16,10,-16,10,-16,10,-17,10,-17,8,-16,8,-16,7,-15,6,-14,6,-14,6,-14,4,-13,4,-14,3,-13,2,0,0,0,0,0,0,0,0,0,0,0,0,0,0,-25,13,-27,10,-29,8,-29,6,-31,5,-31,5,-32,3,-34,1,-34,-1,-34,-3,-34,-4,-34,-4,-32,-3,-31,-4,-30,-4,-30,-2,-29,-2,-30,-2,-28,-2,-30,-1,-29,1,-29,2,-29,3,-30,3,-30,4,-30,5,-30,4,-30,5]"
618025225379700,6.774531300,89934,1860216763,-50,-98,6,0,1,7,0,0,256,0,0,"[0,0,8,-14,7,-13,7,-13,6,-12,6,-12,5,-12,5,-12,4,-11,4,-11,3,-11,2,-11,2,-11,1,-11,1,-11,1,-10,1,-11,0,-10,1,-10,1,-10,2,-9,1,-9,1,-9,2,-8,1,-8,2,-7,2,-7,0,0,0,0,0,0,0,0,0,0,0,0,0,0,0,0,0,0,0,0,0,0,6,-14,8,-15,8,-14,9,-14,10,-14,11,-14,12,-13,12,-13,13,-12,13,-13,13,-12,12,-11,11,-11,12,-11,11,-12,10,-11,10,-12,10,-12,9,-13,9,-13,9,-13,8,-13,8,-14,8,-14,8,-14,8,-14,0,0,31,-46,31,-47,30,-47,29,-44,27,-42,22,-41,20,-42,19,-41,15,-39,14,-38,13,-38,12,-38,11,-38,7,-38,10,-37,7,-37,8,-37,6,-36,6,-34,7,-34,7,-32,8,-32,9,-29,11,-27,10,-26,10,-26,11,-24,12,-22,0,0,0,0,0,0,0,0,0,0,0,0,0,0,18,-55,26,-54,30,-51,33,-49,37,-50,38,-46,44,-49,44,-48,47,-45,49,-45,51,-42,53,-41,51,-35,50,-36,49,-35,47,-36,45,-37,43,-37,41,-39,41,-42,38,-44,37,-44,34,-46,36,-50,36,-49,35,-47,37,-50,33,-46]"
618025244706800,6.793858400,89935,1860236731,-50,-98,6,0,1,7,0,0,256,0,0,"[0,0,12,-9,11,-9,11,-9,11,-9,10,-9,9,-9,8,-9,8,-9,8,-8,7,-9,7,-9,6,-9,5,-9,5,-9,5,-9,5,-9,4,-9,5,-9,5,-8,5,-8,5,-8,5,-7,4,-7,5,-6,5,-6,5,-5,0,0,0,0,0,0,0,0,0,0,0,0,0,0,0,0,0,0,0,0,0,0,11,-11,12,-10,13,-10,13,-10,14,-9,15,-9,16,-8,16,-7,17,-6,16,-6,16,-6,15,-6,15,-6,14,-6,14,-6,14,-6,14,-7,13,-7,13,-8,13,-8,13,-9,12,-9,13,-9,12,-10,12,-10,13,-10,0,0,25,-13,24,-15,23,-14,23,-12,21,-12,19,-14,18,-14,17,-15,16,-14,15,-14,14,-14,14,-13,13,-14,12,-15,12,-15,10,-13,12,-15,11,-13,11,-14,11,-14,10,-13,12,-13,11,-11,11,-10,11,-9,10,-8,11,-7,11,-7,0,0,0,0,0,0,0,0,0,0,0,0,0,0,21,-20,23,-17,25,-15,24,-15,27,-16,26,-13,30,-13,30,-11,30,-10,31,-10,31,-9,33,-6,31,-5,30,-4,29,-5,28,-5,27,-7,28,-8,26,-8,28,-9,26,-9,26,-13,26,-14,25,-14,28,-13,27,-12,27,-13,26,-14]"
618025268594400,6.817746000,89936,1860261416,-50,-98,6,0,1,7,0,0,256,0,0,"[0,0,4,-15,3,-15,3,-14,4,-14,3,-14,2,-13,2,-12,2,-12,1,-12,0,-11,0,-11,0,-11,-1,-11,-1,-11,-1,-11,-1,-10,-2,-10,-1,-10,-1,-10,0,-10,-1,-9,0,-9,0,-9,0,-8,0,-8,1,-7,0,0,0,0,0,0,0,0,0,0,0,0,0,0,0,0,0,0,0,0,0,0,1,-16,3,-16,3,-17,4,-16,5,-17,6,-17,7,-16,8,-16,9,-16,9,-16,8,-15,8,-15,8,-15,8,-15,8,-15,7,-14,7,-14,6,-14,6,-15,5,-15,5,-15,5,-15,5,-16,4,-16,4,-16,4,-16,0,0,5,-28,5,-28,5,-28,4,-25,4,-25,3,-24,2,-23,2,-22,0,-21,-1,-20,-2,-20,-2,-20,-3,-20,-4,-19,-4,-18,-4,-18,-3,-19,-4,-19,-4,-18,-2,-17,-2,-18,-1,-17,-1,-16,-1,-15,-1,-15,0,-14,2,-13,1,-13,0,0,0,0,0,0,0,0,0,0,0,0,0,0,-3,-29,1,-30,2,-30,4,-30,6,-31,7,-31,9,-31,11,-31,13,-31,15,-30,15,-29,15,-29,15,-29,15,-27,14,-26,14,-27,13,-27,11,-26,10,-27,10,-26,10,-27,9,-29,8,-28,7,-29,7,-29,6,-29,5,-30,7,-30]"
618025285406900,6.834558500,89937,1860278241,-50,-98,6,0,1,7,0,0,256,0,0,"[0,0,-3,15,-2,14,-2,14,-2,13,-1,13,-1,12,-1,12,0,12,0,10,0,10,1,10,2,10,2,10,2,10,2,9,2,9,2,9,2,9,2,9,1,8,1,8,1,8,1,8,0,7,0,7,0,6,0,0,0,0,0,0,0,0,0,0,0,0,0,0,0,0,0,0,0,0,0,0,0,15,-1,16,-2,15,-3,16,-4,16,-5,17,-5,16,-7,16,-7,16,-7,16,-7,15,-7,15,-7,14,-7,14,-6,14,-5,14,-5,14,-4,14,-4,15,-4,15,-3,15,-3,15,-3,15,-3,15,-2,15,-3,15,0,0,-5,27,-4,28,-3,25,-3,25,-2,24,-1,24,-1,22,1,22,1,20,1,20,1,18,2,19,3,18,4,18,5,18,4,18,4,17,4,16,4,16,3,16,4,16,3,16,2,15,0,14,1,13,0,12,-1,13,-2,12,0,0,0,0,0,0,0,0,0,0,0,0,0,0,3,28,0,28,-2,29,-4,29,-4,30,-7,29,-8,32,-9,31,-10,31,-13,31,-13,29,-15,29,-15,27,-14,27,-15,26,-13,26,-11,26,-11,27,-10,26,-10,28,-7,26,-7,27,-6,29,-6,29,-6,29,-5,29,-5,29,-4,28]"
618025303898000,6.853049600,89938,1860296528,-50,-98,6,0,1,7,0,0,256,0,0,"[0,0,-9,12,-9,12,-9,11,-8,11,-8,10,-7,10,-7,10,-6,10,-6,9,-5,9,-5,9,-4,10,-3,10,-3,9,-3,9,-3,9,-3,9,-3,9,-3,9,-4,8,-3,8,-4,7,-3,7,-3,7,-3,6,-4,6,0,0,0,0,0,0,0,0,0,0,0,0,0,0,0,0,0,0,0,0,0,0,-8,13,-9,13,-10,13,-11,12,-12,12,-13,12,-14,11,-14,11,-14,10,-14,10,-14,10,-14,9,-13,9,-13,9,-12,9,-12,9,-12,10,-12,10,-11,11,-11,11,-10,12,-11,12,-11,12,-10,12,-9,13,-10,12,0,0,-42,39,-42,39,-38,39,-36,37,-34,37,-29,35,-28,36,-28,35,-26,35,-22,33,-21,34,-19,36,-16,36,-15,35,-14,35,-16,33,-14,33,-14,32,-15,31,-14,30,-15,29,-17,28,-17,25,-16,24,-15,22,-16,20,-17,20,-18,16,0,0,0,0,0,0,0,0,0,0,0,0,0,0,-28,49,-34,47,-37,44,-41,43,-45,44,-47,41,-50,41,-53,38,-55,37,-56,34,-58,31,-58,32,-57,28,-56,27,-53,27,-51,27,-51,30,-50,28,-46,29,-49,32,-46,34,-45,36,-44,38,-44,40,-44,39,-44,42,-43,43,-43,40]"
618025328154700,6.877306300,89939,1860319832,-50,-98,6,0,1,7,0,0,256,0,0,"[0,0,-11,11,-11,10,-10,10,-10,9,-10,9,-9,9,-8,9,-8,9,-7,8,-7,9,-6,8,-5,9,-5,9,-5,9,-5,8,-5,9,-4,8,-5,8,-5,8,-5,8,-5,7,-5,6,-4,6,-4,6,-5,5,-5,5,0,0,0,0,0,0,0,0,0,0,0,0,0,0,0,0,0,0,0,0,0,0,-10,12,-11,12,-11,11,-12,11,-13,11,-15,11,-15,10,-16,9,-16,9,-15,8,-15,8,-15,8,-15,8,-14,7,-14,8,-13,8,-13,8,-13,9,-13,9,-12,10,-12,10,-12,10,-13,10,-12,11,-11,11,-12,11,0,0,-41,38,-41,38,-37,38,-35,36,-34,37,-30,36,-30,35,-26,34,-25,33,-23,32,-19,33,-20,33,-18,33,-17,33,-14,34,-15,32,-16,36,-14,31,-15,31,-16,30,-15,27,-16,27,-18,26,-16,24,-16,21,-16,18,-18,19,-18,17,0,0,0,0,0,0,0,0,0,0,0,0,0,0,-28,48,-36,47,-39,43,-41,39,-44,44,-44,39,-53,40,-55,36,-55,36,-60,33,-56,31,-60,29,-58,27,-56,25,-55,25,-53,26,-50,27,-49,29,-50,30,-48,31,-47,34,-45,37,-44,37,-45,40,-48,38,-45,40,-42,40,-42,40]"
618025345612200,6.894763800,89940,1860338490,-50,-98,6,0,1,7,0,0,256,0,0,"[0,0,-10,11,-9,11,-9,11,-9,10,-8,10,-8,10,-7,10,-6,10,-6,9,-5,9,-5,10,-4,9,-4,9,-3,9,-3,9,-3,9,-3,9,-3,8,-3,8,-4,8,-4,8,-3,7,-3,7,-4,6,-4,6,-4,6,0,0,0,0,0,0,0,0,0,0,0,0,0,0,0,0,0,0,0,0,0,0,-9,13,-10,12,-10,12,-11,12,-12,12,-13,11,-14,11,-15,10,-15,10,-15,10,-15,9,-14,9,-14,9,-13,9,-13,9,-13,9,-12,9,-12,10,-12,10,-11,11,-11,11,-11,11,-11,12,-10,12,-10,12,-10,12,0,0,-30,46,-31,48,-26,45,-27,43,-23,42,-19,42,-20,39,-17,40,-17,37,-13,38,-11,38,-10,37,-5,36,-6,36,-9,37,-5,36,-7,37,-5,35,-7,32,-9,34,-7,31,-10,31,-9,29,-8,27,-8,25,-10,23,-13,24,-15,21,0,0,0,0,0,0,0,0,0,0,0,0,0,0,-18,56,-23,52,-28,51,-30,49,-33,52,-35,48,-42,52,-44,48,-44,48,-49,45,-49,44,-53,42,-50,41,-49,39,-46,39,-45,39,-41,37,-42,40,-40,41,-40,43,-36,42,-34,46,-34,46,-34,49,-35,49,-31,51,-30,51,-32,48]"
618025364343800,6.913495400,89941,1860356756,-50,-98,6,0,1,7,0,0,256,0,0,"[0,0,-14,-7,-14,-7,-13,-7,-12,-6,-12,-6,-12,-5,-12,-4,-11,-4,-11,-3,-11,-3,-11,-2,-11,-2,-11,-2,-10,-2,-10,-1,-10,-1,-10,-1,-10,-1,-10,-1,-9,-2,-9,-2,-9,-2,-8,-2,-8,-2,-8,-2,-7,-3,0,0,0,0,0,0,0,0,0,0,0,0,0,0,0,0,0,0,0,0,0,0,-15,-5,-15,-6,-15,-7,-15,-8,-15,-9,-15,-9,-14,-10,-14,-11,-14,-12,-13,-11,-13,-11,-12,-11,-12,-11,-12,-11,-12,-10,-13,-9,-12,-9,-13,-9,-13,-9,-13,-8,-13,-8,-14,-8,-14,-8,-15,-7,-14,-7,-14,-7,0,0,-53,-27,-51,-24,-46,-25,-47,-21,-44,-19,-44,-18,-43,-16,-42,-14,-43,-12,-41,-10,-40,-8,-38,-6,-38,-4,-37,-6,-39,-4,-38,-3,-38,-4,-37,-3,-36,-4,-35,-3,-33,-4,-31,-5,-30,-7,-30,-7,-27,-9,-26,-8,-23,-10,-21,-11,0,0,0,0,0,0,0,0,0,0,0,0,0,0,-58,-12,-55,-18,-55,-21,-54,-25,-55,-29,-52,-30,-54,-36,-54,-37,-54,-40,-51,-43,-49,-42,-47,-45,-46,-45,-44,-44,-41,-43,-41,-41,-44,-39,-44,-36,-45,-36,-45,-36,-48,-32,-49,-31,-51,-31,-52,-29,-53,-30,-52,-28,-53,-29,-52,-26]"
618025387150900,6.936302500,89942,1860378335,-50,-98,6,0,1,7,0,0,256,0,0,"[0,0,5,-14,4,-14,4,-14,4,-13,3,-13,2,-12,2,-12,2,-12,1,-11,1,-11,1,-11,0,-11,-1,-11,-1,-10,-1,-10,-1,-10,-1,-10,-1,-10,-1,-9,0,-9,-1,-9,0,-9,0,-8,0,-8,0,-8,1,-7,0,0,0,0,0,0,0,0,0,0,0,0,0,0,0,0,0,0,0,0,0,0,4,-15,5,-15,6,-15,7,-15,7,-15,9,-15,9,-15,10,-14,10,-14,10,-13,10,-13,10,-13,9,-13,9,-13,9,-13,8,-13,8,-13,7,-14,7,-13,6,-14,6,-14,6,-15,6,-15,5,-15,6,-14,5,-15,0,0,21,-52,21,-53,17,-51,18,-48,14,-47,14,-46,11,-44,9,-44,8,-42,6,-40,5,-40,0,-40,-1,-38,0,-39,-1,-37,-3,-37,-2,-39,-3,-37,-1,-35,1,-36,1,-33,3,-31,3,-32,4,-33,3,-28,4,-27,6,-27,7,-24,0,0,0,0,0,0,0,0,0,0,0,0,0,0,9,-57,14,-58,19,-54,22,-55,25,-57,27,-55,34,-56,35,-55,38,-54,41,-52,41,-52,42,-49,43,-49,40,-47,39,-45,40,-46,35,-46,34,-48,31,-47,31,-48,29,-51,27,-52,27,-54,24,-55,25,-55,24,-56,22,-55,23,-55]"
618025406663900,6.955815500,89943,1860399616,-50,-98,6,0,1,7,0,0,256,0,0,"[0,0,14,-6,13,-6,12,-6,13,-6,11,-6,11,-6,11,-6,10,-6,10,-6,9,-7,8,-7,8,-7,7,-7,7,-7,7,-8,7,-7,6,-7,7,-7,7,-7,7,-6,7,-6,7,-6,6,-5,6,-5,6,-5,6,-4,0,0,0,0,0,0,0,0,0,0,0,0,0,0,0,0,0,0,0,0,0,0,13,-9,14,-8,15,-8,15,-7,16,-7,17,-6,17,-5,18,-4,17,-3,17,-3,17,-3,16,-3,16,-3,15,-3,15,-3,15,-3,14,-4,15,-4,14,-5,15,-6,14,-5,15,-6,15,-7,14,-7,14,-7,15,-7,0,0,25,-11,24,-13,23,-14,23,-13,21,-12,20,-12,18,-12,18,-13,17,-12,15,-13,16,-13,14,-14,13,-14,12,-14,13,-15,12,-14,12,-14,12,-13,12,-14,11,-13,12,-11,10,-11,12,-10,10,-10,10,-9,10,-8,10,-8,11,-6,0,0,0,0,0,0,0,0,0,0,0,0,0,0,21,-19,23,-17,24,-15,25,-14,27,-14,27,-13,30,-12,31,-9,31,-10,32,-7,31,-7,33,-5,32,-5,30,-4,29,-5,28,-5,27,-5,27,-6,27,-8,28,-8,27,-9,26,-10,26,-11,26,-12,28,-12,27,-13,26,-13,27,-12]"
618025429919700,6.979071300,89944,1860422144,-50,-98,6,0,1,7,0,0,256,0,0,"[0,0,-6,14,-5,13,-5,13,-5,12,-5,13,-4,12,-4,11,-3,11,-3,10,-2,10,-2,10,-1,10,0,10,0,10,0,9,-1,10,0,9,-1,9,-1,9,-1,8,-2,8,-2,8,-1,8,-2,7,-2,7,-2,6,0,0,0,0,0,0,0,0,0,0,0,0,0,0,0,0,0,0,0,0,0,0,-3,15,-4,15,-5,15,-6,15,-7,15,-8,16,-9,15,-10,15,-10,14,-10,14,-10,14,-10,13,-9,13,-9,13,-9,13,-8,12,-8,13,-8,13,-7,14,-7,14,-7,14,-6,14,-6,14,-6,15,-5,15,-6,15,0,0,-11,24,-10,26,-9,24,-9,24,-9,23,-8,23,-6,22,-6,21,-4,19,-3,20,-3,19,-3,19,-2,18,-1,18,0,19,0,18,-1,19,-1,17,-1,17,-1,17,-1,16,-2,16,-3,15,-3,14,-4,13,-3,11,-5,13,-5,11,0,0,0,0,0,0,0,0,0,0,0,0,0,0,0,28,-5,28,-7,27,-8,27,-10,29,-11,28,-14,29,-15,28,-16,29,-18,28,-17,26,-20,27,-19,24,-19,24,-18,23,-17,23,-16,23,-16,24,-15,24,-15,25,-14,26,-12,26,-12,27,-12,26,-11,28,-12,27,-11,27,-10,27]"
618025444008400,6.993160000,89945,1860437150,-50,-98,6,0,1,7,0,0,256,0,0,"[0,0,-2,15,-1,14,-2,14,-1,13,-1,13,0,12,0,12,0,11,1,10,1,10,1,10,2,10,2,9,3,9,2,9,2,9,3,9,2,8,2,8,2,8,2,8,1,8,1,8,1,7,0,7,0,6,0,0,0,0,0,0,0,0,0,0,0,0,0,0,0,0,0,0,0,0,0,0,0,15,-1,15,-1,16,-2,16,-3,16,-4,17,-5,16,-6,16,-6,16,-6,16,-6,15,-7,15,-6,15,-6,14,-6,14,-5,14,-5,14,-4,14,-4,15,-3,15,-3,15,-3,15,-2,15,-2,15,-2,16,-2,15,0,0,-8,27,-8,26,-7,25,-6,24,-6,25,-4,23,-5,22,-3,21,-3,21,0,19,1,19,1,19,1,19,1,19,2,17,2,18,2,17,2,18,1,17,1,17,0,16,0,15,-1,14,-1,14,-1,13,-1,13,-3,12,-3,12,0,0,0,0,0,0,0,0,0,0,0,0,0,0,1,28,-3,28,-4,28,-6,29,-8,28,-10,29,-11,29,-12,30,-14,29,-16,29,-18,28,-17,27,-16,25,-16,27,-16,26,-15,25,-15,25,-13,23,-13,24,-12,25,-11,26,-10,26,-10,27,-10,28,-8,26,-7,27,-7,28,-8,28]"
618025464459800,7.013611400,89946,1860456602,-50,-98,6,0,1,7,0,0,256,0,0,"[0,0,12,-8,11,-8,11,-8,11,-8,10,-8,9,-8,9,-8,8,-8,8,-8,7,-8,7,-8,6,-8,5,-8,5,-8,6,-8,5,-8,5,-8,5,-8,5,-8,5,-7,5,-7,5,-7,5,-6,5,-6,5,-5,5,-5,0,0,0,0,0,0,0,0,0,0,0,0,0,0,0,0,0,0,0,0,0,0,12,-9,12,-9,13,-9,13,-8,15,-8,15,-7,16,-6,16,-5,16,-5,16,-5,16,-4,15,-4,15,-4,14,-5,14,-5,14,-5,14,-6,14,-6,13,-6,13,-7,13,-7,13,-8,13,-8,13,-8,12,-8,13,-9,0,0,24,-16,21,-17,21,-16,20,-15,19,-16,17,-15,17,-15,15,-16,14,-15,13,-15,12,-15,11,-15,10,-16,10,-16,10,-16,10,-16,8,-15,9,-16,9,-15,10,-14,9,-13,9,-13,9,-12,9,-12,9,-10,9,-9,9,-9,10,-9,0,0,0,0,0,0,0,0,0,0,0,0,0,0,17,-22,20,-20,21,-19,24,-18,24,-17,26,-17,27,-15,30,-15,30,-14,30,-12,31,-11,30,-10,29,-9,29,-9,29,-9,27,-10,28,-11,25,-11,27,-11,25,-12,25,-14,24,-15,24,-16,24,-16,25,-16,24,-17,24,-17,25,-17]"
618025486899600,7.036051200,89947,1860476661,-50,-98,6,0,1,7,0,0,256,0,0,"[0,0,-6,-15,-7,-14,-6,-14,-6,-13,-6,-13,-6,-12,-6,-11,-7,-11,-7,-10,-7,-10,-7,-8,-8,-8,-7,-8,-7,-8,-8,-7,-8,-7,-8,-7,-7,-7,-7,-7,-7,-7,-6,-7,-6,-7,-5,-7,-5,-7,-5,-6,-4,-7,0,0,0,0,0,0,0,0,0,0,0,0,0,0,0,0,0,0,0,0,0,0,-8,-14,-8,-15,-7,-15,-7,-16,-6,-17,-5,-18,-4,-18,-3,-18,-3,-18,-2,-18,-2,-18,-2,-17,-2,-17,-3,-17,-3,-16,-4,-16,-4,-16,-4,-15,-5,-16,-5,-16,-5,-16,-6,-16,-6,-15,-7,-15,-7,-15,-6,-15,0,0,-15,-26,-16,-26,-14,-24,-15,-23,-14,-21,-13,-20,-14,-20,-14,-18,-13,-17,-16,-16,-15,-14,-15,-14,-15,-13,-15,-12,-16,-12,-15,-11,-16,-12,-15,-11,-15,-11,-13,-12,-12,-12,-12,-12,-12,-11,-11,-11,-10,-11,-9,-11,-8,-12,-7,-11,0,0,0,0,0,0,0,0,0,0,0,0,0,0,-21,-21,-20,-23,-18,-25,-16,-25,-16,-28,-14,-27,-13,-31,-11,-31,-11,-32,-9,-33,-7,-32,-8,-34,-8,-32,-7,-31,-7,-31,-7,-30,-7,-28,-10,-28,-9,-27,-10,-29,-11,-28,-12,-28,-12,-28,-13,-28,-15,-28,-16,-26,-15,-26,-14,-26]"
618025507213000,7.056364600,89948,1860496672,-50,-98,6,0,1,7,0,0,256,0,0,"[0,0,-13,-10,-12,-9,-12,-10,-12,-9,-11,-8,-11,-8,-11,-7,-10,-7,-10,-6,-11,-5,-11,-4,-11,-4,-11,-4,-11,-3,-10,-3,-10,-3,-10,-3,-10,-3,-10,-3,-9,-3,-9,-4,-8,-4,-8,-4,-7,-4,-7,-4,-7,-4,0,0,0,0,0,0,0,0,0,0,0,0,0,0,0,0,0,0,0,0,0,0,-14,-9,-14,-10,-14,-10,-13,-11,-13,-12,-13,-13,-12,-14,-12,-14,-11,-15,-11,-14,-11,-14,-11,-14,-11,-14,-11,-14,-10,-13,-10,-12,-11,-12,-11,-12,-12,-12,-12,-11,-12,-11,-13,-11,-13,-11,-13,-10,-14,-10,-13,-10,0,0,-39,-38,-41,-40,-40,-36,-40,-35,-37,-32,-35,-31,-35,-28,-34,-26,-36,-24,-34,-20,-36,-19,-36,-18,-35,-16,-35,-15,-35,-14,-34,-15,-34,-13,-33,-16,-32,-15,-33,-16,-30,-17,-28,-17,-26,-15,-25,-15,-24,-15,-22,-16,-22,-15,-20,-18,0,0,0,0,0,0,0,0,0,0,0,0,0,0,-50,-25,-49,-32,-47,-36,-46,-37,-45,-40,-43,-43,-42,-49,-42,-51,-39,-53,-37,-57,-34,-55,-34,-56,-32,-55,-31,-56,-29,-52,-30,-51,-30,-50,-31,-47,-32,-47,-35,-46,-37,-45,-36,-43,-38,-43,-40,-42,-42,-44,-42,-42,-41,-41,-43,-41]"
618025526641400,7.075793000,89949,1860516552,-50,-98,6,0,1,7,0,0,256,0,0,"[0,0,13,-8,12,-8,12,-8,12,-8,11,-8,10,-7,10,-8,9,-8,8,-8,8,-8,8,-8,7,-8,7,-8,6,-8,6,-8,6,-8,5,-8,6,-8,6,-8,6,-7,6,-7,5,-6,5,-6,5,-6,6,-5,6,-5,0,0,0,0,0,0,0,0,0,0,0,0,0,0,0,0,0,0,0,0,0,0,12,-10,13,-10,13,-9,14,-8,15,-8,16,-7,16,-7,17,-6,17,-6,16,-5,16,-4,16,-4,15,-4,15,-4,15,-5,14,-5,14,-5,14,-6,14,-7,14,-7,14,-7,14,-8,14,-8,13,-8,14,-8,14,-8,0,0,26,-12,25,-14,24,-13,23,-12,21,-12,20,-14,18,-13,18,-14,17,-13,15,-14,16,-14,14,-14,14,-14,12,-14,12,-15,12,-14,11,-14,12,-14,12,-14,12,-12,12,-12,12,-12,10,-11,11,-10,11,-9,11,-8,10,-7,11,-6,0,0,0,0,0,0,0,0,0,0,0,0,0,0,21,-20,23,-18,25,-16,26,-15,27,-15,28,-13,30,-12,32,-10,31,-9,33,-8,32,-7,33,-6,32,-5,31,-5,29,-5,28,-5,28,-5,28,-7,28,-8,28,-8,27,-10,26,-11,27,-12,27,-13,28,-12,27,-13,27,-13,27,-13]"
618025545844600,7.094996200,89950,1860540310,-50,-98,6,0,1,7,0,0,256,0,0,"[0,0,-13,-10,-12,-9,-12,-9,-11,-9,-11,-8,-11,-8,-11,-7,-10,-7,-10,-6,-10,-5,-10,-4,-10,-4,-10,-4,-10,-3,-10,-3,-10,-3,-10,-3,-10,-3,-10,-3,-10,-3,-9,-3,-8,-4,-8,-3,-8,-3,-7,-3,-7,-4,0,0,0,0,0,0,0,0,0,0,0,0,0,0,0,0,0,0,0,0,0,0,-14,-9,-13,-10,-13,-11,-13,-12,-13,-13,-12,-14,-12,-14,-11,-15,-11,-15,-10,-15,-10,-15,-10,-14,-10,-14,-9,-13,-9,-13,-10,-12,-10,-12,-10,-12,-11,-12,-12,-11,-12,-11,-12,-11,-13,-11,-13,-11,-13,-10,-13,-10,0,0,-44,-36,-47,-37,-44,-30,-45,-32,-40,-28,-40,-27,-39,-26,-39,-24,-39,-20,-38,-18,-38,-14,-37,-14,-36,-13,-35,-10,-38,-8,-38,-8,-36,-10,-36,-11,-36,-10,-36,-12,-32,-11,-30,-13,-28,-12,-28,-12,-26,-12,-24,-13,-23,-15,-21,-14,0,0,0,0,0,0,0,0,0,0,0,0,0,0,-52,-23,-51,-30,-51,-31,-49,-36,-50,-39,-45,-39,-49,-45,-44,-50,-42,-52,-39,-54,-39,-55,-37,-57,-35,-53,-36,-53,-34,-51,-35,-48,-34,-47,-37,-45,-36,-43,-40,-45,-40,-40,-43,-41,-42,-40,-45,-40,-47,-38,-45,-37,-45,-37,-45,-39]"
618025565973800,7.115125400,89951,1860556670,-50,-98,6,0,1,7,0,0,256,0,0,"[0,0,-16,-3,-15,-3,-14,-3,-14,-3,-14,-2,-13,-2,-12,-2,-12,-1,-12,-1,-12,0,-11,0,-11,0,-11,1,-10,1,-11,1,-10,2,-10,1,-10,1,-10,1,-10,1,-10,0,-9,0,-9,0,-8,-1,-8,-1,-8,-1,0,0,0,0,0,0,0,0,0,0,0,0,0,0,0,0,0,0,0,0,0,0,-16,-1,-17,-1,-16,-2,-17,-3,-17,-4,-18,-5,-17,-6,-17,-7,-17,-8,-16,-8,-16,-8,-15,-8,-15,-7,-15,-7,-15,-7,-15,-6,-15,-6,-15,-5,-15,-5,-15,-4,-15,-4,-16,-4,-16,-4,-16,-3,-16,-3,-16,-3,0,0,-29,-6,-27,-6,-26,-7,-26,-6,-26,-4,-23,-3,-23,-3,-22,-2,-21,-2,-21,0,-21,0,-20,1,-19,1,-19,2,-19,2,-18,3,-18,3,-19,3,-19,2,-19,2,-17,0,-17,2,-15,-1,-14,-1,-15,-2,-14,-2,-13,-2,-13,-4,0,0,0,0,0,0,0,0,0,0,0,0,0,0,-28,2,-29,-1,-30,-4,-30,-5,-30,-6,-30,-8,-30,-9,-32,-12,-31,-13,-31,-14,-30,-15,-29,-14,-28,-16,-29,-16,-26,-16,-26,-15,-27,-13,-26,-12,-28,-13,-26,-11,-27,-10,-28,-8,-28,-8,-29,-8,-29,-8,-28,-7,-29,-7,-30,-7]"
618025584945200,7.134096800,89952,1860576598,-50,-98,6,0,1,7,0,0,256,0,0,"[0,0,-4,-15,-4,-15,-4,-14,-4,-14,-4,-13,-4,-13,-5,-12,-5,-11,-5,-11,-5,-10,-5,-10,-6,-10,-6,-9,-6,-9,-6,-9,-6,-9,-6,-9,-6,-8,-6,-8,-5,-8,-5,-8,-4,-8,-4,-8,-4,-7,-4,-7,-3,-7,0,0,0,0,0,0,0,0,0,0,0,0,0,0,0,0,0,0,0,0,0,0,-5,-15,-5,-16,-4,-16,-3,-17,-3,-17,-2,-18,-1,-18,-1,-18,0,-18,0,-18,0,-17,1,-17,0,-16,0,-17,0,-16,0,-15,-1,-16,-2,-15,-2,-16,-3,-16,-3,-16,-3,-16,-3,-16,-4,-16,-4,-16,-4,-16,0,0,2,-29,2,-29,1,-28,1,-26,1,-26,-1,-25,-2,-24,-2,-23,-3,-21,-4,-21,-4,-20,-5,-20,-5,-20,-6,-19,-7,-18,-6,-19,-6,-18,-6,-18,-6,-17,-4,-17,-4,-16,-4,-16,-3,-16,-3,-15,-2,-15,-1,-13,1,-13,1,-14,0,0,0,0,0,0,0,0,0,0,0,0,0,0,-6,-28,-3,-30,-1,-30,0,-30,3,-32,4,-31,5,-32,7,-33,8,-32,9,-33,10,-32,11,-32,11,-31,11,-29,11,-29,11,-28,10,-28,8,-28,8,-28,7,-30,5,-30,4,-30,3,-30,3,-31,2,-31,3,-31,3,-31,1,-31]"
618025604542400,7.153694000,89953,1860598988,-50,-98,6,0,1,7,0,0,256,0,0,"[0,0,-15,1,-15,2,-14,1,-14,2,-13,2,-13,2,-12,2,-12,2,-11,3,-11,3,-11,3,-10,4,-10,4,-9,4,-10,4,-9,5,-9,4,-9,4,-9,4,-9,3,-9,3,-8,3,-8,2,-8,2,-8,2,-7,1,0,0,0,0,0,0,0,0,0,0,0,0,0,0,0,0,0,0,0,0,0,0,-16,3,-16,2,-17,2,-16,1,-18,0,-18,-1,-18,-1,-18,-2,-18,-3,-18,-3,-17,-4,-17,-4,-16,-4,-16,-3,-15,-3,-16,-2,-15,-1,-16,-1,-15,-1,-16,0,-16,0,-16,0,-17,1,-16,1,-16,1,-16,1,0,0,-28,2,-28,3,-26,4,-26,4,-23,3,-24,4,-22,3,-22,4,-21,5,-20,8,-19,7,-18,8,-17,9,-17,8,-17,9,-17,9,-15,9,-16,9,-16,8,-16,7,-15,6,-15,6,-14,5,-14,5,-14,4,-14,3,-13,2,-13,1,0,0,0,0,0,0,0,0,0,0,0,0,0,0,-27,11,-28,8,-29,6,-29,3,-30,2,-30,2,-32,0,-33,-2,-33,-4,-34,-6,-33,-7,-31,-6,-32,-6,-31,-6,-29,-5,-28,-5,-29,-4,-29,-4,-28,-4,-30,-2,-28,-1,-29,-1,-29,0,-31,1,-30,2,-30,3,-29,3,-30,2]"
618025627057500,7.176209100,89954,1860617339,-50,-98,6,0,1,7,0,0,256,0,0,"[0,0,-14,8,-13,7,-12,8,-11,7,-11,7,-10,7,-10,7,-9,7,-9,7,-8,7,-8,7,-7,8,-7,8,-6,8,-7,8,-6,8,-5,8,-6,8,-6,7,-6,7,-6,7,-6,6,-6,6,-6,5,-6,5,-6,4,0,0,0,0,0,0,0,0,0,0,0,0,0,0,0,0,0,0,0,0,0,0,-12,9,-14,9,-14,8,-15,8,-15,7,-17,7,-17,6,-17,6,-17,5,-17,4,-17,4,-17,4,-16,4,-16,4,-16,4,-15,5,-15,5,-15,5,-15,6,-14,7,-14,7,-14,7,-14,7,-14,8,-14,8,-14,8,0,0,-25,15,-24,14,-23,14,-21,14,-20,14,-19,14,-18,14,-17,13,-16,14,-14,14,-14,14,-13,15,-12,15,-11,16,-11,15,-11,15,-10,16,-11,14,-10,14,-10,14,-11,12,-11,12,-10,11,-9,10,-10,10,-10,8,-11,8,-11,7,0,0,0,0,0,0,0,0,0,0,0,0,0,0,-20,19,-22,18,-24,17,-25,16,-26,14,-28,14,-30,13,-31,11,-31,9,-33,10,-32,7,-32,8,-31,7,-30,6,-30,7,-28,7,-28,8,-28,8,-27,9,-27,10,-26,11,-26,12,-26,13,-27,13,-27,15,-26,15,-25,15,-25,15]"
618025642974100,7.192125700,89955,1860636459,-50,-98,6,0,1,7,0,0,256,0,0,"[0,0,15,0,14,0,14,0,13,0,13,-1,12,-1,11,-1,11,-2,11,-2,11,-3,10,-3,9,-3,9,-4,9,-4,9,-4,9,-4,8,-4,9,-4,8,-4,8,-4,8,-3,8,-2,7,-2,7,-2,7,-2,7,-1,0,0,0,0,0,0,0,0,0,0,0,0,0,0,0,0,0,0,0,0,0,0,15,-1,16,-1,15,0,16,1,16,2,17,3,17,4,17,4,16,5,16,6,15,5,15,5,15,5,14,5,14,4,14,4,14,3,15,3,14,2,15,2,15,1,15,1,16,1,15,1,15,0,15,0,0,0,28,4,26,3,26,2,24,3,24,2,23,1,22,0,21,0,21,-1,20,-3,19,-3,18,-4,17,-4,18,-5,18,-5,18,-5,17,-5,19,-5,17,-4,17,-4,16,-3,15,-2,14,-3,14,-2,14,-2,14,-1,12,0,11,1,0,0,0,0,0,0,0,0,0,0,0,0,0,0,27,-4,28,-2,28,1,29,3,28,5,29,6,29,7,32,10,30,11,31,13,29,14,27,13,28,13,27,14,27,12,26,12,26,11,24,10,27,10,25,8,28,8,28,7,28,6,28,6,29,4,28,4,29,4,30,3]"
618025663498900,7.212650500,89956,1860656637,-50,-98,6,0,1,7,0,0,256,0,0,"[0,0,-16,0,-15,0,-15,0,-14,0,-14,0,-13,0,-13,1,-12,2,-12,2,-12,2,-11,3,-10,3,-10,3,-10,3,-10,4,-10,4,-9,3,-10,4,-10,3,-9,3,-9,3,-9,2,-9,2,-8,1,-8,1,-8,1,0,0,0,0,0,0,0,0,0,0,0,0,0,0,0,0,0,0,0,0,0,0,-16,1,-17,0,-17,0,-17,-1,-18,-2,-18,-3,-18,-4,-18,-4,-18,-5,-17,-6,-17,-6,-16,-6,-16,-5,-16,-6,-16,-5,-16,-4,-16,-4,-16,-3,-16,-3,-16,-2,-16,-2,-16,-1,-17,-1,-16,-1,-17,0,-17,0,0,0,-29,-2,-29,-2,-28,-1,-27,-1,-25,0,-24,1,-24,1,-22,2,-22,3,-22,3,-21,3,-21,4,-20,5,-18,7,-19,6,-18,7,-18,6,-18,6,-18,6,-17,5,-16,4,-16,4,-16,3,-15,2,-15,1,-14,1,-14,0,-13,0,0,0,0,0,0,0,0,0,0,0,0,0,0,0,-29,6,-29,2,-31,1,-31,-1,-32,-2,-31,-3,-33,-5,-32,-8,-33,-8,-33,-10,-33,-10,-32,-13,-30,-13,-30,-12,-29,-12,-28,-10,-28,-9,-29,-8,-29,-8,-30,-7,-28,-5,-30,-4,-30,-4,-31,-3,-32,-4,-30,-3,-31,-3,-29,-2]"
618025686091100,7.235242700,89957,1860676551,-50,-98,6,0,1,7,0,0,256,0,0,"[0,0,-3,-15,-3,-15,-3,-15,-3,-14,-3,-14,-4,-13,-4,-12,-4,-12,-4,-11,-5,-10,-5,-10,-5,-9,-6,-10,-6,-9,-6,-9,-6,-9,-6,-9,-6,-9,-5,-9,-5,-8,-4,-9,-4,-8,-4,-8,-4,-8,-3,-7,-3,-7,0,0,0,0,0,0,0,0,0,0,0,0,0,0,0,0,0,0,0,0,0,0,-5,-15,-4,-16,-4,-17,-3,-17,-2,-18,-1,-18,0,-18,1,-18,1,-18,1,-18,1,-17,1,-16,1,-17,1,-16,1,-16,0,-15,0,-15,-1,-16,-1,-16,-2,-16,-2,-16,-2,-16,-3,-16,-3,-16,-4,-16,-3,-16,0,0,-5,-28,-6,-28,-6,-26,-6,-25,-5,-24,-6,-24,-6,-22,-6,-22,-7,-19,-9,-20,-9,-18,-9,-17,-10,-17,-10,-16,-11,-16,-10,-16,-10,-16,-9,-16,-9,-16,-9,-15,-7,-15,-6,-14,-8,-15,-6,-14,-6,-14,-5,-13,-4,-14,-3,-12,0,0,0,0,0,0,0,0,0,0,0,0,0,0,-14,-26,-11,-28,-9,-29,-7,-29,-6,-30,-4,-30,-3,-33,-2,-32,-1,-33,2,-33,3,-32,4,-33,3,-31,3,-31,4,-30,2,-29,2,-29,0,-29,0,-27,-1,-28,-2,-29,-3,-29,-3,-30,-4,-29,-5,-30,-5,-29,-6,-30,-6,-29]"
618025704062100,7.253213700,89958,1860696641,-50,-98,6,0,1,7,0,0,256,0,0,"[0,0,-14,7,-13,7,-13,7,-12,7,-12,7,-11,7,-10,7,-10,7,-9,7,-9,7,-8,7,-8,7,-7,7,-7,7,-7,8,-7,8,-6,7,-7,7,-7,7,-7,6,-7,6,-6,6,-6,5,-6,5,-6,4,-6,4,0,0,0,0,0,0,0,0,0,0,0,0,0,0,0,0,0,0,0,0,0,0,-13,9,-14,9,-14,8,-15,8,-15,7,-17,7,-17,6,-17,5,-17,5,-17,4,-17,3,-17,3,-16,3,-16,3,-15,4,-15,4,-15,4,-15,5,-15,5,-14,6,-14,7,-14,7,-15,7,-14,7,-14,8,-14,8,0,0,-22,19,-22,18,-19,16,-20,17,-18,17,-18,16,-16,17,-15,15,-14,17,-12,16,-12,16,-10,16,-10,17,-9,16,-9,16,-9,15,-8,16,-9,16,-8,15,-9,15,-8,14,-9,13,-9,12,-8,12,-9,10,-9,10,-9,10,-9,8,0,0,0,0,0,0,0,0,0,0,0,0,0,0,-16,23,-19,22,-21,21,-22,19,-24,20,-24,17,-27,18,-28,16,-29,16,-31,14,-30,13,-30,13,-30,12,-29,12,-27,12,-28,13,-25,11,-26,13,-26,13,-26,14,-24,15,-24,16,-24,17,-24,17,-24,18,-23,18,-22,19,-22,19]"
618025723195100,7.272346700,89959,1860716623,-50,-98,6,0,1,7,0,0,256,0,0,"[0,0,-14,6,-14,6,-13,6,-13,6,-12,5,-11,6,-11,6,-10,6,-10,6,-9,7,-9,7,-8,7,-7,7,-7,7,-7,7,-7,7,-7,7,-7,7,-7,7,-7,6,-7,6,-7,5,-7,5,-6,4,-7,4,-7,4,0,0,0,0,0,0,0,0,0,0,0,0,0,0,0,0,0,0,0,0,0,0,-13,8,-14,8,-14,7,-15,7,-16,6,-17,5,-17,5,-18,4,-18,3,-17,3,-17,3,-17,3,-16,3,-16,3,-16,3,-16,3,-15,4,-15,4,-15,5,-14,5,-15,6,-15,6,-15,6,-14,7,-14,7,-14,7,0,0,-25,13,-25,13,-23,13,-24,12,-21,12,-19,12,-18,12,-19,12,-17,12,-16,13,-16,14,-13,14,-13,13,-13,14,-13,15,-13,13,-11,15,-12,13,-13,13,-13,13,-12,12,-12,11,-12,11,-10,10,-10,9,-12,8,-12,7,-12,6,0,0,0,0,0,0,0,0,0,0,0,0,0,0,-20,19,-23,17,-24,16,-25,14,-27,14,-28,13,-30,12,-31,10,-32,9,-33,7,-33,6,-33,6,-31,5,-31,5,-29,6,-29,6,-28,7,-28,7,-28,8,-27,8,-27,10,-27,11,-27,10,-27,12,-28,12,-27,14,-26,13,-27,12]"
618025743820500,7.292972100,89960,1860736530,-50,-98,6,0,1,7,0,0,256,0,0,"[0,0,-9,-13,-9,-13,-8,-13,-8,-12,-8,-11,-8,-10,-9,-10,-8,-9,-9,-9,-8,-8,-8,-7,-9,-7,-9,-7,-9,-6,-9,-6,-9,-6,-9,-6,-9,-6,-8,-6,-8,-6,-8,-6,-7,-6,-7,-6,-6,-6,-6,-6,-5,-6,0,0,0,0,0,0,0,0,0,0,0,0,0,0,0,0,0,0,0,0,0,0,-10,-12,-10,-13,-9,-14,-9,-15,-8,-16,-7,-16,-7,-17,-6,-17,-6,-17,-5,-17,-5,-17,-5,-16,-5,-16,-5,-16,-6,-15,-6,-15,-6,-14,-7,-15,-7,-15,-8,-14,-8,-14,-9,-14,-8,-14,-9,-14,-9,-14,-9,-14,0,0,-13,-26,-12,-27,-13,-25,-12,-23,-11,-23,-11,-21,-11,-21,-12,-19,-13,-18,-13,-16,-13,-15,-13,-15,-14,-14,-14,-13,-14,-13,-15,-13,-14,-12,-15,-12,-14,-12,-14,-12,-12,-12,-11,-12,-10,-12,-10,-11,-10,-11,-10,-11,-7,-12,-7,-12,0,0,0,0,0,0,0,0,0,0,0,0,0,0,-17,-23,-15,-25,-14,-27,-12,-28,-11,-29,-10,-29,-9,-31,-8,-33,-7,-33,-5,-34,-3,-33,-3,-33,-4,-32,-2,-32,-2,-30,-3,-29,-6,-30,-6,-28,-7,-28,-7,-28,-7,-28,-10,-28,-9,-29,-10,-29,-11,-27,-12,-28,-11,-29,-12,-28]"
618025763540100,7.312691700,89961,1860756657,-50,-98,6,0,1,7,0,0,256,0,0,"[0,0,-5,14,-5,14,-4,13,-4,13,-4,12,-4,12,-3,11,-2,11,-2,11,-2,10,-1,10,0,10,0,10,0,10,0,10,0,9,1,10,0,9,0,9,0,9,0,8,0,8,-1,8,-1,7,-2,7,-2,6,0,0,0,0,0,0,0,0,0,0,0,0,0,0,0,0,0,0,0,0,0,0,-4,15,-5,15,-5,15,-6,15,-8,16,-8,15,-9,15,-10,15,-10,14,-10,14,-11,13,-10,13,-11,13,-9,13,-9,13,-9,13,-8,13,-8,13,-7,13,-7,14,-6,14,-6,14,-7,15,-6,15,-6,14,-6,15,0,0,-5,27,-4,28,-4,26,-4,26,-2,24,-3,23,-1,22,-1,21,-1,19,1,20,3,20,3,19,3,18,5,17,5,18,5,17,4,18,4,17,3,17,2,17,3,16,2,16,1,15,1,14,0,13,0,13,-1,13,-2,13,0,0,0,0,0,0,0,0,0,0,0,0,0,0,4,27,0,28,-2,29,-4,29,-5,30,-6,29,-9,30,-11,31,-12,30,-15,29,-15,29,-16,29,-15,28,-15,26,-14,27,-13,26,-13,26,-12,26,-10,25,-10,26,-9,26,-7,28,-9,28,-8,28,-7,29,-5,28,-4,29,-5,27]"
618025786302000,7.335453600,89962,1860777208,-50,-98,6,0,1,7,0,0,256,0,0,"[0,0,-11,-11,-12,-10,-11,-10,-11,-9,-11,-9,-10,-8,-11,-7,-10,-7,-10,-6,-10,-5,-10,-5,-10,-5,-10,-4,-10,-4,-10,-3,-10,-3,-10,-3,-10,-3,-10,-3,-9,-3,-9,-4,-8,-4,-8,-5,-8,-4,-7,-4,-7,-4,0,0,0,0,0,0,0,0,0,0,0,0,0,0,0,0,0,0,0,0,0,0,-13,-10,-13,-11,-12,-11,-12,-12,-12,-13,-11,-14,-11,-14,-11,-15,-10,-15,-9,-16,-9,-15,-9,-15,-8,-15,-9,-14,-9,-14,-9,-13,-9,-13,-10,-13,-10,-12,-11,-12,-11,-12,-11,-11,-12,-12,-12,-11,-12,-11,-12,-11,0,0,-50,-29,-50,-27,-46,-26,-46,-25,-43,-21,-42,-19,-41,-17,-40,-16,-41,-13,-40,-9,-40,-9,-39,-7,-40,-9,-38,-5,-40,-4,-37,-4,-36,-5,-38,-3,-38,-4,-35,-3,-36,-4,-34,-6,-30,-7,-28,-7,-28,-7,-26,-8,-25,-11,-23,-11,0,0,0,0,0,0,0,0,0,0,0,0,0,0,-57,-15,-55,-20,-54,-25,-53,-27,-53,-33,-49,-34,-52,-38,-51,-41,-49,-44,-51,-45,-47,-45,-46,-48,-44,-46,-43,-45,-43,-43,-40,-44,-43,-41,-43,-40,-42,-39,-46,-39,-44,-35,-46,-35,-49,-31,-50,-34,-52,-30,-50,-30,-52,-30,-52,-30]"
618025804481000,7.353632600,89963,1860796511,-50,-98,6,0,1,7,0,0,256,0,0,"[0,0,-7,-14,-7,-14,-7,-13,-7,-13,-7,-12,-7,-11,-7,-11,-7,-10,-7,-9,-7,-9,-8,-8,-8,-8,-8,-8,-8,-7,-8,-7,-8,-7,-8,-7,-8,-7,-8,-7,-8,-7,-7,-6,-7,-7,-6,-7,-6,-7,-5,-6,-5,-6,0,0,0,0,0,0,0,0,0,0,0,0,0,0,0,0,0,0,0,0,0,0,-8,-14,-7,-15,-7,-16,-7,-16,-6,-17,-5,-17,-5,-18,-4,-18,-3,-18,-3,-18,-3,-17,-2,-17,-2,-17,-3,-16,-3,-16,-4,-16,-4,-15,-5,-15,-5,-15,-6,-15,-6,-15,-7,-15,-7,-15,-7,-15,-7,-15,-7,-15,0,0,-10,-26,-11,-28,-10,-25,-11,-24,-9,-23,-10,-22,-11,-21,-10,-20,-11,-19,-12,-17,-13,-16,-13,-16,-15,-16,-13,-14,-14,-14,-13,-14,-14,-14,-13,-13,-13,-13,-13,-13,-12,-12,-10,-13,-10,-13,-9,-12,-10,-11,-8,-11,-7,-12,-6,-13,0,0,0,0,0,0,0,0,0,0,0,0,0,0,-17,-24,-14,-26,-13,-28,-11,-28,-10,-29,-8,-30,-8,-32,-6,-32,-5,-33,-3,-34,-2,-34,-1,-34,-2,-32,-1,-33,-1,-31,-2,-30,-3,-30,-4,-29,-4,-29,-5,-29,-6,-28,-7,-27,-8,-29,-8,-29,-10,-29,-10,-28,-10,-29,-11,-29]"
618025823714800,7.372866400,89964,1860816536,-50,-98,6,0,1,7,0,0,256,0,0,"[0,0,-15,-5,-14,-5,-14,-5,-13,-4,-13,-4,-13,-3,-12,-3,-12,-2,-11,-2,-11,-1,-11,-1,-10,0,-10,0,-11,0,-11,1,-10,1,-10,1,-10,1,-10,0,-10,0,-9,0,-9,0,-9,-1,-8,-1,-8,-1,-8,-1,0,0,0,0,0,0,0,0,0,0,0,0,0,0,0,0,0,0,0,0,0,0,-15,-4,-16,-5,-16,-6,-16,-7,-16,-7,-16,-8,-16,-9,-15,-10,-15,-10,-14,-10,-14,-10,-14,-10,-14,-10,-13,-9,-13,-9,-14,-8,-14,-8,-14,-7,-14,-7,-14,-7,-15,-6,-15,-6,-15,-6,-15,-5,-15,-5,-15,-5,0,0,-56,-21,-52,-17,-52,-19,-47,-15,-47,-14,-46,-13,-43,-11,-43,-9,-43,-8,-41,-4,-41,-1,-40,-1,-38,1,-38,2,-39,1,-39,2,-36,3,-37,3,-35,1,-36,0,-34,-1,-33,-2,-31,-1,-29,-3,-30,-3,-30,-4,-25,-5,-25,-7,0,0,0,0,0,0,0,0,0,0,0,0,0,0,-54,-2,-56,-12,-60,-14,-58,-21,-56,-23,-58,-27,-56,-27,-59,-34,-56,-37,-55,-40,-54,-40,-51,-40,-51,-38,-51,-38,-48,-36,-47,-35,-48,-35,-49,-33,-49,-31,-48,-28,-51,-26,-53,-27,-53,-25,-53,-25,-55,-22,-54,-21,-55,-18,-57,-21]"
618025845008500,7.394160100,89965,1860836524,-50,-98,6,0,1,7,0,0,256,0,0,"[0,0,-15,-5,-15,-4,-14,-4,-14,-4,-13,-3,-13,-3,-12,-3,-12,-2,-12,-1,-11,-1,-11,0,-11,0,-11,0,-11,0,-11,1,-10,1,-10,1,-10,1,-10,1,-10,1,-10,0,-9,0,-9,-1,-8,-1,-8,-1,-8,-1,0,0,0,0,0,0,0,0,0,0,0,0,0,0,0,0,0,0,0,0,0,0,-16,-3,-16,-4,-16,-5,-16,-6,-16,-7,-17,-8,-17,-8,-16,-9,-16,-10,-15,-10,-15,-10,-14,-9,-14,-10,-14,-9,-14,-9,-14,-7,-15,-8,-15,-7,-15,-7,-15,-6,-15,-6,-15,-6,-16,-5,-16,-5,-15,-5,-16,-5,0,0,-27,-6,-28,-7,-26,-8,-26,-6,-25,-5,-23,-4,-23,-3,-22,-2,-22,0,-22,1,-21,1,-20,1,-19,2,-19,3,-20,3,-20,3,-18,3,-19,3,-18,2,-18,3,-17,2,-16,0,-16,1,-15,0,-15,-1,-14,-1,-14,-2,-14,-3,0,0,0,0,0,0,0,0,0,0,0,0,0,0,-29,1,-29,-2,-29,-4,-30,-6,-30,-8,-30,-9,-31,-11,-31,-12,-31,-13,-30,-15,-30,-16,-30,-17,-28,-17,-28,-17,-26,-16,-25,-15,-25,-13,-27,-14,-27,-13,-27,-12,-27,-11,-28,-9,-28,-9,-29,-9,-30,-8,-29,-8,-29,-7,-30,-8]"
618025866584900,7.415736500,89966,1860860600,-50,-98,6,0,1,7,0,0,256,0,0,"[0,0,-6,14,-4,13,-4,13,-4,13,-4,13,-3,12,-2,11,-2,11,-2,11,-1,11,-1,10,0,10,0,10,0,10,1,10,1,10,1,9,1,9,0,9,0,9,0,8,0,8,0,8,-1,8,-1,7,-1,6,0,0,0,0,0,0,0,0,0,0,0,0,0,0,0,0,0,0,0,0,0,0,-4,15,-5,15,-5,15,-6,16,-7,15,-8,15,-9,15,-10,15,-10,14,-10,14,-10,13,-10,13,-10,13,-9,13,-9,13,-8,13,-8,13,-7,13,-7,14,-6,14,-6,14,-6,14,-7,14,-6,15,-5,15,-5,15,0,0,-7,28,-6,27,-7,26,-5,24,-4,24,-4,23,-3,22,-2,21,-2,20,0,19,2,18,2,20,3,19,3,19,4,18,3,18,4,17,3,17,3,17,2,17,1,16,1,15,1,15,1,15,1,13,-1,13,-1,13,-3,13,0,0,0,0,0,0,0,0,0,0,0,0,0,0,0,28,-3,29,-4,29,-7,29,-9,29,-9,29,-11,30,-14,30,-15,29,-17,29,-18,28,-18,27,-17,27,-16,25,-16,26,-15,26,-15,25,-14,24,-12,26,-11,25,-11,26,-10,28,-10,28,-9,28,-7,27,-7,28,-7,28,-7,28]"
618025884451700,7.433603300,89967,1860876492,-50,-98,6,0,1,7,0,0,256,0,0,"[0,0,-14,-8,-13,-8,-13,-7,-13,-7,-12,-7,-12,-6,-12,-6,-11,-5,-11,-4,-11,-4,-11,-3,-11,-3,-11,-3,-11,-2,-10,-2,-10,-1,-10,-2,-10,-2,-10,-2,-10,-2,-9,-2,-9,-3,-8,-3,-8,-3,-8,-3,-7,-3,0,0,0,0,0,0,0,0,0,0,0,0,0,0,0,0,0,0,0,0,0,0,-15,-7,-15,-8,-15,-8,-15,-9,-15,-10,-15,-11,-14,-12,-14,-13,-13,-13,-13,-13,-12,-13,-12,-12,-12,-12,-11,-12,-12,-11,-12,-11,-12,-10,-13,-10,-12,-10,-13,-9,-13,-9,-14,-9,-14,-9,-14,-9,-14,-8,-14,-8,0,0,-50,-31,-47,-27,-47,-28,-44,-24,-44,-25,-42,-22,-43,-20,-41,-16,-40,-15,-39,-12,-40,-10,-38,-9,-39,-8,-37,-7,-39,-5,-38,-5,-36,-3,-37,-6,-37,-4,-36,-6,-35,-7,-33,-7,-30,-8,-29,-9,-28,-10,-28,-10,-25,-10,-22,-13,0,0,0,0,0,0,0,0,0,0,0,0,0,0,-55,-17,-54,-24,-52,-26,-52,-31,-52,-31,-51,-37,-49,-39,-53,-45,-51,-46,-47,-48,-45,-49,-42,-50,-40,-50,-42,-48,-39,-46,-39,-46,-41,-44,-40,-42,-42,-39,-42,-37,-46,-38,-46,-35,-47,-34,-48,-34,-50,-31,-50,-33,-49,-32,-51,-33]"
618025902211900,7.451363500,89968,1860896604,-50,-98,6,0,1,7,0,0,256,0,0,"[0,0,4,13,3,14,3,13,4,12,4,12,4,11,4,10,4,10,5,9,5,9,5,8,5,8,5,8,6,7,5,7,6,7,5,7,5,7,5,7,5,7,5,7,4,7,4,7,3,7,3,6,2,6,0,0,0,0,0,0,0,0,0,0,0,0,0,0,0,0,0,0,0,0,0,0,6,13,5,14,5,15,4,15,3,16,2,17,2,17,1,17,1,17,0,17,-1,16,-1,16,-1,15,-1,15,0,15,0,15,1,14,1,14,2,14,3,15,3,14,4,14,3,15,3,15,4,15,4,14,0,0,8,26,8,27,9,23,9,23,8,22,8,21,8,20,9,20,9,18,10,17,11,15,11,15,13,15,12,13,12,14,12,13,12,14,12,13,11,13,11,13,10,12,8,14,8,13,8,12,8,11,6,11,5,12,3,11,0,0,0,0,0,0,0,0,0,0,0,0,0,0,16,24,15,25,12,25,10,27,9,31,7,28,6,32,5,31,3,32,2,33,0,33,1,34,1,31,1,30,1,30,1,29,1,28,2,29,3,26,4,29,5,27,5,28,6,27,6,29,9,29,9,28,9,28,8,27]"
618025924017900,7.473169500,89969,1860916682,-50,-98,6,0,1,7,0,0,256,0,0,"[0,0,13,-7,12,-8,12,-8,11,-7,11,-7,10,-8,9,-8,9,-7,8,-8,8,-8,7,-8,7,-8,6,-8,6,-9,6,-9,6,-8,5,-8,6,-8,6,-8,6,-7,6,-7,6,-7,5,-6,5,-6,6,-5,6,-5,0,0,0,0,0,0,0,0,0,0,0,0,0,0,0,0,0,0,0,0,0,0,12,-10,13,-10,13,-9,14,-9,15,-8,16,-7,16,-7,17,-6,17,-5,16,-5,16,-4,16,-4,15,-4,15,-4,15,-5,14,-5,14,-5,14,-6,14,-7,14,-7,14,-7,14,-8,14,-8,13,-8,13,-8,14,-9,0,0,26,-14,24,-13,23,-13,21,-13,21,-13,18,-13,19,-13,17,-13,17,-13,14,-13,15,-14,13,-16,13,-15,13,-15,13,-14,12,-15,10,-15,12,-15,11,-14,12,-13,12,-12,12,-12,11,-11,11,-10,11,-9,11,-8,10,-8,11,-7,0,0,0,0,0,0,0,0,0,0,0,0,0,0,19,-21,21,-20,24,-18,26,-17,26,-15,27,-13,28,-13,30,-13,30,-11,32,-10,32,-8,31,-8,30,-7,30,-6,29,-7,29,-8,29,-8,27,-8,28,-8,27,-9,26,-11,26,-12,26,-13,27,-13,25,-14,25,-14,26,-15,26,-14]"
618025943361200,7.492512800,89970,1860936624,-50,-98,6,0,1,7,0,0,256,0,0,"[0,0,14,3,14,2,14,2,13,2,13,1,12,1,12,0,11,0,11,-1,10,-1,10,-1,10,-2,9,-2,9,-2,9,-3,9,-3,9,-3,9,-3,9,-3,9,-2,9,-2,8,-1,8,-1,7,-1,7,-1,7,0,0,0,0,0,0,0,0,0,0,0,0,0,0,0,0,0,0,0,0,0,0,0,15,1,16,2,15,3,16,4,16,4,16,6,16,6,16,7,15,7,15,8,14,8,14,8,14,7,13,7,13,7,13,6,14,5,14,5,14,5,14,4,15,4,15,3,15,3,15,3,15,3,15,2,0,0,28,5,26,5,25,4,25,5,23,3,23,3,22,2,21,1,21,0,19,-2,19,-1,18,-3,18,-3,18,-4,19,-4,17,-4,17,-4,18,-4,18,-4,17,-4,17,-3,15,-2,15,-2,15,-1,13,0,13,0,13,1,12,2,0,0,0,0,0,0,0,0,0,0,0,0,0,0,28,-2,28,2,29,4,29,5,28,7,29,8,30,10,31,12,30,12,30,15,29,15,28,16,27,16,26,16,26,15,25,14,25,13,26,13,25,11,25,11,27,10,27,9,28,7,28,7,29,7,29,7,28,6,29,6]"
618025964935100,7.514086700,89971,1860956734,-50,-98,6,0,1,7,0,0,256,0,0,"[0,0,-5,-15,-5,-14,-5,-14,-5,-13,-5,-13,-6,-12,-6,-12,-6,-11,-6,-10,-6,-9,-6,-9,-7,-9,-7,-8,-7,-8,-7,-8,-7,-8,-7,-8,-7,-8,-7,-8,-7,-8,-6,-8,-5,-8,-5,-8,-5,-8,-5,-7,-4,-7,0,0,0,0,0,0,0,0,0,0,0,0,0,0,0,0,0,0,0,0,0,0,-7,-14,-6,-16,-6,-16,-5,-17,-5,-18,-3,-18,-3,-18,-2,-18,-1,-18,-1,-18,-1,-18,-1,-17,-1,-17,-1,-17,-1,-16,-2,-16,-2,-16,-3,-16,-3,-16,-4,-16,-4,-16,-5,-16,-5,-16,-5,-15,-6,-15,-5,-15,0,0,-10,-27,-10,-27,-10,-26,-10,-24,-9,-23,-9,-22,-10,-21,-10,-20,-11,-18,-12,-18,-12,-16,-12,-16,-13,-14,-12,-16,-13,-14,-14,-14,-13,-14,-13,-14,-13,-14,-12,-14,-11,-14,-10,-13,-10,-14,-9,-13,-9,-12,-8,-12,-7,-13,-5,-13,0,0,0,0,0,0,0,0,0,0,0,0,0,0,-17,-25,-14,-26,-13,-26,-12,-29,-12,-29,-9,-31,-8,-32,-6,-33,-6,-33,-3,-34,-3,-33,-2,-34,-2,-32,-1,-31,-1,-31,-3,-29,-3,-29,-4,-28,-4,-29,-6,-30,-6,-28,-7,-29,-7,-29,-8,-29,-9,-29,-10,-29,-10,-29,-11,-28]"
618025984988000,7.534139600,89972,1860979228,-50,-98,6,0,1,7,0,0,256,0,0,"[0,0,3,14,3,14,3,13,3,13,4,12,4,12,4,11,4,10,4,9,5,9,5,9,5,8,5,8,5,7,6,8,6,7,6,7,6,7,5,7,5,7,4,7,4,7,4,7,3,7,3,6,3,6,0,0,0,0,0,0,0,0,0,0,0,0,0,0,0,0,0,0,0,0,0,0,6,14,5,15,5,15,3,16,3,17,2,17,1,17,0,18,0,17,-1,17,-1,17,-1,16,-1,16,-1,16,0,15,0,15,0,14,1,15,2,14,2,15,2,15,3,15,3,15,4,15,4,15,4,15,0,0,8,28,7,26,7,25,8,24,8,23,8,21,8,21,8,19,10,19,10,17,10,16,11,16,11,15,11,15,11,14,12,14,10,14,12,13,11,13,10,14,9,13,8,14,7,13,7,13,6,12,6,13,4,12,3,12,0,0,0,0,0,0,0,0,0,0,0,0,0,0,17,23,13,25,12,27,10,28,8,28,7,30,6,31,5,32,3,33,2,32,0,33,0,32,0,31,0,31,0,29,0,30,0,30,1,28,2,28,3,27,4,29,5,28,6,28,6,29,8,28,8,29,8,29,8,28]"
618026002717400,7.551869000,89973,1860996531,-50,-98,6,0,1,7,0,0,256,0,0,"[0,0,-1,13,-1,13,-1,12,-1,11,0,11,0,11,0,10,1,10,1,9,2,9,2,9,2,8,3,8,3,8,3,8,3,8,3,8,2,7,2,7,2,7,2,7,2,7,2,7,1,6,1,6,1,6,0,0,0,0,0,0,0,0,0,0,0,0,0,0,0,0,0,0,0,0,0,0,0,14,-2,14,-2,14,-2,14,-3,15,-4,15,-5,15,-6,15,-6,14,-7,14,-7,13,-6,13,-6,13,-6,13,-5,13,-5,13,-4,13,-4,13,-3,13,-3,13,-2,13,-2,14,-2,14,-1,14,-1,14,-1,14,0,0,-8,54,-8,57,-6,51,-6,52,-6,48,-2,48,-1,46,0,44,1,42,5,41,6,41,7,38,7,36,10,34,12,36,11,35,13,37,10,33,11,35,8,34,9,33,7,32,4,34,5,30,3,28,1,27,0,27,-2,28,0,0,0,0,0,0,0,0,0,0,0,0,0,0,6,59,-2,60,-8,58,-9,58,-9,63,-13,59,-19,66,-22,62,-23,63,-26,62,-27,61,-32,60,-32,56,-32,55,-30,53,-28,53,-24,54,-22,53,-21,53,-20,56,-17,54,-14,58,-12,55,-13,59,-12,60,-12,58,-11,57,-9,57]"
618026023973400,7.573125000,89974,1861016652,-50,-98,6,0,1,7,0,0,256,0,0,"[0,0,10,-11,10,-12,9,-11,9,-10,8,-10,7,-10,7,-10,6,-10,6,-10,5,-10,5,-10,4,-10,3,-10,3,-10,3,-10,3,-10,2,-10,3,-10,3,-10,3,-9,3,-9,3,-9,3,-8,3,-8,4,-7,4,-7,0,0,0,0,0,0,0,0,0,0,0,0,0,0,0,0,0,0,0,0,0,0,9,-13,10,-13,11,-12,12,-12,13,-12,14,-11,15,-11,15,-10,15,-9,15,-9,15,-9,14,-8,14,-8,13,-8,13,-8,12,-9,12,-9,12,-10,12,-10,11,-10,11,-11,11,-11,11,-11,11,-12,10,-12,11,-12,0,0,43,-35,38,-38,40,-38,38,-34,35,-35,32,-36,29,-38,26,-36,24,-33,21,-34,21,-34,19,-35,18,-35,16,-35,16,-34,15,-36,14,-34,14,-35,14,-32,14,-32,16,-30,14,-30,15,-27,16,-25,16,-23,16,-22,16,-21,20,-20,0,0,0,0,0,0,0,0,0,0,0,0,0,0,32,-49,40,-46,41,-41,46,-41,46,-40,49,-39,53,-37,59,-37,58,-34,58,-30,59,-30,61,-27,59,-23,58,-23,56,-24,54,-24,54,-27,50,-26,52,-29,48,-30,50,-33,46,-35,47,-36,45,-39,46,-37,46,-41,45,-38,46,-39]"
618026046195800,7.595347400,89975,1861038345,-49,-98,6,0,1,7,0,0,256,0,0,"[0,0,0,-16,-1,-15,-1,-15,-1,-14,-2,-14,-2,-13,-3,-13,-3,-12,-3,-11,-4,-11,-4,-11,-4,-10,-5,-10,-5,-10,-5,-10,-5,-9,-5,-9,-5,-9,-5,-9,-4,-9,-4,-9,-4,-9,-3,-8,-3,-8,-3,-8,-2,-7,0,0,0,0,0,0,0,0,0,0,0,0,0,0,0,0,0,0,0,0,0,0,-2,-16,-1,-17,-1,-17,0,-17,1,-18,2,-18,3,-18,4,-18,4,-18,4,-18,5,-16,4,-17,4,-16,4,-16,3,-16,3,-16,2,-16,2,-16,1,-16,1,-16,0,-16,0,-17,0,-17,-1,-16,-1,-16,0,-16,0,0,-2,-28,-3,-29,-3,-28,-3,-25,-3,-26,-4,-24,-4,-23,-5,-23,-6,-20,-7,-20,-8,-18,-9,-18,-10,-18,-9,-18,-10,-17,-9,-18,-10,-17,-10,-16,-8,-16,-9,-17,-7,-16,-6,-16,-6,-15,-6,-14,-6,-15,-4,-14,-4,-14,-3,-14,0,0,0,0,0,0,0,0,0,0,0,0,0,0,-10,-28,-8,-30,-6,-30,-3,-31,-2,-31,0,-32,1,-33,3,-33,5,-32,7,-33,7,-33,7,-33,7,-31,6,-31,7,-30,6,-30,6,-30,4,-29,3,-29,3,-28,2,-28,1,-29,1,-30,-1,-31,-1,-30,-2,-30,-2,-30,-2,-30]"
618026064786900,7.613938500,89976,1861058681,-50,-98,6,0,1,7,0,0,256,0,0,"[0,0,-1,-15,-2,-16,-1,-15,-1,-14,-2,-14,-2,-13,-2,-12,-3,-12,-3,-11,-3,-11,-4,-10,-5,-10,-5,-10,-5,-9,-5,-9,-5,-9,-5,-9,-5,-9,-5,-8,-4,-9,-4,-9,-4,-8,-3,-8,-3,-8,-3,-8,-2,-8,0,0,0,0,0,0,0,0,0,0,0,0,0,0,0,0,0,0,0,0,0,0,-2,-16,-2,-17,-1,-17,0,-17,1,-18,2,-18,3,-18,4,-18,4,-18,4,-18,5,-17,5,-16,4,-16,4,-16,4,-16,2,-16,2,-15,2,-16,1,-16,1,-16,1,-16,0,-17,0,-17,-1,-17,-1,-16,-1,-16,0,0,-2,-28,-2,-30,-2,-27,-2,-26,-3,-25,-4,-24,-4,-23,-5,-22,-6,-21,-7,-20,-7,-19,-7,-20,-8,-18,-9,-18,-10,-17,-10,-17,-9,-17,-9,-16,-9,-17,-8,-16,-8,-16,-6,-16,-6,-16,-6,-15,-5,-13,-5,-13,-2,-15,-2,-13,0,0,0,0,0,0,0,0,0,0,0,0,0,0,-10,-28,-5,-30,-3,-30,-3,-30,-1,-32,1,-31,2,-34,4,-34,5,-33,7,-33,8,-33,9,-33,8,-32,9,-30,9,-30,7,-29,7,-30,5,-29,3,-29,4,-30,1,-28,2,-30,1,-30,0,-31,-1,-30,-1,-31,-2,-31,-2,-30]"
618026089656100,7.638807700,89977,1861081608,-50,-98,6,0,1,7,0,0,256,0,0,"[0,0,13,-8,12,-8,11,-7,11,-8,10,-8,10,-7,9,-7,9,-7,8,-8,8,-8,7,-8,6,-8,6,-8,6,-8,6,-8,6,-9,5,-9,6,-8,6,-8,6,-8,6,-7,5,-7,5,-6,5,-6,6,-6,6,-5,0,0,0,0,0,0,0,0,0,0,0,0,0,0,0,0,0,0,0,0,0,0,12,-10,13,-10,13,-9,14,-8,15,-8,16,-7,16,-6,17,-6,17,-6,17,-5,16,-4,16,-4,15,-4,15,-4,14,-5,14,-5,14,-5,14,-6,14,-6,14,-7,13,-7,14,-7,14,-8,13,-8,13,-8,13,-8,0,0,24,-14,23,-15,21,-15,21,-14,20,-14,18,-14,17,-15,15,-14,15,-14,14,-15,13,-15,12,-16,11,-16,11,-15,10,-16,10,-16,9,-16,10,-16,10,-15,11,-14,10,-14,10,-12,10,-13,9,-11,9,-11,9,-9,10,-8,10,-8,0,0,0,0,0,0,0,0,0,0,0,0,0,0,19,-23,21,-20,23,-19,25,-17,26,-18,26,-16,29,-15,30,-13,31,-11,32,-10,31,-9,31,-10,29,-8,30,-8,28,-9,28,-8,28,-9,27,-9,27,-10,26,-10,26,-13,26,-12,26,-13,26,-14,25,-14,25,-15,24,-17,26,-17]"
618026106426200,7.655577800,89978,1861097399,-50,-98,6,0,1,7,0,0,256,0,0,"[0,0,-15,-3,-15,-3,-14,-3,-14,-3,-13,-2,-13,-2,-13,-1,-12,-1,-12,0,-12,0,-11,1,-11,1,-10,1,-10,1,-11,2,-10,2,-10,2,-10,2,-10,2,-10,1,-10,1,-9,1,-9,0,-8,0,-8,0,-8,-1,0,0,0,0,0,0,0,0,0,0,0,0,0,0,0,0,0,0,0,0,0,0,-16,-2,-17,-2,-17,-3,-17,-4,-17,-5,-17,-6,-17,-7,-17,-8,-17,-8,-17,-9,-16,-9,-15,-9,-15,-8,-14,-8,-14,-8,-15,-7,-15,-7,-15,-6,-15,-5,-15,-4,-15,-4,-16,-4,-16,-4,-16,-4,-16,-3,-16,-4,0,0,-29,-9,-26,-9,-26,-9,-25,-8,-25,-7,-24,-6,-22,-5,-22,-4,-22,-3,-20,-3,-20,-1,-20,0,-20,1,-20,1,-19,2,-19,1,-18,1,-19,1,-19,2,-18,1,-17,0,-17,0,-15,0,-15,-1,-15,-2,-14,-2,-13,-2,-13,-3,0,0,0,0,0,0,0,0,0,0,0,0,0,0,-28,-3,-29,-6,-30,-9,-31,-11,-29,-10,-29,-12,-29,-14,-30,-17,-30,-18,-29,-19,-28,-20,-26,-19,-25,-20,-25,-20,-25,-19,-24,-18,-25,-17,-25,-15,-25,-15,-27,-14,-26,-14,-27,-12,-27,-11,-28,-11,-28,-11,-28,-12,-27,-11,-29,-11]"
618026122581300,7.671732900,89979,1861116510,-50,-98,6,0,1,7,0,0,256,0,0,"[0,0,8,12,8,11,7,11,7,11,7,10,7,10,7,9,7,8,7,8,8,7,7,6,8,6,8,6,8,5,8,5,8,5,8,5,8,5,7,5,7,5,7,5,6,5,5,5,5,5,5,5,5,5,0,0,0,0,0,0,0,0,0,0,0,0,0,0,0,0,0,0,0,0,0,0,11,11,10,12,10,13,9,13,9,14,9,15,7,16,7,16,6,16,5,16,5,16,6,15,5,15,5,14,5,14,6,14,6,13,6,13,7,13,7,13,7,13,8,13,8,13,9,13,9,12,9,12,0,0,13,25,12,24,11,22,13,22,11,20,11,20,12,19,12,17,12,16,12,15,12,14,12,13,13,13,13,12,14,12,13,11,14,11,13,11,14,11,13,11,12,11,11,11,10,11,9,11,8,11,8,11,6,10,6,11,0,0,0,0,0,0,0,0,0,0,0,0,0,0,21,21,18,23,16,25,16,26,14,27,13,27,12,31,11,30,10,30,10,33,7,32,6,32,5,31,5,30,4,29,5,29,6,28,5,27,6,27,8,28,9,26,9,27,9,25,11,27,13,26,12,26,12,26,13,25]"
618026142918600,7.692070200,89980,1861138538,-50,-98,6,0,1,7,0,0,256,0,0,"[0,0,15,0,14,0,13,0,13,0,13,-1,12,-1,11,-2,11,-2,10,-3,10,-3,9,-4,9,-4,9,-4,9,-4,9,-5,9,-5,8,-4,9,-5,8,-4,9,-4,8,-4,7,-4,8,-3,7,-3,7,-2,7,-2,0,0,0,0,0,0,0,0,0,0,0,0,0,0,0,0,0,0,0,0,0,0,16,-2,16,-1,16,0,16,1,17,2,17,3,17,4,17,5,17,5,16,6,16,5,15,5,15,5,15,4,14,4,15,4,15,3,15,2,14,2,15,1,15,1,15,1,16,0,15,0,15,0,16,-1,0,0,27,2,28,1,26,1,26,0,23,0,23,-2,21,-2,21,-3,21,-3,20,-4,18,-5,18,-6,17,-7,16,-7,18,-7,17,-7,17,-8,17,-6,17,-6,16,-6,16,-5,15,-5,15,-5,15,-4,13,-4,13,-3,14,-3,11,-1,0,0,0,0,0,0,0,0,0,0,0,0,0,0,29,-6,29,-3,30,-1,30,1,31,2,29,3,31,6,32,7,32,9,31,11,31,12,31,12,30,12,29,11,28,11,27,9,26,9,28,8,26,7,28,8,27,5,28,4,28,4,28,3,30,3,29,1,29,1,30,2]"
618026166391000,7.715542600,89981,1861156643,-50,-98,6,0,1,7,0,0,256,0,0,"[0,0,-8,-13,-8,-13,-8,-13,-8,-12,-8,-12,-8,-11,-8,-10,-8,-10,-8,-9,-8,-8,-8,-8,-8,-7,-9,-7,-9,-7,-8,-6,-9,-6,-8,-6,-9,-6,-8,-6,-8,-7,-8,-6,-7,-7,-6,-6,-6,-6,-6,-6,-5,-6,0,0,0,0,0,0,0,0,0,0,0,0,0,0,0,0,0,0,0,0,0,0,-10,-13,-10,-14,-9,-14,-9,-15,-8,-16,-8,-17,-7,-17,-6,-18,-5,-18,-5,-17,-5,-17,-5,-16,-4,-16,-5,-16,-5,-16,-5,-15,-6,-15,-6,-15,-7,-15,-7,-14,-7,-14,-8,-15,-8,-14,-8,-14,-9,-14,-8,-14,0,0,-14,-25,-15,-24,-14,-24,-14,-21,-13,-21,-13,-20,-14,-19,-14,-19,-14,-15,-14,-15,-15,-14,-15,-14,-15,-12,-15,-12,-16,-13,-16,-12,-15,-12,-15,-11,-15,-11,-14,-12,-14,-12,-12,-12,-12,-12,-11,-11,-10,-11,-10,-10,-9,-11,-7,-13,0,0,0,0,0,0,0,0,0,0,0,0,0,0,-22,-21,-20,-24,-18,-25,-17,-26,-18,-26,-15,-27,-14,-30,-13,-31,-12,-32,-10,-33,-9,-31,-8,-33,-7,-32,-7,-31,-6,-30,-7,-30,-7,-29,-10,-28,-10,-28,-10,-27,-11,-28,-12,-27,-13,-28,-14,-26,-14,-27,-13,-27,-13,-28,-14,-26]"
618026185574700,7.734726300,89982,1861176690,-50,-98,6,0,1,7,0,0,256,0,0,"[0,0,-15,-3,-15,-2,-15,-3,-14,-2,-13,-2,-13,-2,-13,-1,-12,-1,-12,0,-11,0,-11,1,-11,1,-11,1,-11,2,-10,2,-10,2,-10,2,-10,2,-10,2,-10,1,-10,1,-9,1,-8,0,-8,0,-8,0,-8,-1,0,0,0,0,0,0,0,0,0,0,0,0,0,0,0,0,0,0,0,0,0,0,-17,-1,-17,-2,-17,-2,-17,-3,-17,-4,-18,-5,-18,-6,-17,-8,-17,-8,-16,-8,-16,-8,-16,-7,-15,-8,-15,-7,-15,-7,-15,-6,-15,-6,-15,-5,-15,-5,-15,-5,-16,-5,-16,-4,-16,-4,-16,-3,-16,-3,-16,-3,0,0,-29,-5,-28,-4,-26,-3,-25,-4,-25,-2,-23,-2,-23,-1,-22,0,-21,1,-21,2,-19,4,-19,4,-19,5,-18,5,-18,5,-19,5,-18,5,-19,5,-18,5,-18,4,-16,3,-16,3,-15,2,-15,3,-15,2,-14,0,-13,0,-14,-1,0,0,0,0,0,0,0,0,0,0,0,0,0,0,-28,4,-31,2,-31,0,-30,-3,-30,-4,-31,-5,-31,-7,-33,-9,-32,-12,-33,-13,-31,-14,-30,-14,-31,-13,-29,-13,-28,-12,-28,-12,-28,-12,-27,-10,-28,-10,-27,-8,-29,-8,-29,-7,-29,-7,-29,-6,-29,-5,-30,-4,-30,-3,-31,-4]"
618026205046100,7.754197700,89983,1861196670,-50,-98,6,0,1,7,0,0,256,0,0,"[0,0,-14,-7,-14,-6,-13,-6,-13,-6,-12,-5,-12,-5,-12,-4,-11,-4,-12,-3,-12,-2,-11,-2,-11,-1,-11,-1,-10,-1,-11,0,-11,0,-10,0,-10,0,-10,-1,-10,-1,-10,-1,-9,-1,-9,-1,-8,-1,-8,-1,-8,-2,0,0,0,0,0,0,0,0,0,0,0,0,0,0,0,0,0,0,0,0,0,0,-16,-6,-16,-7,-16,-8,-15,-8,-16,-10,-15,-11,-15,-12,-15,-12,-14,-12,-13,-13,-13,-12,-13,-12,-13,-11,-13,-11,-12,-11,-13,-10,-13,-9,-13,-9,-13,-9,-14,-9,-14,-9,-14,-8,-15,-8,-15,-7,-15,-7,-15,-7,0,0,-51,-28,-49,-28,-45,-26,-46,-24,-42,-21,-42,-19,-41,-18,-40,-17,-41,-13,-39,-11,-41,-7,-39,-6,-38,-5,-38,-4,-39,-4,-37,-3,-38,-2,-37,-2,-36,-3,-36,-4,-35,-6,-33,-6,-30,-6,-30,-6,-30,-7,-27,-8,-25,-10,-25,-12,0,0,0,0,0,0,0,0,0,0,0,0,0,0,-57,-13,-56,-19,-56,-24,-56,-29,-54,-31,-52,-33,-54,-40,-54,-41,-50,-46,-50,-47,-50,-49,-46,-47,-45,-48,-44,-45,-42,-44,-42,-42,-42,-43,-43,-40,-44,-39,-45,-37,-45,-36,-47,-34,-47,-33,-50,-31,-51,-30,-51,-31,-52,-30,-53,-28]"
618026226552600,7.775704200,89984,1861217664,-50,-98,6,0,1,7,0,0,256,0,0,"[0,0,-15,-4,-15,-4,-14,-4,-14,-4,-13,-3,-13,-2,-12,-2,-12,-1,-12,-1,-12,0,-11,0,-11,0,-11,1,-10,1,-11,2,-10,2,-10,1,-10,1,-10,1,-10,1,-10,0,-9,0,-9,0,-8,-1,-8,0,-8,-1,0,0,0,0,0,0,0,0,0,0,0,0,0,0,0,0,0,0,0,0,0,0,-16,-2,-17,-3,-17,-4,-16,-5,-17,-6,-17,-6,-17,-8,-17,-9,-16,-9,-16,-9,-15,-9,-15,-9,-15,-8,-15,-8,-15,-8,-15,-7,-15,-7,-15,-6,-15,-6,-15,-5,-15,-5,-15,-5,-16,-4,-16,-4,-16,-4,-16,-4,0,0,-29,-4,-28,-4,-27,-4,-26,-3,-24,-1,-24,-1,-24,0,-22,-1,-22,1,-21,2,-20,3,-20,4,-20,4,-18,4,-19,6,-19,5,-18,5,-19,5,-18,4,-18,4,-17,4,-16,3,-15,2,-15,2,-16,1,-15,1,-15,0,-13,-1,0,0,0,0,0,0,0,0,0,0,0,0,0,0,-29,4,-31,1,-30,-1,-31,-3,-32,-5,-30,-7,-32,-9,-33,-10,-31,-10,-32,-12,-32,-13,-31,-14,-29,-14,-29,-15,-28,-14,-27,-14,-27,-12,-28,-11,-28,-11,-28,-9,-28,-8,-28,-7,-29,-6,-31,-5,-30,-5,-28,-4,-30,-4,-30,-5]"
618026247122400,7.796274000,89985,1861239735,-50,-98,6,0,1,7,0,0,256,0,0,"[0,0,-2,15,-1,14,-1,14,-1,13,0,13,0,12,1,12,1,11,1,10,2,10,2,10,3,9,3,9,3,9,3,9,3,8,4,9,3,9,3,8,3,8,2,8,2,8,2,8,1,7,1,7,1,6,0,0,0,0,0,0,0,0,0,0,0,0,0,0,0,0,0,0,0,0,0,0,1,15,0,16,-1,17,-2,16,-3,17,-4,17,-5,17,-6,17,-6,17,-7,16,-7,16,-6,15,-6,15,-6,15,-6,15,-4,14,-4,15,-4,15,-3,15,-3,15,-3,15,-2,15,-2,16,-1,15,-1,15,-1,15,0,0,1,28,1,28,1,27,1,25,3,24,3,22,3,22,4,21,4,19,4,17,8,18,7,17,7,17,8,16,8,16,7,15,8,16,8,16,7,15,6,15,7,15,6,14,5,14,5,14,4,13,3,13,2,13,0,12,0,0,0,0,0,0,0,0,0,0,0,0,0,0,9,28,6,29,4,30,2,30,1,31,-1,32,-3,33,-5,33,-5,32,-8,33,-8,32,-9,32,-9,31,-8,30,-9,29,-7,28,-7,28,-6,27,-5,28,-5,29,-3,29,-2,29,-2,29,0,29,0,30,1,29,1,29,1,28]"
618026263869700,7.813021300,89986,1861256670,-50,-98,6,0,1,7,0,0,256,0,0,"[0,0,-14,8,-13,7,-12,7,-12,7,-11,7,-10,7,-10,7,-9,7,-8,7,-8,7,-8,7,-7,7,-6,7,-6,7,-6,8,-6,8,-6,8,-6,7,-6,7,-6,7,-6,6,-6,6,-6,6,-6,5,-6,5,-6,4,0,0,0,0,0,0,0,0,0,0,0,0,0,0,0,0,0,0,0,0,0,0,-13,10,-14,10,-14,9,-14,8,-16,8,-16,7,-17,6,-18,6,-18,6,-17,5,-17,4,-17,4,-16,4,-16,4,-15,4,-15,5,-15,5,-15,6,-14,6,-14,7,-14,7,-14,8,-15,8,-14,7,-14,8,-14,8,0,0,-24,17,-22,16,-22,16,-20,15,-20,16,-18,14,-17,14,-16,15,-14,14,-12,14,-12,15,-11,15,-11,17,-10,17,-9,15,-10,16,-9,16,-10,15,-10,15,-10,14,-10,13,-10,14,-9,12,-8,11,-9,10,-10,10,-10,8,-10,8,0,0,0,0,0,0,0,0,0,0,0,0,0,0,-18,22,-21,22,-23,20,-25,18,-24,18,-27,17,-27,16,-31,15,-31,14,-33,13,-33,10,-31,10,-31,10,-30,10,-29,10,-28,11,-29,11,-26,11,-28,11,-25,11,-26,15,-25,13,-25,15,-26,16,-25,15,-24,18,-24,18,-25,17]"
618026283374000,7.832525600,89987,1861276769,-50,-98,6,0,1,7,0,0,256,0,0,"[0,0,10,9,10,9,9,8,9,8,9,7,9,7,9,6,8,6,8,5,8,5,8,4,8,4,8,3,8,3,8,3,8,3,8,3,8,3,8,3,7,3,7,3,7,3,6,3,6,3,5,4,5,3,0,0,0,0,0,0,0,0,0,0,0,0,0,0,0,0,0,0,0,0,0,0,12,8,11,8,12,10,11,9,11,11,10,12,10,12,9,13,9,13,9,14,8,12,7,13,7,13,8,12,7,12,8,11,8,10,9,11,9,10,9,10,10,10,10,10,10,10,10,10,10,10,10,9,0,0,41,38,41,34,37,32,36,33,35,31,36,27,37,27,36,23,35,22,33,19,34,17,33,15,31,14,34,15,35,11,33,11,32,11,34,11,32,11,31,14,30,12,28,13,26,13,25,13,22,13,24,15,21,17,19,17,0,0,0,0,0,0,0,0,0,0,0,0,0,0,51,24,50,31,47,34,44,37,45,41,43,42,42,48,43,51,41,51,37,54,36,55,32,58,36,59,28,54,29,50,29,49,31,47,31,46,32,44,34,44,36,44,36,43,37,40,40,41,41,41,40,40,41,39,42,38]"
618026303714200,7.852865800,89988,1861296537,-50,-98,6,0,1,7,0,0,256,0,0,"[0,0,5,-14,4,-14,4,-14,4,-13,3,-13,3,-12,2,-12,2,-12,1,-12,1,-11,0,-11,0,-11,0,-11,-1,-11,-1,-10,-1,-10,-1,-10,-1,-10,-1,-10,-1,-10,0,-9,0,-9,0,-9,0,-8,1,-8,1,-7,0,0,0,0,0,0,0,0,0,0,0,0,0,0,0,0,0,0,0,0,0,0,3,-16,4,-16,5,-16,6,-16,7,-17,8,-16,8,-16,10,-15,10,-15,10,-15,10,-14,10,-14,9,-13,9,-13,9,-13,8,-13,7,-13,7,-14,6,-14,6,-14,6,-15,6,-15,6,-15,5,-15,5,-15,5,-15,0,0,6,-26,6,-27,6,-27,5,-24,4,-25,4,-23,4,-23,2,-22,0,-21,0,-19,-1,-20,-2,-19,-3,-19,-3,-20,-4,-18,-3,-19,-4,-18,-4,-18,-4,-18,-3,-17,-1,-17,-2,-17,-2,-16,-1,-15,-1,-15,0,-14,1,-14,2,-13,0,0,0,0,0,0,0,0,0,0,0,0,0,0,0,-29,3,-30,5,-29,8,-30,8,-29,10,-30,11,-30,14,-31,15,-29,17,-29,18,-28,18,-27,17,-27,17,-25,17,-25,15,-26,15,-25,13,-24,13,-25,12,-25,11,-27,10,-27,10,-28,9,-29,9,-28,8,-29,9,-28,9,-28]"
618026322874000,7.872025600,89989,1861316750,-50,-98,6,0,1,7,0,0,256,0,0,"[0,0,10,11,10,11,9,10,9,9,9,9,9,9,9,7,9,7,8,6,9,5,9,5,9,5,9,4,9,4,9,3,9,3,9,4,9,3,9,3,8,3,8,4,7,4,6,4,6,4,6,4,5,4,0,0,0,0,0,0,0,0,0,0,0,0,0,0,0,0,0,0,0,0,0,0,12,10,11,11,11,12,11,12,11,13,10,14,9,15,9,16,8,16,7,16,7,15,7,15,7,15,7,14,7,14,7,13,8,13,8,13,8,12,9,12,9,12,10,12,10,12,10,12,10,12,11,11,0,0,18,21,17,19,18,19,17,18,17,17,16,16,16,15,16,14,16,12,17,10,16,9,15,9,16,8,17,8,17,7,17,7,16,7,16,6,16,7,15,7,15,7,13,8,13,7,11,7,12,7,10,7,9,8,8,8,0,0,0,0,0,0,0,0,0,0,0,0,0,0,24,14,22,18,21,20,20,22,19,23,18,24,17,27,17,28,16,29,14,30,12,30,12,29,13,29,13,28,11,27,12,26,12,26,13,24,14,24,14,24,15,24,16,23,16,23,17,23,18,22,19,22,19,21,19,22]"
618026343694400,7.892846000,89990,1861336787,-49,-98,6,0,1,7,0,0,256,0,0,"[0,0,14,-2,13,-2,13,-3,12,-3,12,-3,11,-3,10,-3,10,-3,10,-4,9,-5,9,-5,8,-5,8,-5,8,-5,8,-5,8,-6,7,-5,8,-5,7,-5,7,-4,7,-4,7,-4,7,-3,6,-3,6,-3,6,-3,0,0,0,0,0,0,0,0,0,0,0,0,0,0,0,0,0,0,0,0,0,0,14,-5,14,-4,14,-3,15,-3,15,-2,17,-1,16,0,16,1,16,1,15,2,15,1,15,1,14,1,14,1,14,1,14,0,14,0,14,-1,14,-1,14,-1,14,-1,14,-2,14,-2,14,-3,14,-3,14,-3,0,0,27,-4,26,-6,26,-6,25,-5,23,-5,22,-6,21,-6,20,-7,19,-8,17,-8,17,-9,15,-10,15,-10,16,-11,15,-11,15,-10,14,-11,15,-11,14,-10,15,-10,14,-8,14,-9,13,-7,12,-6,12,-6,13,-5,12,-5,13,-3,0,0,0,0,0,0,0,0,0,0,0,0,0,0,25,-12,27,-10,28,-8,29,-6,29,-5,28,-4,32,-2,31,0,33,1,33,3,31,4,31,4,30,5,30,4,29,4,28,3,28,3,27,1,27,2,28,1,27,-1,28,-2,28,-3,28,-3,28,-4,28,-4,28,-4,29,-5]"
618026373659100,7.922810700,89991,1861364463,-50,-98,6,0,1,7,0,0,256,0,0,"[0,0,11,-9,9,-9,9,-9,9,-9,8,-9,8,-8,7,-9,7,-8,6,-8,6,-9,5,-8,4,-8,4,-8,4,-8,4,-9,4,-9,4,-9,4,-9,4,-8,4,-8,4,-7,4,-7,4,-7,4,-6,4,-6,4,-5,0,0,0,0,0,0,0,0,0,0,0,0,0,0,0,0,0,0,0,0,0,0,9,-12,10,-11,11,-11,11,-10,12,-10,13,-9,14,-9,14,-8,14,-8,14,-7,14,-7,14,-7,13,-7,13,-7,12,-7,12,-7,12,-7,12,-8,11,-8,11,-9,11,-9,11,-9,11,-10,11,-10,10,-10,10,-10,0,0,41,-37,41,-39,36,-36,40,-36,33,-34,32,-33,31,-35,27,-34,27,-32,24,-35,19,-35,17,-36,16,-35,17,-33,17,-37,15,-33,15,-35,14,-32,18,-34,17,-30,17,-30,17,-28,15,-28,15,-28,15,-24,15,-20,18,-23,19,-20,0,0,0,0,0,0,0,0,0,0,0,0,0,0,30,-52,36,-50,39,-45,42,-42,48,-46,46,-40,53,-41,54,-38,59,-36,60,-31,58,-28,61,-31,58,-28,57,-28,55,-28,52,-28,48,-27,52,-29,48,-28,52,-31,45,-31,48,-34,47,-36,45,-36,47,-40,44,-42,41,-41,43,-40]"
618026386094600,7.935246200,89992,1861376764,-49,-98,6,0,1,7,0,0,256,0,0,"[0,0,15,1,14,0,13,0,13,0,12,0,12,0,11,0,11,-1,11,-2,10,-2,10,-3,9,-3,9,-3,9,-4,9,-4,9,-4,9,-4,9,-4,8,-3,9,-3,8,-3,8,-2,8,-2,7,-2,7,-2,7,-1,0,0,0,0,0,0,0,0,0,0,0,0,0,0,0,0,0,0,0,0,0,0,15,-1,15,0,16,1,16,1,17,2,16,3,16,5,17,5,17,6,16,6,16,5,15,5,14,5,15,5,14,5,15,4,14,3,14,3,14,3,14,3,15,3,15,2,16,1,15,0,15,0,16,1,0,0,27,1,26,0,26,0,24,1,24,0,22,-1,22,-1,20,-3,20,-3,19,-4,18,-6,18,-6,17,-7,17,-7,17,-7,17,-7,15,-8,17,-7,16,-7,15,-6,16,-5,15,-5,14,-4,13,-4,13,-4,13,-3,13,-2,12,0,0,0,0,0,0,0,0,0,0,0,0,0,0,0,27,-6,28,-3,29,-1,30,2,29,2,31,3,30,6,32,8,31,9,31,12,30,11,29,12,28,12,28,12,27,11,27,10,27,10,26,8,27,7,27,7,28,6,27,4,28,4,28,3,29,3,29,2,29,2,29,3]"
618026402433300,7.951584900,89993,1861396704,-50,-98,6,0,1,7,0,0,256,0,0,"[0,0,9,11,9,11,9,11,9,10,9,9,9,8,8,8,8,7,9,7,8,6,9,6,9,5,9,5,8,5,9,4,9,4,9,4,8,4,8,4,8,4,7,4,7,4,6,4,6,5,6,4,5,4,0,0,0,0,0,0,0,0,0,0,0,0,0,0,0,0,0,0,0,0,0,0,11,10,11,11,11,12,10,13,10,14,9,15,9,15,8,16,7,16,7,16,6,16,6,15,6,15,6,14,7,14,7,13,7,13,8,13,8,13,8,12,9,12,9,12,10,12,9,12,10,12,10,11,0,0,19,20,17,20,16,21,16,18,15,17,16,16,16,15,16,14,15,12,16,11,16,10,16,9,15,9,16,8,16,7,16,7,15,7,17,8,16,7,15,6,14,7,13,7,12,8,11,8,10,7,10,9,8,9,8,9,0,0,0,0,0,0,0,0,0,0,0,0,0,0,22,16,21,20,20,21,19,22,18,24,17,26,16,27,16,28,16,29,15,30,12,29,12,29,11,29,10,28,10,28,10,27,12,26,12,25,13,25,13,25,14,24,16,23,17,22,17,23,18,22,17,23,17,22,19,22]"
618026429642700,7.978794300,89994,1861422394,-50,-98,6,0,1,7,0,0,256,0,0,"[0,0,14,1,13,0,12,1,13,0,12,0,11,0,11,-1,10,-1,10,-1,10,-2,9,-2,9,-2,9,-2,8,-3,9,-3,8,-3,8,-3,8,-3,8,-3,8,-3,8,-2,7,-2,7,-2,6,-1,7,-1,6,-1,0,0,0,0,0,0,0,0,0,0,0,0,0,0,0,0,0,0,0,0,0,0,15,-1,14,0,15,1,15,2,15,3,16,3,15,4,15,5,15,5,15,6,14,6,14,6,13,6,13,5,12,5,13,4,13,4,13,3,13,3,13,2,14,2,14,2,14,2,14,1,14,1,13,1,0,0,28,3,28,3,26,1,26,2,24,1,22,0,22,1,21,-1,21,-1,20,-3,19,-5,18,-4,18,-4,18,-5,18,-5,18,-6,17,-6,16,-5,17,-5,17,-4,17,-4,15,-4,15,-3,14,-3,15,-1,14,-1,13,0,13,1,0,0,0,0,0,0,0,0,0,0,0,0,0,0,29,-5,29,-2,30,1,30,2,30,4,30,5,31,6,32,9,32,10,31,12,31,13,30,14,28,13,28,13,28,13,27,11,27,11,27,10,27,9,28,8,27,7,27,6,28,6,28,5,29,5,29,3,28,4,29,3]"
618026444516000,7.993667600,89995,1861436519,-49,-98,6,0,1,7,0,0,256,0,0,"[0,0,-14,-9,-13,-8,-13,-8,-13,-7,-12,-7,-12,-6,-12,-6,-11,-5,-11,-5,-11,-4,-11,-3,-11,-3,-11,-3,-11,-3,-11,-2,-11,-2,-10,-2,-10,-2,-10,-2,-10,-2,-10,-2,-9,-3,-8,-3,-8,-3,-8,-3,-7,-3,0,0,0,0,0,0,0,0,0,0,0,0,0,0,0,0,0,0,0,0,0,0,-15,-7,-15,-9,-15,-9,-14,-11,-14,-11,-15,-12,-14,-13,-14,-14,-13,-14,-12,-14,-12,-14,-12,-14,-11,-13,-11,-13,-12,-12,-12,-11,-12,-11,-12,-11,-13,-11,-13,-10,-14,-10,-14,-10,-14,-10,-14,-9,-14,-9,-14,-9,0,0,-48,-27,-49,-27,-47,-24,-47,-20,-42,-20,-42,-20,-42,-18,-39,-17,-41,-12,-40,-11,-39,-7,-39,-7,-37,-5,-36,-5,-40,-2,-37,-5,-37,-2,-37,-4,-36,-4,-35,-8,-34,-6,-32,-7,-31,-7,-28,-6,-28,-7,-26,-8,-25,-11,-23,-11,0,0,0,0,0,0,0,0,0,0,0,0,0,0,-57,-14,-56,-18,-56,-24,-53,-27,-55,-29,-52,-30,-55,-36,-51,-41,-52,-43,-49,-47,-48,-46,-45,-48,-46,-45,-44,-47,-42,-45,-42,-42,-41,-39,-46,-38,-44,-34,-47,-38,-46,-36,-47,-32,-49,-33,-47,-31,-55,-30,-52,-29,-52,-29,-52,-29]"
618026466138400,8.015290000,89996,1861456582,-50,-98,6,0,1,7,0,0,256,0,0,"[0,0,-9,12,-8,12,-8,11,-8,12,-7,11,-7,10,-6,10,-5,10,-5,10,-5,10,-4,9,-3,9,-3,10,-2,10,-3,10,-2,9,-2,9,-2,9,-2,9,-3,8,-3,8,-3,8,-3,8,-3,7,-4,6,-4,6,0,0,0,0,0,0,0,0,0,0,0,0,0,0,0,0,0,0,0,0,0,0,-8,14,-9,13,-9,14,-10,13,-12,13,-12,12,-13,12,-14,11,-14,11,-14,11,-14,10,-14,10,-13,10,-13,10,-12,10,-12,10,-11,10,-11,11,-10,11,-10,11,-10,12,-10,12,-10,13,-9,12,-9,13,-9,13,0,0,-25,52,-25,50,-22,50,-20,46,-20,46,-15,44,-15,42,-14,44,-11,41,-9,40,-7,39,-4,39,-1,40,-2,38,-2,37,-1,38,0,36,-1,35,-3,36,-3,35,-1,33,-4,32,-3,31,-4,32,-5,27,-7,26,-8,26,-11,26,0,0,0,0,0,0,0,0,0,0,0,0,0,0,-11,57,-17,56,-21,57,-26,56,-28,55,-31,56,-35,53,-41,55,-41,53,-46,53,-46,49,-45,50,-45,47,-43,46,-42,44,-41,44,-39,46,-37,42,-37,48,-34,46,-32,49,-31,51,-28,51,-29,53,-28,52,-25,55,-24,53,-25,54]"
618026486087500,8.035239100,89997,1861476487,-49,-98,6,0,1,7,0,0,256,0,0,"[0,0,-11,-11,-11,-11,-10,-10,-10,-10,-10,-10,-10,-9,-9,-9,-9,-8,-9,-7,-10,-6,-10,-6,-10,-6,-10,-5,-10,-5,-10,-5,-9,-4,-10,-5,-9,-4,-9,-5,-9,-5,-8,-5,-8,-5,-7,-5,-7,-5,-7,-5,-6,-5,0,0,0,0,0,0,0,0,0,0,0,0,0,0,0,0,0,0,0,0,0,0,-13,-10,-13,-11,-13,-12,-12,-13,-12,-14,-11,-15,-10,-15,-9,-16,-9,-16,-9,-16,-9,-16,-9,-15,-9,-15,-8,-15,-8,-14,-9,-14,-9,-13,-10,-14,-10,-13,-10,-13,-10,-12,-11,-13,-11,-12,-12,-12,-12,-12,-11,-11,0,0,-37,-42,-38,-43,-36,-39,-39,-36,-33,-35,-33,-32,-34,-30,-34,-29,-34,-26,-33,-22,-34,-21,-35,-18,-35,-18,-32,-17,-36,-16,-34,-14,-32,-16,-34,-15,-32,-16,-30,-17,-30,-16,-29,-17,-27,-17,-26,-17,-25,-17,-22,-17,-20,-18,-19,-19,0,0,0,0,0,0,0,0,0,0,0,0,0,0,-49,-31,-47,-36,-44,-39,-43,-43,-42,-46,-39,-48,-39,-52,-36,-54,-34,-57,-33,-59,-30,-60,-30,-61,-28,-56,-25,-58,-25,-55,-27,-55,-29,-52,-27,-51,-30,-50,-31,-50,-31,-46,-33,-47,-35,-47,-38,-48,-39,-46,-38,-44,-38,-46,-40,-43]"
618026503311800,8.052463400,89998,1861496587,-49,-98,6,0,1,7,0,0,256,0,0,"[0,0,-4,15,-4,14,-3,13,-3,13,-3,12,-2,12,-1,12,-1,11,-1,11,0,11,0,10,1,10,1,10,1,10,1,10,1,9,1,9,1,9,1,9,1,8,1,8,0,8,0,8,0,7,-1,7,-1,7,0,0,0,0,0,0,0,0,0,0,0,0,0,0,0,0,0,0,0,0,0,0,-1,15,-2,16,-3,16,-4,16,-5,16,-6,16,-7,16,-7,16,-8,16,-8,15,-9,15,-8,14,-8,14,-8,14,-7,14,-7,14,-6,14,-6,14,-5,14,-5,14,-4,15,-4,15,-4,15,-4,15,-4,15,-4,15,0,0,-4,27,-4,27,-3,26,-3,25,-2,24,-2,23,-1,22,0,22,1,20,1,19,2,20,4,19,3,17,4,18,4,18,4,18,5,18,4,16,4,15,3,16,3,16,2,16,1,15,0,15,0,13,0,13,-1,13,-2,12,0,0,0,0,0,0,0,0,0,0,0,0,0,0,4,28,0,29,-1,28,-3,29,-4,30,-5,30,-8,31,-9,31,-10,31,-12,31,-11,30,-14,30,-14,28,-15,27,-14,27,-14,26,-12,26,-10,26,-10,26,-9,27,-8,28,-6,28,-7,28,-5,29,-5,29,-6,29,-5,28,-5,28]"
618026524326300,8.073477900,89999,1861517458,-49,-98,6,0,1,7,0,0,256,0,0,"[0,0,-11,-10,-11,-10,-10,-9,-10,-9,-10,-8,-10,-8,-10,-7,-10,-6,-10,-6,-9,-5,-10,-5,-10,-5,-10,-4,-9,-4,-10,-4,-9,-4,-9,-4,-9,-3,-9,-4,-9,-3,-9,-3,-8,-4,-7,-4,-7,-4,-7,-4,-6,-4,0,0,0,0,0,0,0,0,0,0,0,0,0,0,0,0,0,0,0,0,0,0,-12,-9,-13,-10,-12,-11,-12,-12,-12,-12,-11,-13,-11,-14,-10,-14,-10,-14,-9,-15,-9,-14,-8,-14,-8,-14,-8,-13,-8,-13,-9,-12,-9,-12,-9,-12,-10,-11,-10,-11,-11,-11,-11,-11,-12,-11,-11,-11,-12,-11,-11,-10,0,0,-45,-37,-43,-39,-40,-35,-40,-32,-37,-30,-39,-27,-37,-24,-37,-24,-38,-19,-36,-18,-37,-18,-36,-16,-35,-16,-35,-13,-39,-13,-37,-12,-36,-11,-34,-11,-35,-11,-34,-12,-33,-11,-32,-12,-28,-13,-26,-14,-26,-15,-25,-14,-24,-16,-21,-17,0,0,0,0,0,0,0,0,0,0,0,0,0,0,-51,-28,-47,-35,-46,-37,-45,-40,-47,-43,-43,-44,-45,-49,-41,-52,-41,-51,-40,-56,-36,-55,-32,-59,-32,-56,-29,-54,-28,-54,-29,-52,-31,-50,-34,-47,-34,-45,-34,-46,-37,-44,-40,-43,-42,-43,-44,-40,-44,-42,-41,-42,-41,-41,-44,-40]"
618026542942200,8.092093800,90000,1861536606,-49,-98,6,0,1,7,0,0,256,0,0,"[0,0,11,10,10,9,10,9,10,8,9,8,10,7,9,7,9,6,9,5,9,4,9,4,9,4,9,4,9,3,9,3,9,3,9,3,9,2,8,3,8,3,8,3,7,3,7,3,6,3,6,3,6,3,0,0,0,0,0,0,0,0,0,0,0,0,0,0,0,0,0,0,0,0,0,0,13,9,12,10,12,10,12,11,12,12,11,13,11,14,10,14,9,15,9,14,8,14,9,14,8,13,8,13,8,13,8,12,9,12,9,12,10,11,10,11,10,11,11,11,11,11,11,10,11,10,11,10,0,0,43,38,41,36,37,33,41,34,35,31,37,28,38,26,34,24,37,21,36,19,34,15,34,15,34,14,34,14,36,13,34,12,33,12,33,12,33,12,32,13,30,13,28,14,27,13,25,14,23,14,22,15,23,17,19,16,0,0,0,0,0,0,0,0,0,0,0,0,0,0,51,25,49,31,47,34,44,36,44,43,42,42,44,48,40,49,38,53,37,54,35,56,36,57,34,55,31,53,31,51,30,50,29,46,31,47,31,45,36,47,34,43,36,42,38,40,42,42,46,42,44,40,44,40,43,36]"
618026563550000,8.112701600,90001,1861556552,-49,-98,6,0,1,7,0,0,256,0,0,"[0,0,2,14,2,14,2,14,2,13,2,12,2,12,3,11,3,11,3,10,4,10,4,9,4,9,4,9,4,8,5,8,5,8,5,8,4,8,5,8,4,8,4,7,3,8,3,8,2,7,2,7,2,7,0,0,0,0,0,0,0,0,0,0,0,0,0,0,0,0,0,0,0,0,0,0,4,15,3,15,3,16,2,16,2,17,1,17,0,17,-1,17,-2,17,-3,17,-2,16,-3,16,-2,16,-2,16,-2,15,-1,15,-1,15,0,15,0,15,1,15,1,15,2,15,2,16,2,15,2,15,2,15,0,0,10,25,10,26,10,24,10,24,9,22,11,20,11,19,11,18,11,17,11,16,12,15,12,15,13,14,12,12,13,13,13,12,13,13,12,11,12,12,12,13,11,12,9,11,9,12,8,12,8,11,6,11,7,11,5,12,0,0,0,0,0,0,0,0,0,0,0,0,0,0,17,23,14,25,12,26,12,25,11,29,9,27,8,32,6,30,8,31,5,33,3,31,2,34,2,31,1,31,1,29,1,29,3,26,4,29,5,26,5,30,5,26,8,27,9,27,9,28,10,29,10,28,10,28,10,27]"
618026584374200,8.133525800,90002,1861576696,-49,-98,6,0,1,7,0,0,256,0,0,"[0,0,4,-15,3,-15,3,-15,3,-13,2,-14,2,-13,1,-13,1,-12,0,-11,0,-11,0,-11,-1,-11,-1,-11,-1,-11,-1,-10,-1,-10,-2,-10,-1,-10,-1,-10,-1,-10,-1,-9,-1,-9,0,-9,0,-8,0,-8,1,-8,0,0,0,0,0,0,0,0,0,0,0,0,0,0,0,0,0,0,0,0,0,0,2,-16,3,-17,3,-16,4,-17,5,-17,7,-17,7,-16,8,-17,8,-16,8,-16,9,-15,8,-14,8,-14,8,-14,7,-14,7,-14,6,-14,6,-14,6,-15,5,-15,5,-15,4,-16,5,-16,4,-16,4,-16,4,-15,0,0,5,-27,5,-28,5,-28,5,-25,4,-25,2,-23,2,-24,1,-23,0,-21,-1,-20,-1,-20,-2,-20,-3,-20,-4,-19,-4,-18,-4,-19,-4,-18,-4,-18,-4,-18,-3,-17,-2,-17,-2,-17,0,-15,0,-16,0,-15,0,-14,1,-14,2,-13,0,0,0,0,0,0,0,0,0,0,0,0,0,0,-1,-29,1,-30,4,-29,5,-29,7,-30,8,-30,9,-31,12,-31,12,-31,14,-30,15,-29,16,-29,16,-27,16,-26,15,-26,14,-25,13,-27,12,-26,11,-26,10,-27,10,-28,9,-28,8,-29,7,-29,7,-28,7,-30,7,-28,7,-29]"
618026603108400,8.152260000,90003,1861596545,-49,-98,6,0,1,7,0,0,256,0,0,"[0,0,2,14,3,14,3,13,3,13,3,12,3,12,3,11,4,11,4,10,4,9,5,9,5,8,5,8,5,8,5,8,5,7,5,8,5,7,5,7,4,7,4,7,4,7,3,7,3,7,2,6,2,6,0,0,0,0,0,0,0,0,0,0,0,0,0,0,0,0,0,0,0,0,0,0,4,14,4,15,3,16,2,16,1,17,1,17,0,17,-2,17,-1,17,-2,17,-2,16,-2,16,-2,16,-2,15,-2,15,-1,15,0,14,0,15,1,15,1,15,1,15,2,15,2,16,3,15,3,15,3,15,0,0,9,24,10,25,10,25,9,23,9,21,10,21,10,19,10,19,11,17,12,15,12,15,12,13,12,14,12,13,13,13,13,12,12,13,12,12,13,12,12,12,11,12,10,12,9,12,8,10,8,11,7,11,6,11,4,12,0,0,0,0,0,0,0,0,0,0,0,0,0,0,17,22,14,25,13,25,12,26,12,29,9,28,8,31,7,31,6,32,4,33,3,32,2,32,1,31,2,30,1,29,3,29,2,28,3,28,4,27,5,28,7,27,7,27,8,27,9,27,9,27,10,27,10,27,10,26]"
618026625071700,8.174223300,90004,1861616454,-49,-98,6,0,1,7,0,0,256,0,0,"[0,0,-15,4,-14,4,-14,4,-14,4,-13,5,-12,4,-11,4,-11,5,-10,5,-10,5,-10,5,-9,6,-9,6,-8,6,-8,6,-8,6,-8,6,-8,6,-8,6,-8,5,-8,5,-7,5,-7,4,-7,4,-7,3,-7,3,0,0,0,0,0,0,0,0,0,0,0,0,0,0,0,0,0,0,0,0,0,0,-15,6,-16,6,-16,5,-16,4,-17,4,-18,3,-18,2,-18,1,-18,1,-18,0,-18,0,-17,0,-17,0,-16,0,-16,1,-16,1,-16,1,-16,2,-16,2,-16,3,-15,3,-16,4,-16,4,-16,4,-15,4,-16,4,0,0,-28,9,-27,9,-25,9,-24,9,-22,9,-22,10,-20,10,-20,10,-19,11,-17,12,-17,12,-16,12,-15,13,-14,13,-14,13,-15,13,-13,13,-13,12,-14,12,-15,11,-14,10,-14,9,-13,9,-12,8,-12,7,-13,6,-12,5,-13,5,0,0,0,0,0,0,0,0,0,0,0,0,0,0,-24,16,-25,14,-27,13,-28,11,-29,9,-30,8,-32,8,-32,6,-33,5,-34,2,-34,2,-33,2,-32,1,-31,1,-31,1,-29,2,-29,3,-28,2,-28,4,-29,4,-28,6,-28,7,-28,8,-29,8,-29,9,-28,10,-28,11,-28,10]"
618026644328500,8.193480100,90005,1861636597,-49,-98,6,0,1,7,0,0,256,0,0,"[0,0,15,-3,14,-3,13,-3,13,-3,12,-3,12,-3,11,-4,11,-4,10,-5,10,-5,10,-5,9,-5,8,-5,8,-5,9,-6,8,-6,8,-6,8,-6,8,-5,8,-5,8,-5,7,-4,7,-4,7,-3,7,-3,7,-2,0,0,0,0,0,0,0,0,0,0,0,0,0,0,0,0,0,0,0,0,0,0,15,-4,15,-4,16,-3,16,-3,17,-2,17,-1,18,-1,17,0,17,1,17,2,16,2,16,2,15,2,15,2,15,1,15,0,15,0,16,-1,15,-1,15,-2,15,-2,15,-3,16,-2,15,-2,15,-2,15,-3,0,0,26,-8,25,-11,24,-10,25,-10,22,-9,21,-11,20,-11,18,-11,18,-11,18,-12,16,-11,15,-12,14,-12,13,-13,14,-14,14,-13,13,-14,13,-12,13,-13,13,-11,13,-12,12,-10,12,-10,12,-8,12,-7,11,-7,12,-7,12,-5,0,0,0,0,0,0,0,0,0,0,0,0,0,0,24,-16,25,-13,27,-11,27,-10,29,-10,28,-9,30,-7,31,-5,31,-6,33,-3,33,-3,33,0,32,1,30,1,29,1,29,0,27,-2,29,-3,28,-5,28,-5,26,-6,27,-8,27,-8,27,-9,29,-9,27,-8,28,-9,28,-9]"
618026671126400,8.220278000,90006,1861661734,-49,-98,6,0,1,7,0,0,256,0,0,"[0,0,-16,-2,-15,-2,-15,-2,-14,-2,-13,-2,-13,-1,-13,-1,-12,0,-12,0,-12,1,-11,1,-10,1,-11,2,-10,2,-10,2,-10,2,-10,2,-10,2,-10,2,-10,2,-9,1,-9,1,-9,1,-8,0,-8,0,-8,0,0,0,0,0,0,0,0,0,0,0,0,0,0,0,0,0,0,0,0,0,0,0,-16,0,-17,-1,-17,-2,-17,-2,-17,-3,-18,-4,-18,-5,-18,-6,-17,-7,-17,-7,-16,-6,-16,-7,-15,-6,-16,-6,-15,-6,-16,-5,-15,-5,-16,-5,-15,-4,-16,-3,-16,-4,-16,-3,-16,-3,-16,-2,-16,-2,-16,-2,0,0,-29,-2,-28,-2,-27,-3,-25,-1,-25,-1,-25,1,-23,1,-22,2,-22,3,-20,4,-21,4,-20,4,-19,5,-18,6,-18,5,-19,6,-17,6,-18,5,-18,5,-18,5,-17,4,-16,3,-15,3,-15,2,-14,1,-14,1,-13,-1,-13,-2,0,0,0,0,0,0,0,0,0,0,0,0,0,0,-27,6,-29,3,-30,1,-30,-1,-30,-2,-31,-5,-32,-6,-33,-7,-32,-8,-32,-9,-32,-11,-31,-11,-30,-12,-29,-11,-29,-12,-28,-11,-28,-10,-28,-9,-28,-8,-28,-7,-28,-6,-29,-5,-28,-4,-29,-3,-29,-2,-29,-3,-29,-3,-30,-3]"
618026686319300,8.235470900,90007,1861678347,-49,-98,6,0,1,7,0,0,256,0,0,"[0,0,-6,-14,-6,-14,-6,-13,-5,-12,-6,-12,-6,-11,-6,-11,-6,-11,-6,-10,-6,-9,-6,-9,-7,-9,-7,-9,-7,-8,-7,-8,-7,-7,-7,-7,-7,-7,-7,-7,-6,-7,-6,-7,-6,-7,-5,-7,-5,-7,-4,-7,-4,-7,0,0,0,0,0,0,0,0,0,0,0,0,0,0,0,0,0,0,0,0,0,0,-8,-14,-7,-14,-7,-15,-6,-16,-6,-16,-5,-17,-4,-17,-4,-17,-4,-18,-2,-17,-2,-16,-2,-16,-2,-16,-2,-16,-3,-16,-3,-15,-3,-15,-4,-15,-4,-15,-5,-15,-6,-15,-6,-15,-6,-15,-6,-15,-6,-15,-6,-14,0,0,-7,-28,-6,-29,-6,-27,-7,-25,-7,-25,-8,-22,-8,-22,-9,-20,-9,-19,-10,-19,-10,-17,-10,-17,-10,-17,-11,-16,-12,-16,-12,-15,-11,-15,-11,-15,-11,-14,-10,-15,-9,-15,-7,-15,-7,-14,-7,-14,-6,-13,-6,-13,-4,-13,-4,-13,0,0,0,0,0,0,0,0,0,0,0,0,0,0,-14,-26,-11,-27,-10,-28,-8,-29,-7,-30,-5,-31,-4,-32,-3,-33,-2,-33,-1,-34,1,-33,2,-33,3,-32,2,-31,4,-31,1,-30,0,-29,-1,-29,-1,-28,-3,-29,-3,-29,-4,-28,-5,-29,-6,-30,-5,-29,-5,-29,-6,-30,-6,-29]"
618026705738900,8.254890500,90008,1861697727,-50,-98,6,0,1,7,0,0,256,0,0,"[0,0,-16,-4,-15,-3,-14,-3,-14,-3,-14,-3,-13,-2,-13,-2,-12,-1,-12,-1,-12,0,-11,0,-11,0,-11,1,-10,1,-11,2,-10,2,-10,1,-11,1,-10,1,-10,0,-9,0,-9,0,-9,0,-8,0,-8,-1,-8,-1,0,0,0,0,0,0,0,0,0,0,0,0,0,0,0,0,0,0,0,0,0,0,-16,-2,-17,-3,-17,-3,-17,-4,-17,-5,-17,-6,-17,-7,-17,-8,-17,-8,-16,-9,-15,-8,-15,-9,-15,-8,-14,-8,-14,-7,-15,-7,-15,-6,-15,-6,-15,-6,-15,-5,-15,-5,-16,-5,-16,-4,-16,-4,-16,-3,-16,-4,0,0,-28,-7,-27,-6,-27,-6,-25,-4,-25,-4,-24,-3,-23,-3,-23,-1,-22,-1,-21,1,-21,2,-19,3,-19,3,-18,3,-19,4,-19,4,-18,4,-19,3,-19,3,-17,2,-17,2,-16,1,-15,2,-15,1,-15,0,-15,0,-13,-1,-13,-2,0,0,0,0,0,0,0,0,0,0,0,0,0,0,-29,1,-29,-1,-30,-3,-30,-6,-29,-7,-30,-10,-30,-10,-32,-12,-31,-14,-31,-15,-29,-17,-29,-15,-29,-16,-28,-15,-27,-14,-27,-13,-26,-13,-26,-13,-27,-13,-26,-11,-28,-10,-28,-10,-28,-8,-29,-9,-28,-7,-29,-6,-28,-7,-30,-6]"
618026724905700,8.274057300,90009,1861716586,-49,-98,6,0,1,7,0,0,256,0,0,"[0,0,12,-8,11,-8,11,-8,11,-8,10,-8,9,-8,9,-8,8,-8,8,-8,7,-8,7,-8,6,-8,6,-8,5,-9,5,-9,5,-9,5,-9,5,-9,5,-8,5,-8,5,-7,5,-7,5,-7,4,-6,5,-6,5,-5,0,0,0,0,0,0,0,0,0,0,0,0,0,0,0,0,0,0,0,0,0,0,12,-9,13,-9,13,-8,14,-8,15,-7,16,-6,16,-5,16,-5,16,-5,16,-4,16,-4,15,-3,14,-4,15,-4,14,-4,14,-5,14,-5,13,-6,13,-6,13,-7,13,-7,13,-8,13,-8,13,-8,13,-8,13,-8,0,0,26,-11,25,-13,24,-13,23,-12,22,-12,20,-12,19,-12,18,-12,16,-12,16,-12,15,-13,13,-13,13,-14,13,-14,13,-15,12,-14,12,-14,12,-14,12,-13,12,-12,12,-11,11,-11,12,-10,11,-11,11,-8,11,-7,11,-8,11,-7,0,0,0,0,0,0,0,0,0,0,0,0,0,0,21,-19,24,-15,26,-14,27,-13,28,-13,28,-12,30,-10,32,-9,32,-8,33,-6,31,-5,32,-4,31,-3,30,-3,29,-3,29,-4,28,-5,28,-6,27,-6,27,-7,28,-8,27,-10,27,-11,26,-12,27,-11,26,-13,27,-12,27,-12]"
618026745958500,8.295110100,90010,1861736606,-49,-98,6,0,1,7,0,0,256,0,0,"[0,0,5,-14,4,-14,4,-14,4,-13,4,-13,3,-12,2,-12,2,-12,2,-11,1,-11,1,-11,0,-11,0,-10,0,-10,-1,-10,0,-10,-1,-10,0,-10,0,-10,0,-10,0,-9,0,-9,1,-9,1,-8,1,-7,1,-7,0,0,0,0,0,0,0,0,0,0,0,0,0,0,0,0,0,0,0,0,0,0,3,-15,3,-16,4,-15,5,-16,6,-16,8,-16,8,-16,9,-15,9,-15,9,-14,10,-14,9,-13,9,-13,8,-13,8,-13,8,-13,7,-13,7,-13,6,-14,6,-14,6,-14,5,-15,6,-15,5,-15,5,-15,5,-15,0,0,18,-53,17,-56,15,-53,15,-49,13,-46,12,-47,9,-44,10,-44,8,-41,3,-39,2,-39,-1,-39,-2,-40,-2,-38,-1,-39,-3,-39,-3,-38,-2,-36,-1,-35,1,-34,2,-33,3,-32,2,-33,2,-30,4,-28,6,-26,7,-27,8,-25,0,0,0,0,0,0,0,0,0,0,0,0,0,0,-3,-60,4,-59,10,-60,13,-56,17,-62,19,-59,27,-60,26,-59,29,-58,32,-57,34,-54,36,-57,35,-55,35,-52,33,-52,31,-48,29,-50,29,-50,26,-49,27,-52,25,-53,22,-54,20,-56,20,-55,19,-57,18,-57,17,-58,18,-58]"
618026764463700,8.313615300,90011,1861756641,-49,-98,6,0,1,7,0,0,256,0,0,"[0,0,-8,-13,-8,-13,-8,-13,-8,-12,-8,-12,-8,-11,-8,-10,-8,-10,-8,-9,-8,-9,-8,-8,-8,-8,-8,-7,-9,-7,-8,-7,-9,-6,-8,-7,-8,-6,-8,-6,-8,-7,-7,-7,-7,-7,-6,-7,-6,-7,-5,-6,-5,-6,0,0,0,0,0,0,0,0,0,0,0,0,0,0,0,0,0,0,0,0,0,0,-11,-12,-10,-13,-10,-14,-10,-15,-9,-16,-8,-17,-7,-17,-7,-17,-6,-17,-6,-17,-5,-17,-5,-16,-5,-16,-5,-16,-5,-16,-6,-15,-6,-15,-7,-14,-7,-15,-7,-14,-8,-14,-8,-15,-8,-14,-9,-14,-9,-14,-9,-14,0,0,-15,-23,-16,-24,-15,-22,-15,-20,-15,-20,-15,-19,-14,-19,-15,-16,-15,-16,-15,-14,-15,-13,-16,-13,-16,-12,-15,-11,-17,-11,-16,-11,-16,-11,-15,-10,-15,-11,-14,-11,-14,-11,-12,-11,-11,-11,-11,-11,-10,-11,-9,-10,-8,-11,-7,-11,0,0,0,0,0,0,0,0,0,0,0,0,0,0,-23,-18,-21,-21,-20,-22,-18,-23,-18,-26,-17,-26,-16,-29,-14,-30,-14,-31,-12,-32,-11,-32,-11,-32,-10,-31,-10,-30,-10,-29,-10,-28,-10,-27,-11,-27,-11,-27,-12,-27,-13,-25,-14,-26,-14,-27,-16,-26,-17,-26,-17,-25,-16,-25,-16,-25]"
618026784921800,8.334073400,90012,1861776552,-49,-98,6,0,1,7,0,0,256,0,0,"[0,0,14,-8,12,-8,12,-8,11,-8,11,-8,10,-8,9,-8,9,-8,9,-8,8,-8,7,-8,6,-8,6,-9,6,-9,6,-9,6,-9,5,-9,6,-9,6,-8,6,-8,6,-7,5,-7,6,-6,5,-6,5,-6,5,-5,0,0,0,0,0,0,0,0,0,0,0,0,0,0,0,0,0,0,0,0,0,0,13,-10,13,-10,14,-9,15,-9,15,-8,16,-8,17,-7,17,-6,17,-6,17,-5,16,-5,16,-5,16,-4,15,-5,15,-5,15,-5,15,-6,15,-6,14,-7,14,-7,14,-8,14,-8,14,-8,14,-9,13,-9,14,-9,0,0,24,-13,24,-15,21,-15,22,-14,20,-13,18,-14,18,-13,17,-13,16,-14,15,-15,14,-14,13,-14,12,-15,11,-16,11,-15,11,-14,11,-15,11,-14,10,-14,11,-13,11,-13,10,-12,11,-11,10,-10,10,-9,10,-9,11,-8,11,-7,0,0,0,0,0,0,0,0,0,0,0,0,0,0,19,-21,22,-19,24,-16,24,-16,26,-16,27,-14,29,-14,29,-12,31,-12,32,-9,31,-9,32,-8,31,-6,30,-6,28,-6,27,-7,27,-8,28,-9,26,-9,27,-10,25,-11,25,-13,26,-13,26,-14,27,-14,25,-16,25,-14,25,-14]"
618026807309200,8.356460800,90013,1861798899,-49,-98,6,0,1,7,0,0,256,0,0,"[0,0,7,-14,7,-14,6,-13,7,-12,5,-12,5,-12,4,-12,4,-12,3,-11,3,-11,2,-11,2,-11,1,-11,1,-11,1,-11,1,-11,1,-10,1,-10,1,-10,1,-10,1,-9,2,-9,1,-8,2,-8,2,-8,2,-7,0,0,0,0,0,0,0,0,0,0,0,0,0,0,0,0,0,0,0,0,0,0,7,-15,8,-15,8,-14,9,-14,10,-14,11,-14,12,-13,12,-13,13,-12,13,-12,13,-12,12,-11,12,-11,11,-11,11,-11,11,-11,10,-12,10,-12,9,-13,9,-13,8,-13,8,-14,9,-14,8,-14,8,-14,8,-15,0,0,23,-51,22,-51,21,-50,19,-47,18,-46,14,-47,11,-45,10,-43,10,-43,7,-41,5,-39,4,-39,2,-39,-2,-39,0,-38,1,-37,-1,-36,1,-38,1,-37,3,-35,1,-32,3,-32,3,-32,5,-29,6,-28,5,-26,8,-25,10,-25,0,0,0,0,0,0,0,0,0,0,0,0,0,0,9,-56,17,-57,21,-56,23,-55,28,-56,30,-53,33,-57,36,-54,40,-53,40,-53,43,-50,42,-51,43,-46,42,-44,42,-44,38,-45,36,-44,35,-43,35,-45,32,-46,32,-48,28,-51,25,-51,27,-53,27,-54,25,-53,25,-54,24,-55]"
618026824809400,8.373961000,90014,1861816594,-49,-98,6,0,1,7,0,0,256,0,0,"[0,0,-2,-15,-3,-15,-2,-15,-2,-14,-3,-14,-3,-13,-3,-13,-3,-12,-3,-11,-4,-11,-4,-10,-5,-10,-5,-10,-5,-10,-5,-9,-5,-9,-5,-10,-5,-9,-5,-9,-4,-9,-4,-8,-3,-9,-3,-8,-3,-8,-3,-8,-2,-8,0,0,0,0,0,0,0,0,0,0,0,0,0,0,0,0,0,0,0,0,0,0,-5,-16,-4,-16,-3,-17,-2,-17,-2,-18,-1,-18,0,-18,1,-18,2,-18,2,-18,2,-17,2,-17,2,-17,2,-17,1,-16,1,-16,1,-16,0,-16,0,-16,-1,-16,-2,-16,-2,-17,-2,-16,-2,-17,-2,-16,-2,-16,0,0,-8,-28,-9,-27,-7,-27,-8,-23,-8,-24,-8,-22,-8,-22,-10,-21,-9,-19,-10,-18,-11,-17,-11,-17,-11,-17,-12,-16,-12,-16,-12,-15,-12,-15,-12,-16,-11,-14,-11,-14,-9,-15,-8,-14,-7,-14,-7,-14,-7,-13,-6,-13,-4,-14,-4,-13,0,0,0,0,0,0,0,0,0,0,0,0,0,0,-16,-25,-13,-27,-12,-28,-10,-30,-8,-29,-8,-31,-6,-31,-4,-33,-4,-33,-2,-33,0,-33,0,-33,1,-32,0,-31,1,-30,0,-30,1,-30,-2,-28,-2,-28,-3,-29,-4,-29,-6,-28,-6,-30,-7,-29,-7,-29,-7,-29,-8,-29,-9,-29]"
618026845210200,8.394361800,90015,1861836597,-49,-98,6,0,1,7,0,0,256,0,0,"[0,0,-8,-14,-8,-14,-8,-13,-8,-13,-8,-12,-8,-11,-8,-10,-8,-10,-8,-9,-8,-9,-8,-8,-8,-8,-8,-7,-8,-7,-9,-7,-8,-6,-8,-7,-8,-6,-8,-6,-7,-6,-7,-6,-7,-7,-6,-7,-6,-7,-5,-6,-5,-6,0,0,0,0,0,0,0,0,0,0,0,0,0,0,0,0,0,0,0,0,0,0,-10,-13,-9,-14,-9,-15,-8,-16,-7,-17,-7,-17,-6,-17,-6,-17,-5,-18,-4,-18,-4,-18,-4,-17,-4,-17,-4,-16,-5,-16,-5,-15,-5,-15,-6,-15,-6,-15,-7,-15,-7,-14,-8,-15,-8,-15,-8,-15,-8,-15,-8,-14,0,0,-12,-26,-12,-27,-11,-24,-12,-23,-11,-22,-11,-22,-12,-21,-13,-19,-12,-18,-13,-17,-13,-16,-14,-15,-14,-15,-13,-14,-15,-13,-15,-13,-14,-14,-14,-13,-14,-13,-13,-13,-12,-13,-11,-13,-10,-13,-9,-12,-9,-11,-8,-12,-7,-13,-6,-12,0,0,0,0,0,0,0,0,0,0,0,0,0,0,-20,-23,-16,-25,-15,-27,-14,-26,-13,-29,-11,-29,-10,-31,-9,-31,-7,-32,-6,-34,-5,-32,-5,-33,-4,-33,-4,-32,-3,-31,-4,-30,-5,-29,-6,-29,-6,-27,-7,-29,-9,-27,-9,-28,-9,-28,-11,-28,-12,-28,-12,-27,-12,-27,-13,-27]"
618026863378300,8.412529900,90016,1861856534,-49,-98,6,0,1,7,0,0,256,0,0,"[0,0,5,-14,3,-14,3,-14,3,-13,3,-13,3,-13,2,-12,1,-12,1,-11,1,-11,0,-11,-1,-11,-1,-10,-1,-10,-1,-10,-1,-10,-1,-10,-1,-10,-1,-10,0,-9,0,-9,-1,-9,0,-8,0,-8,1,-8,1,-7,0,0,0,0,0,0,0,0,0,0,0,0,0,0,0,0,0,0,0,0,0,0,2,-15,4,-16,4,-16,5,-15,6,-16,7,-16,8,-15,9,-15,9,-14,9,-14,9,-14,9,-13,9,-13,8,-13,8,-13,7,-14,7,-13,7,-14,6,-14,6,-14,5,-15,5,-15,5,-15,4,-15,4,-15,4,-15,0,0,16,-54,16,-57,13,-52,12,-50,11,-47,9,-46,10,-45,7,-44,5,-41,2,-41,0,-40,-1,-40,-4,-38,-4,-37,-4,-37,-5,-36,-6,-38,-5,-35,-3,-37,-1,-33,-1,-33,1,-32,0,-33,1,-30,1,-29,3,-27,5,-28,6,-25,0,0,0,0,0,0,0,0,0,0,0,0,0,0,3,-58,9,-56,12,-58,17,-54,19,-59,22,-59,26,-60,28,-58,33,-57,37,-54,37,-53,39,-55,37,-52,37,-49,36,-48,33,-48,31,-48,28,-51,25,-49,27,-52,24,-52,21,-54,23,-53,21,-57,23,-56,19,-58,19,-58,19,-55]"
618026888977000,8.438128600,90017,1861882719,-49,-98,6,0,1,7,0,0,256,0,0,"[0,0,1,15,1,15,1,14,1,13,1,13,2,12,2,12,2,11,2,10,3,10,3,9,4,9,4,9,4,9,4,8,4,8,4,8,4,8,4,8,3,8,3,8,2,8,2,7,2,7,1,7,1,6,0,0,0,0,0,0,0,0,0,0,0,0,0,0,0,0,0,0,0,0,0,0,3,15,3,15,2,16,1,16,0,17,-1,17,-1,17,-3,17,-3,17,-3,17,-3,16,-3,16,-3,15,-3,15,-2,15,-2,15,-2,15,-1,15,-1,15,0,15,0,15,1,15,1,16,1,16,1,15,1,15,0,0,3,26,4,27,4,25,4,25,3,24,5,23,4,22,5,20,5,20,6,19,8,18,8,18,9,17,8,16,9,16,9,15,8,16,8,15,8,15,7,15,7,14,5,15,6,14,5,13,3,12,3,12,2,12,1,13,0,0,0,0,0,0,0,0,0,0,0,0,0,0,12,27,9,27,6,27,5,28,4,30,3,30,1,32,-1,31,-2,33,-4,32,-5,32,-6,32,-6,30,-6,31,-6,30,-4,28,-4,27,-1,27,-2,28,-2,28,0,28,1,28,1,28,2,30,3,28,4,28,4,29,4,29]"
618026908970300,8.458121900,90018,1861900896,-49,-98,6,0,1,7,0,0,256,0,0,"[0,0,-9,-13,-10,-13,-9,-12,-9,-12,-9,-11,-8,-11,-9,-10,-9,-9,-9,-8,-9,-8,-9,-7,-9,-7,-9,-6,-9,-6,-9,-6,-9,-5,-9,-6,-9,-5,-8,-5,-8,-6,-7,-6,-8,-6,-7,-6,-7,-5,-6,-5,-6,-5,0,0,0,0,0,0,0,0,0,0,0,0,0,0,0,0,0,0,0,0,0,0,-10,-13,-9,-14,-9,-15,-8,-15,-9,-17,-7,-17,-7,-17,-6,-18,-6,-17,-5,-18,-5,-17,-5,-16,-5,-16,-5,-16,-5,-15,-6,-15,-6,-14,-7,-15,-7,-14,-8,-15,-8,-15,-9,-14,-9,-14,-10,-14,-9,-13,-9,-14,0,0,-18,-24,-17,-23,-17,-22,-17,-19,-17,-20,-15,-19,-16,-18,-16,-17,-16,-15,-16,-13,-17,-12,-17,-10,-17,-11,-17,-11,-17,-10,-18,-9,-16,-10,-17,-9,-15,-9,-14,-10,-15,-10,-13,-9,-13,-10,-13,-9,-12,-9,-11,-9,-10,-10,-9,-10,0,0,0,0,0,0,0,0,0,0,0,0,0,0,-21,-19,-20,-22,-20,-23,-18,-25,-16,-27,-16,-27,-15,-30,-14,-30,-12,-31,-11,-32,-11,-32,-10,-31,-10,-31,-10,-29,-9,-30,-10,-29,-10,-29,-11,-27,-12,-26,-12,-26,-14,-27,-14,-26,-14,-26,-17,-27,-16,-25,-18,-25,-18,-24,-18,-24]"
618026923323600,8.472475200,90019,1861916603,-49,-98,6,0,1,7,0,0,256,0,0,"[0,0,-16,-1,-16,-1,-15,-1,-14,-1,-14,0,-14,1,-13,1,-12,1,-12,2,-11,1,-11,2,-10,2,-10,2,-10,3,-10,3,-10,3,-10,3,-10,3,-10,3,-9,2,-9,2,-9,2,-9,1,-8,1,-8,0,-7,0,0,0,0,0,0,0,0,0,0,0,0,0,0,0,0,0,0,0,0,0,0,0,-16,0,-17,0,-17,-1,-17,-2,-18,-3,-18,-4,-18,-4,-18,-5,-18,-6,-17,-6,-17,-7,-16,-6,-16,-6,-15,-6,-15,-5,-16,-4,-16,-4,-16,-4,-16,-3,-16,-2,-16,-2,-16,-2,-17,-1,-16,-1,-16,-1,-16,-1,0,0,-28,-3,-28,-3,-26,-2,-26,-1,-25,-1,-23,0,-23,0,-23,2,-21,2,-21,3,-20,3,-20,4,-18,5,-18,5,-19,5,-18,5,-17,6,-18,5,-17,4,-17,5,-16,3,-15,3,-15,3,-14,2,-14,2,-13,0,-14,0,-13,-1,0,0,0,0,0,0,0,0,0,0,0,0,0,0,-29,5,-29,2,-30,0,-29,-2,-32,-3,-31,-4,-32,-7,-33,-8,-34,-10,-33,-12,-31,-11,-31,-14,-31,-13,-29,-13,-28,-12,-27,-11,-26,-10,-29,-9,-28,-8,-29,-8,-28,-7,-29,-5,-29,-5,-29,-3,-31,-5,-30,-4,-30,-3,-30,-2]"
618026943777500,8.492929100,90020,1861936616,-49,-98,6,0,1,7,0,0,256,0,0,"[0,0,-12,7,-11,7,-11,6,-11,6,-10,6,-10,6,-9,6,-8,7,-8,6,-7,6,-7,7,-6,6,-6,6,-5,7,-6,7,-5,7,-5,7,-5,7,-5,7,-5,6,-5,6,-5,5,-5,5,-5,5,-5,4,-5,4,0,0,0,0,0,0,0,0,0,0,0,0,0,0,0,0,0,0,0,0,0,0,-12,7,-13,7,-13,6,-14,6,-15,6,-16,5,-16,4,-16,4,-16,3,-16,3,-16,3,-15,2,-15,2,-14,3,-14,3,-14,4,-14,4,-14,5,-13,5,-13,5,-13,6,-12,6,-13,6,-13,7,-12,6,-13,6,0,0,-46,33,-45,34,-43,31,-41,31,-38,31,-35,30,-33,29,-31,31,-30,28,-25,30,-24,32,-21,31,-20,33,-19,32,-19,32,-18,31,-17,33,-17,29,-19,30,-21,28,-20,24,-18,25,-17,25,-16,23,-16,21,-17,18,-19,19,-19,16,0,0,0,0,0,0,0,0,0,0,0,0,0,0,-38,42,-42,40,-46,38,-49,31,-53,33,-53,30,-58,30,-61,27,-61,21,-65,19,-64,17,-64,17,-61,20,-60,19,-59,19,-55,20,-54,20,-53,21,-52,20,-53,24,-50,26,-51,27,-51,27,-49,29,-50,33,-48,34,-46,35,-48,35]"
618026964378100,8.513529700,90021,1861956590,-49,-98,6,0,1,7,0,0,256,0,0,"[0,0,-16,4,-15,4,-14,4,-14,4,-13,4,-12,4,-12,5,-11,4,-11,4,-10,5,-10,5,-9,5,-9,5,-9,6,-8,6,-9,6,-8,6,-8,6,-8,5,-8,5,-8,4,-7,4,-7,4,-7,3,-7,3,-7,2,0,0,0,0,0,0,0,0,0,0,0,0,0,0,0,0,0,0,0,0,0,0,-15,6,-16,6,-16,5,-17,4,-17,3,-18,2,-18,2,-19,1,-18,0,-18,0,-18,-1,-17,0,-17,0,-16,0,-16,0,-16,1,-16,1,-16,2,-16,2,-16,3,-16,3,-16,4,-16,4,-16,4,-15,4,-16,4,0,0,-29,5,-27,6,-27,6,-26,6,-24,7,-22,7,-22,6,-20,8,-20,8,-18,9,-18,9,-18,10,-16,11,-16,10,-16,11,-15,10,-14,11,-15,11,-15,9,-16,9,-15,8,-14,7,-14,7,-12,6,-13,5,-12,4,-13,4,-12,3,0,0,0,0,0,0,0,0,0,0,0,0,0,0,-25,13,-28,11,-29,10,-29,8,-30,6,-30,4,-32,4,-33,3,-33,1,-34,-1,-34,-3,-32,-2,-32,-3,-31,-3,-30,-3,-30,-2,-30,0,-29,-1,-29,0,-29,1,-29,3,-29,4,-29,4,-30,4,-29,6,-29,7,-29,7,-29,5]"
618026983282000,8.532433600,90022,1861976742,-49,-98,6,0,1,7,0,0,256,0,0,"[0,0,14,-7,12,-7,12,-7,12,-7,11,-7,10,-7,10,-7,9,-7,8,-7,8,-8,7,-8,7,-8,6,-8,6,-8,6,-8,6,-8,6,-8,6,-7,6,-7,6,-7,6,-7,6,-6,6,-6,5,-5,5,-5,5,-4,0,0,0,0,0,0,0,0,0,0,0,0,0,0,0,0,0,0,0,0,0,0,13,-9,13,-9,14,-8,14,-7,15,-7,16,-7,17,-6,17,-5,17,-4,17,-4,16,-4,16,-4,15,-4,15,-4,15,-4,14,-4,14,-4,15,-5,14,-6,14,-6,14,-6,14,-6,14,-7,13,-8,14,-7,14,-7,0,0,24,-11,25,-13,22,-13,23,-12,20,-11,20,-12,18,-12,17,-13,16,-12,16,-13,14,-12,12,-13,12,-14,12,-13,13,-14,12,-14,12,-15,11,-13,11,-13,12,-12,12,-12,11,-11,11,-10,11,-10,10,-8,10,-7,11,-8,10,-6,0,0,0,0,0,0,0,0,0,0,0,0,0,0,21,-19,24,-16,24,-15,25,-13,28,-14,26,-12,30,-11,30,-8,31,-8,32,-7,31,-6,33,-3,32,-4,30,-4,29,-4,28,-5,27,-5,28,-7,26,-6,28,-7,25,-8,26,-9,26,-10,26,-12,27,-12,27,-12,26,-13,26,-12]"
618027004715900,8.553867500,90023,1861996594,-49,-98,6,0,1,7,0,0,256,0,0,"[0,0,-12,10,-12,10,-10,9,-11,9,-10,9,-9,9,-8,9,-8,9,-7,9,-7,9,-6,9,-6,8,-5,9,-5,9,-5,9,-5,9,-4,9,-5,8,-5,8,-5,8,-5,7,-5,7,-5,6,-4,6,-5,5,-5,5,0,0,0,0,0,0,0,0,0,0,0,0,0,0,0,0,0,0,0,0,0,0,-12,11,-12,11,-13,11,-13,10,-15,10,-15,9,-16,9,-16,8,-16,8,-17,7,-16,6,-16,6,-15,6,-15,6,-14,7,-14,7,-14,7,-14,8,-13,8,-13,9,-13,9,-13,10,-13,10,-12,10,-12,10,-12,10,0,0,-20,20,-20,20,-17,19,-18,18,-17,18,-15,19,-13,17,-12,18,-11,17,-10,17,-10,17,-9,17,-8,17,-7,16,-7,18,-6,17,-7,17,-7,16,-6,15,-7,15,-8,15,-7,14,-7,13,-7,12,-8,10,-8,10,-8,10,-8,9,0,0,0,0,0,0,0,0,0,0,0,0,0,0,-14,25,-17,23,-19,22,-20,21,-21,23,-22,21,-25,20,-26,19,-27,19,-28,18,-28,16,-29,16,-29,15,-28,13,-28,13,-25,14,-25,15,-25,16,-23,15,-24,16,-23,17,-21,19,-22,19,-21,20,-23,21,-21,21,-20,21,-21,20]"
618027024943000,8.574094600,90024,1862018539,-49,-98,6,0,1,7,0,0,256,0,0,"[0,0,-16,0,-15,0,-14,0,-14,0,-13,0,-13,1,-12,1,-12,2,-11,2,-11,2,-10,2,-10,3,-10,3,-9,3,-9,4,-9,4,-9,4,-9,3,-9,3,-9,3,-9,3,-8,2,-8,2,-8,2,-8,1,-7,1,0,0,0,0,0,0,0,0,0,0,0,0,0,0,0,0,0,0,0,0,0,0,-16,1,-16,0,-16,-1,-17,-1,-17,-2,-17,-3,-18,-3,-18,-5,-17,-5,-17,-6,-17,-6,-16,-5,-16,-5,-15,-4,-15,-4,-15,-4,-15,-3,-16,-3,-15,-2,-15,-2,-16,-1,-16,-1,-16,0,-16,0,-16,0,-16,0,0,0,-29,2,-29,2,-26,2,-26,2,-23,3,-23,3,-22,4,-23,5,-20,5,-19,6,-19,7,-19,7,-17,8,-17,8,-17,8,-17,8,-16,8,-17,8,-17,8,-16,6,-16,6,-15,6,-14,6,-14,4,-13,4,-13,3,-13,3,-13,1,0,0,0,0,0,0,0,0,0,0,0,0,0,0,-28,7,-29,4,-30,2,-29,1,-31,0,-31,-2,-32,-4,-33,-6,-33,-6,-33,-10,-32,-9,-33,-10,-32,-10,-30,-10,-29,-8,-28,-8,-28,-7,-29,-6,-29,-6,-29,-5,-28,-3,-29,-1,-29,-2,-30,-1,-31,-1,-30,0,-29,1,-30,0]"
618027045249400,8.594401000,90025,1862036858,-50,-98,6,0,1,7,0,0,256,0,0,"[0,0,-15,2,-14,1,-14,1,-14,2,-13,2,-12,2,-12,2,-11,3,-11,3,-10,4,-10,3,-9,4,-9,4,-9,4,-9,4,-9,4,-8,5,-9,4,-9,4,-9,4,-8,3,-7,3,-7,3,-7,2,-7,2,-7,2,0,0,0,0,0,0,0,0,0,0,0,0,0,0,0,0,0,0,0,0,0,0,-15,3,-16,3,-16,2,-17,1,-17,1,-18,0,-18,-1,-18,-2,-18,-3,-17,-3,-17,-3,-17,-3,-16,-2,-16,-2,-16,-2,-15,-2,-16,-1,-15,-1,-16,0,-15,0,-16,1,-15,1,-16,2,-16,2,-15,2,-16,2,0,0,-29,3,-27,3,-27,2,-25,2,-25,4,-23,4,-23,3,-21,5,-21,6,-19,6,-19,6,-18,7,-18,8,-17,8,-17,8,-16,8,-16,9,-17,8,-16,8,-16,7,-14,6,-14,5,-13,5,-14,4,-14,3,-14,3,-13,3,-14,1,0,0,0,0,0,0,0,0,0,0,0,0,0,0,-27,8,-29,6,-30,4,-32,3,-30,1,-32,0,-32,-2,-34,-3,-33,-4,-34,-6,-33,-7,-32,-8,-31,-8,-31,-8,-30,-8,-30,-7,-29,-5,-28,-5,-29,-4,-28,-4,-29,-2,-29,-1,-28,0,-30,0,-30,1,-30,1,-30,2,-30,1]"
618027063900600,8.613052200,90026,1862056556,-49,-98,6,0,1,7,0,0,256,0,0,"[0,0,-8,13,-7,12,-7,12,-7,11,-6,12,-6,11,-5,11,-5,10,-4,10,-4,10,-4,10,-3,10,-3,9,-2,10,-2,10,-2,9,-2,9,-2,9,-2,9,-2,8,-2,8,-2,8,-3,7,-3,7,-3,6,-3,6,0,0,0,0,0,0,0,0,0,0,0,0,0,0,0,0,0,0,0,0,0,0,-6,14,-7,14,-8,15,-9,14,-10,14,-11,14,-11,13,-12,13,-12,13,-12,12,-13,11,-12,11,-12,11,-12,11,-11,11,-11,11,-10,11,-10,12,-10,12,-9,13,-9,13,-8,13,-9,13,-9,13,-8,13,-8,13,0,0,-24,48,-25,50,-23,49,-20,45,-20,44,-18,44,-17,43,-15,42,-12,39,-10,38,-6,38,-6,38,-6,40,-5,38,-2,36,-2,35,-1,36,-5,35,-5,33,-5,32,-7,31,-6,31,-6,28,-7,27,-8,25,-8,25,-10,24,-11,23,0,0,0,0,0,0,0,0,0,0,0,0,0,0,-9,57,-17,55,-20,54,-25,56,-27,54,-29,55,-33,53,-38,54,-38,52,-43,50,-45,49,-46,47,-44,45,-44,43,-43,42,-40,42,-40,44,-36,43,-36,44,-33,46,-33,49,-31,49,-31,49,-30,52,-30,49,-29,54,-26,52,-26,53]"
618027083102500,8.632254100,90027,1862076650,-49,-98,6,0,1,7,0,0,256,0,0,"[0,0,15,0,14,0,13,0,14,-1,13,-1,12,-1,12,-1,11,-2,10,-3,11,-3,10,-3,10,-3,9,-4,9,-4,9,-4,9,-4,9,-4,9,-4,9,-4,9,-4,8,-3,7,-3,7,-2,7,-2,7,-2,7,-1,0,0,0,0,0,0,0,0,0,0,0,0,0,0,0,0,0,0,0,0,0,0,16,-1,16,0,16,0,16,1,17,2,17,3,18,4,17,5,17,5,16,5,16,5,16,5,15,5,15,5,15,4,15,3,14,3,15,3,15,2,16,1,15,1,15,0,16,1,16,0,15,0,16,0,0,0,26,-2,29,-4,25,-3,25,-3,24,-4,22,-5,21,-4,20,-5,20,-7,18,-7,18,-8,17,-9,16,-8,16,-8,16,-9,16,-8,15,-9,16,-8,15,-9,15,-8,14,-7,14,-6,13,-7,12,-6,12,-5,12,-4,12,-4,11,-2,0,0,0,0,0,0,0,0,0,0,0,0,0,0,27,-10,27,-7,28,-6,28,-4,31,-3,30,-2,32,1,31,2,32,3,32,6,32,7,32,6,30,7,30,6,28,7,28,5,26,5,29,2,27,2,29,3,27,1,27,0,28,0,28,-1,30,-2,29,-2,29,-4,29,-3]"
618027102492800,8.651644400,90028,1862096556,-49,-98,6,0,1,7,0,0,256,0,0,"[0,0,-2,15,-2,14,-2,14,-2,13,-1,13,-1,12,0,12,0,11,0,11,1,10,1,9,2,9,2,10,3,10,2,9,2,9,3,9,2,9,2,8,2,8,1,8,1,8,1,7,0,7,0,7,0,7,0,0,0,0,0,0,0,0,0,0,0,0,0,0,0,0,0,0,0,0,0,0,-1,15,-2,16,-2,16,-3,17,-4,16,-5,17,-6,17,-6,16,-7,16,-7,16,-7,15,-8,15,-7,15,-7,14,-6,15,-5,14,-5,14,-4,14,-4,15,-3,15,-3,15,-3,15,-3,15,-2,15,-2,15,-3,15,0,0,-3,28,-3,26,-3,25,-2,25,-2,23,-1,23,0,22,0,21,2,20,2,19,2,18,3,19,4,18,4,18,5,17,5,16,5,17,4,17,4,15,4,16,3,15,3,15,2,15,1,14,1,13,1,12,0,12,-1,12,0,0,0,0,0,0,0,0,0,0,0,0,0,0,4,28,-1,29,-2,29,-4,29,-6,30,-7,29,-8,31,-10,31,-11,31,-12,30,-14,30,-15,29,-15,28,-14,27,-14,26,-13,27,-12,26,-10,26,-10,26,-9,27,-8,27,-7,28,-5,28,-6,30,-5,29,-4,29,-3,29,-5,28]"
618027122227400,8.671379000,90029,1862116629,-49,-98,6,0,1,7,0,0,256,0,0,"[0,0,14,2,14,2,13,2,13,1,12,1,12,1,11,0,10,0,10,-1,10,-1,10,-2,9,-2,9,-2,9,-3,9,-3,9,-3,8,-3,9,-3,9,-2,9,-2,8,-2,8,-1,7,-1,7,-1,7,-1,7,-1,0,0,0,0,0,0,0,0,0,0,0,0,0,0,0,0,0,0,0,0,0,0,15,0,15,1,15,2,15,3,16,3,16,5,16,5,16,6,15,7,15,7,15,7,14,6,13,6,13,6,13,6,13,5,13,5,14,4,14,4,14,3,14,3,14,3,15,3,15,2,14,2,15,2,0,0,26,8,27,6,24,6,26,6,22,5,23,3,21,3,21,2,20,2,20,0,20,0,19,-2,17,-2,17,-3,19,-3,18,-3,18,-4,17,-3,17,-2,16,-1,15,-1,15,-2,15,-1,14,-1,13,1,13,1,13,1,11,2,0,0,0,0,0,0,0,0,0,0,0,0,0,0,29,0,28,4,28,5,27,6,30,8,28,9,29,12,29,13,30,15,29,17,27,17,28,18,26,18,25,17,24,16,24,15,23,14,26,14,25,12,26,13,24,11,26,10,27,9,27,9,29,10,28,8,27,7,27,8]"
618027145456600,8.694608200,90030,1862139143,-49,-98,6,0,1,7,0,0,256,0,0,"[0,0,-15,4,-15,4,-13,4,-14,4,-12,4,-12,4,-11,4,-11,5,-11,5,-10,5,-9,6,-9,6,-9,6,-8,6,-9,6,-8,6,-8,6,-8,5,-8,5,-8,5,-8,4,-8,4,-8,4,-7,3,-7,3,-7,3,0,0,0,0,0,0,0,0,0,0,0,0,0,0,0,0,0,0,0,0,0,0,-15,7,-15,6,-16,6,-16,4,-17,4,-18,3,-18,2,-18,1,-18,1,-18,0,-17,0,-17,0,-17,0,-16,1,-16,1,-16,1,-16,2,-16,2,-15,3,-16,3,-16,3,-16,4,-16,4,-16,5,-15,4,-15,4,0,0,-26,12,-26,14,-23,12,-23,13,-21,12,-20,12,-20,13,-18,12,-17,12,-16,13,-15,14,-14,13,-13,14,-13,13,-13,14,-13,14,-12,14,-11,13,-12,13,-12,11,-12,11,-11,11,-12,10,-11,9,-11,7,-11,7,-11,7,-12,6,0,0,0,0,0,0,0,0,0,0,0,0,0,0,-22,20,-24,17,-25,15,-25,14,-27,14,-27,13,-31,12,-32,10,-32,9,-33,7,-32,5,-33,6,-33,5,-31,4,-30,4,-29,5,-27,6,-29,7,-27,8,-29,9,-26,9,-26,11,-28,10,-28,13,-28,12,-28,13,-27,13,-27,13]"
618027168842800,8.717994400,90031,1862160676,-49,-98,6,0,1,7,0,0,256,0,0,"[0,0,5,-14,5,-14,4,-13,4,-13,4,-13,3,-12,3,-12,3,-11,2,-11,2,-11,1,-10,0,-10,0,-10,0,-10,0,-10,0,-10,-1,-10,0,-10,0,-9,0,-9,1,-9,0,-9,1,-8,1,-8,1,-7,2,-7,0,0,0,0,0,0,0,0,0,0,0,0,0,0,0,0,0,0,0,0,0,0,3,-15,4,-15,5,-16,5,-16,7,-16,8,-15,9,-15,10,-15,10,-14,10,-14,10,-13,10,-13,9,-13,9,-13,8,-13,8,-13,7,-13,7,-13,7,-14,6,-14,6,-14,6,-15,6,-15,5,-14,5,-14,6,-14,0,0,21,-54,19,-52,18,-52,18,-46,17,-49,12,-47,12,-45,9,-43,7,-41,4,-40,5,-39,3,-39,3,-38,0,-39,-2,-38,1,-37,0,-36,0,-36,-1,-35,1,-34,1,-32,3,-33,4,-31,4,-29,5,-28,5,-27,7,-26,9,-24,0,0,0,0,0,0,0,0,0,0,0,0,0,0,5,-58,13,-57,19,-55,19,-58,22,-58,26,-59,31,-57,35,-58,35,-56,38,-54,39,-52,41,-50,42,-50,41,-46,38,-45,37,-47,35,-49,33,-46,32,-48,30,-48,30,-52,26,-52,24,-55,24,-56,25,-53,24,-55,24,-53,24,-55]"
618027185103300,8.734254900,90032,1862176684,-50,-98,6,0,1,7,0,0,256,0,0,"[0,0,1,-15,1,-14,1,-14,1,-13,0,-13,0,-13,0,-12,-1,-11,-1,-11,-1,-10,-2,-11,-2,-10,-3,-10,-3,-10,-3,-10,-3,-9,-3,-9,-3,-9,-3,-9,-2,-9,-2,-9,-2,-8,-2,-8,-1,-8,-1,-7,-1,-7,0,0,0,0,0,0,0,0,0,0,0,0,0,0,0,0,0,0,0,0,0,0,0,-15,1,-16,2,-16,2,-16,3,-16,4,-17,5,-16,6,-17,6,-16,6,-15,6,-15,6,-14,6,-15,6,-14,5,-15,5,-14,4,-14,4,-14,3,-15,3,-15,3,-15,2,-15,2,-15,2,-15,1,-15,2,-15,0,0,2,-29,2,-29,2,-27,2,-26,0,-25,0,-24,0,-24,-1,-23,-2,-21,-5,-21,-5,-20,-5,-20,-6,-19,-6,-19,-6,-18,-6,-18,-6,-18,-6,-18,-5,-18,-6,-17,-5,-16,-4,-17,-3,-16,-2,-15,-3,-15,-2,-13,0,-14,1,-13,0,0,0,0,0,0,0,0,0,0,0,0,0,0,-6,-30,-2,-29,0,-31,1,-30,3,-32,4,-31,7,-32,8,-32,9,-32,11,-33,11,-31,12,-31,13,-29,12,-29,12,-29,10,-28,10,-29,9,-28,9,-28,9,-28,7,-29,5,-30,4,-30,4,-31,4,-30,3,-29,3,-30,3,-29]"
618027203676500,8.752828100,90033,1862196549,-49,-98,6,0,1,7,0,0,256,0,0,"[0,0,8,11,7,11,7,10,7,9,7,9,7,9,7,8,7,8,6,7,7,6,7,6,7,6,7,5,7,5,7,4,7,4,7,4,7,4,7,4,6,4,6,5,5,5,5,5,5,4,4,4,4,4,0,0,0,0,0,0,0,0,0,0,0,0,0,0,0,0,0,0,0,0,0,0,9,10,9,11,8,12,8,13,8,13,7,14,6,14,6,15,5,15,5,15,4,15,4,14,4,14,4,14,5,13,5,12,6,13,5,12,6,12,7,12,7,12,7,12,7,12,7,12,8,12,8,12,0,0,32,47,31,47,30,44,30,42,27,40,30,38,28,35,27,33,30,30,29,27,32,26,30,25,29,24,30,21,31,21,31,20,31,20,29,18,30,20,28,20,26,20,24,21,22,20,19,21,18,20,18,18,15,21,14,21,0,0,0,0,0,0,0,0,0,0,0,0,0,0,42,36,39,43,36,45,35,47,35,51,32,50,32,57,28,58,27,61,24,61,22,61,19,63,17,61,16,60,16,58,15,58,17,54,22,54,21,50,25,53,26,51,27,51,29,50,31,51,33,50,31,51,31,50,34,49]"
618027222668700,8.771820300,90034,1862216887,-49,-98,6,0,1,7,0,0,256,0,0,"[0,0,12,9,12,8,11,8,11,8,10,7,10,7,10,5,10,5,10,4,10,4,9,3,9,3,9,3,9,2,9,2,9,2,9,2,9,2,9,2,8,2,8,2,8,3,7,3,6,2,6,3,6,3,0,0,0,0,0,0,0,0,0,0,0,0,0,0,0,0,0,0,0,0,0,0,13,7,13,8,13,9,12,10,13,11,12,12,12,12,11,14,11,13,10,14,10,13,10,13,9,13,9,12,9,12,10,11,10,11,11,11,11,10,11,10,11,10,12,9,12,10,12,9,12,9,12,9,0,0,47,31,45,32,44,30,41,26,40,25,40,23,38,21,37,19,39,16,39,14,39,10,36,11,36,9,36,8,38,7,36,6,35,7,36,5,36,5,33,8,31,9,30,8,29,8,26,9,26,9,26,10,23,11,20,12,0,0,0,0,0,0,0,0,0,0,0,0,0,0,53,20,51,27,50,29,50,32,50,37,45,37,48,43,46,45,44,48,44,50,40,51,38,54,38,50,37,50,35,48,36,45,37,44,38,42,40,41,41,43,41,39,43,38,45,37,46,37,47,35,46,35,47,34,48,35]"
618027246310700,8.795462300,90035,1862241236,-49,-98,6,0,1,7,0,0,256,0,0,"[0,0,14,0,13,-1,13,-1,12,-1,12,-1,11,-2,11,-2,10,-2,9,-3,9,-3,9,-4,8,-3,8,-4,8,-4,8,-4,8,-4,8,-4,8,-4,8,-4,7,-3,7,-4,7,-3,6,-3,6,-2,6,-2,6,-2,0,0,0,0,0,0,0,0,0,0,0,0,0,0,0,0,0,0,0,0,0,0,14,-2,14,-1,15,-1,15,0,15,1,16,2,16,2,16,3,16,3,15,4,15,4,14,4,14,4,13,4,13,3,13,2,14,2,14,2,14,1,14,1,14,1,14,0,14,0,14,0,14,-1,14,-1,0,0,27,2,27,0,25,0,25,1,24,-1,23,-1,21,-2,21,-3,21,-3,20,-5,18,-6,19,-5,18,-7,17,-6,18,-7,16,-6,16,-7,17,-6,17,-5,16,-5,15,-4,14,-4,14,-5,14,-4,14,-3,13,-2,13,-1,12,0,0,0,0,0,0,0,0,0,0,0,0,0,0,0,28,-7,28,-4,29,-2,30,0,30,2,30,3,32,4,31,7,32,7,32,10,31,11,30,11,30,12,29,11,27,10,28,10,27,9,27,8,27,7,28,6,27,5,27,4,28,3,29,3,29,2,28,1,29,1,30,1]"
618027264612500,8.813764100,90036,1862262735,-49,-98,6,0,1,7,0,0,256,0,0,"[0,0,-15,5,-14,5,-14,5,-13,5,-13,5,-12,6,-11,5,-10,6,-10,6,-10,6,-9,6,-8,6,-8,7,-8,7,-8,7,-8,7,-7,7,-7,7,-7,6,-7,6,-7,5,-7,5,-7,5,-7,4,-7,4,-7,3,0,0,0,0,0,0,0,0,0,0,0,0,0,0,0,0,0,0,0,0,0,0,-14,8,-15,7,-15,6,-16,5,-17,5,-18,4,-18,3,-19,3,-18,2,-18,2,-18,1,-17,1,-17,2,-17,2,-16,2,-16,2,-16,3,-16,4,-16,4,-15,4,-15,5,-15,5,-16,5,-15,6,-15,6,-15,6,0,0,-29,6,-27,7,-27,7,-25,6,-24,6,-22,7,-21,8,-20,8,-20,8,-18,9,-18,10,-17,9,-16,11,-16,11,-16,10,-15,11,-15,11,-15,10,-15,9,-15,10,-14,9,-14,8,-13,8,-13,7,-13,6,-14,5,-13,4,-13,3,0,0,0,0,0,0,0,0,0,0,0,0,0,0,-25,15,-28,12,-29,10,-30,8,-30,7,-31,5,-32,6,-34,3,-33,1,-35,1,-34,-1,-34,-2,-33,-2,-32,-2,-31,-2,-31,-1,-30,0,-29,0,-29,1,-30,2,-29,3,-28,4,-29,5,-30,5,-30,7,-29,7,-29,8,-29,7]"
618027283342200,8.832493800,90037,1862276501,-49,-98,6,0,1,7,0,0,256,0,0,"[0,0,13,7,13,7,12,6,12,6,11,6,11,5,11,5,10,4,10,3,10,3,10,2,10,2,10,1,9,1,10,1,9,0,10,1,9,1,9,1,9,1,9,1,8,2,7,2,7,2,7,2,6,2,0,0,0,0,0,0,0,0,0,0,0,0,0,0,0,0,0,0,0,0,0,0,14,6,14,7,14,8,13,9,14,10,13,10,13,11,13,12,12,12,12,12,11,12,11,12,11,12,11,11,11,10,11,10,11,10,12,9,12,9,12,9,12,8,12,8,13,8,13,8,13,8,13,7,0,0,51,24,50,22,48,21,47,18,44,18,44,15,44,14,42,12,41,8,39,9,40,5,37,6,38,2,36,1,38,-1,39,-1,35,0,37,0,36,-1,35,1,34,1,30,2,29,4,27,4,27,4,26,5,25,6,24,9,0,0,0,0,0,0,0,0,0,0,0,0,0,0,57,11,56,17,55,20,54,23,56,26,54,30,54,33,54,38,53,38,52,43,50,43,48,45,45,45,44,43,42,42,42,40,44,37,45,36,46,32,48,33,46,32,48,29,49,28,51,26,51,28,54,25,52,25,52,25]"
618027304325200,8.853476800,90038,1862296736,-49,-98,6,0,1,7,0,0,256,0,0,"[0,0,-10,10,-9,10,-9,9,-9,10,-8,9,-7,9,-7,9,-6,9,-6,8,-5,9,-5,8,-4,8,-3,8,-3,8,-3,9,-3,9,-3,8,-3,8,-3,8,-3,8,-3,7,-3,7,-3,7,-3,6,-4,6,-4,5,0,0,0,0,0,0,0,0,0,0,0,0,0,0,0,0,0,0,0,0,0,0,-10,11,-11,10,-11,11,-12,10,-13,10,-13,9,-14,9,-15,8,-15,8,-15,8,-15,7,-14,7,-13,7,-13,7,-13,7,-12,8,-12,8,-12,8,-11,9,-11,9,-11,10,-10,10,-11,10,-10,10,-10,10,-10,10,0,0,-36,45,-33,44,-31,44,-30,41,-27,41,-27,39,-21,40,-21,40,-20,36,-16,36,-14,36,-11,37,-11,36,-9,37,-9,35,-8,35,-9,36,-10,35,-9,34,-10,31,-12,31,-9,30,-11,29,-11,27,-11,26,-11,22,-13,22,-15,22,0,0,0,0,0,0,0,0,0,0,0,0,0,0,-20,55,-29,54,-33,50,-35,47,-38,48,-40,47,-46,47,-49,46,-51,44,-52,42,-53,38,-54,39,-53,35,-52,36,-50,36,-46,35,-47,37,-44,36,-45,37,-43,37,-42,41,-40,43,-38,43,-40,45,-37,46,-37,48,-36,48,-35,45]"
618027324900400,8.874052000,90039,1862316633,-49,-98,6,0,1,7,0,0,256,0,0,"[0,0,-9,-12,-9,-11,-8,-11,-8,-10,-8,-10,-8,-10,-8,-9,-8,-8,-8,-8,-8,-7,-8,-6,-9,-6,-9,-6,-9,-6,-9,-5,-8,-5,-8,-5,-9,-5,-8,-5,-8,-5,-7,-5,-7,-5,-6,-5,-6,-5,-6,-5,-5,-5,0,0,0,0,0,0,0,0,0,0,0,0,0,0,0,0,0,0,0,0,0,0,-10,-12,-10,-13,-9,-13,-8,-14,-8,-15,-7,-15,-6,-16,-6,-17,-5,-16,-5,-16,-5,-16,-5,-15,-5,-15,-5,-14,-5,-15,-6,-14,-6,-14,-6,-13,-7,-14,-7,-13,-7,-13,-8,-13,-9,-13,-9,-12,-9,-12,-9,-12,0,0,-14,-25,-13,-25,-13,-24,-13,-22,-13,-22,-13,-20,-13,-20,-14,-18,-14,-17,-13,-15,-14,-15,-14,-15,-14,-13,-16,-13,-15,-11,-15,-12,-15,-12,-16,-12,-15,-11,-15,-11,-13,-12,-11,-11,-11,-11,-10,-11,-10,-12,-9,-11,-7,-11,-6,-12,0,0,0,0,0,0,0,0,0,0,0,0,0,0,-19,-22,-17,-25,-15,-26,-16,-27,-12,-28,-12,-30,-12,-31,-11,-33,-10,-33,-8,-33,-7,-33,-6,-33,-5,-32,-5,-32,-4,-31,-5,-30,-6,-30,-6,-29,-8,-29,-9,-28,-9,-28,-12,-27,-13,-28,-13,-28,-13,-26,-13,-28,-13,-27,-15,-28]"
618027343608200,8.892759800,90040,1862336911,-49,-98,6,0,1,7,0,0,256,0,0,"[0,0,5,-14,4,-15,4,-14,4,-13,3,-13,3,-13,2,-12,1,-12,2,-12,1,-11,1,-11,0,-11,-1,-11,-1,-11,-1,-11,-1,-10,-1,-10,-1,-10,-1,-10,0,-10,0,-9,0,-9,0,-9,1,-8,1,-8,1,-8,0,0,0,0,0,0,0,0,0,0,0,0,0,0,0,0,0,0,0,0,0,0,3,-16,4,-16,4,-16,5,-16,6,-17,7,-16,8,-16,9,-16,9,-15,9,-15,9,-14,9,-14,9,-14,9,-14,8,-14,8,-14,8,-13,7,-14,6,-14,6,-15,6,-15,5,-15,6,-15,5,-15,5,-15,5,-15,0,0,10,-26,10,-26,10,-24,9,-24,8,-23,7,-23,6,-22,5,-21,4,-20,3,-21,1,-20,1,-20,1,-19,0,-19,-1,-18,-1,-19,-1,-19,0,-18,-1,-17,0,-17,1,-17,1,-16,1,-16,2,-15,2,-14,2,-14,4,-14,5,-12,0,0,0,0,0,0,0,0,0,0,0,0,0,0,3,-29,7,-29,8,-28,10,-28,12,-29,13,-28,16,-29,16,-28,18,-27,20,-28,20,-27,21,-25,20,-23,21,-24,20,-23,18,-22,17,-23,18,-23,16,-23,16,-25,14,-24,13,-26,13,-27,12,-27,13,-27,13,-27,12,-27,11,-27]"
618027365305800,8.914457400,90041,1862356732,-49,-98,6,0,1,7,0,0,256,0,0,"[0,0,-13,7,-13,7,-12,7,-12,7,-11,7,-11,7,-10,7,-9,7,-9,7,-9,7,-8,7,-7,8,-7,8,-7,8,-6,8,-6,8,-6,8,-6,7,-6,7,-7,7,-6,7,-6,6,-6,6,-6,5,-6,5,-6,4,0,0,0,0,0,0,0,0,0,0,0,0,0,0,0,0,0,0,0,0,0,0,-13,9,-14,9,-15,8,-15,8,-16,7,-17,7,-17,6,-18,5,-18,5,-17,4,-17,3,-17,3,-16,4,-16,4,-16,4,-15,5,-15,5,-15,5,-15,6,-14,6,-15,6,-14,7,-15,8,-14,8,-14,8,-14,7,0,0,-24,15,-24,15,-22,14,-22,14,-21,15,-19,15,-18,14,-17,14,-16,13,-15,14,-13,15,-12,15,-12,16,-11,15,-11,15,-11,15,-11,15,-10,14,-11,14,-11,14,-11,12,-10,12,-11,11,-9,11,-11,9,-10,8,-10,8,-11,7,0,0,0,0,0,0,0,0,0,0,0,0,0,0,-19,22,-22,20,-23,19,-25,16,-26,16,-27,15,-29,14,-31,12,-32,11,-32,9,-33,8,-32,9,-31,8,-31,8,-30,8,-29,9,-28,9,-27,9,-27,10,-27,10,-27,12,-26,13,-26,13,-26,13,-27,14,-24,16,-24,16,-26,15]"
618027385903300,8.935054900,90042,1862377985,-49,-98,6,0,1,7,0,0,256,0,0,"[0,0,-7,-14,-7,-14,-7,-13,-7,-12,-7,-12,-7,-11,-7,-10,-7,-10,-7,-9,-7,-9,-7,-8,-8,-8,-8,-8,-8,-7,-8,-7,-8,-7,-8,-7,-8,-6,-8,-7,-7,-7,-7,-7,-6,-6,-6,-7,-6,-7,-5,-6,-5,-6,0,0,0,0,0,0,0,0,0,0,0,0,0,0,0,0,0,0,0,0,0,0,-9,-13,-8,-14,-8,-15,-7,-15,-7,-16,-6,-17,-5,-17,-5,-18,-4,-18,-4,-18,-4,-17,-4,-16,-3,-16,-4,-16,-4,-16,-4,-15,-4,-15,-5,-15,-6,-15,-6,-15,-7,-14,-7,-15,-7,-15,-8,-14,-7,-14,-8,-14,0,0,-12,-26,-11,-27,-9,-27,-11,-24,-9,-22,-11,-21,-11,-20,-12,-19,-13,-17,-13,-17,-13,-15,-14,-15,-14,-14,-14,-13,-15,-13,-14,-13,-15,-13,-14,-12,-13,-13,-12,-12,-12,-13,-10,-13,-11,-13,-9,-12,-9,-11,-8,-12,-7,-12,-6,-12,0,0,0,0,0,0,0,0,0,0,0,0,0,0,-17,-23,-15,-25,-14,-27,-12,-27,-12,-29,-9,-29,-8,-32,-7,-32,-6,-32,-4,-34,-4,-32,-2,-34,-3,-31,-2,-31,-2,-30,-3,-29,-4,-29,-6,-29,-5,-28,-7,-29,-7,-27,-9,-27,-10,-28,-10,-28,-10,-29,-11,-27,-11,-27,-11,-27]"
618027405353100,8.954504700,90043,1862396789,-49,-98,6,0,1,7,0,0,256,0,0,"[0,0,-6,13,-5,12,-5,12,-5,11,-4,11,-4,11,-3,10,-3,10,-3,10,-2,10,-1,9,-1,9,-1,9,-1,9,0,9,0,9,0,9,0,9,-1,8,-1,8,-1,8,-1,8,-1,7,-1,7,-2,6,-2,6,0,0,0,0,0,0,0,0,0,0,0,0,0,0,0,0,0,0,0,0,0,0,-4,14,-5,14,-6,14,-7,14,-7,14,-9,14,-10,13,-10,13,-10,13,-11,12,-10,12,-10,12,-10,11,-9,11,-9,11,-8,11,-8,12,-8,12,-7,12,-7,12,-7,13,-7,13,-7,13,-6,13,-6,13,-6,13,0,0,-21,52,-22,53,-20,49,-19,49,-16,47,-14,45,-13,45,-11,44,-8,40,-7,40,-5,41,-3,38,-1,39,-1,38,0,39,1,36,0,38,-1,36,1,35,-2,34,-1,34,-3,34,-3,32,-4,29,-6,28,-5,28,-7,27,-9,25,0,0,0,0,0,0,0,0,0,0,0,0,0,0,-8,58,-14,58,-16,55,-22,55,-26,59,-28,54,-33,58,-35,55,-37,55,-41,54,-41,50,-47,51,-43,49,-42,47,-41,45,-38,45,-36,45,-36,47,-33,47,-31,51,-30,49,-29,52,-28,52,-27,54,-27,53,-22,55,-24,56,-22,54]"
618027427257600,8.976409200,90044,1862420386,-49,-98,6,0,1,7,0,0,256,0,0,"[0,0,-16,1,-15,1,-15,1,-14,1,-14,1,-13,2,-13,2,-12,3,-11,3,-11,4,-11,3,-10,4,-10,4,-9,5,-10,5,-9,5,-9,5,-9,5,-9,4,-9,4,-9,4,-8,3,-8,3,-8,2,-8,2,-8,2,0,0,0,0,0,0,0,0,0,0,0,0,0,0,0,0,0,0,0,0,0,0,-17,3,-17,1,-17,1,-18,0,-18,-1,-19,-2,-19,-3,-19,-4,-19,-4,-18,-5,-18,-4,-17,-4,-17,-4,-16,-4,-16,-4,-17,-3,-16,-3,-17,-2,-16,-1,-16,-1,-17,-1,-17,0,-17,1,-17,0,-17,1,-17,1,0,0,-28,0,-29,2,-27,2,-26,2,-24,2,-24,3,-22,4,-22,4,-20,5,-21,6,-20,7,-18,8,-17,7,-16,8,-17,8,-16,8,-16,9,-17,8,-16,8,-16,7,-16,6,-15,6,-15,6,-14,5,-14,3,-14,3,-14,3,-13,2,0,0,0,0,0,0,0,0,0,0,0,0,0,0,-28,8,-30,6,-29,3,-29,1,-31,1,-31,0,-34,-3,-34,-5,-33,-5,-33,-7,-33,-7,-33,-9,-32,-10,-30,-9,-30,-8,-27,-8,-28,-7,-29,-5,-28,-5,-29,-5,-29,-3,-29,-1,-29,-1,-29,0,-30,0,-31,0,-29,1,-30,1]"
618027443856500,8.993008100,90045,1862436526,-49,-98,6,0,1,7,0,0,256,0,0,"[0,0,14,3,13,3,13,3,13,3,12,2,12,2,11,1,11,1,11,0,10,-1,10,-1,10,-1,10,-1,10,-2,10,-2,9,-2,9,-2,9,-2,9,-2,9,-2,9,-1,8,-1,8,-1,7,0,8,0,7,0,0,0,0,0,0,0,0,0,0,0,0,0,0,0,0,0,0,0,0,0,0,0,15,2,15,3,15,4,15,5,15,6,15,6,15,7,15,8,15,9,14,9,14,9,13,9,13,8,12,8,13,7,13,6,13,6,13,6,13,5,14,5,14,5,14,4,15,4,15,4,15,4,15,4,0,0,53,14,51,14,50,12,50,10,48,10,45,8,43,7,43,3,42,1,40,1,39,-3,38,-6,36,-6,36,-7,37,-8,37,-6,35,-7,38,-8,36,-6,33,-5,34,-3,32,-2,30,-2,28,-1,26,0,28,1,25,2,25,4,0,0,0,0,0,0,0,0,0,0,0,0,0,0,57,-2,56,4,57,7,58,13,57,16,57,18,57,22,61,26,58,29,58,31,56,34,55,32,52,33,53,31,50,31,49,28,48,27,49,27,51,25,52,22,52,21,54,20,53,18,54,17,56,16,57,14,55,14,58,13]"
618027464859700,9.014011300,90046,1862456579,-49,-98,6,0,1,7,0,0,256,0,0,"[0,0,9,-13,8,-13,7,-12,8,-12,6,-12,6,-11,6,-11,5,-11,4,-10,4,-11,3,-11,2,-11,2,-10,1,-10,2,-10,1,-10,1,-10,2,-10,2,-10,2,-9,2,-9,2,-9,2,-9,2,-8,2,-8,3,-7,0,0,0,0,0,0,0,0,0,0,0,0,0,0,0,0,0,0,0,0,0,0,7,-14,8,-14,9,-14,10,-14,11,-14,12,-13,13,-13,14,-12,14,-11,13,-11,13,-11,13,-10,12,-11,12,-10,11,-10,11,-11,11,-11,11,-11,10,-12,10,-12,10,-12,9,-13,10,-13,9,-14,8,-13,9,-13,0,0,32,-44,32,-48,28,-45,29,-41,26,-41,23,-41,21,-40,18,-40,16,-38,16,-38,14,-36,12,-36,9,-39,10,-37,8,-39,9,-37,7,-38,6,-35,8,-34,7,-34,11,-33,10,-31,12,-31,10,-28,11,-26,12,-24,13,-25,15,-22,0,0,0,0,0,0,0,0,0,0,0,0,0,0,18,-54,26,-54,30,-51,32,-50,34,-51,37,-50,41,-49,45,-47,48,-46,51,-44,50,-43,50,-39,52,-38,52,-36,50,-36,46,-34,44,-36,43,-37,42,-38,41,-40,40,-44,37,-44,36,-44,35,-48,36,-47,36,-47,36,-49,36,-46]"
618027487304600,9.036456200,90047,1862476516,-49,-98,6,0,1,7,0,0,256,0,0,"[0,0,15,-1,14,-2,14,-2,13,-2,13,-2,12,-2,11,-3,11,-3,10,-3,10,-4,10,-4,9,-4,9,-5,9,-5,8,-5,8,-5,8,-5,9,-5,8,-5,8,-5,8,-4,7,-4,7,-4,7,-3,7,-3,7,-2,0,0,0,0,0,0,0,0,0,0,0,0,0,0,0,0,0,0,0,0,0,0,15,-2,16,-1,16,-1,16,1,17,1,18,2,17,3,17,4,17,4,16,5,16,5,15,5,15,4,15,4,15,4,15,3,15,2,15,2,15,1,15,0,15,0,15,-1,15,0,15,-1,15,-1,15,-1,0,0,28,-5,26,-6,26,-6,24,-6,23,-6,22,-7,21,-7,19,-8,20,-7,18,-9,17,-10,17,-10,16,-11,15,-12,15,-11,15,-12,14,-12,16,-11,15,-11,15,-9,15,-8,14,-8,13,-7,13,-8,12,-6,13,-6,12,-5,13,-4,0,0,0,0,0,0,0,0,0,0,0,0,0,0,25,-13,27,-10,28,-9,30,-7,29,-5,30,-5,30,-3,33,-1,33,0,33,3,33,3,31,4,32,3,30,4,30,4,29,2,29,2,28,2,29,1,28,-1,28,-2,28,-3,28,-3,28,-4,29,-5,29,-5,28,-6,29,-7]"
618027505590800,9.054742400,90048,1862497024,-49,-98,6,0,1,7,0,0,256,0,0,"[0,0,-15,0,-14,0,-14,0,-13,0,-12,0,-12,1,-12,1,-11,1,-10,2,-10,2,-10,3,-9,3,-9,3,-9,3,-9,3,-9,4,-8,3,-9,3,-9,3,-9,3,-9,2,-8,2,-8,2,-7,2,-7,1,-7,1,0,0,0,0,0,0,0,0,0,0,0,0,0,0,0,0,0,0,0,0,0,0,-15,1,-15,1,-15,0,-16,-1,-16,-2,-17,-3,-17,-3,-17,-4,-16,-5,-16,-5,-16,-5,-15,-5,-15,-4,-14,-4,-15,-4,-14,-4,-14,-3,-15,-3,-15,-2,-15,-2,-15,-1,-15,-1,-16,-1,-15,0,-15,0,-15,0,0,0,-30,-1,-27,0,-28,0,-25,0,-25,1,-24,1,-23,1,-23,2,-21,3,-20,4,-20,5,-19,6,-18,6,-18,6,-18,6,-19,7,-16,7,-18,7,-17,6,-17,5,-17,4,-16,4,-15,4,-15,4,-15,3,-15,2,-14,1,-14,0,0,0,0,0,0,0,0,0,0,0,0,0,0,0,-28,7,-29,4,-29,2,-32,0,-31,0,-31,-2,-32,-4,-34,-7,-32,-7,-33,-10,-31,-10,-31,-11,-32,-11,-30,-10,-28,-11,-29,-8,-29,-8,-28,-6,-30,-7,-27,-6,-30,-5,-29,-3,-29,-3,-29,-2,-30,-2,-30,-1,-29,-1,-31,-2]"
618027526204400,9.075356000,90049,1862516599,-49,-98,6,0,1,7,0,0,256,0,0,"[0,0,0,-16,-1,-15,-1,-15,-1,-14,-1,-14,-2,-13,-2,-12,-2,-12,-2,-11,-3,-11,-4,-11,-4,-11,-4,-10,-5,-10,-4,-10,-5,-10,-5,-9,-5,-9,-4,-10,-4,-9,-4,-9,-3,-9,-3,-9,-3,-8,-2,-8,-2,-8,0,0,0,0,0,0,0,0,0,0,0,0,0,0,0,0,0,0,0,0,0,0,-1,-16,-1,-17,0,-17,1,-17,2,-18,3,-18,4,-18,5,-18,5,-18,5,-17,5,-17,5,-16,5,-16,4,-15,4,-16,3,-15,3,-16,2,-15,2,-16,1,-16,1,-16,0,-16,0,-16,0,-16,-1,-16,0,-16,0,0,-1,-29,-1,-28,-1,-29,-1,-25,-2,-26,-3,-24,-4,-24,-4,-22,-6,-21,-6,-19,-6,-20,-7,-18,-8,-19,-7,-18,-8,-18,-8,-18,-7,-17,-9,-18,-8,-16,-7,-17,-6,-16,-6,-16,-5,-16,-5,-15,-4,-14,-4,-15,-3,-14,-1,-13,0,0,0,0,0,0,0,0,0,0,0,0,0,0,-7,-28,-4,-30,-2,-30,0,-32,2,-30,3,-32,4,-32,5,-34,7,-33,8,-32,9,-33,9,-32,10,-30,10,-30,10,-29,8,-28,8,-29,8,-28,6,-29,5,-28,4,-29,3,-29,2,-30,1,-30,1,-29,1,-30,0,-30,0,-29]"
618027546525900,9.095677500,90050,1862536649,-49,-98,6,0,1,7,0,0,256,0,0,"[0,0,-13,-7,-13,-7,-12,-7,-12,-6,-12,-6,-11,-5,-11,-5,-11,-4,-11,-3,-10,-3,-10,-2,-10,-2,-10,-2,-10,-2,-10,-1,-10,-1,-10,-1,-10,-1,-9,-1,-9,-1,-9,-1,-8,-2,-8,-2,-8,-2,-7,-2,-7,-3,0,0,0,0,0,0,0,0,0,0,0,0,0,0,0,0,0,0,0,0,0,0,-14,-6,-14,-7,-14,-8,-13,-9,-13,-10,-14,-10,-13,-11,-13,-11,-13,-12,-12,-12,-12,-12,-11,-12,-11,-11,-11,-11,-11,-11,-11,-10,-11,-10,-12,-9,-12,-9,-13,-8,-13,-8,-13,-8,-13,-8,-13,-8,-13,-8,-14,-7,0,0,-45,-33,-44,-34,-43,-33,-41,-30,-39,-27,-39,-25,-38,-24,-37,-22,-38,-19,-37,-17,-39,-16,-36,-13,-35,-11,-35,-8,-37,-8,-36,-7,-35,-8,-35,-8,-36,-9,-34,-10,-33,-11,-30,-10,-30,-12,-27,-12,-27,-12,-25,-12,-23,-14,-21,-15,0,0,0,0,0,0,0,0,0,0,0,0,0,0,-52,-23,-48,-31,-49,-33,-49,-34,-49,-37,-45,-39,-45,-44,-46,-48,-43,-48,-40,-53,-39,-52,-37,-56,-35,-54,-35,-53,-33,-50,-33,-48,-34,-45,-37,-44,-37,-42,-39,-44,-39,-40,-42,-39,-41,-39,-45,-38,-47,-40,-46,-38,-45,-37,-44,-35]"
618027563616500,9.112768100,90051,1862556532,-49,-98,6,0,1,7,0,0,256,0,0,"[0,0,13,-8,12,-8,11,-8,12,-8,10,-8,10,-8,9,-8,9,-8,8,-8,8,-8,7,-8,6,-8,6,-9,5,-8,6,-9,5,-9,5,-9,6,-9,6,-8,6,-8,6,-8,5,-7,5,-7,5,-6,5,-6,5,-5,0,0,0,0,0,0,0,0,0,0,0,0,0,0,0,0,0,0,0,0,0,0,13,-10,13,-10,14,-9,14,-8,16,-8,16,-7,17,-6,17,-5,17,-5,17,-5,17,-4,16,-4,16,-4,15,-4,15,-4,14,-5,14,-5,15,-6,14,-6,14,-7,14,-7,13,-8,14,-8,14,-8,13,-8,13,-8,0,0,23,-15,22,-17,21,-17,20,-15,19,-15,18,-16,17,-15,15,-15,15,-15,14,-15,12,-16,11,-17,11,-16,10,-16,10,-17,9,-16,9,-17,10,-16,9,-15,9,-14,10,-15,9,-14,9,-14,9,-12,9,-11,9,-9,10,-11,11,-9,0,0,0,0,0,0,0,0,0,0,0,0,0,0,18,-23,20,-19,23,-19,25,-18,25,-17,26,-17,28,-16,29,-14,30,-13,32,-12,31,-11,31,-9,31,-9,30,-8,29,-8,28,-9,28,-10,26,-10,26,-12,27,-11,25,-13,25,-14,25,-15,24,-16,26,-16,24,-16,25,-16,24,-17]"
618027584965400,9.134117000,90052,1862577278,-49,-98,6,0,1,7,0,0,256,0,0,"[0,0,-9,-13,-9,-12,-9,-12,-9,-11,-9,-11,-9,-10,-9,-10,-9,-9,-9,-8,-9,-8,-9,-7,-9,-7,-9,-6,-9,-6,-9,-6,-9,-6,-9,-6,-9,-5,-9,-6,-8,-6,-8,-6,-7,-6,-7,-6,-6,-6,-6,-6,-6,-6,0,0,0,0,0,0,0,0,0,0,0,0,0,0,0,0,0,0,0,0,0,0,-12,-11,-12,-13,-11,-13,-10,-14,-10,-15,-10,-16,-9,-17,-8,-17,-7,-17,-7,-17,-6,-17,-6,-16,-6,-16,-6,-16,-6,-16,-7,-15,-7,-14,-8,-14,-8,-14,-8,-14,-8,-14,-9,-14,-10,-14,-10,-14,-10,-13,-10,-13,0,0,-17,-23,-17,-23,-16,-22,-16,-20,-15,-20,-16,-18,-14,-18,-15,-17,-16,-15,-16,-13,-16,-12,-15,-12,-16,-11,-16,-12,-17,-10,-17,-9,-16,-10,-16,-10,-16,-10,-15,-10,-14,-11,-13,-10,-12,-10,-12,-10,-11,-10,-10,-10,-9,-11,-7,-11,0,0,0,0,0,0,0,0,0,0,0,0,0,0,-23,-18,-22,-21,-20,-22,-18,-23,-18,-25,-17,-25,-16,-28,-16,-30,-14,-31,-12,-32,-11,-31,-10,-32,-10,-30,-9,-30,-9,-29,-10,-28,-10,-28,-11,-26,-12,-26,-13,-26,-13,-26,-14,-26,-14,-25,-15,-26,-16,-25,-18,-25,-17,-25,-16,-24]"
618027607357700,9.156509300,90053,1862599515,-49,-98,6,0,1,7,0,0,256,0,0,"[0,0,15,-3,14,-3,13,-3,13,-3,12,-3,12,-3,11,-4,11,-4,10,-4,10,-5,9,-5,9,-5,8,-6,8,-6,8,-6,8,-6,8,-6,8,-6,8,-6,8,-5,8,-5,7,-4,7,-4,7,-4,7,-4,7,-3,0,0,0,0,0,0,0,0,0,0,0,0,0,0,0,0,0,0,0,0,0,0,15,-5,15,-4,16,-3,16,-2,17,-2,18,-1,18,0,18,1,18,1,17,2,17,2,16,2,16,2,15,1,15,1,15,0,15,0,15,-1,15,-1,15,-2,15,-2,15,-2,16,-2,15,-3,15,-3,16,-3,0,0,27,-8,27,-7,25,-8,25,-8,22,-7,21,-7,21,-8,19,-9,19,-9,18,-10,17,-11,16,-11,15,-12,15,-13,15,-12,15,-12,13,-12,15,-11,15,-11,15,-10,14,-10,14,-9,12,-9,12,-8,13,-7,12,-6,13,-5,12,-4,0,0,0,0,0,0,0,0,0,0,0,0,0,0,24,-16,27,-13,28,-11,28,-10,29,-9,30,-6,31,-6,32,-4,33,-2,34,-1,34,1,33,0,31,1,31,1,30,0,29,0,29,0,28,-1,29,-1,29,-3,27,-3,28,-5,28,-6,28,-7,30,-7,27,-7,28,-8,29,-8]"
618027626766500,9.175918100,90054,1862618863,-49,-98,6,0,1,7,0,0,256,0,0,"[0,0,14,-4,13,-5,12,-4,12,-4,12,-5,11,-4,10,-5,10,-5,9,-5,9,-6,8,-6,8,-6,8,-6,7,-6,7,-7,7,-7,7,-6,7,-6,7,-6,7,-5,7,-5,7,-5,7,-5,6,-4,6,-4,6,-3,0,0,0,0,0,0,0,0,0,0,0,0,0,0,0,0,0,0,0,0,0,0,13,-7,14,-6,14,-6,15,-5,16,-4,17,-4,17,-3,17,-2,17,-1,17,-1,16,-1,16,-1,15,-1,15,-1,15,-1,14,-2,14,-2,15,-2,14,-3,14,-3,14,-4,15,-4,15,-5,14,-5,14,-5,14,-5,0,0,28,-10,25,-10,24,-10,24,-9,22,-10,20,-10,20,-10,18,-11,19,-11,16,-12,15,-12,15,-12,14,-13,14,-13,14,-14,15,-14,13,-14,13,-12,14,-12,14,-11,13,-11,12,-11,13,-10,12,-9,13,-8,13,-7,12,-6,12,-5,0,0,0,0,0,0,0,0,0,0,0,0,0,0,22,-17,25,-15,26,-14,28,-13,28,-12,28,-10,31,-10,33,-7,32,-6,33,-4,33,-3,32,-3,32,-2,31,0,30,-2,29,-2,29,-3,28,-4,28,-4,28,-5,27,-6,28,-7,28,-7,28,-9,29,-9,27,-10,28,-11,28,-10]"
618027643001100,9.192152700,90055,1862636841,-49,-98,6,0,1,7,0,0,256,0,0,"[0,0,15,2,14,2,13,1,14,1,13,1,12,1,12,0,11,0,11,-1,11,-1,10,-2,10,-2,10,-2,9,-3,10,-3,9,-3,9,-3,9,-3,9,-3,9,-2,9,-2,8,-2,8,-1,7,-1,7,-1,7,0,0,0,0,0,0,0,0,0,0,0,0,0,0,0,0,0,0,0,0,0,0,0,16,0,16,0,16,1,16,2,17,3,17,4,17,5,17,6,16,6,16,7,15,7,15,6,14,6,14,6,14,6,14,5,14,5,15,4,14,4,15,3,15,3,15,2,16,2,15,2,15,2,15,2,0,0,27,2,28,2,25,1,25,1,24,1,23,0,22,-1,22,-1,20,-2,20,-4,20,-4,18,-6,17,-6,17,-6,18,-7,17,-7,17,-7,17,-6,17,-6,17,-6,16,-5,14,-5,15,-5,13,-4,15,-4,13,-2,14,-2,13,0,0,0,0,0,0,0,0,0,0,0,0,0,0,0,28,-5,29,-2,30,0,29,3,31,3,29,5,31,7,31,9,31,10,31,12,30,13,30,13,29,13,28,13,27,13,27,11,27,10,27,9,27,8,27,8,26,7,28,5,29,6,28,4,30,4,29,4,29,3,29,4]"
618027663304100,9.212455700,90056,1862656582,-49,-98,6,0,1,7,0,0,256,0,0,"[0,0,4,-15,3,-14,3,-14,3,-13,2,-13,2,-13,1,-12,1,-12,1,-12,0,-11,-1,-11,-1,-11,-1,-11,-2,-10,-2,-10,-2,-10,-2,-10,-2,-10,-2,-10,-1,-9,-1,-9,-1,-9,-1,-9,-1,-8,0,-8,0,-7,0,0,0,0,0,0,0,0,0,0,0,0,0,0,0,0,0,0,0,0,0,0,2,-16,3,-16,4,-16,4,-16,5,-16,7,-16,7,-16,8,-16,8,-15,9,-15,8,-14,8,-14,8,-14,8,-14,7,-14,7,-13,6,-14,6,-14,6,-15,5,-15,5,-15,5,-15,4,-15,4,-16,3,-15,4,-15,0,0,19,-54,19,-55,17,-52,17,-48,14,-49,12,-45,12,-47,10,-43,7,-42,3,-40,1,-41,1,-42,-2,-40,-3,-41,-2,-38,-2,-37,-4,-37,-5,-37,-3,-36,-2,-36,1,-34,1,-33,2,-32,1,-32,0,-29,5,-27,4,-27,7,-26,0,0,0,0,0,0,0,0,0,0,0,0,0,0,5,-58,12,-58,17,-58,20,-58,23,-57,27,-57,30,-58,33,-57,38,-56,40,-54,41,-52,40,-51,39,-49,40,-47,38,-48,36,-49,35,-48,31,-48,33,-48,30,-49,28,-52,26,-52,26,-53,26,-58,23,-56,21,-57,21,-56,24,-56]"
618027683735200,9.232886800,90057,1862676555,-49,-98,6,0,1,7,0,0,256,0,0,"[0,0,9,-12,8,-12,8,-12,8,-11,7,-11,7,-11,6,-11,6,-11,5,-10,4,-10,4,-10,3,-10,3,-10,2,-10,3,-11,3,-10,2,-10,3,-10,3,-10,3,-9,3,-9,3,-9,3,-8,3,-7,4,-7,4,-7,0,0,0,0,0,0,0,0,0,0,0,0,0,0,0,0,0,0,0,0,0,0,7,-15,8,-14,9,-14,9,-14,10,-14,12,-14,12,-13,13,-13,13,-12,13,-11,13,-11,13,-11,13,-11,12,-11,12,-11,11,-11,11,-10,11,-11,10,-12,10,-12,10,-12,10,-12,10,-12,9,-13,9,-13,10,-13,0,0,40,-39,38,-42,37,-39,35,-36,31,-37,29,-37,29,-37,24,-35,23,-36,19,-34,19,-34,16,-36,17,-37,15,-37,15,-35,13,-34,13,-35,13,-35,14,-33,14,-32,14,-31,15,-31,15,-28,15,-26,15,-24,15,-22,16,-22,18,-20,0,0,0,0,0,0,0,0,0,0,0,0,0,0,27,-52,32,-50,36,-47,40,-46,41,-45,44,-43,48,-43,53,-40,55,-38,57,-35,58,-33,56,-33,56,-28,55,-29,52,-29,53,-30,51,-31,47,-29,48,-33,47,-33,45,-36,44,-38,44,-39,45,-41,43,-40,42,-41,43,-41,42,-40]"
618027705477800,9.254629400,90058,1862696648,-49,-98,6,0,1,7,0,0,256,0,0,"[0,0,-13,-9,-13,-9,-12,-9,-12,-8,-12,-7,-11,-7,-11,-7,-11,-6,-11,-5,-11,-4,-11,-4,-11,-3,-11,-3,-11,-2,-11,-2,-11,-2,-10,-2,-10,-2,-10,-2,-10,-3,-10,-2,-9,-3,-9,-3,-8,-3,-8,-3,-7,-3,0,0,0,0,0,0,0,0,0,0,0,0,0,0,0,0,0,0,0,0,0,0,-14,-9,-14,-10,-14,-11,-13,-11,-13,-13,-13,-13,-12,-14,-12,-15,-11,-15,-11,-15,-11,-14,-10,-14,-10,-14,-10,-13,-10,-13,-11,-12,-11,-12,-11,-12,-11,-12,-12,-11,-12,-11,-13,-11,-13,-10,-13,-10,-13,-9,-13,-9,0,0,-47,-29,-48,-31,-46,-28,-45,-26,-40,-24,-41,-23,-41,-22,-39,-19,-40,-17,-40,-13,-41,-11,-38,-9,-38,-8,-37,-7,-39,-4,-38,-5,-37,-6,-37,-5,-37,-6,-36,-7,-35,-8,-32,-10,-30,-8,-29,-8,-29,-8,-26,-9,-25,-12,-24,-13,0,0,0,0,0,0,0,0,0,0,0,0,0,0,-55,-22,-54,-28,-52,-31,-51,-34,-53,-36,-48,-39,-48,-45,-46,-47,-47,-50,-43,-53,-43,-52,-39,-55,-41,-52,-38,-52,-36,-50,-36,-46,-35,-46,-41,-43,-41,-40,-42,-41,-41,-39,-44,-36,-45,-39,-47,-37,-47,-37,-49,-34,-47,-32,-47,-34]"
618027729843900,9.278995500,90059,1862720648,-49,-98,6,0,1,7,0,0,256,0,0,"[0,0,-12,-10,-12,-10,-11,-10,-11,-9,-11,-9,-11,-8,-11,-7,-10,-6,-10,-6,-11,-6,-10,-5,-10,-5,-10,-4,-10,-4,-10,-3,-10,-3,-10,-3,-10,-3,-10,-3,-9,-3,-10,-3,-8,-4,-9,-4,-8,-4,-8,-4,-7,-4,0,0,0,0,0,0,0,0,0,0,0,0,0,0,0,0,0,0,0,0,0,0,-13,-10,-13,-11,-13,-12,-12,-13,-12,-14,-12,-14,-11,-15,-10,-15,-10,-15,-9,-16,-9,-15,-8,-15,-8,-15,-8,-14,-9,-14,-9,-13,-9,-12,-10,-13,-11,-12,-11,-12,-11,-12,-12,-12,-12,-12,-12,-12,-12,-11,-12,-11,0,0,-48,-32,-45,-32,-43,-32,-41,-30,-42,-29,-40,-25,-41,-24,-40,-21,-38,-18,-39,-15,-38,-13,-36,-12,-38,-12,-38,-10,-39,-6,-39,-7,-35,-6,-38,-8,-36,-6,-34,-9,-34,-9,-29,-9,-29,-10,-27,-10,-28,-11,-26,-11,-24,-12,-23,-14,0,0,0,0,0,0,0,0,0,0,0,0,0,0,-53,-21,-52,-29,-49,-33,-50,-36,-48,-38,-49,-41,-45,-44,-48,-50,-43,-51,-42,-53,-41,-53,-37,-53,-37,-55,-34,-53,-33,-50,-33,-49,-37,-47,-36,-44,-40,-44,-39,-42,-42,-42,-42,-39,-43,-39,-45,-38,-45,-38,-47,-38,-46,-37,-46,-37]"
618027743960000,9.293111600,90060,1862736607,-49,-98,6,0,1,7,0,0,256,0,0,"[0,0,-1,-14,-1,-14,-1,-14,-1,-13,-2,-12,-2,-12,-2,-12,-2,-11,-3,-10,-3,-10,-4,-10,-4,-9,-4,-9,-5,-9,-5,-9,-4,-9,-5,-9,-5,-8,-4,-8,-4,-9,-4,-8,-3,-8,-3,-8,-3,-8,-3,-7,-2,-7,0,0,0,0,0,0,0,0,0,0,0,0,0,0,0,0,0,0,0,0,0,0,-3,-15,-2,-15,-1,-16,0,-16,1,-16,2,-17,3,-16,4,-17,4,-16,4,-16,3,-15,3,-15,3,-15,3,-15,3,-15,2,-14,2,-14,2,-14,1,-14,1,-14,0,-15,0,-15,0,-15,-1,-15,-1,-15,-1,-15,0,0,-3,-27,-4,-27,-3,-27,-5,-24,-5,-24,-6,-24,-6,-22,-6,-21,-7,-19,-8,-20,-9,-19,-9,-18,-9,-17,-10,-17,-10,-16,-10,-16,-11,-16,-10,-16,-10,-16,-9,-15,-8,-15,-7,-15,-7,-15,-6,-14,-6,-14,-4,-14,-4,-14,-2,-14,0,0,0,0,0,0,0,0,0,0,0,0,0,0,-11,-28,-8,-29,-6,-29,-4,-30,-3,-32,-3,-31,0,-34,2,-33,3,-34,4,-33,6,-32,6,-33,6,-32,6,-30,6,-29,5,-29,5,-29,4,-28,2,-28,1,-29,0,-28,-1,-30,-2,-29,-2,-30,-2,-29,-2,-30,-4,-30,-3,-28]"
618027765558400,9.314710000,90061,1862756625,-49,-98,6,0,1,7,0,0,256,0,0,"[0,0,-5,-14,-5,-15,-5,-14,-5,-13,-5,-13,-5,-12,-6,-11,-6,-11,-6,-10,-6,-10,-6,-9,-6,-9,-7,-9,-7,-8,-7,-8,-7,-8,-7,-8,-7,-8,-7,-7,-6,-7,-6,-7,-6,-7,-5,-7,-4,-7,-4,-7,-4,-7,0,0,0,0,0,0,0,0,0,0,0,0,0,0,0,0,0,0,0,0,0,0,-7,-15,-6,-15,-6,-16,-5,-17,-4,-17,-3,-18,-3,-18,-2,-18,-1,-18,0,-18,0,-17,0,-17,0,-17,0,-16,-1,-16,-2,-15,-2,-16,-3,-15,-3,-16,-4,-16,-4,-15,-5,-16,-5,-16,-4,-16,-5,-16,-5,-15,0,0,-10,-26,-11,-27,-11,-25,-11,-24,-10,-23,-11,-21,-11,-20,-12,-19,-11,-18,-13,-17,-12,-15,-13,-15,-13,-15,-13,-14,-15,-14,-14,-13,-14,-13,-13,-12,-13,-12,-12,-12,-12,-13,-10,-13,-10,-13,-9,-13,-9,-12,-8,-12,-8,-13,-6,-13,0,0,0,0,0,0,0,0,0,0,0,0,0,0,-16,-25,-13,-27,-13,-27,-11,-28,-10,-30,-8,-29,-8,-33,-6,-33,-6,-34,-3,-34,-4,-33,-1,-34,-1,-32,-1,-32,0,-31,-1,-29,-1,-29,-4,-29,-5,-28,-5,-28,-6,-28,-7,-28,-8,-29,-10,-28,-10,-29,-8,-29,-9,-29,-10,-28]"
618027783205900,9.332357500,90062,1862776586,-49,-98,6,0,1,7,0,0,256,0,0,"[0,0,6,-14,5,-14,5,-13,5,-13,4,-13,4,-12,4,-12,3,-11,2,-11,1,-11,1,-11,1,-11,0,-11,0,-10,0,-10,0,-10,-1,-10,0,-10,0,-10,0,-10,0,-9,0,-9,0,-9,0,-9,1,-8,1,-8,0,0,0,0,0,0,0,0,0,0,0,0,0,0,0,0,0,0,0,0,0,0,4,-15,5,-16,6,-15,7,-16,8,-16,9,-16,10,-15,10,-15,11,-14,11,-13,10,-13,10,-13,10,-13,9,-13,9,-13,9,-12,8,-13,8,-13,7,-13,7,-14,7,-14,7,-14,7,-15,6,-15,6,-14,6,-15,0,0,25,-48,25,-52,22,-49,21,-44,17,-46,18,-44,18,-42,13,-42,11,-38,8,-38,5,-38,3,-39,1,-40,1,-38,-1,-39,1,-37,-1,-38,2,-37,1,-35,4,-35,4,-32,4,-32,5,-30,3,-31,2,-29,5,-26,8,-26,9,-25,0,0,0,0,0,0,0,0,0,0,0,0,0,0,9,-58,13,-57,18,-57,23,-54,27,-56,30,-53,35,-55,38,-53,42,-50,46,-48,46,-47,44,-48,43,-46,41,-46,39,-46,37,-45,38,-44,34,-43,35,-44,34,-46,33,-48,32,-47,31,-49,30,-50,28,-51,25,-54,24,-53,26,-53]"
618027803358300,9.352509900,90063,1862797017,-49,-98,6,0,1,7,0,0,256,0,0,"[0,0,-15,-5,-15,-5,-13,-5,-14,-4,-13,-4,-13,-4,-12,-3,-12,-2,-12,-2,-12,-1,-11,-1,-11,0,-11,0,-10,1,-11,1,-10,1,-11,1,-10,1,-10,1,-10,0,-10,1,-9,0,-9,-1,-9,-1,-8,-1,-8,-1,0,0,0,0,0,0,0,0,0,0,0,0,0,0,0,0,0,0,0,0,0,0,-16,-5,-16,-6,-17,-7,-15,-8,-16,-9,-16,-10,-16,-10,-15,-11,-15,-11,-15,-12,-14,-11,-14,-11,-13,-11,-13,-10,-13,-10,-14,-9,-13,-8,-14,-9,-14,-8,-15,-7,-15,-7,-15,-6,-16,-6,-15,-7,-15,-5,-15,-6,0,0,-28,-7,-28,-6,-26,-6,-25,-5,-24,-4,-24,-4,-23,-4,-22,-2,-22,-2,-21,0,-21,3,-20,3,-20,3,-19,3,-19,4,-19,4,-18,4,-18,4,-19,3,-19,3,-18,1,-17,1,-16,1,-15,1,-15,0,-15,0,-14,-1,-14,-2,0,0,0,0,0,0,0,0,0,0,0,0,0,0,-30,2,-30,-2,-31,-4,-31,-7,-31,-9,-29,-11,-31,-12,-31,-13,-30,-16,-30,-16,-30,-18,-30,-18,-29,-16,-27,-16,-27,-16,-27,-15,-26,-14,-26,-13,-27,-13,-27,-12,-27,-11,-28,-11,-28,-9,-29,-9,-29,-8,-29,-7,-28,-7,-30,-7]"
618027829929500,9.379081100,90064,1862822770,-49,-98,6,0,1,7,0,0,256,0,0,"[0,0,-6,14,-6,14,-6,13,-5,12,-5,12,-4,12,-3,11,-3,11,-2,11,-2,10,-2,10,-1,10,0,10,0,10,0,10,0,10,0,10,0,9,0,9,0,9,0,9,0,9,-1,8,-1,8,-2,8,-2,7,0,0,0,0,0,0,0,0,0,0,0,0,0,0,0,0,0,0,0,0,0,0,-5,15,-6,15,-7,15,-8,15,-9,15,-10,15,-10,15,-11,15,-12,14,-12,14,-12,13,-12,12,-11,12,-11,12,-10,12,-10,12,-9,13,-9,13,-8,13,-7,14,-7,14,-7,14,-7,15,-6,15,-6,14,-6,14,0,0,-22,51,-21,51,-18,47,-18,46,-14,44,-13,45,-13,42,-11,41,-7,39,-5,39,-4,39,-3,38,-1,37,0,37,2,38,2,35,2,36,2,34,1,36,-1,35,-1,33,-2,35,-4,31,-3,30,-6,27,-3,26,-7,27,-8,25,0,0,0,0,0,0,0,0,0,0,0,0,0,0,-8,57,-14,58,-18,55,-21,54,-24,58,-27,54,-32,57,-35,55,-38,55,-40,53,-42,49,-44,50,-41,45,-42,46,-38,45,-38,43,-35,44,-34,45,-31,45,-31,49,-29,46,-27,50,-27,51,-25,51,-25,53,-22,52,-23,52,-21,52]"
618027844760300,9.393911900,90065,1862836565,-49,-98,6,0,1,7,0,0,256,0,0,"[0,0,13,-6,12,-7,11,-6,12,-6,11,-6,10,-6,9,-6,9,-7,9,-7,8,-7,7,-7,7,-8,7,-8,6,-7,6,-8,6,-8,6,-8,6,-8,6,-8,6,-7,6,-7,5,-7,5,-6,5,-6,6,-5,6,-5,0,0,0,0,0,0,0,0,0,0,0,0,0,0,0,0,0,0,0,0,0,0,13,-8,13,-8,14,-7,15,-6,16,-6,16,-5,17,-5,17,-4,17,-3,16,-2,16,-2,16,-2,16,-2,15,-2,14,-3,15,-3,14,-3,15,-4,14,-5,14,-5,14,-5,14,-6,14,-6,13,-6,13,-6,14,-7,0,0,23,-13,22,-14,22,-14,21,-12,20,-13,19,-13,17,-13,17,-13,15,-12,14,-14,14,-15,11,-15,11,-15,10,-15,10,-16,10,-15,9,-16,11,-15,11,-14,10,-13,11,-13,10,-13,9,-11,9,-12,10,-11,9,-9,10,-9,11,-8,0,0,0,0,0,0,0,0,0,0,0,0,0,0,21,-20,22,-17,24,-16,26,-13,26,-14,27,-12,29,-12,31,-10,31,-7,33,-6,32,-5,32,-5,30,-6,30,-5,29,-6,28,-7,28,-6,27,-7,26,-7,27,-9,26,-9,26,-10,26,-11,25,-12,25,-13,25,-14,24,-14,26,-14]"
618027864824100,9.413975700,90066,1862856621,-49,-98,6,0,1,7,0,0,256,0,0,"[0,0,2,-15,2,-15,2,-14,2,-14,1,-14,1,-13,0,-13,0,-12,-1,-11,-1,-11,-1,-11,-2,-11,-3,-11,-3,-10,-3,-10,-3,-10,-3,-10,-3,-10,-3,-10,-3,-10,-2,-9,-2,-9,-2,-9,-1,-9,-1,-8,-1,-8,0,0,0,0,0,0,0,0,0,0,0,0,0,0,0,0,0,0,0,0,0,0,1,-16,2,-17,2,-17,3,-17,4,-18,5,-17,6,-18,7,-17,7,-17,8,-16,8,-16,8,-15,7,-15,7,-15,6,-15,6,-15,5,-15,5,-15,4,-15,4,-16,3,-16,3,-16,3,-16,2,-16,3,-16,3,-16,0,0,4,-27,2,-29,3,-27,3,-26,2,-24,1,-24,1,-24,0,-23,-2,-22,-3,-21,-4,-19,-5,-20,-6,-20,-5,-18,-6,-19,-6,-18,-6,-19,-6,-18,-6,-17,-4,-18,-5,-17,-3,-17,-4,-16,-3,-15,-3,-14,-2,-14,-1,-15,1,-15,0,0,0,0,0,0,0,0,0,0,0,0,0,0,-4,-30,-1,-30,1,-30,4,-30,5,-33,6,-31,8,-32,11,-32,12,-31,14,-30,15,-30,15,-31,14,-29,14,-29,13,-28,12,-27,12,-26,10,-28,9,-27,9,-28,8,-28,7,-28,8,-28,6,-29,6,-30,4,-29,4,-30,5,-29]"
618027886085500,9.435237100,90067,1862879078,-49,-98,6,0,1,7,0,0,256,0,0,"[0,0,-13,8,-12,8,-12,8,-12,8,-11,7,-10,7,-9,8,-9,8,-8,8,-8,8,-7,8,-7,8,-6,8,-6,8,-6,8,-5,8,-5,8,-5,8,-6,8,-6,7,-6,7,-5,7,-5,6,-5,6,-6,5,-6,5,0,0,0,0,0,0,0,0,0,0,0,0,0,0,0,0,0,0,0,0,0,0,-14,9,-14,9,-14,9,-15,8,-16,8,-17,6,-17,6,-18,5,-18,5,-18,4,-17,4,-17,3,-16,3,-16,4,-15,4,-15,5,-15,5,-15,6,-14,6,-14,7,-14,7,-14,8,-15,8,-14,8,-14,8,-14,8,0,0,-25,14,-23,14,-22,14,-22,13,-20,13,-19,14,-18,14,-16,14,-15,14,-14,15,-13,14,-12,15,-11,14,-10,15,-12,16,-11,14,-10,15,-10,15,-11,14,-11,14,-10,13,-10,13,-10,13,-10,12,-10,10,-10,8,-11,10,-11,9,0,0,0,0,0,0,0,0,0,0,0,0,0,0,-21,20,-23,18,-25,16,-25,15,-29,15,-27,13,-31,13,-32,10,-32,10,-34,9,-33,7,-33,6,-32,6,-32,5,-29,6,-29,6,-28,7,-28,7,-27,8,-28,9,-26,11,-26,12,-26,13,-26,13,-27,14,-26,14,-25,15,-26,14]"
618027902953900,9.452105500,90068,1862896557,-49,-98,6,0,1,7,0,0,256,0,0,"[0,0,15,-2,14,-2,14,-2,13,-2,13,-2,12,-3,11,-3,11,-3,11,-4,10,-4,9,-4,9,-4,9,-5,9,-5,8,-5,9,-5,8,-5,9,-6,8,-5,8,-5,8,-5,8,-4,7,-4,7,-3,7,-3,7,-2,0,0,0,0,0,0,0,0,0,0,0,0,0,0,0,0,0,0,0,0,0,0,15,-4,16,-4,16,-3,17,-2,17,-1,18,0,18,0,18,1,18,2,17,3,17,3,17,3,16,3,16,2,16,2,15,1,15,1,15,0,15,0,15,-1,15,-1,16,-2,16,-2,16,-2,15,-2,15,-2,0,0,27,0,27,-2,25,-2,25,-2,24,-2,22,-3,21,-4,21,-5,20,-5,19,-5,19,-6,18,-6,17,-7,15,-8,17,-8,17,-8,15,-10,16,-8,16,-8,16,-7,15,-8,14,-7,14,-5,14,-6,13,-4,13,-3,13,-4,13,-2,0,0,0,0,0,0,0,0,0,0,0,0,0,0,27,-8,29,-6,29,-2,29,-3,30,-1,29,0,32,2,32,4,32,5,32,6,32,7,31,9,30,10,29,11,29,9,27,9,27,8,27,6,27,5,29,5,27,3,28,1,28,0,28,0,29,0,29,1,29,1,29,1]"
618027923111700,9.472263300,90069,1862916549,-49,-98,6,0,1,7,0,0,256,0,0,"[0,0,14,3,14,2,13,2,13,2,12,1,12,1,11,1,11,0,11,0,10,-1,10,-2,9,-2,10,-2,9,-3,10,-3,9,-3,9,-3,9,-3,9,-3,9,-3,9,-2,8,-2,8,-2,8,-1,8,-1,7,-1,0,0,0,0,0,0,0,0,0,0,0,0,0,0,0,0,0,0,0,0,0,0,15,1,15,2,16,3,15,4,16,5,16,5,16,6,16,8,15,8,15,8,15,8,14,8,14,7,14,7,13,7,14,6,13,5,14,5,14,4,14,4,14,4,15,4,15,3,15,3,15,3,15,3,0,0,27,5,26,3,26,3,24,3,24,1,22,1,22,0,21,-2,20,-2,19,-3,19,-5,18,-6,17,-6,18,-6,18,-6,17,-6,16,-6,18,-6,18,-6,18,-5,16,-5,16,-4,14,-4,14,-5,14,-4,14,-2,13,-2,13,0,0,0,0,0,0,0,0,0,0,0,0,0,0,0,28,-4,29,-2,29,1,29,4,29,5,30,8,30,7,32,10,31,13,30,14,28,14,28,14,29,14,28,14,26,14,26,11,26,11,26,10,26,11,26,9,27,8,28,7,26,7,27,6,28,5,28,4,29,4,29,5]"
618027946240300,9.495391900,90070,1862939039,-49,-98,6,0,1,7,0,0,256,0,0,"[0,0,-12,-9,-12,-9,-11,-8,-11,-7,-11,-7,-11,-7,-10,-6,-10,-5,-10,-4,-10,-4,-10,-3,-10,-3,-10,-2,-10,-2,-10,-2,-10,-2,-9,-2,-9,-2,-10,-2,-9,-2,-9,-2,-8,-2,-8,-2,-8,-3,-7,-3,-7,-3,0,0,0,0,0,0,0,0,0,0,0,0,0,0,0,0,0,0,0,0,0,0,-13,-9,-13,-10,-12,-10,-12,-11,-12,-12,-12,-13,-11,-13,-11,-14,-10,-14,-10,-14,-10,-14,-9,-13,-9,-13,-9,-13,-9,-12,-10,-12,-10,-11,-10,-11,-11,-11,-11,-10,-12,-10,-12,-10,-12,-10,-12,-10,-12,-9,-12,-9,0,0,-41,-33,-44,-36,-40,-31,-42,-30,-39,-27,-41,-25,-38,-23,-37,-21,-36,-18,-40,-16,-39,-13,-37,-12,-35,-10,-35,-8,-38,-8,-37,-6,-36,-7,-36,-7,-36,-8,-33,-7,-34,-8,-31,-7,-29,-8,-27,-9,-30,-10,-26,-11,-25,-12,-23,-14,0,0,0,0,0,0,0,0,0,0,0,0,0,0,-53,-27,-51,-33,-48,-36,-46,-37,-48,-43,-42,-44,-44,-49,-42,-51,-40,-52,-38,-58,-36,-56,-35,-58,-34,-56,-34,-55,-32,-51,-31,-49,-31,-47,-35,-47,-36,-45,-39,-46,-38,-42,-42,-42,-41,-43,-42,-41,-45,-40,-44,-39,-44,-38,-43,-37]"
618027966267000,9.515418600,90071,1862958747,-50,-98,6,0,1,7,0,0,256,0,0,"[0,0,-16,2,-14,2,-14,2,-14,2,-13,2,-13,3,-12,3,-11,3,-11,3,-11,4,-10,4,-9,5,-9,5,-9,5,-9,5,-9,5,-8,5,-9,5,-8,5,-9,5,-8,4,-8,4,-7,4,-8,3,-7,3,-8,3,0,0,0,0,0,0,0,0,0,0,0,0,0,0,0,0,0,0,0,0,0,0,-16,3,-17,3,-17,2,-17,1,-17,0,-19,-1,-18,-2,-19,-2,-18,-3,-18,-3,-18,-3,-17,-3,-16,-3,-16,-2,-16,-2,-16,-2,-16,-2,-16,-1,-16,-1,-16,0,-16,1,-16,1,-16,2,-16,2,-16,2,-16,2,0,0,-28,-1,-28,0,-26,1,-25,1,-24,2,-23,2,-22,3,-21,3,-21,3,-20,4,-19,6,-18,6,-18,7,-17,7,-17,8,-17,8,-17,8,-17,8,-17,7,-17,6,-16,5,-16,5,-14,5,-14,5,-14,4,-14,3,-14,2,-14,2,0,0,0,0,0,0,0,0,0,0,0,0,0,0,-28,7,-30,4,-30,1,-30,0,-31,-1,-31,-3,-33,-4,-33,-7,-33,-8,-32,-10,-33,-11,-31,-11,-30,-11,-30,-11,-29,-10,-28,-8,-27,-8,-28,-7,-27,-6,-29,-5,-29,-4,-29,-3,-29,-3,-29,-3,-30,-2,-29,-1,-29,0,-30,-2]"
618027988596100,9.537747700,90072,1862979952,-49,-98,6,0,1,7,0,0,256,0,0,"[0,0,8,-12,8,-11,7,-11,7,-11,6,-11,6,-10,5,-10,5,-10,4,-10,4,-9,3,-10,3,-9,2,-9,2,-10,2,-10,2,-10,1,-10,2,-9,2,-9,2,-9,2,-9,2,-8,2,-8,3,-7,3,-7,3,-7,0,0,0,0,0,0,0,0,0,0,0,0,0,0,0,0,0,0,0,0,0,0,7,-14,8,-14,8,-13,9,-13,10,-13,11,-13,12,-12,12,-12,13,-11,12,-11,12,-10,12,-10,12,-10,12,-10,11,-10,10,-10,11,-10,10,-10,10,-11,9,-11,9,-11,9,-12,9,-12,9,-12,8,-12,9,-12,0,0,32,-42,32,-45,30,-43,29,-40,25,-40,24,-41,23,-40,18,-40,18,-36,14,-38,13,-37,11,-37,9,-35,10,-37,8,-37,9,-37,8,-38,8,-35,7,-34,8,-34,9,-34,10,-32,10,-30,12,-29,12,-27,10,-25,13,-24,16,-23,0,0,0,0,0,0,0,0,0,0,0,0,0,0,19,-56,26,-55,29,-51,32,-48,35,-52,36,-51,41,-52,46,-48,47,-45,51,-45,49,-43,55,-41,52,-37,51,-35,48,-35,46,-36,44,-35,42,-39,41,-37,42,-39,40,-41,37,-45,38,-46,36,-46,37,-47,36,-48,36,-45,34,-45]"
618028007008200,9.556159800,90073,1862997368,-50,-98,6,0,1,7,0,0,256,0,0,"[0,0,-10,-12,-10,-11,-10,-11,-9,-10,-9,-10,-9,-9,-9,-9,-9,-8,-9,-7,-9,-6,-9,-5,-9,-6,-9,-5,-9,-5,-10,-5,-10,-5,-9,-5,-9,-4,-9,-5,-9,-5,-8,-5,-8,-5,-7,-5,-7,-5,-7,-5,-6,-5,0,0,0,0,0,0,0,0,0,0,0,0,0,0,0,0,0,0,0,0,0,0,-12,-11,-12,-12,-11,-13,-11,-14,-10,-14,-10,-15,-9,-16,-8,-17,-8,-17,-7,-16,-8,-16,-7,-15,-7,-15,-7,-15,-7,-15,-8,-14,-8,-14,-8,-13,-9,-13,-9,-13,-9,-13,-10,-13,-10,-13,-11,-13,-11,-12,-10,-12,0,0,-18,-23,-17,-23,-18,-22,-16,-20,-16,-20,-16,-18,-16,-17,-16,-16,-16,-14,-16,-13,-17,-12,-16,-11,-17,-11,-18,-10,-17,-10,-17,-10,-16,-10,-17,-9,-17,-8,-16,-9,-15,-9,-14,-10,-13,-9,-13,-10,-12,-10,-12,-10,-10,-10,-8,-10,0,0,0,0,0,0,0,0,0,0,0,0,0,0,-24,-18,-22,-20,-21,-22,-21,-25,-19,-25,-18,-27,-17,-28,-17,-31,-16,-30,-15,-32,-13,-32,-12,-31,-12,-32,-12,-30,-10,-29,-11,-29,-11,-28,-12,-26,-13,-28,-14,-25,-14,-26,-15,-26,-16,-24,-17,-26,-17,-25,-17,-25,-17,-24,-20,-26]"
618028026317400,9.575469000,90074,1863016443,-50,-98,6,0,1,7,0,0,256,0,0,"[0,0,-15,4,-15,4,-13,4,-14,4,-12,4,-12,4,-12,4,-11,5,-11,5,-10,6,-9,5,-9,5,-8,6,-8,6,-8,7,-8,6,-8,6,-8,6,-8,6,-8,6,-7,5,-7,5,-7,4,-7,4,-7,4,-7,3,0,0,0,0,0,0,0,0,0,0,0,0,0,0,0,0,0,0,0,0,0,0,-16,6,-16,5,-17,5,-17,4,-18,3,-18,2,-19,2,-19,1,-19,1,-18,0,-18,0,-18,-1,-17,-1,-17,0,-16,0,-16,1,-16,1,-17,1,-15,2,-16,3,-15,3,-16,3,-17,4,-16,4,-16,4,-15,4,0,0,-25,12,-26,12,-23,10,-24,11,-21,11,-20,13,-19,11,-18,12,-17,12,-17,13,-16,13,-14,13,-13,13,-12,14,-13,15,-11,13,-13,14,-12,14,-12,14,-12,12,-12,12,-12,12,-11,11,-11,10,-12,9,-11,8,-12,8,-12,6,0,0,0,0,0,0,0,0,0,0,0,0,0,0,-24,19,-26,16,-27,15,-27,13,-30,13,-30,11,-33,10,-33,8,-34,8,-34,6,-34,5,-35,4,-33,3,-32,3,-30,2,-29,3,-29,4,-30,5,-28,5,-30,7,-27,8,-27,9,-28,10,-28,11,-29,11,-27,11,-27,12,-28,11]"
618028043049600,9.592201200,90075,1863036609,-50,-98,6,0,1,7,0,0,256,0,0,"[0,0,14,-2,13,-2,12,-2,12,-2,11,-2,11,-2,10,-3,9,-3,10,-3,9,-4,8,-4,8,-4,8,-5,8,-5,8,-5,7,-5,7,-5,8,-5,8,-5,7,-5,7,-4,7,-4,7,-4,6,-3,6,-3,6,-3,0,0,0,0,0,0,0,0,0,0,0,0,0,0,0,0,0,0,0,0,0,0,14,-4,15,-3,15,-2,15,-2,16,-1,16,0,16,1,17,2,16,2,15,3,15,2,15,2,14,2,14,2,14,2,13,1,14,1,14,0,14,0,14,-1,14,-1,14,-1,14,-1,14,-2,14,-2,14,-2,0,0,28,-2,28,-2,25,-2,26,-3,24,-3,23,-4,22,-3,21,-4,21,-5,20,-6,18,-7,18,-9,17,-9,16,-9,17,-10,16,-9,16,-9,16,-9,16,-9,16,-8,15,-7,14,-7,14,-6,14,-6,13,-5,12,-4,14,-4,13,-2,0,0,0,0,0,0,0,0,0,0,0,0,0,0,28,-10,30,-7,29,-4,30,-2,32,-1,30,0,33,2,33,4,33,6,33,8,32,9,32,9,31,10,30,9,29,8,28,7,28,6,29,5,28,6,29,4,28,3,29,2,29,2,29,1,30,0,29,-1,29,-1,28,0]"
618028064235700,9.613387300,90076,1863056628,-49,-98,6,0,1,7,0,0,256,0,0,"[0,0,13,-7,12,-7,11,-7,11,-6,10,-6,9,-7,9,-6,8,-7,8,-7,8,-7,6,-8,6,-8,6,-8,5,-8,6,-8,6,-8,5,-8,5,-8,6,-7,6,-7,5,-7,5,-6,5,-6,5,-6,6,-5,5,-5,0,0,0,0,0,0,0,0,0,0,0,0,0,0,0,0,0,0,0,0,0,0,12,-10,13,-9,13,-8,14,-8,15,-7,16,-7,16,-5,17,-5,16,-4,16,-4,15,-4,15,-4,15,-4,14,-4,14,-4,14,-4,14,-5,14,-5,13,-6,13,-6,13,-6,13,-6,13,-7,13,-7,13,-8,13,-7,0,0,28,-9,25,-11,25,-10,23,-9,23,-10,21,-10,20,-11,18,-11,18,-10,16,-11,16,-13,14,-13,13,-14,13,-14,13,-13,14,-14,12,-13,13,-14,14,-12,13,-11,13,-11,13,-11,12,-11,11,-9,11,-8,12,-8,12,-7,11,-7,0,0,0,0,0,0,0,0,0,0,0,0,0,0,23,-18,26,-15,27,-13,29,-13,29,-11,30,-10,32,-8,34,-6,33,-4,34,-3,33,-2,32,-1,32,-2,32,-1,30,-2,29,-2,30,-2,28,-4,29,-4,28,-4,29,-6,28,-7,28,-7,27,-9,28,-10,28,-11,28,-10,28,-10]"
618028084248500,9.633400100,90077,1863081966,-49,-98,6,0,1,7,0,0,256,0,0,"[0,0,12,-9,11,-9,10,-9,10,-9,10,-9,9,-9,8,-9,7,-9,7,-8,7,-9,6,-9,5,-9,5,-9,5,-9,5,-9,5,-9,4,-9,5,-9,4,-9,5,-8,4,-8,4,-8,5,-7,5,-7,5,-6,5,-6,0,0,0,0,0,0,0,0,0,0,0,0,0,0,0,0,0,0,0,0,0,0,11,-12,12,-11,13,-11,13,-10,14,-10,15,-9,16,-8,16,-8,16,-7,16,-7,16,-6,15,-6,15,-6,14,-6,14,-6,14,-6,13,-7,14,-7,13,-8,13,-8,12,-9,12,-9,13,-10,12,-9,12,-9,12,-9,0,0,22,-14,23,-16,21,-16,20,-15,18,-14,17,-15,17,-15,15,-15,15,-15,14,-16,12,-15,11,-15,11,-15,9,-16,9,-17,9,-16,9,-16,9,-16,9,-15,9,-15,9,-14,8,-14,9,-13,9,-13,9,-11,9,-10,11,-10,10,-8,0,0,0,0,0,0,0,0,0,0,0,0,0,0,19,-23,21,-21,23,-19,24,-18,26,-18,25,-16,29,-16,29,-14,31,-13,32,-10,30,-9,31,-9,31,-9,30,-8,29,-9,27,-8,26,-8,27,-10,25,-10,26,-11,25,-12,25,-14,25,-14,24,-15,25,-15,25,-16,25,-16,24,-15]"
618028106200000,9.655351600,90078,1863099714,-50,-98,6,0,1,7,0,0,256,0,0,"[0,0,-7,-13,-8,-12,-8,-12,-7,-11,-7,-11,-8,-10,-8,-10,-8,-9,-7,-8,-8,-8,-8,-7,-8,-7,-8,-7,-8,-6,-8,-5,-8,-5,-9,-5,-8,-6,-8,-6,-8,-5,-8,-6,-7,-6,-7,-6,-6,-5,-6,-5,-5,-5,0,0,0,0,0,0,0,0,0,0,0,0,0,0,0,0,0,0,0,0,0,0,-9,-13,-9,-14,-8,-14,-7,-15,-7,-16,-6,-16,-6,-17,-5,-17,-4,-17,-4,-17,-4,-17,-4,-16,-3,-16,-4,-15,-4,-15,-5,-14,-5,-15,-5,-14,-6,-14,-7,-14,-7,-14,-7,-14,-8,-14,-8,-13,-8,-13,-8,-13,0,0,-13,-26,-12,-26,-12,-24,-13,-22,-11,-22,-13,-20,-13,-19,-13,-18,-13,-17,-13,-15,-13,-15,-14,-15,-14,-14,-15,-12,-16,-12,-15,-12,-15,-12,-15,-12,-15,-11,-15,-12,-14,-12,-13,-11,-12,-12,-10,-11,-10,-12,-10,-12,-8,-12,-8,-12,0,0,0,0,0,0,0,0,0,0,0,0,0,0,-19,-24,-16,-27,-15,-28,-14,-28,-13,-30,-10,-30,-9,-32,-9,-33,-9,-33,-7,-34,-6,-35,-4,-34,-3,-32,-3,-32,-2,-31,-3,-31,-5,-30,-7,-29,-7,-29,-8,-29,-8,-28,-10,-28,-11,-28,-11,-29,-11,-28,-12,-29,-11,-28,-11,-28]"
618028124366500,9.673518100,90079,1863116520,-50,-98,6,0,1,7,0,0,256,0,0,"[0,0,-5,14,-4,14,-4,13,-4,13,-3,12,-3,12,-2,11,-2,11,-1,10,-1,11,-1,10,0,10,1,10,1,10,1,10,1,9,1,9,1,9,0,9,0,9,0,9,0,8,0,8,-1,8,-1,7,-1,7,0,0,0,0,0,0,0,0,0,0,0,0,0,0,0,0,0,0,0,0,0,0,-3,15,-4,16,-4,16,-5,16,-6,16,-7,16,-8,16,-9,16,-10,15,-10,15,-10,14,-10,14,-9,13,-9,13,-8,14,-8,13,-8,13,-7,14,-7,14,-6,14,-6,14,-5,15,-6,15,-5,15,-5,15,-5,15,0,0,-8,26,-6,26,-7,26,-6,23,-5,24,-4,22,-4,22,-3,21,-2,20,-1,19,2,19,2,18,3,18,2,19,3,17,3,18,4,18,3,17,3,17,2,16,1,16,0,15,1,14,1,15,1,14,-1,14,-2,14,-3,14,0,0,0,0,0,0,0,0,0,0,0,0,0,0,3,28,-1,29,-3,28,-5,29,-7,29,-7,29,-10,29,-12,31,-13,29,-16,30,-16,28,-17,28,-16,28,-16,26,-15,26,-15,25,-14,25,-12,24,-12,26,-11,24,-11,26,-10,27,-10,27,-9,28,-9,27,-7,28,-6,28,-7,27]"
618028143227300,9.692378900,90080,1863136617,-50,-98,6,0,1,7,0,0,256,0,0,"[0,0,14,0,14,0,13,-1,13,-1,13,-1,12,-1,11,-2,11,-2,10,-3,10,-3,10,-4,9,-4,9,-4,8,-4,9,-5,8,-5,9,-5,9,-5,8,-5,8,-4,8,-4,8,-4,7,-3,7,-3,8,-2,7,-2,0,0,0,0,0,0,0,0,0,0,0,0,0,0,0,0,0,0,0,0,0,0,16,-1,16,0,16,1,16,1,17,2,17,3,17,4,17,5,17,5,16,6,16,6,15,6,15,6,14,5,15,5,15,4,14,3,15,3,15,3,15,1,15,1,15,1,16,1,15,1,15,1,16,1,0,0,28,-2,27,-4,26,-4,24,-3,24,-4,22,-5,21,-5,20,-6,20,-7,18,-9,17,-9,16,-10,16,-9,16,-10,15,-11,16,-11,14,-11,15,-11,14,-10,15,-10,14,-9,14,-9,13,-8,13,-7,13,-7,13,-6,13,-4,13,-5,0,0,0,0,0,0,0,0,0,0,0,0,0,0,27,-11,29,-8,29,-6,29,-4,31,-3,31,-1,32,0,34,2,33,4,34,7,32,8,32,7,32,6,30,6,30,7,28,5,28,5,28,4,28,3,29,2,29,1,29,1,29,0,28,-1,30,-1,28,-4,29,-3,29,-3]"
618028163500600,9.712652200,90081,1863158781,-50,-98,6,0,1,7,0,0,256,0,0,"[0,0,-16,-2,-16,-2,-14,-2,-14,-2,-13,-1,-13,0,-12,0,-12,0,-12,1,-11,2,-11,2,-10,2,-10,2,-10,3,-10,3,-10,4,-9,3,-10,3,-9,3,-10,3,-9,3,-9,2,-9,2,-8,2,-8,1,-8,1,0,0,0,0,0,0,0,0,0,0,0,0,0,0,0,0,0,0,0,0,0,0,-17,-2,-17,-3,-17,-3,-17,-4,-18,-5,-18,-6,-18,-7,-18,-8,-17,-8,-16,-8,-16,-8,-16,-8,-15,-8,-15,-8,-15,-7,-15,-6,-15,-6,-15,-6,-15,-4,-15,-4,-16,-4,-16,-3,-17,-3,-16,-3,-16,-3,-16,-2,0,0,-28,-1,-28,-1,-26,0,-25,0,-24,1,-23,2,-22,2,-21,2,-21,3,-20,5,-20,5,-19,5,-18,7,-17,7,-18,7,-17,8,-17,8,-17,7,-18,8,-17,6,-16,5,-16,6,-15,5,-15,4,-15,3,-14,2,-15,3,-13,1,0,0,0,0,0,0,0,0,0,0,0,0,0,0,-28,5,-30,2,-31,0,-30,-1,-31,-2,-31,-3,-32,-6,-32,-8,-33,-7,-32,-11,-32,-10,-31,-12,-30,-13,-29,-12,-28,-12,-27,-11,-27,-9,-28,-9,-27,-7,-28,-7,-27,-5,-29,-4,-29,-3,-29,-2,-31,-3,-29,-3,-29,-2,-29,-2]"
618028182580000,9.731731600,90082,1863176551,-50,-98,6,0,1,7,0,0,256,0,0,"[0,0,2,15,2,14,2,13,2,13,3,13,3,12,3,11,3,11,4,10,4,9,4,9,4,9,5,8,5,8,5,8,5,8,5,8,5,8,5,7,5,8,4,7,4,7,3,7,3,7,3,6,2,7,0,0,0,0,0,0,0,0,0,0,0,0,0,0,0,0,0,0,0,0,0,0,4,15,3,16,2,16,1,16,1,17,0,18,-1,18,-2,18,-2,18,-3,17,-3,17,-3,16,-3,16,-3,16,-2,16,-1,15,-1,15,0,15,0,15,1,15,1,15,2,15,2,16,2,16,2,15,2,15,0,0,8,24,9,28,8,23,8,24,9,22,9,20,9,20,10,19,9,16,10,17,11,15,10,15,11,13,11,12,13,13,13,12,13,13,11,11,13,12,11,12,11,13,10,12,10,13,8,12,8,10,6,11,7,12,4,12,0,0,0,0,0,0,0,0,0,0,0,0,0,0,14,24,13,26,10,26,8,26,9,31,7,28,6,32,3,31,4,32,1,33,1,32,-1,33,-3,32,-3,30,-2,29,-1,28,-1,26,2,29,3,26,4,28,3,27,6,27,6,28,7,27,7,29,7,28,7,26,8,26]"
618028202790200,9.751941800,90083,1863196618,-50,-98,6,0,1,7,0,0,256,0,0,"[0,0,15,1,14,0,13,0,13,0,13,0,12,0,12,-1,11,-1,10,-2,10,-3,10,-3,9,-4,9,-4,9,-4,9,-5,9,-4,9,-4,9,-4,9,-4,9,-4,9,-3,8,-3,8,-2,7,-3,7,-2,7,-2,0,0,0,0,0,0,0,0,0,0,0,0,0,0,0,0,0,0,0,0,0,0,16,-2,16,-1,16,0,16,1,17,2,17,3,17,4,17,5,17,6,16,5,16,6,15,5,15,5,15,5,14,5,15,4,14,3,15,3,14,3,15,2,15,2,15,1,16,1,16,1,15,0,15,1,0,0,28,4,27,1,26,1,26,1,24,0,23,0,22,-1,21,-1,21,-2,19,-4,19,-5,17,-7,17,-6,17,-6,18,-7,17,-6,16,-7,17,-6,17,-5,17,-5,16,-4,17,-5,15,-4,14,-4,14,-3,14,-2,14,-2,13,-1,0,0,0,0,0,0,0,0,0,0,0,0,0,0,27,-7,30,-4,31,-3,30,0,31,2,30,3,32,5,32,6,32,10,32,11,32,13,30,11,30,11,28,11,28,11,28,9,27,9,27,9,26,8,28,8,27,5,27,6,28,5,28,4,29,4,29,1,29,1,30,2]"
618028227204800,9.776356400,90084,1863216766,-50,-98,6,0,1,7,0,0,256,0,0,"[0,0,-11,-10,-12,-10,-11,-10,-11,-9,-11,-9,-10,-8,-10,-8,-10,-7,-10,-6,-10,-6,-10,-5,-10,-5,-10,-5,-10,-4,-10,-3,-10,-3,-10,-4,-9,-3,-10,-4,-9,-4,-9,-4,-8,-4,-8,-4,-8,-4,-7,-4,-7,-4,0,0,0,0,0,0,0,0,0,0,0,0,0,0,0,0,0,0,0,0,0,0,-14,-10,-14,-11,-13,-12,-13,-12,-13,-13,-12,-14,-12,-15,-11,-16,-11,-16,-10,-16,-10,-15,-9,-15,-9,-15,-9,-14,-9,-14,-10,-13,-10,-13,-10,-13,-10,-12,-11,-12,-11,-12,-12,-12,-12,-12,-12,-12,-12,-11,-12,-11,0,0,-46,-33,-44,-35,-44,-32,-40,-29,-39,-27,-39,-24,-38,-22,-39,-20,-36,-18,-37,-16,-38,-13,-36,-13,-36,-10,-35,-9,-38,-8,-38,-8,-36,-8,-37,-7,-36,-7,-35,-9,-32,-10,-30,-11,-30,-10,-27,-11,-27,-11,-26,-13,-25,-13,-23,-16,0,0,0,0,0,0,0,0,0,0,0,0,0,0,-53,-22,-52,-27,-51,-33,-50,-34,-48,-40,-46,-40,-48,-46,-47,-49,-42,-50,-42,-53,-38,-54,-38,-55,-36,-52,-34,-50,-33,-51,-33,-46,-34,-46,-36,-45,-36,-43,-38,-42,-39,-41,-41,-41,-41,-39,-45,-38,-45,-37,-45,-38,-46,-36,-46,-36]"
618028242809300,9.791960900,90085,1863236581,-50,-98,6,0,1,7,0,0,256,0,0,"[0,0,3,14,3,14,4,14,4,13,3,12,4,12,4,11,5,11,4,9,5,9,5,8,5,8,5,8,6,8,6,7,6,7,6,7,6,7,6,7,5,7,5,7,5,7,4,7,4,7,3,6,3,6,0,0,0,0,0,0,0,0,0,0,0,0,0,0,0,0,0,0,0,0,0,0,5,14,4,15,4,16,3,16,2,17,1,17,0,18,-1,18,-1,17,-2,17,-1,17,-2,16,-2,16,-1,16,-1,15,0,15,0,15,1,15,2,15,2,15,2,15,3,15,3,15,3,15,4,15,4,15,0,0,7,27,5,27,6,25,7,25,6,23,8,22,7,21,8,20,9,18,9,18,10,17,10,16,10,15,11,15,12,14,11,14,11,13,12,15,11,13,10,14,11,13,9,13,8,13,7,13,6,13,6,12,5,13,3,13,0,0,0,0,0,0,0,0,0,0,0,0,0,0,14,26,11,28,9,28,8,29,7,30,4,30,3,33,2,33,1,33,-1,34,-2,33,-4,33,-4,31,-4,31,-4,31,-4,29,-2,30,0,28,-1,28,1,29,3,29,3,29,4,28,5,29,6,30,5,30,6,29,6,28]"
618028262602600,9.811754200,90086,1863256591,-50,-98,6,0,1,7,0,0,256,0,0,"[0,0,6,13,6,13,6,12,6,11,6,11,6,10,6,10,6,9,6,8,7,8,7,7,7,7,7,7,7,6,7,6,7,6,7,6,7,5,7,6,6,6,6,6,6,6,6,6,5,6,5,5,4,5,0,0,0,0,0,0,0,0,0,0,0,0,0,0,0,0,0,0,0,0,0,0,8,13,7,14,7,15,6,15,6,16,5,16,4,17,3,17,3,17,2,18,2,16,2,16,2,16,2,15,2,15,3,15,3,14,4,15,4,14,5,14,5,14,6,14,6,14,6,14,6,14,7,14,0,0,14,25,13,23,13,23,13,21,13,21,13,19,14,18,13,17,13,15,14,13,15,12,14,12,15,11,15,11,16,9,15,9,15,10,14,10,15,10,14,9,12,10,12,10,12,10,11,9,11,10,9,10,8,11,7,11,0,0,0,0,0,0,0,0,0,0,0,0,0,0,21,20,19,23,18,24,16,25,15,27,13,28,12,30,11,30,10,31,9,33,8,32,6,32,6,31,6,30,6,30,6,28,7,28,9,27,8,26,9,28,11,27,11,26,13,27,13,26,14,26,14,26,15,26,14,24]"
618028285502200,9.834653800,90087,1863276527,-50,-98,6,0,1,7,0,0,256,0,0,"[0,0,-11,10,-10,11,-10,10,-10,10,-9,10,-8,9,-7,9,-7,9,-7,9,-6,9,-5,9,-5,9,-4,9,-4,9,-4,9,-4,9,-3,9,-4,9,-4,9,-4,8,-4,8,-4,8,-4,7,-4,7,-5,6,-5,6,0,0,0,0,0,0,0,0,0,0,0,0,0,0,0,0,0,0,0,0,0,0,-10,13,-11,12,-12,12,-12,12,-14,12,-14,11,-15,10,-16,9,-16,9,-16,9,-16,8,-15,8,-15,8,-14,8,-14,8,-13,9,-13,8,-13,9,-12,9,-12,10,-12,10,-12,11,-12,11,-12,11,-11,11,-11,11,0,0,-35,39,-38,41,-35,38,-32,36,-31,39,-29,36,-26,35,-23,34,-21,35,-18,35,-17,34,-15,36,-13,36,-12,35,-13,34,-12,33,-12,34,-12,34,-13,33,-13,31,-13,29,-12,30,-13,28,-14,28,-14,23,-13,23,-16,22,-17,20,0,0,0,0,0,0,0,0,0,0,0,0,0,0,-23,53,-30,51,-35,47,-35,46,-39,46,-43,44,-46,44,-51,44,-54,40,-55,38,-56,35,-55,35,-56,33,-53,31,-52,31,-49,31,-48,32,-47,33,-45,33,-44,36,-43,38,-43,39,-41,39,-42,42,-40,41,-39,43,-38,43,-38,43]"
618028304618000,9.853769600,90088,1863296668,-50,-98,6,0,1,7,0,0,256,0,0,"[0,0,15,-6,13,-5,13,-5,13,-5,12,-6,11,-5,10,-6,10,-6,9,-6,9,-7,8,-7,7,-7,8,-7,7,-7,7,-8,7,-7,6,-7,7,-8,7,-7,7,-6,7,-6,7,-6,6,-6,6,-5,6,-5,6,-4,0,0,0,0,0,0,0,0,0,0,0,0,0,0,0,0,0,0,0,0,0,0,14,-8,15,-7,15,-7,15,-6,16,-5,17,-4,18,-3,18,-3,18,-2,17,-2,17,-2,16,-1,16,-2,15,-2,15,-2,15,-2,15,-3,15,-3,15,-4,15,-4,15,-4,15,-5,15,-5,15,-6,14,-6,14,-6,0,0,26,-7,26,-7,25,-9,24,-7,23,-8,21,-8,20,-9,19,-9,18,-10,16,-10,16,-10,15,-11,14,-11,15,-12,14,-12,14,-13,13,-12,14,-12,14,-11,14,-10,13,-10,13,-10,13,-9,12,-8,12,-8,12,-7,12,-7,12,-4,0,0,0,0,0,0,0,0,0,0,0,0,0,0,24,-16,27,-14,27,-10,28,-8,29,-8,29,-7,31,-5,33,-3,33,-2,33,-1,32,2,31,0,31,1,31,1,30,1,28,0,28,0,28,-1,28,-2,28,-2,27,-4,28,-5,27,-5,27,-7,28,-6,27,-7,28,-7,28,-8]"
618028324989000,9.874140600,90089,1863317011,-50,-98,6,0,1,7,0,0,256,0,0,"[0,0,15,-4,13,-4,14,-4,13,-4,12,-4,11,-4,11,-5,10,-5,10,-5,9,-6,9,-6,8,-6,8,-6,8,-7,8,-7,8,-7,7,-7,8,-6,7,-6,7,-6,7,-6,7,-5,7,-5,6,-5,7,-4,7,-3,0,0,0,0,0,0,0,0,0,0,0,0,0,0,0,0,0,0,0,0,0,0,15,-7,16,-6,15,-5,16,-4,17,-4,18,-3,18,-2,18,-1,18,0,17,0,17,0,16,1,16,0,15,0,16,0,15,-1,15,-1,15,-2,15,-2,15,-2,15,-3,15,-4,15,-4,15,-4,15,-4,15,-4,0,0,27,-6,27,-8,25,-7,24,-7,23,-7,21,-10,21,-8,20,-9,19,-9,18,-10,17,-11,16,-11,15,-11,14,-12,15,-12,14,-12,13,-13,13,-11,14,-12,14,-12,13,-10,13,-11,12,-9,13,-9,13,-6,12,-7,13,-6,13,-5,0,0,0,0,0,0,0,0,0,0,0,0,0,0,26,-15,27,-12,28,-10,28,-8,30,-7,30,-7,32,-5,33,-2,34,-3,34,0,33,1,33,2,31,3,31,3,30,2,29,2,28,0,28,0,29,-1,29,-2,28,-4,28,-5,29,-6,28,-6,29,-6,29,-6,29,-6,29,-6]"
618028343939900,9.893091500,90090,1863336505,-49,-98,6,0,1,7,0,0,256,0,0,"[0,0,-15,0,-15,0,-14,0,-14,1,-13,1,-13,1,-12,1,-12,2,-11,2,-11,3,-11,3,-10,3,-10,3,-9,4,-10,4,-9,4,-9,4,-9,4,-9,4,-9,3,-9,3,-8,3,-9,2,-8,2,-8,2,-8,1,0,0,0,0,0,0,0,0,0,0,0,0,0,0,0,0,0,0,0,0,0,0,-16,2,-17,1,-17,1,-17,0,-18,-1,-18,-2,-18,-3,-18,-4,-18,-4,-17,-5,-17,-5,-17,-5,-16,-4,-16,-5,-16,-4,-16,-3,-15,-3,-16,-3,-16,-2,-16,-1,-16,-1,-16,0,-17,0,-16,0,-16,0,-16,0,0,0,-29,4,-26,5,-26,4,-25,5,-24,4,-23,4,-22,5,-20,6,-20,6,-19,8,-18,9,-17,9,-16,10,-15,10,-16,9,-15,11,-15,11,-15,10,-16,8,-16,9,-15,7,-14,7,-13,7,-13,7,-14,6,-14,4,-12,5,-13,4,0,0,0,0,0,0,0,0,0,0,0,0,0,0,-26,11,-28,10,-30,8,-30,4,-30,4,-31,2,-32,1,-34,0,-34,-2,-33,-5,-33,-6,-32,-5,-32,-5,-32,-5,-30,-4,-29,-3,-30,-4,-29,-2,-29,-2,-29,-1,-29,0,-30,0,-28,0,-29,1,-30,3,-29,5,-29,5,-30,4]"
618028364849700,9.914001300,90091,1863356758,-50,-98,6,0,1,7,0,0,256,0,0,"[0,0,-4,-15,-4,-14,-4,-15,-4,-14,-4,-14,-4,-13,-5,-12,-5,-11,-5,-11,-5,-10,-5,-10,-6,-9,-6,-9,-6,-9,-6,-9,-7,-9,-6,-9,-6,-8,-6,-8,-6,-8,-5,-8,-5,-8,-5,-8,-4,-8,-4,-7,-4,-7,0,0,0,0,0,0,0,0,0,0,0,0,0,0,0,0,0,0,0,0,0,0,-5,-15,-5,-16,-4,-16,-3,-17,-3,-17,-2,-19,-1,-18,0,-18,0,-18,1,-18,1,-17,1,-17,1,-17,1,-17,0,-16,0,-15,0,-16,-1,-16,-2,-16,-2,-16,-3,-16,-3,-16,-3,-16,-4,-16,-3,-16,-3,-16,0,0,-6,-27,-5,-27,-5,-26,-5,-24,-6,-25,-7,-22,-7,-22,-8,-21,-8,-19,-10,-19,-10,-18,-10,-17,-10,-16,-12,-15,-10,-16,-11,-15,-12,-16,-11,-15,-11,-15,-9,-16,-10,-15,-9,-14,-8,-14,-7,-14,-7,-13,-6,-13,-4,-14,-3,-14,0,0,0,0,0,0,0,0,0,0,0,0,0,0,-13,-27,-9,-29,-8,-28,-7,-29,-5,-31,-3,-30,-1,-33,0,-32,1,-34,2,-33,2,-33,4,-32,4,-32,5,-31,4,-30,4,-29,3,-29,1,-29,1,-29,0,-29,-1,-28,-3,-29,-3,-28,-4,-29,-5,-30,-4,-30,-4,-28,-6,-29]"
618028384842900,9.933994500,90092,1863376531,-50,-98,6,0,1,7,0,0,256,0,0,"[0,0,-13,8,-12,8,-11,8,-11,8,-11,7,-10,8,-9,7,-9,7,-8,8,-8,8,-7,8,-6,8,-6,8,-5,8,-5,8,-5,8,-5,8,-5,8,-6,8,-6,7,-6,7,-5,7,-6,6,-5,6,-6,5,-5,5,0,0,0,0,0,0,0,0,0,0,0,0,0,0,0,0,0,0,0,0,0,0,-13,9,-13,9,-15,9,-15,8,-16,8,-17,7,-17,6,-18,5,-17,5,-17,4,-17,4,-17,4,-16,4,-15,4,-15,4,-15,5,-15,5,-15,6,-14,6,-14,7,-14,7,-13,7,-14,8,-13,8,-13,8,-13,8,0,0,-22,17,-21,17,-20,17,-19,16,-18,16,-16,16,-15,16,-14,16,-13,16,-11,16,-11,16,-11,16,-8,16,-8,16,-9,16,-8,17,-7,16,-8,16,-9,15,-8,15,-8,14,-8,13,-9,13,-8,12,-9,10,-9,11,-8,11,-10,9,0,0,0,0,0,0,0,0,0,0,0,0,0,0,-17,23,-20,21,-22,19,-23,19,-23,18,-25,18,-27,17,-30,15,-30,15,-31,14,-30,12,-31,11,-30,10,-30,9,-28,10,-27,10,-27,11,-25,12,-26,12,-26,12,-25,15,-24,16,-23,17,-24,18,-23,16,-23,18,-23,18,-22,18]"
618028405018800,9.954170400,90093,1863397011,-49,-98,6,0,1,7,0,0,256,0,0,"[0,0,15,-5,14,-5,12,-4,13,-5,12,-5,11,-5,11,-5,10,-6,9,-6,9,-6,8,-6,8,-6,7,-7,7,-7,7,-7,7,-8,7,-7,7,-7,7,-7,7,-6,7,-6,6,-6,6,-5,6,-5,6,-5,6,-4,0,0,0,0,0,0,0,0,0,0,0,0,0,0,0,0,0,0,0,0,0,0,15,-6,15,-5,16,-5,16,-4,17,-3,17,-2,17,-1,18,-1,18,0,17,0,17,1,16,1,16,1,15,0,15,0,15,-1,15,-1,15,-2,15,-2,15,-3,15,-3,14,-4,15,-4,15,-4,14,-4,15,-5,0,0,25,-10,25,-11,24,-11,23,-10,21,-11,20,-12,19,-11,18,-12,16,-12,15,-11,16,-12,14,-13,13,-13,12,-14,12,-14,13,-14,12,-14,12,-13,12,-14,11,-13,11,-13,11,-12,11,-11,10,-10,12,-9,11,-8,11,-8,12,-6,0,0,0,0,0,0,0,0,0,0,0,0,0,0,23,-16,25,-13,27,-12,27,-10,28,-11,28,-9,31,-8,32,-6,32,-6,32,-4,33,-3,33,-2,32,0,31,0,30,0,29,-1,28,-2,28,-4,28,-4,28,-5,27,-6,27,-8,26,-10,27,-10,28,-9,27,-10,27,-9,28,-11]"
618028425236800,9.974388400,90094,1863418673,-49,-98,6,0,1,7,0,0,256,0,0,"[0,0,14,0,14,-1,13,0,13,-1,12,0,12,-1,11,-1,10,-1,10,-2,10,-3,10,-3,9,-3,9,-3,8,-4,9,-4,9,-4,9,-4,9,-4,9,-4,9,-3,8,-3,7,-3,7,-2,7,-2,7,-2,7,-1,0,0,0,0,0,0,0,0,0,0,0,0,0,0,0,0,0,0,0,0,0,0,15,-2,15,-1,15,-1,15,0,16,1,17,2,16,3,16,4,16,4,15,5,15,5,15,5,14,5,14,4,14,4,14,3,14,3,14,2,14,2,14,2,14,1,14,1,15,1,15,0,15,0,15,0,0,0,29,1,27,0,25,-1,25,-1,23,-1,22,-2,22,-3,20,-3,20,-3,19,-5,18,-6,18,-6,18,-7,17,-7,18,-8,17,-7,16,-9,17,-7,16,-8,16,-6,16,-7,15,-5,15,-6,13,-5,13,-4,13,-3,13,-2,13,-1,0,0,0,0,0,0,0,0,0,0,0,0,0,0,28,-7,29,-4,29,-2,30,-1,31,1,29,2,32,4,31,7,31,7,32,8,31,10,31,10,28,10,29,10,27,10,27,9,27,8,27,7,26,6,28,6,25,4,27,2,27,3,29,1,30,1,28,1,29,1,29,1]"
618028443894200,9.993045800,90095,1863437276,-49,-98,6,0,1,7,0,0,256,0,0,"[0,0,4,14,4,13,5,13,4,12,4,12,5,11,5,11,5,10,5,9,5,9,6,8,6,8,6,8,6,7,7,7,7,7,7,7,6,7,6,7,6,7,5,7,4,7,5,7,4,7,4,6,3,6,0,0,0,0,0,0,0,0,0,0,0,0,0,0,0,0,0,0,0,0,0,0,7,13,6,14,6,15,5,15,5,17,4,16,2,17,2,17,1,17,1,18,1,16,1,16,1,16,1,16,1,15,1,15,2,14,2,15,3,14,3,15,3,15,4,15,4,15,5,14,5,14,5,14,0,0,9,26,10,25,10,24,9,23,10,22,9,21,9,20,10,19,10,17,11,15,13,14,12,14,13,14,13,14,13,12,13,12,12,13,13,13,12,12,11,13,11,12,9,13,9,12,9,12,8,11,7,12,6,12,5,12,0,0,0,0,0,0,0,0,0,0,0,0,0,0,18,22,16,24,15,25,13,27,11,28,10,28,8,30,8,32,6,32,4,33,2,32,2,33,3,31,2,30,2,29,3,28,3,30,4,27,4,28,5,27,6,27,6,28,7,27,7,28,10,27,10,26,10,27,11,27]"
618028463111100,10.012262700,90096,1863456643,-49,-98,6,0,1,7,0,0,256,0,0,"[0,0,13,7,12,7,12,6,12,6,11,6,11,5,11,4,11,3,10,3,10,2,10,2,10,1,10,1,9,1,10,0,10,0,9,0,9,0,9,0,9,0,9,0,8,1,8,1,7,1,7,1,7,2,0,0,0,0,0,0,0,0,0,0,0,0,0,0,0,0,0,0,0,0,0,0,14,7,14,7,13,8,13,9,13,10,13,11,13,12,13,12,12,12,11,13,11,13,11,12,10,12,10,12,10,11,11,10,11,10,11,10,11,9,12,9,12,9,13,8,13,8,13,8,13,8,13,8,0,0,47,29,47,29,44,26,45,25,40,22,41,19,40,18,40,17,38,13,38,12,38,11,35,10,35,7,36,5,39,4,36,3,35,5,35,2,37,1,33,6,34,4,32,4,31,7,28,8,28,9,26,9,26,10,24,12,0,0,0,0,0,0,0,0,0,0,0,0,0,0,53,18,51,26,51,30,50,31,51,35,49,35,49,42,48,45,47,44,44,49,44,49,41,52,36,52,35,52,34,49,36,45,37,44,40,41,40,38,40,39,41,36,44,33,45,34,46,34,49,35,48,36,46,35,48,34]"
618028495007700,10.044159300,90097,1863485530,-49,-98,6,0,1,7,0,0,256,0,0,"[0,0,-15,6,-14,6,-13,5,-13,6,-12,5,-11,6,-11,6,-10,6,-10,6,-9,6,-9,7,-8,7,-8,7,-8,7,-7,7,-7,7,-7,7,-7,7,-7,7,-7,6,-7,6,-7,6,-7,5,-7,5,-7,5,-7,4,0,0,0,0,0,0,0,0,0,0,0,0,0,0,0,0,0,0,0,0,0,0,-15,7,-15,7,-16,6,-16,5,-17,5,-18,4,-18,3,-19,2,-18,2,-18,1,-18,1,-17,1,-17,1,-16,1,-16,2,-16,2,-15,3,-16,3,-15,4,-15,4,-15,5,-15,5,-16,5,-15,6,-15,6,-15,6,0,0,-26,11,-26,10,-24,11,-23,10,-22,10,-20,11,-20,11,-19,11,-18,10,-16,11,-15,12,-14,12,-14,14,-12,13,-13,13,-13,13,-12,13,-13,13,-14,13,-14,12,-13,11,-12,11,-12,10,-12,10,-11,9,-12,8,-11,6,-12,6,0,0,0,0,0,0,0,0,0,0,0,0,0,0,-23,18,-25,16,-27,14,-28,12,-29,11,-30,10,-31,9,-33,7,-33,5,-34,3,-34,2,-33,3,-32,2,-32,2,-30,3,-30,2,-29,4,-29,4,-28,5,-27,6,-29,7,-28,7,-28,7,-29,9,-28,10,-28,11,-27,11,-27,10]"
618028510358800,10.059510400,90098,1863498382,-49,-98,6,0,1,7,0,0,256,0,0,"[0,0,10,-12,9,-12,9,-11,9,-11,8,-11,7,-11,7,-10,6,-10,5,-10,5,-10,4,-10,4,-11,3,-10,3,-10,3,-10,3,-10,2,-10,3,-10,3,-10,3,-10,3,-9,3,-9,3,-8,3,-8,3,-8,4,-7,0,0,0,0,0,0,0,0,0,0,0,0,0,0,0,0,0,0,0,0,0,0,10,-13,11,-13,11,-13,12,-12,13,-12,14,-12,15,-11,15,-10,16,-10,16,-9,15,-9,15,-8,14,-8,14,-8,13,-9,13,-9,13,-10,12,-10,12,-10,12,-11,11,-11,11,-12,11,-11,11,-12,11,-12,11,-12,0,0,16,-21,17,-22,16,-21,14,-20,13,-19,13,-20,11,-19,10,-19,8,-18,8,-19,7,-18,6,-19,4,-18,4,-19,4,-18,5,-18,3,-19,5,-18,4,-19,4,-17,5,-16,6,-16,5,-15,5,-15,6,-13,5,-14,6,-12,8,-12,0,0,0,0,0,0,0,0,0,0,0,0,0,0,12,-25,15,-25,16,-24,18,-22,20,-22,21,-22,23,-21,25,-21,25,-20,27,-20,26,-18,27,-18,27,-17,26,-16,25,-15,24,-16,22,-16,22,-17,21,-17,22,-18,20,-19,19,-20,19,-21,18,-21,20,-22,20,-22,18,-21,19,-22]"
618028524149700,10.073301300,90099,1863520998,-49,-98,6,0,1,7,0,0,256,0,0,"[0,0,13,5,13,4,12,4,12,3,12,3,11,2,11,2,11,2,10,1,10,0,10,0,9,0,9,-1,10,-1,10,-2,9,-2,9,-2,9,-2,9,-2,9,-1,9,-1,8,-1,8,0,7,0,7,0,7,1,0,0,0,0,0,0,0,0,0,0,0,0,0,0,0,0,0,0,0,0,0,0,14,3,15,4,15,5,14,6,14,7,15,8,15,9,14,9,14,9,13,10,13,10,13,9,12,9,12,9,12,9,12,8,12,7,12,7,13,7,13,6,13,6,13,5,14,5,14,5,14,4,14,5,0,0,53,17,52,13,51,12,48,14,48,10,44,9,42,7,41,6,43,5,41,2,40,-3,37,-4,36,-6,36,-4,36,-6,37,-6,36,-7,38,-6,36,-5,36,-4,36,-2,31,-1,30,-1,29,-2,30,-1,29,2,29,3,27,4,0,0,0,0,0,0,0,0,0,0,0,0,0,0,58,0,59,5,58,10,58,16,58,18,56,20,58,25,60,30,57,33,57,38,54,36,54,37,55,35,50,35,50,33,47,31,48,31,49,28,50,27,51,26,52,23,52,22,53,22,53,20,57,19,56,16,57,17,57,16]"
618028550822900,10.099974500,90100,1863539461,-49,-98,6,0,1,7,0,0,256,0,0,"[0,0,-8,-12,-9,-12,-8,-11,-8,-11,-8,-10,-8,-10,-8,-9,-8,-9,-8,-8,-8,-8,-8,-7,-9,-6,-9,-7,-8,-6,-9,-5,-8,-5,-9,-5,-8,-6,-8,-6,-8,-6,-8,-6,-7,-6,-7,-6,-6,-6,-6,-6,-5,-6,0,0,0,0,0,0,0,0,0,0,0,0,0,0,0,0,0,0,0,0,0,0,-10,-12,-10,-12,-10,-13,-9,-14,-9,-15,-8,-15,-7,-16,-6,-16,-6,-16,-5,-16,-6,-16,-5,-15,-5,-15,-5,-15,-5,-15,-6,-14,-6,-14,-7,-14,-7,-14,-8,-14,-8,-13,-8,-13,-8,-13,-9,-13,-9,-13,-8,-13,0,0,-28,-49,-29,-50,-28,-47,-28,-44,-27,-40,-27,-39,-28,-37,-29,-34,-29,-33,-28,-29,-30,-27,-29,-27,-29,-25,-31,-23,-32,-23,-30,-22,-31,-24,-32,-22,-31,-22,-28,-22,-28,-23,-23,-23,-24,-22,-21,-23,-21,-21,-20,-22,-18,-24,-15,-24,0,0,0,0,0,0,0,0,0,0,0,0,0,0,-41,-42,-36,-47,-33,-50,-31,-51,-29,-56,-26,-56,-24,-62,-22,-62,-19,-65,-17,-66,-15,-65,-13,-66,-13,-64,-13,-60,-13,-60,-12,-57,-13,-56,-15,-56,-15,-56,-18,-55,-21,-54,-23,-55,-25,-51,-24,-53,-27,-51,-27,-53,-29,-52,-29,-53]"
618028564580900,10.113732500,90101,1863556581,-49,-98,6,0,1,7,0,0,256,0,0,"[0,0,-5,14,-4,14,-4,13,-4,13,-3,13,-3,12,-3,12,-2,11,-2,11,-1,10,-1,10,0,10,0,10,1,10,1,10,0,10,1,10,0,9,0,9,0,9,-1,9,0,9,-1,8,-1,8,-2,7,-2,7,0,0,0,0,0,0,0,0,0,0,0,0,0,0,0,0,0,0,0,0,0,0,-3,15,-4,16,-4,16,-5,16,-6,16,-7,16,-8,16,-9,16,-10,15,-10,15,-10,14,-10,14,-9,14,-9,14,-9,13,-8,13,-8,13,-7,14,-7,14,-6,14,-6,14,-6,15,-6,15,-5,15,-5,15,-5,15,0,0,-10,26,-8,27,-7,26,-6,25,-5,23,-5,23,-4,22,-3,22,-2,21,-1,20,0,19,2,18,2,19,2,19,3,18,2,17,3,19,2,18,2,17,0,17,1,16,0,17,0,16,-1,15,-1,14,-2,14,-3,14,-3,13,0,0,0,0,0,0,0,0,0,0,0,0,0,0,1,28,-1,29,-4,29,-6,28,-8,30,-10,29,-12,31,-13,30,-15,29,-17,29,-18,28,-18,28,-17,27,-16,26,-17,25,-16,25,-15,24,-14,25,-13,25,-13,27,-11,25,-12,27,-11,26,-10,28,-9,28,-8,28,-7,29,-7,28]"
618028582545900,10.131697500,90102,1863576576,-49,-98,6,0,1,7,0,0,256,0,0,"[0,0,-5,14,-4,14,-4,13,-4,12,-3,12,-3,12,-2,11,-2,11,-2,10,-1,10,-1,10,0,9,1,9,1,9,1,10,1,9,1,9,1,9,0,9,0,9,0,8,0,8,0,8,-1,7,-1,7,-1,7,0,0,0,0,0,0,0,0,0,0,0,0,0,0,0,0,0,0,0,0,0,0,-3,15,-4,15,-5,15,-6,15,-7,16,-8,15,-8,15,-10,14,-10,14,-10,14,-10,13,-10,13,-9,13,-9,13,-8,12,-8,13,-8,13,-7,13,-7,13,-6,14,-6,14,-5,14,-5,15,-5,14,-4,15,-5,14,0,0,-7,26,-5,26,-5,26,-6,23,-5,24,-3,23,-2,22,-1,21,0,20,0,19,2,19,2,18,2,18,2,18,3,17,4,17,3,17,3,18,3,16,3,17,2,15,1,15,0,16,0,14,-1,13,-1,13,-2,14,-3,13,0,0,0,0,0,0,0,0,0,0,0,0,0,0,1,28,-2,29,-4,28,-5,29,-7,29,-8,29,-10,29,-12,30,-13,30,-16,28,-16,28,-17,27,-18,26,-16,25,-15,25,-15,25,-14,26,-12,24,-13,25,-11,25,-10,26,-9,26,-9,27,-8,27,-9,27,-7,29,-7,28,-7,28]"
618028603044100,10.152195700,90103,1863596588,-49,-98,6,0,1,7,0,0,256,0,0,"[0,0,-1,15,-1,14,-1,14,-1,13,0,13,0,12,1,12,1,11,1,11,1,10,2,10,3,10,3,9,3,9,3,9,3,9,3,9,3,9,3,9,3,8,2,9,2,8,2,8,1,8,1,7,1,7,0,0,0,0,0,0,0,0,0,0,0,0,0,0,0,0,0,0,0,0,0,0,1,15,0,16,-1,16,-1,17,-2,17,-3,17,-4,17,-5,17,-5,17,-6,16,-6,16,-6,16,-6,15,-6,15,-5,15,-4,14,-4,15,-3,14,-3,15,-2,15,-2,15,-1,16,-2,16,-1,16,-1,16,-1,15,0,0,-3,26,-3,27,-3,25,-2,24,-2,24,-1,22,-1,22,1,20,2,19,3,19,4,18,4,18,4,18,5,17,6,16,6,16,6,17,5,16,5,16,5,16,4,16,3,16,2,15,2,14,2,15,1,13,0,14,-2,14,0,0,0,0,0,0,0,0,0,0,0,0,0,0,4,28,1,29,-1,28,-3,27,-4,30,-6,29,-7,30,-10,30,-11,30,-13,30,-13,29,-14,29,-14,27,-14,27,-13,26,-13,25,-11,26,-10,25,-8,25,-8,27,-7,26,-6,27,-6,28,-5,28,-5,29,-4,28,-5,28,-5,28]"
618028623795100,10.172946700,90104,1863618086,-49,-98,6,0,1,7,0,0,256,0,0,"[0,0,5,-14,5,-15,4,-15,4,-14,4,-13,3,-13,2,-12,2,-12,2,-12,1,-11,0,-11,0,-11,-1,-11,-1,-11,-1,-11,-1,-11,-1,-11,-1,-10,-1,-10,0,-10,0,-10,0,-10,0,-10,0,-9,1,-9,1,-8,0,0,0,0,0,0,0,0,0,0,0,0,0,0,0,0,0,0,0,0,0,0,3,-16,4,-16,5,-16,6,-16,7,-16,8,-16,9,-16,10,-15,10,-15,10,-15,10,-14,10,-14,10,-14,9,-14,9,-14,8,-13,8,-13,7,-14,7,-14,6,-14,6,-15,6,-15,6,-15,5,-16,5,-15,5,-15,0,0,27,-49,26,-53,22,-49,22,-48,19,-45,18,-44,16,-42,15,-42,13,-42,10,-40,7,-38,5,-40,4,-39,3,-36,2,-41,2,-38,2,-38,3,-38,4,-37,3,-36,5,-34,6,-33,7,-34,5,-31,7,-29,8,-26,11,-28,13,-25,0,0,0,0,0,0,0,0,0,0,0,0,0,0,9,-60,18,-58,20,-56,25,-52,27,-56,30,-55,35,-57,39,-53,40,-53,44,-52,45,-49,47,-49,43,-46,43,-45,42,-45,39,-43,39,-44,38,-44,33,-43,36,-46,31,-47,31,-50,30,-51,30,-52,29,-53,27,-53,27,-54,25,-52]"
618028651441800,10.200593400,90105,1863641484,-49,-98,6,0,1,7,0,0,256,0,0,"[0,0,-10,-12,-10,-11,-9,-11,-9,-10,-9,-10,-9,-9,-9,-8,-9,-8,-9,-7,-9,-7,-9,-6,-9,-6,-9,-5,-10,-5,-9,-5,-10,-4,-10,-5,-9,-5,-9,-4,-9,-5,-9,-5,-8,-5,-7,-5,-7,-5,-7,-5,-6,-5,0,0,0,0,0,0,0,0,0,0,0,0,0,0,0,0,0,0,0,0,0,0,-11,-11,-11,-13,-10,-13,-10,-14,-10,-15,-9,-16,-9,-16,-8,-16,-8,-16,-7,-16,-6,-16,-6,-16,-6,-16,-6,-15,-7,-15,-7,-14,-7,-14,-8,-13,-8,-14,-9,-13,-9,-13,-10,-13,-10,-13,-10,-13,-10,-12,-10,-12,0,0,-36,-41,-42,-43,-37,-39,-37,-37,-33,-34,-36,-32,-33,-29,-35,-27,-35,-24,-37,-22,-35,-18,-35,-20,-35,-18,-34,-15,-39,-15,-36,-14,-37,-16,-34,-13,-34,-14,-33,-14,-32,-15,-30,-16,-29,-16,-26,-15,-26,-16,-23,-15,-23,-18,-20,-21,0,0,0,0,0,0,0,0,0,0,0,0,0,0,-49,-36,-45,-40,-42,-42,-39,-44,-42,-49,-37,-48,-37,-57,-33,-56,-33,-59,-31,-60,-26,-60,-25,-63,-27,-60,-23,-60,-21,-57,-21,-55,-23,-52,-29,-52,-28,-49,-32,-51,-31,-46,-34,-47,-35,-49,-37,-48,-41,-48,-38,-46,-39,-47,-38,-45]"
618028665809600,10.214961200,90106,1863657602,-49,-98,6,0,1,7,0,0,256,0,0,"[0,0,-5,14,-5,14,-5,13,-5,12,-4,12,-3,12,-3,12,-2,11,-2,11,-1,10,0,10,0,10,1,10,1,10,1,10,1,10,1,10,1,9,0,9,0,9,0,9,0,9,0,8,0,8,-1,7,-1,7,0,0,0,0,0,0,0,0,0,0,0,0,0,0,0,0,0,0,0,0,0,0,-4,15,-5,15,-5,15,-6,15,-7,16,-8,16,-9,15,-10,15,-10,15,-10,14,-10,14,-10,14,-9,13,-9,13,-9,13,-9,13,-8,13,-8,13,-7,13,-6,14,-6,14,-6,14,-6,15,-5,15,-5,15,-5,15,0,0,-12,25,-10,25,-10,24,-10,23,-8,23,-7,23,-6,22,-5,22,-5,19,-3,19,-2,18,-1,19,-1,19,0,19,1,18,1,18,0,19,1,17,0,17,-1,17,-1,17,-1,16,-2,16,-2,15,-3,14,-3,13,-5,14,-5,13,0,0,0,0,0,0,0,0,0,0,0,0,0,0,-3,28,-7,29,-8,28,-10,27,-11,28,-13,27,-16,28,-17,28,-18,28,-20,27,-19,25,-22,26,-20,24,-20,23,-19,23,-18,22,-18,23,-17,23,-16,23,-17,24,-15,24,-14,26,-14,27,-13,26,-12,26,-12,27,-12,26,-11,26]"
618028684781800,10.233933400,90107,1863676537,-49,-98,6,0,1,7,0,0,256,0,0,"[0,0,-14,2,-14,2,-13,2,-13,2,-12,2,-12,2,-11,3,-10,3,-10,3,-10,4,-9,4,-9,4,-9,4,-8,5,-8,5,-9,5,-8,5,-8,5,-8,4,-8,4,-8,4,-7,3,-8,3,-7,3,-7,2,-7,2,0,0,0,0,0,0,0,0,0,0,0,0,0,0,0,0,0,0,0,0,0,0,-14,4,-15,3,-15,2,-16,2,-16,1,-17,0,-17,-1,-17,-1,-17,-2,-17,-2,-16,-2,-16,-2,-15,-2,-15,-2,-15,-2,-15,-1,-15,-1,-15,0,-15,0,-14,1,-14,1,-15,1,-15,2,-15,2,-15,2,-15,2,0,0,-28,3,-27,3,-27,2,-25,3,-24,3,-23,3,-22,5,-20,5,-20,5,-20,6,-19,8,-17,8,-16,9,-17,9,-17,9,-17,8,-15,9,-17,9,-16,8,-17,8,-16,6,-15,7,-14,6,-15,6,-15,4,-15,3,-14,3,-14,3,0,0,0,0,0,0,0,0,0,0,0,0,0,0,-27,10,-28,7,-28,5,-30,3,-30,2,-30,1,-32,-1,-33,-4,-33,-4,-33,-6,-33,-7,-32,-7,-31,-7,-30,-7,-29,-7,-28,-5,-28,-6,-28,-5,-28,-4,-29,-3,-29,-3,-29,-1,-28,-1,-29,1,-29,1,-29,2,-28,3,-30,1]"
618028705221300,10.254372900,90108,1863698227,-49,-98,6,0,1,7,0,0,256,0,0,"[0,0,-15,6,-14,6,-13,6,-13,6,-12,5,-11,6,-11,6,-10,6,-10,6,-9,6,-9,7,-8,7,-7,7,-7,7,-7,7,-7,7,-7,7,-7,7,-7,7,-7,6,-7,6,-7,6,-7,6,-6,5,-7,4,-7,4,0,0,0,0,0,0,0,0,0,0,0,0,0,0,0,0,0,0,0,0,0,0,-14,8,-15,7,-16,7,-16,6,-17,6,-18,5,-18,4,-18,3,-18,3,-18,2,-18,2,-17,2,-16,2,-16,2,-16,2,-16,3,-16,3,-16,4,-15,4,-15,5,-15,5,-15,6,-16,6,-15,6,-15,6,-15,6,0,0,-26,12,-26,11,-23,12,-23,12,-22,12,-21,12,-18,12,-18,12,-18,12,-17,13,-16,12,-15,12,-13,13,-13,14,-13,15,-12,14,-12,15,-13,14,-12,14,-13,12,-13,12,-12,12,-12,10,-12,10,-11,9,-11,8,-12,8,-12,7,0,0,0,0,0,0,0,0,0,0,0,0,0,0,-23,17,-25,16,-26,13,-27,12,-29,12,-29,11,-31,9,-32,8,-33,8,-34,5,-33,5,-34,3,-33,2,-32,2,-30,2,-29,2,-29,4,-29,5,-27,6,-29,6,-28,7,-28,9,-27,9,-27,12,-29,11,-28,11,-27,11,-26,10]"
618028723156900,10.272308500,90109,1863716685,-49,-98,6,0,1,7,0,0,256,0,0,"[0,0,11,9,11,9,11,8,10,8,10,7,10,7,10,6,9,6,9,5,10,4,9,4,9,3,9,3,9,3,9,2,9,2,9,2,9,2,9,3,8,3,8,3,8,3,7,3,7,3,7,3,6,3,0,0,0,0,0,0,0,0,0,0,0,0,0,0,0,0,0,0,0,0,0,0,13,8,13,8,12,9,12,10,12,12,12,12,11,13,11,14,10,14,10,14,10,13,9,13,9,13,9,13,9,12,9,11,9,11,10,11,10,11,11,11,10,10,11,10,12,10,12,9,12,10,12,9,0,0,44,36,42,32,40,31,40,30,39,28,38,24,39,23,38,21,38,19,36,15,37,13,36,12,36,11,37,10,38,8,37,9,34,9,36,8,34,8,35,9,32,10,30,11,28,11,28,9,27,12,25,13,23,13,23,14,0,0,0,0,0,0,0,0,0,0,0,0,0,0,53,20,52,27,51,32,49,36,48,38,47,41,45,44,44,47,43,48,42,52,39,53,36,52,36,52,35,52,35,51,33,48,36,46,33,44,35,45,37,43,39,40,40,38,40,37,43,39,45,38,45,36,45,37,47,35]"
618028743622600,10.292774200,90110,1863736636,-49,-98,6,0,1,7,0,0,256,0,0,"[0,0,-4,14,-3,14,-3,14,-3,13,-2,13,-2,12,-1,12,0,11,0,11,0,10,0,10,1,10,1,10,2,10,2,10,2,10,2,9,1,9,2,9,1,9,1,9,1,8,1,8,0,8,0,7,-1,7,0,0,0,0,0,0,0,0,0,0,0,0,0,0,0,0,0,0,0,0,0,0,-3,15,-3,16,-4,16,-5,16,-6,16,-7,16,-7,16,-8,16,-9,16,-9,15,-9,14,-9,13,-9,14,-8,14,-8,14,-7,14,-7,14,-7,14,-6,14,-4,14,-4,15,-4,15,-4,15,-4,15,-4,15,-4,15,0,0,-4,26,-5,26,-5,26,-4,24,-3,24,-2,23,-2,22,0,22,1,20,1,18,2,19,2,19,3,19,4,18,5,17,5,18,4,18,4,17,5,17,3,17,3,16,2,16,1,15,1,15,1,13,0,14,-1,14,-3,13,0,0,0,0,0,0,0,0,0,0,0,0,0,0,2,29,-2,29,-4,29,-5,30,-6,30,-7,30,-9,30,-12,30,-12,30,-13,30,-14,30,-16,29,-16,27,-15,26,-15,25,-15,25,-13,26,-11,24,-11,25,-10,26,-9,26,-7,28,-7,28,-7,28,-7,28,-7,28,-6,29,-5,27]"
618028764432600,10.313584200,90111,1863756545,-49,-98,6,0,1,7,0,0,256,0,0,"[0,0,-14,-4,-15,-3,-14,-4,-14,-3,-13,-3,-12,-2,-12,-2,-12,-1,-11,0,-11,0,-11,0,-11,0,-10,1,-10,1,-10,1,-10,1,-10,1,-10,2,-10,1,-10,1,-10,1,-9,1,-8,0,-8,-1,-8,0,-8,-1,0,0,0,0,0,0,0,0,0,0,0,0,0,0,0,0,0,0,0,0,0,0,-16,-2,-16,-3,-16,-4,-16,-5,-17,-6,-17,-7,-16,-7,-16,-8,-16,-8,-15,-9,-15,-9,-14,-9,-14,-8,-14,-8,-14,-8,-14,-7,-14,-7,-14,-6,-15,-6,-15,-5,-15,-5,-15,-5,-16,-5,-15,-4,-15,-5,-15,-4,0,0,-29,-3,-28,-3,-27,-3,-26,-3,-24,-2,-24,-1,-22,0,-23,0,-20,1,-20,3,-20,5,-18,4,-19,5,-19,4,-19,6,-19,6,-17,5,-18,6,-18,6,-17,4,-17,5,-14,3,-16,3,-16,2,-16,1,-15,1,-15,1,-14,-1,0,0,0,0,0,0,0,0,0,0,0,0,0,0,-29,4,-30,1,-30,0,-30,-4,-30,-4,-31,-6,-32,-8,-32,-10,-32,-12,-32,-13,-31,-13,-31,-15,-30,-13,-30,-13,-27,-13,-27,-12,-27,-13,-28,-10,-27,-9,-29,-9,-28,-8,-28,-7,-29,-6,-29,-5,-30,-4,-29,-4,-29,-3,-30,-4]"
618028786392600,10.335544200,90112,1863777576,-49,-98,6,0,1,7,0,0,256,0,0,"[0,0,-14,3,-13,3,-12,3,-13,3,-12,4,-11,4,-10,4,-10,4,-10,4,-9,5,-9,5,-8,5,-8,5,-7,5,-8,6,-7,6,-7,6,-7,6,-7,5,-7,5,-7,4,-7,5,-7,4,-7,4,-7,3,-7,3,0,0,0,0,0,0,0,0,0,0,0,0,0,0,0,0,0,0,0,0,0,0,-14,4,-15,4,-15,4,-15,3,-16,2,-17,1,-17,0,-17,0,-17,0,-17,-2,-16,-2,-16,-2,-15,-2,-15,-2,-14,-1,-15,0,-14,0,-15,1,-14,1,-14,2,-14,2,-14,3,-15,3,-14,3,-14,3,-14,3,0,0,-26,13,-23,13,-23,13,-22,13,-22,13,-20,13,-18,12,-18,12,-16,13,-14,13,-13,14,-13,15,-12,15,-12,15,-11,14,-11,15,-10,15,-11,15,-12,15,-12,13,-11,13,-11,12,-11,11,-11,12,-11,10,-12,9,-11,8,-12,6,0,0,0,0,0,0,0,0,0,0,0,0,0,0,-21,19,-24,17,-25,16,-28,14,-27,14,-29,13,-29,11,-34,10,-33,8,-33,6,-33,6,-32,5,-32,5,-31,5,-30,4,-29,5,-29,6,-27,7,-28,7,-26,8,-28,9,-27,10,-28,10,-27,12,-27,12,-26,14,-24,14,-26,13]"
618028807401900,10.356553500,90113,1863799404,-49,-98,6,0,1,7,0,0,256,0,0,"[0,0,13,-3,13,-3,12,-3,12,-3,11,-3,11,-4,10,-4,10,-4,9,-5,9,-5,8,-5,8,-5,8,-5,8,-6,7,-6,7,-6,7,-6,7,-6,8,-6,7,-5,7,-5,7,-5,7,-4,6,-4,7,-3,6,-3,0,0,0,0,0,0,0,0,0,0,0,0,0,0,0,0,0,0,0,0,0,0,14,-5,14,-5,15,-4,15,-3,16,-2,16,-2,16,-1,17,0,16,0,16,1,15,2,15,1,15,1,14,1,14,1,14,0,14,-1,14,-1,14,-1,14,-2,14,-2,14,-3,15,-2,14,-3,14,-3,14,-3,0,0,28,-3,27,-4,25,-4,25,-3,23,-5,22,-6,21,-5,20,-6,19,-7,19,-7,18,-8,17,-8,16,-10,16,-9,16,-10,16,-10,15,-10,14,-9,15,-9,15,-9,14,-7,14,-8,15,-6,14,-6,14,-5,13,-4,13,-4,12,-2,0,0,0,0,0,0,0,0,0,0,0,0,0,0,26,-12,27,-9,29,-7,29,-5,30,-6,29,-3,32,-1,33,0,33,1,34,4,32,4,32,6,31,7,30,6,29,6,28,5,27,4,28,3,28,2,29,2,27,0,28,-1,28,-2,29,-3,30,-2,29,-4,28,-3,29,-3]"
618028824034800,10.373186400,90114,1863820792,-49,-98,6,0,1,7,0,0,256,0,0,"[0,0,6,-14,5,-14,5,-13,5,-13,4,-13,3,-12,3,-12,3,-12,3,-11,2,-11,1,-11,0,-11,0,-11,0,-10,0,-11,0,-10,-1,-10,0,-10,0,-10,0,-10,0,-10,0,-9,1,-10,1,-8,1,-8,2,-8,0,0,0,0,0,0,0,0,0,0,0,0,0,0,0,0,0,0,0,0,0,0,4,-15,5,-15,6,-16,6,-15,8,-16,9,-15,10,-15,10,-15,11,-14,11,-14,11,-13,10,-13,10,-13,10,-13,9,-13,9,-13,9,-12,8,-13,7,-13,7,-14,7,-14,7,-14,7,-15,6,-15,6,-14,6,-15,0,0,24,-50,24,-52,22,-48,22,-46,19,-46,17,-44,15,-42,13,-42,11,-40,9,-40,7,-37,5,-38,3,-38,0,-38,2,-37,1,-37,-1,-37,2,-36,2,-36,2,-36,3,-33,5,-33,5,-32,6,-31,7,-29,8,-26,9,-28,10,-24,0,0,0,0,0,0,0,0,0,0,0,0,0,0,11,-57,17,-55,21,-54,26,-54,28,-54,30,-53,35,-55,36,-54,39,-51,42,-50,44,-49,46,-47,45,-43,45,-43,42,-42,39,-41,39,-43,36,-44,37,-43,35,-46,34,-47,30,-49,30,-49,28,-52,27,-52,29,-52,29,-51,27,-50]"
618028845171700,10.394323300,90115,1863838317,-49,-98,6,0,1,7,0,0,256,0,0,"[0,0,-1,15,-1,14,-1,14,0,13,0,13,0,12,1,12,1,11,1,10,2,10,2,9,3,9,3,9,3,9,3,9,3,9,4,9,3,9,3,8,3,8,2,8,3,8,2,8,2,7,1,7,1,7,0,0,0,0,0,0,0,0,0,0,0,0,0,0,0,0,0,0,0,0,0,0,0,15,-1,16,-1,16,-2,16,-3,17,-4,17,-5,17,-6,17,-6,16,-7,16,-7,15,-7,15,-6,15,-6,14,-5,15,-5,14,-5,14,-4,15,-3,15,-2,15,-2,15,-2,15,-2,15,-2,15,-1,15,-1,15,0,0,2,27,2,27,2,26,2,23,3,24,4,21,4,21,6,21,6,19,6,18,8,18,7,17,8,17,9,16,10,15,9,15,9,15,9,15,10,14,9,14,7,15,8,14,6,14,6,14,5,12,5,12,4,13,2,13,0,0,0,0,0,0,0,0,0,0,0,0,0,0,8,28,4,29,4,29,0,29,0,30,-1,31,-3,31,-5,33,-6,32,-8,31,-8,31,-10,31,-9,29,-10,30,-9,28,-9,27,-7,28,-6,27,-4,27,-4,28,-3,28,-1,28,-1,28,0,30,0,30,0,29,0,28,0,28]"
618028864484000,10.413635600,90116,1863856477,-49,-98,6,0,1,7,0,0,256,0,0,"[0,0,1,-15,1,-15,0,-14,0,-13,0,-13,0,-12,-1,-12,-1,-12,-2,-11,-2,-10,-3,-11,-3,-10,-4,-10,-4,-10,-3,-9,-4,-10,-4,-10,-3,-9,-3,-9,-3,-9,-3,-9,-3,-9,-3,-9,-2,-8,-2,-8,-1,-8,0,0,0,0,0,0,0,0,0,0,0,0,0,0,0,0,0,0,0,0,0,0,-1,-16,-1,-16,0,-16,1,-17,2,-17,3,-17,4,-17,5,-17,5,-16,5,-16,5,-16,5,-15,5,-15,4,-15,4,-15,4,-14,4,-14,3,-15,2,-15,2,-15,2,-15,2,-15,1,-16,1,-16,0,-16,1,-16,0,0,5,-27,6,-28,5,-26,4,-24,4,-25,1,-24,1,-24,1,-21,0,-21,-1,-20,-2,-20,-3,-20,-4,-19,-4,-19,-4,-19,-5,-18,-4,-18,-5,-19,-5,-18,-4,-18,-2,-17,-4,-17,-2,-16,-1,-15,-1,-15,-1,-15,0,-15,2,-14,0,0,0,0,0,0,0,0,0,0,0,0,0,0,-2,-29,2,-30,3,-29,6,-30,6,-30,8,-30,10,-31,12,-31,12,-31,13,-30,14,-28,16,-28,16,-28,15,-26,15,-26,14,-26,13,-26,12,-26,11,-26,10,-25,10,-27,8,-29,7,-28,6,-29,7,-28,7,-28,7,-29,7,-28]"
618028882237800,10.431389400,90117,1863876675,-49,-98,6,0,1,7,0,0,256,0,0,"[0,0,7,12,7,11,6,11,7,10,7,10,7,9,7,8,7,8,7,7,7,6,7,6,7,6,7,6,8,5,7,5,7,5,7,5,7,5,7,5,7,5,7,5,6,5,6,5,5,5,5,5,4,5,0,0,0,0,0,0,0,0,0,0,0,0,0,0,0,0,0,0,0,0,0,0,9,12,9,12,8,13,8,13,7,14,6,15,6,15,5,16,5,16,4,16,4,15,3,15,3,15,3,15,4,14,4,14,5,13,5,13,6,13,6,13,6,13,7,13,7,13,7,13,7,13,7,12,0,0,13,24,12,23,12,23,12,22,12,21,11,19,12,18,12,17,12,15,13,13,14,13,13,13,13,12,14,12,15,10,15,12,14,10,15,10,14,10,13,10,12,11,11,11,10,11,10,10,9,10,8,10,7,11,6,11,0,0,0,0,0,0,0,0,0,0,0,0,0,0,19,21,17,24,15,24,14,25,13,27,12,28,10,30,9,31,8,31,8,32,6,32,5,31,5,31,4,30,4,29,5,28,5,27,6,27,6,27,7,27,8,27,10,26,10,26,11,25,12,25,12,26,12,25,12,25]"
618028910653000,10.459804600,90118,1863903081,-50,-98,6,0,1,7,0,0,256,0,0,"[0,0,15,-5,13,-5,13,-4,13,-5,12,-4,11,-5,11,-5,10,-6,10,-5,9,-6,9,-6,8,-6,8,-7,7,-6,8,-7,8,-7,7,-7,8,-7,8,-7,7,-6,7,-6,7,-5,7,-5,7,-4,7,-4,7,-4,0,0,0,0,0,0,0,0,0,0,0,0,0,0,0,0,0,0,0,0,0,0,14,-7,15,-6,15,-6,16,-5,16,-4,17,-3,17,-3,18,-2,18,-1,17,-1,17,0,16,0,15,0,15,0,15,-1,15,-2,15,-2,15,-2,15,-3,15,-3,15,-3,15,-4,15,-4,14,-5,14,-4,15,-5,0,0,27,-7,27,-8,26,-9,24,-7,22,-7,22,-8,21,-7,20,-9,18,-8,17,-10,17,-11,15,-11,15,-12,15,-13,14,-14,14,-12,14,-13,14,-12,14,-12,14,-11,14,-9,13,-10,13,-9,12,-9,13,-8,13,-7,13,-6,13,-5,0,0,0,0,0,0,0,0,0,0,0,0,0,0,24,-16,26,-13,27,-11,29,-9,30,-9,30,-8,31,-5,32,-4,33,-2,33,1,32,1,32,1,32,1,31,2,29,1,29,0,29,0,27,-2,29,-2,28,-2,28,-3,28,-6,28,-5,29,-6,28,-7,28,-8,28,-7,28,-8]"
618028927340800,10.476492400,90119,1863920035,-50,-98,6,0,1,7,0,0,256,0,0,"[0,0,12,9,11,8,11,8,11,7,10,7,10,6,10,5,10,4,10,4,10,4,10,3,10,3,10,2,10,2,9,1,9,1,9,1,9,1,9,1,9,2,9,2,8,2,8,2,7,2,7,2,7,2,0,0,0,0,0,0,0,0,0,0,0,0,0,0,0,0,0,0,0,0,0,0,14,7,13,8,13,9,13,9,13,11,13,11,12,12,12,13,12,13,10,13,10,13,10,13,10,12,10,12,10,11,10,11,10,11,11,10,11,10,11,9,12,10,12,9,12,9,12,9,12,9,13,8,0,0,44,36,43,34,41,34,41,30,40,28,37,26,38,24,37,21,37,17,35,13,36,15,37,12,36,10,37,10,36,9,36,9,34,7,37,10,36,9,33,11,34,10,30,11,28,11,26,10,27,12,25,12,22,13,21,15,0,0,0,0,0,0,0,0,0,0,0,0,0,0,54,19,54,28,52,29,51,35,48,37,46,41,46,44,45,49,43,51,42,54,37,54,37,53,37,51,36,49,34,49,34,49,33,48,35,44,37,44,38,40,39,41,41,43,41,40,42,41,45,38,46,37,45,38,50,35]"
618028944147400,10.493299000,90120,1863938530,-50,-98,6,0,1,7,0,0,256,0,0,"[0,0,-9,-13,-9,-12,-8,-12,-9,-12,-8,-11,-8,-10,-8,-9,-8,-9,-8,-8,-9,-7,-9,-7,-9,-7,-9,-6,-9,-6,-9,-6,-9,-5,-9,-6,-9,-5,-9,-5,-8,-5,-8,-5,-7,-6,-7,-5,-7,-5,-7,-5,-6,-6,0,0,0,0,0,0,0,0,0,0,0,0,0,0,0,0,0,0,0,0,0,0,-10,-12,-10,-13,-10,-14,-9,-15,-8,-16,-8,-16,-7,-17,-6,-17,-6,-17,-5,-17,-5,-17,-5,-16,-5,-16,-5,-16,-5,-15,-6,-15,-6,-14,-7,-15,-7,-14,-8,-14,-8,-14,-8,-14,-9,-14,-9,-14,-9,-13,-9,-13,0,0,-15,-25,-13,-24,-14,-23,-14,-22,-14,-21,-13,-20,-14,-20,-13,-18,-14,-16,-15,-14,-15,-13,-15,-13,-16,-11,-16,-11,-16,-10,-16,-11,-16,-10,-16,-11,-15,-11,-15,-10,-14,-11,-13,-11,-13,-10,-12,-11,-11,-10,-10,-10,-9,-11,-8,-11,0,0,0,0,0,0,0,0,0,0,0,0,0,0,-20,-22,-17,-24,-17,-25,-15,-27,-14,-27,-13,-29,-11,-30,-10,-32,-8,-32,-7,-33,-5,-32,-6,-32,-6,-31,-6,-31,-5,-30,-7,-29,-7,-28,-9,-28,-9,-28,-10,-27,-10,-27,-10,-26,-11,-26,-12,-28,-14,-26,-15,-26,-13,-26,-14,-26]"
618028962661800,10.511813400,90121,1863956406,-50,-98,6,0,1,7,0,0,256,0,0,"[0,0,14,4,14,3,13,3,13,3,13,2,12,2,11,1,11,1,11,0,11,0,10,-1,10,-1,10,-1,9,-2,10,-3,10,-3,10,-2,9,-3,9,-2,9,-2,9,-2,8,-1,8,-1,7,-1,8,-1,7,0,0,0,0,0,0,0,0,0,0,0,0,0,0,0,0,0,0,0,0,0,0,0,16,3,15,4,15,5,15,5,16,6,16,7,15,8,15,9,15,9,14,10,13,9,13,10,13,9,13,8,13,8,13,7,13,7,14,7,13,6,14,5,14,5,14,5,15,5,14,5,15,4,14,4,0,0,27,7,27,6,25,5,24,5,23,3,23,3,22,2,21,2,20,0,19,-1,19,-4,19,-3,18,-5,18,-4,18,-5,17,-5,19,-5,17,-5,18,-5,18,-3,17,-3,16,-2,15,-3,14,-3,15,-3,14,0,14,-1,13,1,0,0,0,0,0,0,0,0,0,0,0,0,0,0,29,0,29,2,30,4,29,6,30,7,29,8,30,12,30,13,30,15,30,17,28,17,28,18,27,16,26,16,25,16,25,14,25,14,26,13,26,11,26,11,25,10,27,9,27,10,27,9,29,8,28,5,28,5,28,6]"
618028987691800,10.536843400,90122,1863978318,-50,-98,6,0,1,7,0,0,256,0,0,"[0,0,-6,13,-6,13,-6,12,-6,12,-5,12,-4,12,-3,11,-3,11,-3,10,-2,10,-2,10,-1,10,-1,10,0,10,0,10,0,9,0,9,0,9,0,9,0,9,0,9,0,9,-1,8,-1,8,-1,7,-2,7,0,0,0,0,0,0,0,0,0,0,0,0,0,0,0,0,0,0,0,0,0,0,-6,15,-7,14,-8,15,-9,14,-9,15,-11,14,-11,14,-12,14,-12,13,-13,13,-12,12,-12,12,-12,11,-11,11,-11,12,-10,12,-10,12,-10,12,-9,12,-8,13,-7,13,-8,14,-8,14,-7,14,-7,14,-7,14,0,0,-28,50,-28,48,-25,47,-23,45,-21,44,-18,44,-18,43,-15,41,-12,39,-12,38,-9,37,-6,38,-7,38,-4,40,-3,39,-2,36,-2,37,-3,38,-3,36,-4,34,-4,33,-3,34,-6,32,-7,29,-7,28,-8,27,-10,28,-13,24,0,0,0,0,0,0,0,0,0,0,0,0,0,0,-14,56,-22,56,-26,53,-28,53,-30,55,-34,53,-38,54,-41,52,-41,51,-47,49,-46,47,-50,45,-49,41,-46,40,-47,40,-44,43,-41,43,-37,42,-39,42,-37,44,-34,45,-34,49,-31,50,-31,51,-31,51,-29,50,-32,51,-30,50]"
618029004194000,10.553345600,90123,1863996541,-50,-98,6,0,1,7,0,0,256,0,0,"[0,0,-10,-12,-10,-12,-9,-11,-10,-11,-9,-11,-9,-10,-9,-9,-9,-8,-9,-8,-9,-7,-9,-6,-10,-6,-9,-6,-9,-5,-10,-5,-10,-5,-9,-5,-10,-5,-9,-5,-9,-5,-9,-5,-8,-6,-7,-6,-7,-5,-7,-5,-6,-5,0,0,0,0,0,0,0,0,0,0,0,0,0,0,0,0,0,0,0,0,0,0,-12,-12,-11,-13,-11,-14,-10,-14,-10,-16,-9,-16,-8,-17,-8,-17,-7,-17,-7,-17,-7,-16,-6,-16,-6,-16,-6,-15,-7,-15,-7,-14,-7,-14,-8,-14,-8,-14,-8,-14,-9,-14,-9,-14,-10,-13,-10,-13,-10,-13,-10,-13,0,0,-18,-22,-18,-21,-17,-21,-18,-19,-18,-18,-17,-17,-16,-16,-17,-16,-17,-13,-18,-12,-17,-11,-18,-11,-17,-9,-16,-8,-18,-8,-18,-8,-18,-9,-18,-8,-17,-8,-17,-9,-16,-9,-15,-8,-14,-8,-13,-9,-13,-9,-13,-9,-12,-10,-10,-11,0,0,0,0,0,0,0,0,0,0,0,0,0,0,-24,-19,-22,-22,-20,-22,-19,-24,-19,-26,-17,-26,-17,-29,-16,-30,-15,-31,-13,-32,-12,-32,-12,-33,-12,-31,-11,-30,-10,-28,-11,-28,-11,-28,-13,-27,-13,-26,-13,-27,-15,-26,-16,-25,-16,-26,-17,-25,-18,-25,-18,-24,-18,-24,-18,-23]"
618029024920100,10.574071700,90124,1864016582,-50,-98,6,0,1,7,0,0,256,0,0,"[0,0,-15,-4,-14,-4,-13,-4,-13,-3,-13,-3,-12,-3,-12,-2,-11,-1,-11,-1,-11,-1,-11,1,-10,1,-10,1,-10,1,-10,1,-10,2,-9,1,-10,2,-10,1,-10,1,-9,1,-9,0,-8,0,-8,0,-8,0,-8,-1,0,0,0,0,0,0,0,0,0,0,0,0,0,0,0,0,0,0,0,0,0,0,-16,-2,-16,-3,-16,-4,-16,-5,-16,-5,-16,-7,-16,-8,-16,-9,-15,-9,-15,-9,-14,-8,-14,-9,-14,-8,-14,-8,-14,-8,-14,-7,-14,-7,-14,-6,-14,-6,-14,-6,-14,-5,-14,-5,-15,-5,-15,-4,-15,-4,-15,-4,0,0,-52,-17,-50,-16,-49,-16,-47,-14,-48,-12,-45,-10,-41,-9,-40,-7,-40,-6,-40,-3,-40,-1,-38,1,-37,2,-39,3,-37,3,-39,5,-35,5,-38,4,-36,3,-36,1,-36,2,-32,0,-30,0,-30,-1,-30,-1,-29,-2,-27,-3,-27,-6,0,0,0,0,0,0,0,0,0,0,0,0,0,0,-56,-5,-58,-11,-57,-14,-58,-20,-57,-20,-57,-25,-57,-27,-59,-34,-57,-36,-55,-39,-53,-40,-51,-39,-51,-40,-48,-37,-49,-36,-46,-35,-48,-33,-46,-32,-48,-30,-49,-28,-52,-28,-51,-24,-53,-24,-53,-22,-53,-21,-55,-20,-54,-19,-56,-19]"
618029043270400,10.592422000,90125,1864036718,-50,-98,6,0,1,7,0,0,256,0,0,"[0,0,6,13,7,12,6,11,7,11,6,11,7,10,7,10,7,9,6,8,7,8,7,7,7,6,8,6,7,6,8,5,8,5,8,5,7,5,8,6,7,6,7,6,6,5,6,6,5,5,5,5,5,5,0,0,0,0,0,0,0,0,0,0,0,0,0,0,0,0,0,0,0,0,0,0,9,12,9,13,8,14,7,14,7,16,6,16,5,17,4,17,4,17,3,17,3,16,3,16,3,16,3,15,4,15,4,14,4,14,5,14,5,14,6,14,6,14,7,14,7,14,7,14,7,14,7,13,0,0,16,23,15,22,15,22,15,19,15,19,14,18,14,17,13,16,15,14,14,12,15,11,15,12,16,11,16,10,15,9,16,9,15,9,15,9,16,9,14,10,13,9,13,10,12,9,11,10,11,9,11,9,9,10,8,11,0,0,0,0,0,0,0,0,0,0,0,0,0,0,21,17,21,21,20,22,18,25,15,25,15,27,14,28,14,30,11,31,11,31,8,32,9,30,9,30,9,30,9,29,9,28,9,28,9,26,10,27,11,25,12,26,13,26,13,25,14,26,15,25,16,25,16,25,17,24]"
618029063917800,10.613069400,90126,1864056644,-50,-98,6,0,1,7,0,0,256,0,0,"[0,0,-15,6,-13,6,-12,6,-13,6,-12,6,-11,6,-10,6,-10,6,-9,6,-9,7,-8,7,-7,7,-7,7,-7,7,-7,7,-7,7,-6,7,-7,7,-7,7,-7,7,-7,7,-7,6,-6,5,-6,5,-6,5,-7,4,0,0,0,0,0,0,0,0,0,0,0,0,0,0,0,0,0,0,0,0,0,0,-13,9,-14,8,-15,8,-15,7,-16,7,-17,6,-18,5,-18,4,-18,3,-17,3,-17,3,-17,3,-16,3,-16,3,-16,3,-16,4,-15,4,-15,4,-15,5,-14,5,-15,6,-14,6,-15,7,-14,6,-14,7,-14,7,0,0,-24,15,-22,15,-21,15,-21,15,-19,15,-19,15,-17,16,-16,14,-15,15,-14,15,-13,15,-11,15,-10,16,-9,15,-10,15,-10,15,-8,16,-10,16,-10,15,-10,14,-10,13,-10,14,-10,13,-9,12,-9,10,-10,10,-11,9,-12,9,0,0,0,0,0,0,0,0,0,0,0,0,0,0,-18,23,-21,21,-22,19,-24,18,-26,17,-27,16,-28,16,-31,14,-32,14,-32,12,-32,10,-31,10,-32,9,-30,9,-29,9,-28,9,-27,10,-27,10,-27,10,-27,12,-26,12,-25,14,-25,14,-25,15,-24,16,-25,17,-24,16,-24,16]"
618029086499500,10.635651100,90127,1864076586,-50,-98,6,0,1,7,0,0,256,0,0,"[0,0,-13,-8,-13,-8,-13,-8,-12,-7,-12,-7,-12,-6,-11,-6,-11,-5,-11,-4,-11,-4,-10,-3,-11,-3,-11,-2,-10,-2,-11,-2,-9,-1,-10,-1,-10,-1,-10,-2,-10,-2,-10,-2,-9,-2,-9,-2,-8,-2,-8,-2,-8,-3,0,0,0,0,0,0,0,0,0,0,0,0,0,0,0,0,0,0,0,0,0,0,-15,-7,-15,-9,-14,-10,-14,-11,-14,-11,-14,-12,-13,-13,-13,-14,-12,-14,-12,-14,-12,-13,-11,-13,-11,-13,-11,-13,-11,-12,-11,-11,-12,-11,-12,-11,-12,-11,-13,-10,-13,-10,-13,-10,-14,-9,-14,-9,-13,-9,-14,-9,0,0,-44,-34,-45,-35,-43,-30,-41,-30,-39,-29,-41,-23,-40,-24,-39,-20,-40,-18,-39,-16,-37,-16,-36,-14,-36,-13,-36,-11,-38,-11,-33,-5,-37,-7,-38,-8,-35,-7,-35,-8,-35,-9,-33,-9,-29,-11,-28,-13,-27,-14,-27,-13,-25,-14,-24,-16,0,0,0,0,0,0,0,0,0,0,0,0,0,0,-54,-25,-50,-31,-50,-36,-49,-37,-49,-39,-45,-43,-48,-47,-45,-47,-45,-50,-44,-53,-40,-54,-38,-56,-34,-56,-32,-54,-32,-51,-33,-50,-35,-46,-37,-47,-36,-46,-38,-45,-39,-40,-43,-39,-43,-39,-45,-39,-45,-41,-45,-41,-43,-37,-45,-39]"
618029104447500,10.653599100,90128,1864096651,-50,-98,6,0,1,7,0,0,256,0,0,"[0,0,-14,7,-13,7,-12,6,-12,7,-11,6,-11,6,-10,7,-10,6,-9,7,-9,7,-8,7,-7,7,-7,7,-7,7,-7,8,-6,7,-6,8,-6,8,-7,7,-7,7,-6,6,-6,6,-6,6,-6,6,-6,5,-6,4,0,0,0,0,0,0,0,0,0,0,0,0,0,0,0,0,0,0,0,0,0,0,-13,9,-14,8,-15,8,-15,7,-17,7,-17,6,-18,5,-18,4,-18,4,-18,3,-17,3,-17,3,-16,3,-16,3,-15,3,-16,4,-15,4,-16,5,-14,5,-15,6,-15,5,-15,6,-15,7,-14,7,-14,8,-14,7,0,0,-24,15,-23,15,-21,15,-21,15,-20,15,-17,14,-17,14,-17,15,-15,15,-14,15,-12,16,-10,15,-11,15,-10,16,-10,16,-10,16,-8,16,-10,15,-10,15,-10,14,-10,14,-10,14,-9,12,-9,13,-9,11,-10,11,-11,10,-11,8,0,0,0,0,0,0,0,0,0,0,0,0,0,0,-19,22,-22,20,-23,18,-25,16,-27,17,-27,16,-30,14,-31,13,-31,12,-33,10,-33,10,-33,9,-31,8,-32,7,-30,8,-28,8,-28,9,-28,10,-27,10,-27,11,-27,11,-25,13,-26,13,-26,15,-25,15,-25,15,-25,16,-25,15]"
618029126514900,10.675666500,90129,1864116572,-50,-98,6,0,1,7,0,0,256,0,0,"[0,0,-8,-13,-8,-13,-7,-12,-7,-12,-7,-11,-7,-10,-8,-10,-8,-9,-7,-9,-8,-8,-7,-8,-8,-7,-8,-7,-8,-6,-8,-6,-8,-6,-8,-6,-8,-6,-8,-6,-8,-6,-7,-6,-7,-6,-6,-6,-6,-6,-6,-6,-5,-7,0,0,0,0,0,0,0,0,0,0,0,0,0,0,0,0,0,0,0,0,0,0,-10,-13,-9,-13,-9,-14,-8,-15,-8,-16,-7,-17,-7,-17,-6,-17,-5,-17,-5,-17,-4,-17,-4,-16,-4,-16,-4,-16,-4,-15,-5,-15,-5,-14,-6,-14,-6,-15,-7,-14,-7,-14,-8,-14,-8,-14,-7,-14,-7,-14,-8,-13,0,0,-14,-26,-14,-25,-13,-24,-13,-21,-13,-22,-13,-21,-13,-20,-12,-18,-13,-16,-14,-14,-15,-13,-15,-13,-15,-14,-16,-13,-16,-10,-16,-13,-17,-11,-17,-12,-15,-11,-14,-11,-13,-12,-12,-12,-11,-12,-12,-11,-12,-11,-10,-12,-8,-11,-8,-12,0,0,0,0,0,0,0,0,0,0,0,0,0,0,-21,-22,-20,-24,-17,-26,-16,-28,-13,-27,-13,-30,-12,-30,-11,-32,-9,-33,-9,-34,-6,-34,-6,-32,-7,-32,-7,-31,-6,-31,-7,-30,-7,-30,-7,-28,-8,-28,-9,-27,-10,-28,-11,-27,-11,-28,-12,-28,-13,-26,-15,-26,-14,-26,-15,-27]"
618029144644900,10.693796500,90130,1864137040,-50,-98,6,0,1,7,0,0,256,0,0,"[0,0,-9,12,-9,11,-8,11,-8,11,-7,10,-6,10,-6,10,-5,10,-5,10,-4,10,-3,10,-3,9,-2,10,-2,9,-2,9,-2,9,-2,9,-2,9,-2,9,-3,9,-3,8,-3,8,-3,8,-3,7,-3,7,-4,7,0,0,0,0,0,0,0,0,0,0,0,0,0,0,0,0,0,0,0,0,0,0,-8,14,-9,13,-9,14,-10,13,-11,13,-12,13,-13,12,-14,12,-14,11,-14,11,-14,10,-13,10,-13,10,-13,10,-12,10,-12,10,-11,10,-11,11,-11,11,-10,11,-10,12,-10,12,-10,12,-9,12,-9,13,-9,12,0,0,-35,42,-34,43,-32,42,-30,39,-27,39,-25,38,-23,38,-21,37,-19,36,-15,36,-15,34,-14,35,-11,37,-8,35,-9,36,-8,35,-10,36,-8,34,-8,35,-7,33,-8,32,-11,32,-11,28,-12,27,-13,27,-13,24,-13,25,-16,23,0,0,0,0,0,0,0,0,0,0,0,0,0,0,-20,54,-28,51,-31,49,-35,50,-36,48,-40,46,-44,47,-48,47,-49,46,-53,43,-52,40,-51,38,-53,37,-53,34,-50,34,-48,33,-47,35,-44,35,-42,36,-43,38,-41,40,-39,43,-39,42,-39,45,-37,43,-38,46,-35,43,-37,45]"
618029165225600,10.714377200,90131,1864156597,-50,-98,6,0,1,7,0,0,256,0,0,"[0,0,-6,-14,-6,-14,-6,-13,-5,-12,-6,-12,-6,-11,-6,-11,-7,-10,-6,-10,-7,-9,-7,-8,-7,-8,-7,-8,-8,-8,-8,-7,-8,-7,-8,-7,-7,-7,-8,-7,-7,-7,-7,-7,-6,-7,-6,-7,-6,-6,-5,-7,-5,-6,0,0,0,0,0,0,0,0,0,0,0,0,0,0,0,0,0,0,0,0,0,0,-8,-14,-7,-15,-6,-15,-6,-16,-5,-17,-4,-17,-4,-17,-3,-18,-3,-18,-2,-18,-2,-17,-1,-17,-2,-16,-1,-16,-2,-16,-3,-15,-3,-15,-4,-15,-4,-15,-5,-15,-5,-15,-6,-15,-6,-15,-6,-15,-6,-15,-6,-15,0,0,-10,-26,-10,-26,-10,-26,-10,-23,-10,-23,-10,-21,-10,-21,-11,-20,-11,-18,-12,-17,-13,-15,-12,-16,-13,-15,-14,-15,-14,-13,-14,-13,-14,-13,-14,-14,-14,-12,-13,-14,-12,-13,-12,-13,-10,-13,-10,-13,-10,-11,-9,-12,-8,-12,-6,-13,0,0,0,0,0,0,0,0,0,0,0,0,0,0,-17,-24,-15,-26,-13,-27,-12,-29,-11,-29,-10,-31,-8,-31,-7,-33,-5,-33,-3,-34,-3,-33,-1,-34,-2,-33,-1,-31,-1,-31,-2,-30,-3,-30,-3,-29,-5,-29,-5,-28,-6,-28,-7,-29,-8,-29,-8,-29,-8,-28,-10,-29,-9,-28,-10,-29]"
618029184445300,10.733596900,90132,1864176571,-50,-98,6,0,1,7,0,0,256,0,0,"[0,0,4,-14,4,-15,3,-14,3,-14,3,-13,2,-13,1,-12,1,-12,1,-11,0,-11,0,-11,-1,-11,-1,-10,-2,-10,-1,-11,-2,-10,-2,-10,-2,-10,-2,-10,-1,-10,-1,-10,-1,-9,-1,-9,-1,-9,0,-8,0,-8,0,0,0,0,0,0,0,0,0,0,0,0,0,0,0,0,0,0,0,0,0,0,2,-16,3,-16,4,-17,5,-16,6,-17,7,-16,8,-16,9,-16,9,-15,10,-15,9,-14,9,-14,9,-14,8,-14,8,-13,7,-14,7,-13,7,-14,6,-14,5,-15,5,-14,5,-15,5,-15,5,-15,4,-15,4,-15,0,0,5,-27,5,-28,4,-27,4,-24,3,-25,3,-24,2,-22,1,-22,0,-21,-2,-20,-4,-19,-4,-19,-5,-19,-5,-19,-5,-18,-5,-18,-5,-18,-6,-18,-4,-17,-4,-17,-3,-17,-3,-17,-3,-17,-3,-16,-2,-15,-2,-14,0,-14,0,-14,0,0,0,0,0,0,0,0,0,0,0,0,0,0,-2,-30,1,-31,2,-30,5,-30,6,-31,8,-30,10,-31,12,-32,15,-30,16,-29,16,-29,17,-28,16,-29,15,-28,15,-27,13,-26,13,-26,12,-26,11,-25,11,-28,9,-28,10,-28,9,-28,9,-28,8,-29,5,-30,6,-29,6,-30]"
618029205282700,10.754434300,90133,1864196563,-50,-98,6,0,1,7,0,0,256,0,0,"[0,0,7,-14,5,-14,5,-13,6,-13,5,-13,4,-12,3,-12,3,-11,3,-11,2,-11,1,-10,0,-11,0,-11,0,-11,0,-10,0,-10,-1,-10,0,-10,0,-10,1,-10,1,-10,1,-9,1,-9,1,-9,1,-8,2,-8,0,0,0,0,0,0,0,0,0,0,0,0,0,0,0,0,0,0,0,0,0,0,4,-15,6,-16,6,-15,7,-16,8,-16,9,-16,10,-15,11,-15,11,-14,11,-13,11,-13,11,-12,10,-13,10,-13,10,-13,9,-12,9,-13,8,-13,8,-13,8,-13,8,-14,7,-14,7,-14,6,-14,6,-15,7,-14,0,0,31,-48,25,-47,26,-47,23,-42,24,-44,19,-42,17,-43,14,-41,12,-40,11,-36,9,-37,7,-38,6,-39,3,-39,2,-37,3,-40,2,-39,3,-36,3,-36,4,-35,5,-32,6,-33,6,-31,8,-29,7,-29,8,-28,10,-25,12,-25,0,0,0,0,0,0,0,0,0,0,0,0,0,0,15,-56,22,-56,28,-55,32,-55,31,-51,35,-53,38,-53,44,-52,45,-48,46,-47,48,-45,49,-43,48,-40,48,-41,46,-38,43,-38,45,-42,39,-40,39,-41,35,-43,34,-47,34,-46,33,-45,33,-50,31,-48,31,-50,30,-51,32,-49]"
618029223403600,10.772555200,90134,1864216850,-50,-98,6,0,1,7,0,0,256,0,0,"[0,0,14,-4,13,-4,13,-4,13,-4,12,-4,11,-5,11,-5,10,-5,10,-5,9,-6,9,-6,8,-6,8,-6,8,-6,8,-7,8,-7,7,-7,8,-7,7,-6,7,-6,7,-6,7,-5,7,-5,7,-5,7,-4,7,-4,0,0,0,0,0,0,0,0,0,0,0,0,0,0,0,0,0,0,0,0,0,0,14,-6,16,-6,15,-5,16,-4,17,-3,18,-3,18,-2,18,-1,18,-1,17,0,17,0,16,0,16,0,16,0,15,0,15,-1,15,-1,16,-2,15,-2,15,-3,15,-3,15,-3,15,-4,15,-4,15,-4,15,-4,0,0,26,-8,27,-8,23,-7,25,-8,22,-8,21,-9,20,-9,19,-9,18,-10,18,-10,17,-11,15,-11,14,-12,14,-12,15,-13,13,-12,14,-13,14,-12,14,-12,13,-11,13,-10,13,-10,13,-10,12,-9,13,-7,11,-7,13,-7,12,-4,0,0,0,0,0,0,0,0,0,0,0,0,0,0,25,-15,26,-12,27,-10,28,-8,30,-8,28,-7,32,-5,31,-4,33,-3,34,-1,33,0,33,1,31,2,30,2,29,1,29,1,28,0,29,-1,28,-1,29,-2,26,-3,28,-6,27,-6,27,-6,29,-7,29,-7,28,-7,28,-7]"
618029245900800,10.795052400,90135,1864237953,-50,-98,6,0,1,7,0,0,256,0,0,"[0,0,-3,-15,-4,-15,-4,-15,-3,-14,-4,-13,-4,-12,-5,-12,-5,-11,-5,-11,-5,-10,-6,-10,-6,-10,-6,-9,-7,-9,-6,-9,-7,-8,-7,-8,-6,-8,-6,-8,-6,-8,-6,-8,-5,-8,-5,-8,-4,-7,-4,-7,-4,-7,0,0,0,0,0,0,0,0,0,0,0,0,0,0,0,0,0,0,0,0,0,0,-5,-16,-4,-17,-4,-17,-3,-18,-2,-18,-1,-18,0,-19,0,-19,1,-18,1,-18,1,-17,1,-17,1,-17,1,-17,1,-17,0,-16,0,-16,-1,-15,-1,-16,-2,-16,-3,-16,-3,-16,-3,-16,-4,-16,-4,-16,-3,-16,0,0,-5,-27,-5,-28,-5,-27,-5,-25,-6,-24,-6,-23,-7,-21,-7,-21,-8,-20,-9,-17,-9,-18,-10,-18,-11,-16,-10,-17,-10,-14,-11,-15,-12,-15,-11,-15,-11,-14,-11,-15,-10,-15,-9,-15,-8,-14,-8,-14,-7,-14,-6,-14,-6,-13,-4,-13,0,0,0,0,0,0,0,0,0,0,0,0,0,0,-13,-26,-11,-28,-8,-29,-7,-31,-5,-30,-3,-31,-2,-33,-1,-34,1,-34,2,-34,3,-33,3,-32,4,-32,4,-31,4,-30,4,-30,3,-31,2,-28,1,-28,0,-28,-1,-29,-2,-29,-2,-29,-4,-30,-5,-28,-4,-28,-5,-29,-6,-29]"
618029263609800,10.812761400,90136,1864256498,-50,-98,6,0,1,7,0,0,256,0,0,"[0,0,12,8,12,8,11,8,11,7,11,7,11,6,10,5,10,5,9,4,10,3,9,3,9,3,9,2,9,2,9,1,9,1,9,1,9,1,9,1,9,1,9,1,8,2,8,2,7,3,7,2,6,3,0,0,0,0,0,0,0,0,0,0,0,0,0,0,0,0,0,0,0,0,0,0,14,7,14,8,14,9,13,10,13,11,12,12,12,13,12,13,11,13,10,14,10,13,9,13,9,13,9,13,10,12,10,11,10,11,11,10,11,11,11,10,12,9,12,9,12,9,12,9,12,9,12,9,0,0,48,29,46,25,43,23,44,22,43,20,40,18,40,16,37,17,39,13,38,8,38,6,37,6,37,4,37,4,37,1,38,1,35,1,36,2,35,3,35,4,33,4,30,6,29,7,28,6,28,5,28,8,25,8,24,11,0,0,0,0,0,0,0,0,0,0,0,0,0,0,56,12,55,17,56,21,55,27,54,30,53,32,51,35,52,40,50,42,47,44,47,48,46,47,44,45,44,43,40,43,41,40,41,41,40,36,43,37,43,35,45,34,46,33,46,32,47,33,50,28,51,29,50,27,51,28]"
618029283316600,10.832468200,90137,1864276551,-50,-98,6,0,1,7,0,0,256,0,0,"[0,0,14,-5,13,-5,12,-5,12,-5,12,-5,11,-5,10,-5,9,-6,9,-6,9,-7,8,-7,7,-7,7,-7,6,-7,7,-7,7,-8,6,-7,6,-7,7,-7,7,-7,6,-6,6,-6,6,-6,5,-6,6,-5,6,-5,0,0,0,0,0,0,0,0,0,0,0,0,0,0,0,0,0,0,0,0,0,0,14,-7,15,-6,15,-5,15,-4,17,-4,17,-3,17,-1,17,-1,17,0,17,0,17,-1,17,-1,15,0,16,-1,15,-1,15,-1,15,-2,15,-2,15,-3,15,-3,14,-3,15,-4,15,-5,14,-5,14,-6,15,-5,0,0,26,-11,24,-12,23,-11,22,-11,21,-11,19,-11,19,-11,16,-12,17,-12,15,-13,14,-13,13,-13,13,-13,12,-14,12,-14,12,-14,11,-14,12,-14,11,-14,12,-13,11,-13,11,-12,10,-11,10,-10,11,-10,11,-9,11,-8,11,-7,0,0,0,0,0,0,0,0,0,0,0,0,0,0,22,-19,24,-16,26,-14,27,-13,28,-12,29,-11,31,-10,32,-8,32,-8,32,-5,33,-4,32,-4,31,-3,31,-2,29,-4,29,-4,29,-4,28,-5,27,-5,28,-6,27,-8,26,-9,26,-10,27,-10,27,-11,27,-11,27,-12,27,-12]"
618029304865800,10.854017400,90138,1864296574,-50,-98,6,0,1,7,0,0,256,0,0,"[0,0,10,-11,9,-11,9,-11,9,-11,8,-11,7,-10,7,-10,6,-10,5,-10,5,-10,4,-10,4,-10,3,-10,2,-10,3,-10,3,-10,2,-10,2,-10,3,-10,3,-9,3,-9,3,-9,3,-8,3,-8,3,-8,4,-7,0,0,0,0,0,0,0,0,0,0,0,0,0,0,0,0,0,0,0,0,0,0,10,-13,11,-13,11,-12,12,-12,13,-11,15,-11,15,-10,15,-10,16,-9,15,-8,15,-8,15,-8,14,-8,14,-8,14,-8,12,-8,13,-9,13,-9,12,-10,12,-10,12,-10,11,-11,11,-11,11,-12,11,-12,11,-12,0,0,20,-19,19,-21,18,-20,17,-19,15,-19,14,-19,13,-18,11,-18,10,-17,9,-18,8,-18,7,-18,6,-18,5,-17,5,-18,5,-18,5,-18,5,-17,5,-17,6,-17,6,-15,5,-15,6,-15,6,-15,6,-13,6,-12,8,-13,8,-12,0,0,0,0,0,0,0,0,0,0,0,0,0,0,14,-26,17,-25,19,-22,20,-21,21,-23,23,-21,26,-20,26,-18,27,-19,29,-17,28,-16,30,-15,29,-14,28,-14,26,-14,25,-14,24,-14,24,-16,23,-16,23,-16,22,-17,21,-19,22,-19,20,-20,22,-20,22,-21,20,-20,21,-20]"
618029325730900,10.874882500,90139,1864316572,-50,-98,6,0,1,7,0,0,256,0,0,"[0,0,10,-11,9,-12,8,-11,9,-11,7,-11,7,-11,6,-10,6,-10,5,-10,5,-10,4,-10,3,-10,3,-10,2,-10,2,-10,2,-10,2,-10,2,-9,3,-10,3,-9,2,-9,2,-9,3,-9,3,-8,3,-7,3,-7,0,0,0,0,0,0,0,0,0,0,0,0,0,0,0,0,0,0,0,0,0,0,9,-14,10,-13,11,-13,11,-12,13,-13,13,-11,15,-12,15,-10,15,-11,15,-10,15,-9,14,-8,14,-8,14,-9,13,-9,13,-9,12,-9,12,-10,11,-10,11,-11,11,-11,10,-12,12,-12,11,-12,10,-12,11,-12,0,0,38,-39,36,-44,32,-41,32,-39,30,-39,27,-38,25,-37,21,-38,21,-36,19,-37,15,-36,12,-36,11,-36,12,-37,11,-36,7,-35,9,-37,9,-36,9,-36,11,-32,12,-31,12,-32,11,-31,10,-29,13,-26,12,-26,13,-26,15,-24,0,0,0,0,0,0,0,0,0,0,0,0,0,0,24,-54,33,-52,36,-49,39,-46,41,-47,43,-46,49,-46,53,-42,54,-42,57,-39,55,-36,58,-35,57,-34,56,-30,53,-31,51,-32,48,-32,48,-35,44,-36,46,-37,44,-37,43,-40,44,-40,41,-43,41,-43,42,-44,39,-45,42,-44]"
618029345929800,10.895081400,90140,1864339902,-50,-98,6,0,1,7,0,0,256,0,0,"[0,0,14,-6,13,-6,12,-5,12,-5,11,-6,10,-6,9,-6,9,-6,9,-7,9,-7,8,-7,7,-8,6,-7,6,-8,6,-8,6,-8,6,-8,6,-8,6,-8,6,-7,6,-7,6,-7,6,-6,5,-6,6,-6,5,-5,0,0,0,0,0,0,0,0,0,0,0,0,0,0,0,0,0,0,0,0,0,0,14,-7,15,-7,15,-6,15,-5,17,-5,17,-4,18,-4,18,-2,17,-2,17,-2,17,-1,16,-1,16,-1,15,-1,15,-2,15,-2,15,-3,15,-3,14,-4,15,-5,14,-5,14,-5,15,-6,14,-6,14,-6,14,-6,0,0,27,-10,25,-11,24,-10,23,-10,22,-10,21,-12,19,-11,17,-12,18,-12,16,-12,15,-12,14,-14,13,-14,13,-14,13,-14,12,-14,12,-14,11,-14,12,-13,12,-12,12,-11,11,-11,11,-12,11,-10,11,-10,10,-8,11,-8,11,-7,0,0,0,0,0,0,0,0,0,0,0,0,0,0,23,-18,26,-16,27,-14,28,-12,29,-11,29,-9,31,-8,32,-7,34,-4,34,-4,33,-2,33,-2,32,-2,32,-2,31,-2,29,-3,28,-3,28,-3,28,-4,28,-5,27,-7,28,-7,28,-9,28,-9,28,-10,27,-10,27,-10,27,-11]"
618029366573900,10.915725500,90141,1864359224,-50,-98,6,0,1,7,0,0,256,0,0,"[0,0,14,-1,14,-2,13,-2,13,-1,12,-2,12,-2,11,-2,11,-3,10,-3,10,-4,9,-4,9,-4,8,-5,8,-5,8,-5,8,-5,8,-5,8,-5,8,-5,8,-4,8,-4,7,-4,7,-4,7,-3,7,-3,7,-2,0,0,0,0,0,0,0,0,0,0,0,0,0,0,0,0,0,0,0,0,0,0,15,-3,16,-3,16,-2,17,-1,17,0,18,1,17,1,18,3,17,3,17,3,17,3,16,4,15,3,15,3,15,3,15,2,15,2,15,1,15,1,15,0,15,0,15,0,16,-1,15,-1,15,-1,15,-1,0,0,27,1,26,0,25,-1,25,-1,22,-1,22,-3,21,-3,20,-4,20,-5,19,-5,17,-6,17,-6,17,-6,15,-8,17,-8,16,-8,15,-9,15,-8,15,-8,15,-8,15,-6,14,-7,13,-5,13,-5,13,-4,13,-3,12,-3,12,-1,0,0,0,0,0,0,0,0,0,0,0,0,0,0,27,-8,28,-4,29,-3,30,-1,30,0,30,1,31,3,33,6,32,7,32,8,31,8,30,10,30,11,28,12,27,10,26,9,26,8,27,7,27,7,27,5,27,4,27,2,28,2,27,1,29,1,29,1,28,1,29,0]"
618029386047600,10.935199200,90142,1864376766,-50,-98,6,0,1,7,0,0,256,0,0,"[0,0,-10,10,-9,10,-9,9,-9,9,-8,9,-7,9,-7,9,-6,9,-6,8,-5,8,-4,9,-4,8,-3,9,-3,9,-3,9,-3,8,-3,8,-3,8,-3,8,-3,7,-3,7,-3,7,-3,7,-3,7,-4,6,-4,6,0,0,0,0,0,0,0,0,0,0,0,0,0,0,0,0,0,0,0,0,0,0,-9,12,-10,13,-10,12,-11,12,-12,11,-13,11,-14,11,-14,10,-15,9,-15,9,-14,9,-14,9,-13,8,-13,8,-13,8,-12,9,-12,9,-12,9,-12,10,-11,10,-11,10,-11,10,-11,11,-10,11,-10,11,-10,11,0,0,-42,37,-39,37,-37,37,-34,32,-34,35,-30,34,-27,34,-26,32,-24,31,-21,32,-21,32,-19,31,-17,33,-15,34,-14,33,-15,33,-12,34,-16,33,-13,31,-15,30,-15,29,-15,29,-14,26,-15,25,-17,22,-16,21,-18,21,-19,19,0,0,0,0,0,0,0,0,0,0,0,0,0,0,-27,50,-34,50,-38,45,-41,45,-43,45,-46,42,-50,41,-55,39,-54,36,-58,33,-57,32,-58,28,-59,29,-57,25,-55,26,-53,26,-52,28,-49,28,-48,30,-48,31,-48,33,-45,35,-45,37,-44,39,-44,37,-45,37,-42,37,-42,38]"
618029404069200,10.953220800,90143,1864401601,-50,-98,6,0,1,6,0,0,256,0,0,"[0,0,11,-10,10,-10,9,-10,9,-10,8,-10,8,-9,7,-9,6,-9,6,-9,5,-9,5,-10,4,-10,3,-10,3,-10,3,-9,3,-10,3,-10,3,-9,3,-9,3,-9,3,-8,3,-8,3,-8,3,-7,4,-7,4,-6,0,0,0,0,0,0,0,0,0,0,0,0,0,0,0,0,0,0,0,0,0,0,10,-13,11,-12,11,-12,12,-11,13,-12,14,-11,15,-10,15,-9,16,-9,15,-8,14,-8,14,-8,14,-8,14,-8,13,-8,13,-9,13,-8,13,-9,12,-9,12,-9,12,-10,11,-10,12,-11,11,-11,10,-12,11,-11,0,0,22,-20,20,-19,19,-19,18,-18,17,-18,15,-17,14,-17,13,-17,12,-17,11,-17,9,-17,9,-18,8,-18,7,-18,7,-18,7,-17,6,-17,7,-17,6,-16,7,-16,6,-15,6,-15,7,-15,6,-13,7,-12,8,-12,8,-10,10,-9,0,0,0,0,0,0,0,0,0,0,0,0,0,0,15,-25,18,-24,20,-24,21,-22,22,-22,24,-21,26,-20,28,-20,29,-18,30,-17,30,-15,30,-15,28,-14,28,-13,27,-14,26,-14,26,-14,25,-15,25,-15,24,-16,23,-17,23,-18,23,-18,22,-19,23,-20,22,-20,22,-21,22,-20]"
618029423712400,10.972864000,90144,1864416621,-50,-98,6,0,1,7,0,0,256,0,0,"[0,0,4,-15,3,-15,3,-14,3,-14,2,-13,2,-13,1,-12,1,-12,1,-11,0,-11,-1,-11,-1,-11,-2,-11,-2,-11,-2,-10,-2,-10,-2,-10,-2,-10,-2,-10,-1,-10,-1,-10,-1,-9,-1,-9,-1,-9,0,-8,0,-8,0,0,0,0,0,0,0,0,0,0,0,0,0,0,0,0,0,0,0,0,0,0,2,-16,3,-17,4,-17,5,-17,6,-17,7,-17,8,-17,8,-17,9,-16,9,-16,9,-15,9,-14,8,-14,8,-14,8,-14,7,-14,7,-14,6,-14,6,-15,5,-15,5,-15,5,-15,5,-16,4,-16,4,-16,4,-15,0,0,7,-26,6,-28,5,-26,5,-24,5,-24,3,-23,4,-22,2,-22,1,-21,0,-20,-1,-19,-3,-19,-3,-18,-2,-19,-4,-18,-3,-18,-4,-18,-3,-17,-3,-18,-3,-18,-1,-16,-2,-17,-1,-16,-1,-15,-2,-14,1,-14,1,-14,2,-13,0,0,0,0,0,0,0,0,0,0,0,0,0,0,-1,-30,2,-30,4,-29,5,-29,8,-30,8,-29,11,-31,13,-31,14,-30,17,-30,16,-28,17,-29,16,-27,16,-26,16,-26,14,-25,14,-25,13,-25,12,-25,11,-26,10,-27,9,-27,10,-27,9,-28,9,-28,7,-29,7,-29,8,-28]"
618029443653300,10.992804900,90145,1864436618,-50,-98,6,0,1,7,0,0,256,0,0,"[0,0,7,-13,6,-13,6,-12,5,-12,4,-12,4,-12,3,-11,3,-11,3,-11,2,-10,1,-11,1,-11,0,-10,0,-11,0,-10,0,-10,-1,-10,0,-10,0,-10,0,-10,0,-9,0,-9,1,-9,1,-8,1,-8,1,-8,0,0,0,0,0,0,0,0,0,0,0,0,0,0,0,0,0,0,0,0,0,0,6,-15,7,-15,8,-15,9,-14,10,-14,11,-14,11,-14,12,-13,12,-13,12,-12,12,-12,12,-11,11,-11,10,-11,11,-12,10,-12,10,-12,9,-12,9,-12,8,-13,8,-13,8,-14,8,-14,7,-14,7,-14,7,-14,0,0,26,-48,25,-50,24,-50,24,-44,22,-46,16,-44,15,-44,13,-41,13,-39,8,-37,6,-38,4,-40,3,-39,1,-38,1,-38,1,-35,-1,-37,0,-36,0,-35,1,-34,2,-34,2,-33,3,-33,3,-31,5,-28,5,-26,7,-28,8,-27,0,0,0,0,0,0,0,0,0,0,0,0,0,0,15,-60,22,-58,25,-55,30,-54,31,-55,34,-55,39,-54,43,-54,43,-51,49,-49,48,-46,49,-46,49,-43,48,-41,47,-41,42,-40,43,-42,40,-43,38,-43,36,-46,35,-46,34,-48,33,-50,31,-50,33,-52,30,-51,29,-50,31,-51]"
618029470356500,11.019508100,90146,1864462092,-50,-98,6,0,1,7,0,0,256,0,0,"[0,0,-14,6,-13,6,-13,6,-13,6,-12,6,-11,6,-10,6,-10,6,-9,7,-9,6,-9,7,-8,7,-7,7,-7,7,-7,7,-7,7,-7,7,-7,7,-7,7,-7,6,-7,6,-6,6,-6,5,-6,5,-7,5,-6,4,0,0,0,0,0,0,0,0,0,0,0,0,0,0,0,0,0,0,0,0,0,0,-14,9,-15,8,-15,8,-16,7,-17,6,-18,6,-18,5,-19,4,-18,4,-18,3,-18,3,-17,2,-17,2,-16,2,-16,3,-16,3,-16,4,-15,4,-16,5,-15,5,-15,5,-15,6,-15,6,-15,6,-14,7,-15,6,0,0,-26,13,-25,14,-24,13,-22,13,-21,14,-20,13,-19,14,-17,13,-16,13,-16,14,-14,14,-13,14,-12,15,-12,15,-11,14,-11,14,-11,15,-11,14,-11,14,-12,13,-11,12,-11,13,-10,12,-10,11,-10,9,-10,9,-11,9,-12,8,0,0,0,0,0,0,0,0,0,0,0,0,0,0,-21,20,-24,19,-25,18,-27,16,-27,15,-28,13,-31,13,-32,12,-33,10,-34,9,-34,8,-33,7,-32,6,-32,6,-30,6,-31,7,-29,7,-28,8,-28,8,-29,9,-26,10,-26,11,-27,13,-28,13,-26,13,-26,14,-26,14,-26,13]"
618029485519100,11.034670700,90147,1864477649,-50,-98,6,0,1,7,0,0,256,0,0,"[0,0,2,-15,2,-15,1,-14,1,-14,0,-14,0,-13,0,-13,0,-12,-1,-11,-1,-12,-2,-11,-3,-11,-3,-11,-3,-10,-3,-10,-3,-10,-3,-10,-3,-10,-3,-10,-3,-9,-3,-9,-2,-9,-2,-9,-2,-8,-1,-8,-1,-8,0,0,0,0,0,0,0,0,0,0,0,0,0,0,0,0,0,0,0,0,0,0,0,-17,1,-17,2,-18,2,-17,4,-18,5,-17,5,-18,7,-17,7,-17,7,-17,7,-16,7,-15,7,-16,6,-15,6,-15,5,-15,5,-15,5,-16,4,-15,3,-16,3,-16,3,-16,3,-16,2,-16,2,-16,2,-16,0,0,5,-27,4,-27,5,-26,3,-25,3,-25,2,-23,1,-23,0,-22,-1,-20,-2,-19,-3,-20,-4,-19,-5,-19,-5,-18,-5,-18,-6,-18,-6,-17,-7,-18,-5,-18,-4,-17,-4,-16,-4,-16,-3,-16,-3,-15,-2,-13,-2,-13,0,-14,0,-13,0,0,0,0,0,0,0,0,0,0,0,0,0,0,-3,-30,0,-30,2,-30,4,-30,5,-31,7,-31,10,-31,11,-32,13,-32,14,-31,14,-29,15,-29,14,-28,15,-27,13,-27,13,-26,13,-26,11,-26,10,-27,9,-26,8,-28,8,-28,7,-29,7,-29,6,-29,4,-30,5,-30,5,-28]"
618029505507200,11.054658800,90148,1864496552,-50,-98,6,0,1,7,0,0,256,0,0,"[0,0,14,5,13,6,12,5,12,5,12,4,12,4,11,3,11,3,10,2,10,1,10,1,10,0,10,0,10,0,9,-1,9,-1,9,-1,10,-1,9,-1,9,0,8,0,8,0,7,0,7,1,7,1,7,1,0,0,0,0,0,0,0,0,0,0,0,0,0,0,0,0,0,0,0,0,0,0,15,4,16,5,15,6,15,7,15,8,16,9,15,10,15,10,14,11,13,11,13,11,13,11,12,11,12,10,12,10,12,9,13,8,13,8,13,7,13,7,14,7,14,7,14,7,14,7,14,6,14,6,0,0,24,13,23,13,23,11,22,10,20,10,20,8,20,8,19,6,19,5,19,5,18,3,18,4,18,2,18,1,18,1,18,0,18,0,17,0,18,0,17,1,16,1,15,1,14,2,13,2,14,3,13,3,12,4,11,5,0,0,0,0,0,0,0,0,0,0,0,0,0,0,28,7,27,11,28,12,27,13,27,16,25,15,26,19,25,20,25,21,24,23,23,23,22,24,21,23,20,23,20,21,20,22,20,20,20,20,21,18,23,18,22,16,23,15,23,15,25,15,25,15,24,15,25,14,25,14]"
618029524516200,11.073667800,90149,1864516681,-50,-98,6,0,1,7,0,0,256,0,0,"[0,0,-7,-14,-8,-13,-7,-13,-6,-12,-7,-12,-7,-11,-7,-10,-7,-10,-7,-9,-8,-8,-7,-8,-8,-8,-8,-7,-8,-7,-8,-7,-8,-6,-8,-7,-8,-6,-8,-7,-7,-6,-7,-6,-7,-7,-7,-7,-6,-7,-5,-6,-5,-6,0,0,0,0,0,0,0,0,0,0,0,0,0,0,0,0,0,0,0,0,0,0,-10,-13,-9,-14,-9,-15,-8,-16,-8,-17,-7,-17,-6,-17,-5,-18,-4,-18,-4,-18,-4,-17,-4,-17,-4,-16,-4,-16,-4,-16,-5,-15,-5,-15,-5,-15,-6,-15,-6,-15,-6,-15,-7,-15,-7,-15,-8,-15,-8,-14,-8,-14,0,0,-11,-27,-11,-25,-12,-25,-12,-23,-11,-22,-11,-21,-11,-20,-12,-19,-12,-18,-13,-16,-13,-14,-13,-14,-14,-14,-14,-13,-15,-13,-14,-12,-13,-12,-14,-12,-13,-12,-13,-12,-12,-13,-11,-12,-10,-13,-10,-12,-9,-11,-9,-13,-8,-12,-7,-12,0,0,0,0,0,0,0,0,0,0,0,0,0,0,-19,-23,-16,-26,-15,-27,-14,-28,-12,-29,-11,-30,-10,-31,-9,-33,-8,-34,-6,-34,-5,-34,-4,-33,-4,-32,-3,-31,-3,-31,-3,-29,-4,-29,-6,-28,-6,-29,-7,-28,-8,-28,-8,-28,-9,-28,-10,-28,-11,-28,-12,-27,-11,-27,-12,-27]"
618029545590700,11.094742300,90150,1864536631,-50,-98,6,0,1,7,0,0,256,0,0,"[0,0,8,-13,7,-13,7,-12,7,-12,6,-12,5,-11,5,-11,4,-11,4,-11,3,-11,3,-11,2,-11,1,-10,1,-10,1,-11,1,-10,0,-10,1,-10,1,-10,1,-9,1,-9,1,-9,2,-9,1,-8,2,-8,2,-7,0,0,0,0,0,0,0,0,0,0,0,0,0,0,0,0,0,0,0,0,0,0,7,-15,8,-15,9,-15,10,-14,11,-14,12,-14,13,-13,14,-13,14,-12,14,-12,13,-11,13,-11,12,-11,12,-11,11,-11,11,-11,11,-11,11,-12,10,-12,10,-12,9,-13,9,-13,10,-14,8,-14,8,-13,9,-14,0,0,36,-44,34,-45,30,-43,28,-40,28,-42,24,-40,22,-39,19,-38,18,-36,15,-36,12,-38,10,-36,7,-38,7,-39,9,-35,6,-36,6,-37,6,-35,7,-34,6,-33,8,-29,8,-31,7,-30,7,-30,9,-27,11,-25,11,-25,14,-22,0,0,0,0,0,0,0,0,0,0,0,0,0,0,19,-55,27,-54,30,-51,37,-51,39,-48,41,-48,43,-47,48,-48,51,-42,52,-41,55,-38,53,-38,51,-37,50,-36,49,-37,46,-38,47,-38,44,-35,43,-36,42,-40,41,-41,39,-41,38,-44,40,-46,35,-45,35,-48,33,-48,36,-48]"
618029566923500,11.116075100,90151,1864563062,-50,-98,6,0,1,7,0,0,256,0,0,"[0,0,-14,-7,-13,-7,-14,-7,-12,-6,-13,-6,-12,-5,-11,-5,-11,-4,-11,-3,-11,-3,-11,-2,-10,-2,-10,-2,-10,-1,-10,-1,-10,-1,-9,-1,-10,-1,-10,-1,-10,-1,-9,-1,-9,-2,-8,-2,-8,-2,-8,-2,-8,-2,0,0,0,0,0,0,0,0,0,0,0,0,0,0,0,0,0,0,0,0,0,0,-15,-6,-16,-7,-14,-8,-16,-10,-15,-10,-15,-11,-15,-12,-14,-12,-14,-13,-13,-13,-13,-12,-12,-12,-12,-12,-12,-12,-12,-12,-12,-10,-13,-11,-12,-10,-13,-10,-13,-9,-13,-9,-14,-9,-14,-8,-14,-8,-14,-8,-14,-8,0,0,-49,-32,-46,-31,-45,-30,-44,-26,-42,-25,-40,-22,-40,-18,-40,-18,-39,-15,-36,-12,-36,-13,-37,-10,-37,-9,-37,-9,-35,-7,-36,-6,-34,-6,-36,-6,-35,-6,-33,-6,-34,-6,-30,-7,-29,-8,-27,-9,-27,-9,-26,-9,-24,-12,-23,-12,0,0,0,0,0,0,0,0,0,0,0,0,0,0,-56,-18,-53,-24,-53,-29,-54,-31,-51,-36,-50,-38,-50,-41,-53,-45,-48,-48,-49,-47,-44,-50,-42,-49,-40,-50,-40,-49,-37,-48,-38,-46,-39,-45,-40,-42,-39,-41,-42,-39,-41,-37,-45,-35,-46,-36,-47,-37,-47,-35,-48,-35,-49,-33,-49,-33]"
618029591986600,11.141138200,90152,1864580397,-50,-98,6,0,1,7,0,0,256,0,0,"[0,0,-14,-6,-14,-6,-13,-6,-13,-6,-12,-5,-12,-4,-12,-4,-11,-3,-11,-3,-11,-2,-11,-2,-11,-2,-10,-1,-10,0,-11,0,-10,0,-10,0,-10,0,-10,0,-9,0,-9,0,-9,-1,-8,-1,-9,-2,-8,-1,-8,-2,0,0,0,0,0,0,0,0,0,0,0,0,0,0,0,0,0,0,0,0,0,0,-15,-7,-15,-7,-15,-8,-15,-9,-15,-10,-15,-11,-15,-11,-15,-12,-14,-12,-13,-13,-13,-12,-12,-12,-12,-12,-12,-11,-12,-11,-13,-10,-13,-9,-13,-9,-13,-9,-14,-8,-14,-8,-14,-8,-15,-8,-15,-7,-14,-7,-15,-7,0,0,-54,-18,-53,-16,-51,-16,-47,-13,-47,-12,-44,-9,-45,-9,-41,-6,-41,-4,-39,-1,-38,1,-39,2,-35,3,-36,5,-38,6,-36,6,-34,7,-36,5,-36,1,-33,0,-36,3,-32,2,-30,5,-29,2,-29,-1,-30,-1,-26,-1,-27,-4,0,0,0,0,0,0,0,0,0,0,0,0,0,0,-59,-4,-58,-10,-60,-14,-61,-18,-60,-19,-58,-24,-59,-26,-62,-33,-60,-35,-56,-39,-54,-40,-55,-39,-53,-38,-51,-39,-48,-36,-48,-34,-50,-34,-51,-28,-53,-30,-50,-27,-52,-26,-53,-23,-53,-24,-55,-21,-56,-20,-55,-18,-55,-17,-57,-20]"
618029608258500,11.157410100,90153,1864596718,-50,-98,6,0,1,7,0,0,256,0,0,"[0,0,-13,-9,-13,-9,-12,-8,-12,-8,-12,-7,-11,-7,-11,-6,-11,-6,-11,-5,-11,-4,-11,-3,-10,-3,-10,-3,-10,-2,-10,-2,-10,-2,-10,-2,-10,-2,-10,-2,-10,-2,-9,-2,-9,-2,-9,-3,-8,-3,-8,-3,-7,-3,0,0,0,0,0,0,0,0,0,0,0,0,0,0,0,0,0,0,0,0,0,0,-15,-9,-14,-10,-14,-11,-14,-11,-14,-13,-14,-13,-13,-14,-12,-15,-12,-15,-11,-15,-11,-15,-11,-14,-10,-14,-10,-13,-10,-13,-11,-12,-11,-12,-12,-12,-12,-11,-12,-11,-12,-11,-13,-10,-14,-10,-13,-10,-13,-10,-14,-10,0,0,-49,-31,-47,-28,-46,-27,-45,-24,-44,-22,-43,-20,-41,-18,-40,-17,-39,-15,-37,-13,-39,-8,-37,-7,-37,-7,-36,-5,-38,-3,-38,-3,-35,-2,-36,-2,-34,-4,-35,-4,-34,-6,-31,-6,-31,-5,-28,-5,-28,-8,-28,-8,-24,-8,-25,-11,0,0,0,0,0,0,0,0,0,0,0,0,0,0,-55,-16,-55,-23,-57,-26,-54,-32,-51,-33,-52,-37,-50,-41,-51,-46,-48,-47,-48,-51,-45,-51,-42,-50,-42,-48,-43,-47,-40,-46,-41,-46,-40,-44,-41,-41,-43,-40,-42,-39,-44,-35,-47,-39,-47,-36,-48,-36,-50,-33,-49,-32,-51,-32,-52,-31]"
618029627505400,11.176657000,90154,1864619051,-50,-98,6,0,1,7,0,0,256,0,0,"[0,0,-12,-11,-12,-10,-11,-9,-11,-9,-11,-9,-10,-8,-10,-8,-10,-7,-10,-6,-10,-5,-10,-5,-10,-4,-10,-4,-10,-4,-10,-3,-10,-3,-10,-3,-10,-3,-10,-3,-9,-3,-9,-3,-8,-4,-8,-4,-8,-4,-7,-4,-7,-4,0,0,0,0,0,0,0,0,0,0,0,0,0,0,0,0,0,0,0,0,0,0,-14,-10,-14,-11,-13,-12,-13,-13,-12,-14,-12,-15,-12,-15,-11,-16,-11,-16,-9,-16,-9,-16,-9,-15,-9,-15,-9,-15,-9,-14,-10,-13,-10,-13,-10,-13,-11,-13,-11,-12,-11,-12,-12,-12,-12,-12,-12,-11,-12,-11,-12,-11,0,0,-42,-37,-41,-36,-40,-36,-39,-32,-37,-31,-36,-28,-37,-26,-35,-24,-36,-22,-36,-18,-36,-15,-35,-13,-35,-13,-36,-13,-37,-11,-34,-11,-34,-11,-35,-9,-32,-11,-34,-10,-31,-13,-30,-12,-28,-10,-26,-12,-27,-11,-25,-13,-22,-14,-19,-15,0,0,0,0,0,0,0,0,0,0,0,0,0,0,-54,-23,-52,-31,-51,-33,-48,-39,-48,-42,-45,-43,-45,-47,-46,-50,-42,-54,-39,-56,-34,-57,-37,-55,-35,-54,-34,-52,-33,-53,-34,-49,-33,-49,-35,-46,-34,-46,-37,-45,-39,-43,-38,-43,-39,-41,-42,-41,-43,-40,-44,-39,-44,-37,-44,-37]"
618029645115400,11.194267000,90155,1864636708,-50,-98,6,0,1,7,0,0,256,0,0,"[0,0,-9,-12,-9,-12,-9,-11,-9,-11,-8,-10,-8,-10,-8,-9,-8,-9,-8,-8,-8,-7,-8,-6,-9,-6,-8,-6,-9,-6,-9,-5,-9,-5,-9,-5,-9,-5,-8,-5,-8,-5,-7,-5,-7,-5,-7,-5,-7,-5,-6,-5,-6,-6,0,0,0,0,0,0,0,0,0,0,0,0,0,0,0,0,0,0,0,0,0,0,-11,-12,-11,-13,-10,-13,-10,-15,-9,-15,-8,-16,-8,-16,-7,-17,-6,-17,-6,-17,-6,-16,-6,-16,-5,-16,-5,-15,-6,-15,-6,-14,-7,-14,-7,-14,-8,-14,-8,-14,-9,-13,-9,-13,-9,-13,-9,-13,-10,-13,-9,-13,0,0,-17,-23,-17,-23,-15,-21,-17,-19,-16,-19,-16,-17,-16,-16,-16,-15,-15,-14,-16,-14,-17,-12,-16,-11,-16,-10,-16,-10,-16,-9,-16,-9,-17,-9,-17,-9,-16,-8,-15,-8,-15,-8,-13,-9,-13,-9,-11,-9,-11,-8,-11,-9,-10,-10,-9,-10,0,0,0,0,0,0,0,0,0,0,0,0,0,0,-24,-18,-22,-21,-21,-23,-20,-24,-19,-26,-18,-26,-18,-29,-17,-30,-16,-30,-15,-31,-14,-30,-11,-31,-11,-30,-11,-30,-10,-30,-10,-28,-11,-27,-12,-26,-13,-26,-14,-26,-15,-25,-15,-25,-16,-25,-17,-25,-18,-25,-17,-24,-16,-24,-18,-23]"
618029663881200,11.213032800,90156,1864656635,-50,-98,6,0,1,7,0,0,256,0,0,"[0,0,12,-9,11,-9,10,-9,11,-9,10,-8,9,-8,9,-8,8,-8,8,-8,7,-9,6,-9,5,-9,5,-9,4,-9,5,-9,5,-9,4,-9,5,-9,5,-9,5,-8,5,-8,5,-7,4,-7,4,-7,5,-6,5,-6,0,0,0,0,0,0,0,0,0,0,0,0,0,0,0,0,0,0,0,0,0,0,12,-12,13,-11,13,-11,14,-10,15,-10,16,-9,17,-8,17,-8,16,-7,16,-7,16,-7,16,-6,15,-6,15,-6,14,-6,14,-7,14,-7,14,-8,13,-8,13,-8,13,-9,13,-9,13,-9,13,-10,12,-10,13,-10,0,0,23,-16,22,-18,20,-16,21,-15,19,-15,16,-16,16,-15,15,-16,13,-15,13,-15,10,-15,9,-16,8,-16,9,-17,9,-17,9,-16,8,-16,8,-16,8,-15,9,-14,9,-14,8,-13,9,-13,8,-12,8,-11,9,-10,9,-10,9,-8,0,0,0,0,0,0,0,0,0,0,0,0,0,0,18,-24,20,-22,23,-20,24,-18,25,-18,25,-17,28,-16,29,-15,31,-14,32,-11,31,-12,31,-10,30,-10,29,-9,28,-10,27,-9,27,-11,26,-11,26,-12,26,-12,25,-14,25,-15,25,-15,24,-17,25,-16,24,-17,23,-17,25,-18]"
618029684154800,11.233306400,90157,1864676575,-50,-98,6,0,1,7,0,0,256,0,0,"[0,0,11,7,11,7,10,6,10,6,10,6,10,5,10,4,10,4,9,3,9,3,9,2,9,2,9,2,9,2,8,1,8,1,8,1,8,1,8,1,8,1,7,1,7,2,7,2,6,2,6,2,6,2,0,0,0,0,0,0,0,0,0,0,0,0,0,0,0,0,0,0,0,0,0,0,13,5,13,6,13,7,13,8,13,9,13,10,13,10,12,11,12,11,11,12,10,12,10,11,10,11,10,11,10,10,10,10,10,9,11,9,11,8,11,8,11,8,12,8,12,8,12,8,12,8,12,7,0,0,46,31,45,31,43,28,44,28,41,23,40,22,39,20,37,17,38,14,38,11,37,9,35,7,36,6,35,7,36,4,37,5,37,5,34,3,34,6,32,6,30,8,29,7,28,8,26,8,26,8,25,8,23,10,22,11,0,0,0,0,0,0,0,0,0,0,0,0,0,0,56,13,55,20,55,24,53,28,54,33,50,34,51,39,52,43,49,47,48,48,44,50,44,49,42,47,42,46,41,46,41,43,38,41,40,41,42,39,44,39,42,37,45,36,46,35,48,35,51,33,49,30,49,31,50,31]"
618029704237400,11.253389000,90158,1864698835,-50,-98,6,0,1,7,0,0,256,0,0,"[0,0,-8,13,-7,13,-7,12,-7,11,-6,11,-5,11,-4,11,-4,11,-3,10,-4,10,-3,9,-2,10,-2,10,-1,10,-1,9,-1,9,-1,9,-1,9,-1,9,-1,8,-2,8,-2,8,-2,7,-2,7,-2,6,-3,6,0,0,0,0,0,0,0,0,0,0,0,0,0,0,0,0,0,0,0,0,0,0,-6,14,-7,14,-8,15,-9,14,-9,15,-11,14,-11,13,-12,13,-13,13,-13,12,-12,12,-12,11,-12,11,-12,11,-11,11,-10,11,-10,11,-10,12,-9,12,-9,13,-8,13,-8,13,-9,14,-8,13,-8,13,-7,13,0,0,-27,47,-28,50,-25,46,-24,45,-22,44,-18,40,-17,42,-16,41,-11,39,-11,39,-9,37,-6,37,-5,36,-4,35,-4,37,-4,35,-2,36,-3,34,-3,35,-2,32,-3,32,-5,32,-6,29,-5,29,-7,26,-7,24,-10,27,-13,24,0,0,0,0,0,0,0,0,0,0,0,0,0,0,-16,58,-23,55,-27,53,-29,52,-32,55,-35,51,-42,54,-42,51,-44,51,-46,48,-47,47,-51,45,-50,39,-50,40,-46,38,-44,40,-42,40,-40,44,-38,41,-39,42,-35,43,-33,48,-31,50,-31,49,-33,52,-32,49,-32,49,-32,50]"
618029728617800,11.277769400,90159,1864721318,-50,-98,6,0,1,7,0,0,256,0,0,"[0,0,12,-9,11,-10,10,-9,10,-9,9,-9,8,-9,8,-9,7,-9,7,-9,7,-9,6,-9,5,-9,4,-9,4,-9,4,-9,4,-9,4,-9,4,-9,4,-9,5,-8,4,-8,4,-8,4,-7,4,-7,4,-7,4,-6,0,0,0,0,0,0,0,0,0,0,0,0,0,0,0,0,0,0,0,0,0,0,11,-13,12,-12,12,-12,13,-11,14,-11,15,-10,16,-9,16,-9,17,-8,16,-7,16,-7,15,-7,15,-7,15,-7,14,-7,13,-8,13,-8,13,-8,13,-9,13,-9,13,-9,12,-10,13,-10,12,-10,12,-10,12,-10,0,0,23,-16,21,-18,20,-17,20,-16,19,-15,17,-15,16,-15,15,-16,13,-15,12,-16,11,-16,10,-16,10,-16,9,-16,10,-16,8,-16,7,-16,8,-15,8,-15,9,-14,9,-13,8,-14,8,-12,8,-12,9,-11,9,-10,9,-10,9,-9,0,0,0,0,0,0,0,0,0,0,0,0,0,0,17,-25,20,-24,20,-21,22,-20,25,-20,24,-19,27,-18,29,-16,30,-15,30,-13,30,-12,30,-11,30,-10,28,-11,27,-11,27,-11,26,-11,25,-12,25,-13,26,-13,24,-15,24,-16,24,-15,23,-17,24,-17,24,-17,23,-18,23,-17]"
618029744902700,11.294054300,90160,1864738282,-50,-98,6,0,1,7,0,0,256,0,0,"[0,0,15,0,14,0,13,0,13,-1,12,-1,12,-2,11,-1,11,-2,10,-2,10,-3,10,-3,9,-3,9,-3,8,-4,9,-4,9,-4,8,-4,9,-4,8,-4,8,-4,8,-3,8,-3,8,-2,7,-2,7,-2,7,-2,0,0,0,0,0,0,0,0,0,0,0,0,0,0,0,0,0,0,0,0,0,0,16,-2,16,-1,16,0,16,1,17,2,17,3,17,3,18,4,17,5,17,5,16,5,16,5,15,5,15,4,14,4,15,3,14,3,15,3,15,2,15,1,15,1,15,1,16,1,15,1,15,1,15,0,0,0,27,1,25,0,26,-1,24,0,24,-1,22,-3,21,-2,20,-3,19,-4,18,-5,18,-6,18,-6,17,-6,17,-8,16,-7,16,-7,15,-7,16,-7,15,-6,15,-7,15,-6,14,-6,13,-5,12,-4,12,-3,13,-3,12,-2,12,-1,0,0,0,0,0,0,0,0,0,0,0,0,0,0,27,-9,29,-6,29,-4,30,-2,29,0,30,1,31,2,33,5,33,6,33,7,30,8,29,9,30,10,29,10,28,10,27,8,27,7,26,7,28,6,27,5,27,4,28,3,28,2,29,1,28,2,28,1,28,1,29,-1]"
618029762593400,11.311745000,90161,1864756584,-50,-98,6,0,1,7,0,0,256,0,0,"[0,0,9,12,9,12,8,11,8,10,8,10,8,9,8,9,8,8,7,7,8,6,8,5,8,5,9,5,8,5,8,4,8,4,8,4,8,4,7,5,7,5,7,4,6,5,6,4,6,4,6,4,5,4,0,0,0,0,0,0,0,0,0,0,0,0,0,0,0,0,0,0,0,0,0,0,12,10,12,11,11,12,10,13,10,14,9,15,8,16,7,16,7,16,7,16,7,15,7,15,7,15,6,14,6,14,6,13,7,13,7,13,8,13,8,13,8,13,8,13,9,13,10,12,10,12,10,12,0,0,16,24,15,21,15,21,14,20,15,19,14,16,15,16,14,15,16,13,15,11,15,10,14,10,15,10,16,10,15,8,16,8,15,8,15,8,15,9,14,8,13,8,12,8,11,8,10,8,10,9,9,9,8,9,8,9,0,0,0,0,0,0,0,0,0,0,0,0,0,0,23,17,21,19,20,21,19,24,17,24,17,25,16,27,15,29,14,30,13,31,12,31,11,30,10,30,10,29,9,28,9,27,10,27,11,25,12,25,12,25,13,25,14,24,14,24,16,25,16,23,17,23,16,24,17,23]"
618029785396000,11.334547600,90162,1864777327,-50,-98,6,0,1,7,0,0,256,0,0,"[0,0,14,-7,13,-7,12,-7,12,-7,11,-7,10,-7,10,-7,9,-7,9,-7,8,-7,7,-8,7,-8,6,-8,6,-8,7,-8,6,-8,6,-8,6,-8,6,-8,6,-7,6,-7,6,-6,6,-6,5,-6,6,-5,6,-5,0,0,0,0,0,0,0,0,0,0,0,0,0,0,0,0,0,0,0,0,0,0,13,-9,14,-9,15,-9,15,-8,16,-7,17,-6,17,-5,18,-4,18,-4,17,-3,17,-3,17,-3,16,-3,16,-3,15,-3,15,-4,15,-4,15,-5,14,-5,14,-6,14,-6,14,-6,15,-7,14,-7,14,-7,14,-7,0,0,25,-10,23,-12,23,-12,23,-11,21,-12,19,-13,18,-11,16,-12,17,-12,15,-12,13,-13,13,-14,12,-14,12,-14,12,-14,12,-14,11,-14,12,-13,11,-13,11,-13,11,-11,10,-11,11,-11,10,-11,10,-9,10,-8,10,-8,10,-7,0,0,0,0,0,0,0,0,0,0,0,0,0,0,21,-20,24,-17,26,-15,27,-14,28,-13,29,-12,30,-11,33,-9,33,-8,33,-6,32,-4,31,-5,31,-5,31,-4,30,-5,29,-5,29,-6,27,-5,29,-6,27,-7,27,-9,26,-10,27,-10,27,-11,27,-11,26,-12,26,-12,27,-13]"
618029806306400,11.355458000,90163,1864797817,-50,-98,6,0,1,7,0,0,256,0,0,"[0,0,-15,1,-15,1,-15,1,-14,1,-13,2,-13,2,-12,2,-12,3,-11,3,-10,3,-10,4,-9,4,-9,4,-9,4,-9,5,-9,5,-8,4,-8,5,-9,4,-8,4,-8,4,-8,3,-8,3,-7,2,-8,2,-7,2,0,0,0,0,0,0,0,0,0,0,0,0,0,0,0,0,0,0,0,0,0,0,-16,2,-17,1,-17,0,-17,0,-18,-1,-19,-2,-18,-3,-19,-3,-18,-4,-17,-4,-17,-5,-17,-5,-16,-4,-16,-4,-16,-4,-16,-3,-16,-3,-16,-2,-16,-2,-16,-1,-16,0,-16,0,-17,1,-16,1,-16,1,-16,1,0,0,-28,1,-27,0,-26,1,-26,2,-24,2,-23,4,-22,4,-21,5,-20,6,-20,6,-19,7,-18,7,-17,7,-17,8,-17,8,-16,9,-16,10,-16,7,-16,7,-15,8,-15,7,-14,7,-14,6,-14,5,-13,4,-13,3,-14,3,-13,2,0,0,0,0,0,0,0,0,0,0,0,0,0,0,-29,8,-29,4,-29,2,-31,1,-32,0,-31,-1,-33,-4,-33,-5,-34,-6,-34,-7,-32,-9,-33,-9,-31,-10,-30,-11,-30,-9,-29,-8,-29,-7,-29,-7,-28,-6,-30,-5,-29,-3,-30,-1,-29,-1,-31,0,-31,-1,-29,-2,-29,0,-30,0]"
618029824270300,11.373421900,90164,1864816528,-50,-98,6,0,1,7,0,0,256,0,0,"[0,0,-10,11,-9,11,-9,10,-9,10,-8,10,-7,10,-7,9,-6,9,-6,9,-5,9,-5,9,-4,9,-4,9,-3,9,-3,9,-3,9,-3,9,-3,8,-3,8,-3,8,-4,8,-3,7,-3,7,-3,7,-4,6,-4,6,0,0,0,0,0,0,0,0,0,0,0,0,0,0,0,0,0,0,0,0,0,0,-9,13,-10,13,-10,13,-11,12,-12,13,-13,12,-14,11,-15,11,-15,10,-15,9,-15,9,-14,9,-14,9,-13,9,-13,9,-13,9,-12,9,-12,10,-11,10,-11,11,-11,11,-11,11,-11,11,-11,12,-10,12,-10,12,0,0,-38,39,-37,39,-36,38,-33,39,-31,38,-28,36,-27,37,-22,35,-22,35,-19,35,-16,34,-14,35,-13,35,-12,35,-14,32,-11,35,-11,33,-11,33,-13,32,-13,30,-14,29,-14,29,-14,26,-14,26,-14,24,-15,22,-14,21,-17,20,0,0,0,0,0,0,0,0,0,0,0,0,0,0,-24,51,-33,51,-36,47,-39,45,-42,45,-46,44,-48,44,-51,42,-55,39,-58,36,-58,34,-56,33,-56,33,-54,31,-52,31,-50,30,-49,32,-46,30,-47,32,-45,34,-43,38,-43,39,-43,40,-43,40,-42,41,-41,42,-39,43,-41,43]"
618029845219900,11.394371500,90165,1864842537,-50,-98,6,0,1,6,0,0,256,0,0,"[0,0,-8,13,-7,12,-7,12,-7,11,-6,11,-6,11,-5,11,-4,11,-4,10,-3,9,-3,10,-2,10,-2,9,-1,9,-1,9,-1,9,-1,9,-1,9,-1,9,-1,9,-2,8,-2,8,-2,7,-2,7,-3,7,-3,6,0,0,0,0,0,0,0,0,0,0,0,0,0,0,0,0,0,0,0,0,0,0,-7,14,-7,14,-8,14,-9,14,-10,14,-11,14,-12,14,-13,13,-13,13,-13,12,-13,11,-13,11,-12,11,-12,11,-11,11,-11,11,-11,11,-10,11,-10,12,-9,13,-9,13,-8,13,-9,13,-8,14,-8,14,-8,13,0,0,-31,49,-29,48,-26,46,-24,44,-23,43,-20,43,-18,41,-16,40,-15,38,-12,37,-10,37,-8,37,-6,37,-5,36,-4,36,-3,36,-3,36,-4,35,-4,34,-5,33,-6,32,-6,32,-7,29,-8,28,-8,27,-8,25,-12,23,-13,24,0,0,0,0,0,0,0,0,0,0,0,0,0,0,-16,56,-25,54,-25,55,-28,54,-31,55,-35,54,-39,53,-43,53,-45,51,-50,49,-48,47,-50,45,-48,43,-48,42,-46,41,-44,41,-44,43,-40,42,-40,44,-38,44,-36,45,-34,48,-34,49,-32,50,-33,51,-31,51,-29,52,-31,51]"
618029866834700,11.415986300,90166,1864858510,-50,-98,6,0,1,7,0,0,256,0,0,"[0,0,-15,5,-14,5,-13,5,-13,5,-13,5,-12,5,-11,5,-11,5,-10,5,-10,6,-9,6,-8,6,-8,6,-8,6,-8,7,-8,7,-7,6,-8,6,-8,6,-8,6,-8,5,-7,5,-7,4,-7,4,-7,4,-7,3,0,0,0,0,0,0,0,0,0,0,0,0,0,0,0,0,0,0,0,0,0,0,-14,8,-16,7,-16,7,-16,6,-17,5,-18,4,-18,4,-19,2,-19,2,-18,1,-18,2,-17,1,-17,2,-16,2,-17,2,-16,3,-16,3,-16,3,-16,4,-15,4,-15,4,-15,5,-16,5,-15,5,-15,6,-15,6,0,0,-27,13,-25,13,-23,12,-22,12,-22,12,-20,11,-19,11,-18,12,-17,12,-15,13,-15,13,-13,14,-12,14,-12,14,-11,14,-12,13,-11,14,-12,14,-12,12,-12,12,-11,11,-12,11,-11,11,-10,10,-11,9,-10,8,-11,7,-12,7,0,0,0,0,0,0,0,0,0,0,0,0,0,0,-21,21,-23,18,-26,17,-27,15,-27,14,-28,14,-30,12,-32,11,-33,9,-34,7,-33,5,-33,6,-32,7,-31,5,-30,6,-29,6,-29,7,-28,7,-28,7,-28,8,-28,10,-27,10,-27,11,-27,12,-28,12,-26,13,-26,14,-27,12]"
618029884476100,11.433627700,90167,1864876513,-50,-98,6,0,1,7,0,0,256,0,0,"[0,0,-14,7,-14,7,-12,6,-13,7,-11,6,-10,7,-10,7,-9,7,-9,7,-8,7,-8,7,-7,7,-7,7,-6,7,-7,8,-6,8,-6,8,-6,8,-6,8,-6,7,-6,7,-5,6,-6,6,-6,5,-6,5,-6,5,0,0,0,0,0,0,0,0,0,0,0,0,0,0,0,0,0,0,0,0,0,0,-15,8,-15,8,-16,7,-16,6,-17,7,-17,5,-18,5,-19,4,-19,4,-18,2,-18,2,-18,2,-17,2,-16,2,-16,3,-16,3,-15,4,-16,5,-15,5,-15,6,-15,6,-14,7,-16,7,-15,7,-14,7,-14,7,0,0,-23,17,-21,17,-20,16,-20,16,-18,15,-17,16,-16,15,-14,15,-14,15,-12,15,-12,16,-10,16,-9,17,-9,16,-9,16,-8,15,-8,16,-8,15,-9,15,-8,15,-8,14,-9,13,-8,13,-8,12,-8,11,-8,10,-9,10,-9,9,0,0,0,0,0,0,0,0,0,0,0,0,0,0,-18,23,-21,21,-23,20,-25,18,-26,18,-26,16,-29,16,-30,14,-31,13,-31,12,-32,10,-32,11,-30,11,-30,10,-29,9,-27,10,-27,11,-26,10,-26,11,-27,12,-25,14,-25,14,-24,16,-25,17,-24,18,-23,17,-22,17,-23,17]"
618029902368300,11.451519900,90168,1864896590,-50,-98,6,0,1,7,0,0,256,0,0,"[0,0,4,12,4,11,5,12,4,10,5,11,5,10,4,9,5,8,5,8,5,7,5,7,6,7,6,6,6,6,6,6,6,6,6,5,6,6,6,5,5,6,5,6,4,5,4,5,4,5,3,5,3,5,0,0,0,0,0,0,0,0,0,0,0,0,0,0,0,0,0,0,0,0,0,0,7,12,7,13,6,13,5,14,5,14,4,16,3,15,2,16,2,16,2,15,2,15,1,15,1,14,2,14,1,14,2,13,2,14,3,13,3,14,4,13,4,13,4,13,4,13,5,13,5,13,5,13,0,0,9,26,9,25,9,24,9,23,9,23,9,20,10,19,10,18,11,17,11,16,11,15,11,15,12,15,12,14,12,12,12,12,12,13,12,12,12,12,11,12,10,11,9,11,8,12,7,11,7,11,6,11,6,11,5,11,0,0,0,0,0,0,0,0,0,0,0,0,0,0,16,23,15,26,14,27,12,28,10,28,9,30,8,31,7,32,6,33,4,33,3,33,1,32,1,32,1,31,0,31,2,30,2,29,3,28,3,27,4,28,6,28,7,28,7,28,9,28,8,27,9,27,8,27,10,27]"
618029922561200,11.471712800,90169,1864916593,-50,-98,6,0,1,7,0,0,256,0,0,"[0,0,7,13,6,13,6,12,6,11,6,11,6,10,6,10,7,9,7,8,7,7,6,7,7,7,7,6,7,5,7,6,7,5,7,6,7,5,7,5,7,5,6,5,6,5,5,5,5,5,4,5,4,5,0,0,0,0,0,0,0,0,0,0,0,0,0,0,0,0,0,0,0,0,0,0,8,13,8,14,7,14,6,15,6,16,5,16,5,17,4,17,3,17,2,17,2,17,2,16,2,16,2,15,3,15,3,15,4,14,5,14,5,14,5,14,6,14,6,14,6,14,6,14,7,14,6,13,0,0,10,25,10,25,9,24,10,22,9,21,10,19,10,20,10,18,12,17,12,15,12,14,12,14,12,14,12,12,14,11,13,11,13,12,13,11,12,11,12,12,11,11,11,11,9,11,9,10,9,10,7,10,7,11,5,11,0,0,0,0,0,0,0,0,0,0,0,0,0,0,16,24,13,25,12,27,11,27,10,29,8,29,7,31,5,31,5,32,3,34,3,33,1,33,0,32,0,30,0,30,1,29,2,29,3,29,5,27,5,28,6,28,7,27,7,28,9,27,8,27,10,28,9,27,9,27]"
618029946743400,11.495895000,90170,1864936797,-50,-98,6,0,1,7,0,0,256,0,0,"[0,0,-15,-5,-15,-5,-14,-5,-13,-4,-13,-4,-12,-4,-12,-3,-12,-2,-11,-2,-11,-1,-11,-1,-11,0,-11,0,-10,0,-10,1,-10,1,-10,1,-10,1,-10,1,-9,0,-10,0,-9,0,-8,0,-8,-1,-8,-1,-8,-1,0,0,0,0,0,0,0,0,0,0,0,0,0,0,0,0,0,0,0,0,0,0,-16,-4,-16,-5,-16,-5,-16,-6,-16,-7,-17,-8,-16,-9,-16,-10,-15,-11,-15,-11,-15,-10,-14,-10,-14,-10,-14,-10,-14,-9,-14,-9,-14,-8,-14,-7,-15,-7,-14,-7,-15,-6,-15,-6,-16,-6,-16,-6,-15,-5,-15,-5,0,0,-28,-12,-25,-11,-24,-12,-23,-10,-22,-10,-22,-7,-21,-6,-21,-5,-21,-4,-20,-3,-19,-3,-19,-2,-20,-2,-20,-1,-19,-1,-19,1,-17,0,-19,0,-18,0,-18,0,-17,-1,-16,-1,-15,-2,-13,-3,-14,-4,-14,-3,-12,-3,-13,-5,0,0,0,0,0,0,0,0,0,0,0,0,0,0,-29,-6,-29,-9,-29,-11,-30,-12,-28,-13,-29,-15,-28,-16,-29,-19,-29,-19,-28,-21,-27,-21,-24,-21,-24,-23,-24,-22,-22,-22,-22,-21,-24,-19,-23,-18,-24,-18,-24,-16,-25,-15,-27,-14,-26,-13,-28,-13,-27,-13,-26,-14,-26,-13,-27,-13]"
618029962693400,11.511845000,90171,1864956646,-50,-98,6,0,1,7,0,0,256,0,0,"[0,0,14,5,13,5,13,5,12,4,12,4,11,3,11,2,11,2,10,1,10,1,10,0,9,0,9,0,9,-1,10,-1,9,-1,9,-1,9,-1,9,-1,9,-1,9,-1,8,0,7,0,7,0,7,0,7,0,0,0,0,0,0,0,0,0,0,0,0,0,0,0,0,0,0,0,0,0,0,0,14,5,15,5,15,6,15,7,15,8,15,9,14,10,14,10,14,11,13,11,12,11,12,11,12,11,12,10,12,9,12,9,12,8,12,8,13,7,13,7,14,7,14,6,14,6,14,6,14,6,14,6,0,0,49,23,51,21,47,19,46,19,44,15,44,14,41,11,42,8,39,7,39,4,37,3,37,2,36,0,34,0,38,-2,37,-1,35,-1,36,0,34,-2,33,-1,33,1,28,0,29,1,28,2,27,2,25,5,25,6,23,8,0,0,0,0,0,0,0,0,0,0,0,0,0,0,58,6,57,14,57,18,54,21,57,25,55,26,55,33,58,35,56,35,54,39,51,41,51,42,48,44,48,42,45,39,42,37,44,35,46,34,45,31,48,33,49,29,49,26,50,26,50,24,58,23,51,26,53,23,53,21]"
618029984687300,11.533838900,90172,1864977297,-50,-98,6,0,1,7,0,0,256,0,0,"[0,0,10,10,10,9,9,9,9,9,9,8,9,7,9,7,9,6,8,5,9,5,8,4,8,4,8,3,9,3,9,3,8,3,8,3,8,2,8,2,8,3,7,3,7,3,7,3,6,3,6,3,5,4,0,0,0,0,0,0,0,0,0,0,0,0,0,0,0,0,0,0,0,0,0,0,12,9,11,10,11,10,10,11,11,12,10,13,10,14,9,14,9,15,8,15,7,14,7,14,7,14,7,13,7,13,8,12,8,12,8,12,9,11,9,11,9,11,10,11,10,11,10,11,10,10,10,11,0,0,41,39,38,36,38,36,37,34,37,32,37,28,34,27,35,23,35,19,34,18,33,17,33,16,33,14,35,14,34,12,34,11,35,10,32,10,33,10,31,11,30,12,27,12,26,13,25,12,24,11,23,13,20,15,20,16,0,0,0,0,0,0,0,0,0,0,0,0,0,0,50,26,50,32,47,36,46,38,45,42,42,44,41,49,41,52,40,52,38,55,37,54,32,57,30,56,29,55,28,54,28,51,32,49,32,48,32,47,32,47,34,44,38,43,38,42,41,41,41,42,41,41,42,40,43,39]"
618030004506900,11.553658500,90173,1864996504,-50,-98,6,0,1,7,0,0,256,0,0,"[0,0,-15,-2,-15,-2,-15,-2,-14,-1,-13,-1,-13,0,-12,0,-12,1,-12,1,-11,1,-11,1,-10,1,-10,2,-10,3,-10,3,-10,3,-9,3,-9,3,-9,3,-9,2,-9,2,-8,2,-8,1,-8,1,-8,0,-8,1,0,0,0,0,0,0,0,0,0,0,0,0,0,0,0,0,0,0,0,0,0,0,-17,0,-17,-1,-17,-2,-17,-3,-17,-4,-18,-4,-18,-5,-18,-6,-17,-6,-17,-7,-16,-7,-16,-7,-15,-7,-15,-6,-16,-6,-15,-5,-15,-5,-15,-4,-16,-4,-16,-3,-16,-2,-16,-2,-16,-2,-16,-2,-16,-2,-16,-2,0,0,-29,-3,-28,-3,-27,-3,-26,-2,-24,-2,-24,0,-22,0,-23,1,-21,2,-21,3,-20,3,-19,4,-18,4,-18,5,-19,6,-18,5,-18,5,-17,6,-18,5,-17,4,-16,4,-15,4,-15,3,-13,3,-14,1,-13,1,-14,1,-13,-1,0,0,0,0,0,0,0,0,0,0,0,0,0,0,-30,5,-30,2,-30,-2,-31,-3,-31,-3,-31,-5,-32,-7,-34,-10,-34,-10,-32,-12,-31,-13,-31,-14,-30,-15,-29,-14,-27,-13,-27,-12,-26,-11,-28,-9,-28,-9,-28,-9,-28,-7,-29,-6,-29,-6,-29,-5,-30,-5,-30,-3,-29,-4,-30,-5]"
618030022957000,11.572108600,90174,1865016610,-50,-98,6,0,1,7,0,0,256,0,0,"[0,0,4,14,5,13,4,12,4,11,5,11,4,10,5,10,5,10,5,8,5,8,5,8,5,7,6,7,6,7,6,6,6,6,6,6,6,6,6,6,5,6,5,6,5,6,4,6,4,6,3,6,3,6,0,0,0,0,0,0,0,0,0,0,0,0,0,0,0,0,0,0,0,0,0,0,6,14,6,14,5,15,4,15,4,16,3,16,2,17,1,17,1,17,0,17,0,16,0,16,0,15,0,15,1,15,2,14,2,14,2,15,3,14,4,14,4,14,4,14,4,15,4,14,5,14,5,14,0,0,9,26,10,26,8,24,9,23,9,21,8,21,9,20,9,19,9,18,11,15,12,15,12,14,12,14,12,13,12,13,12,12,12,13,11,12,11,12,10,12,9,12,9,12,8,11,8,11,8,11,7,10,5,12,4,11,0,0,0,0,0,0,0,0,0,0,0,0,0,0,17,23,15,25,13,27,11,27,10,29,9,29,7,31,5,32,5,32,3,33,2,33,1,33,1,32,1,31,1,30,2,30,2,29,4,28,3,28,5,28,6,27,6,27,7,29,8,29,8,28,10,27,10,28,9,27]"
618030043534800,11.592686400,90175,1865036647,-50,-98,6,0,1,7,0,0,256,0,0,"[0,0,12,9,11,8,11,7,11,7,10,7,10,6,10,5,10,5,9,4,10,3,10,3,9,2,9,2,9,2,10,1,9,1,9,1,9,1,8,1,9,1,8,2,8,2,7,2,7,2,6,2,6,2,0,0,0,0,0,0,0,0,0,0,0,0,0,0,0,0,0,0,0,0,0,0,14,6,14,8,14,8,13,9,13,11,13,11,12,12,12,13,12,13,11,13,10,13,10,12,10,12,10,12,10,11,10,11,10,10,11,10,11,10,12,9,11,10,12,9,13,9,13,9,12,8,13,8,0,0,48,30,46,26,46,23,43,24,41,23,41,19,40,17,39,15,39,12,39,10,37,9,37,8,36,7,36,6,35,3,36,2,34,3,37,4,35,4,35,5,31,4,29,6,29,6,26,7,25,9,25,9,23,9,20,9,0,0,0,0,0,0,0,0,0,0,0,0,0,0,56,11,57,18,54,23,55,26,53,30,52,33,53,37,54,40,50,42,51,46,49,46,45,46,44,47,43,45,42,44,39,42,43,41,43,38,42,38,42,37,45,34,47,33,48,32,50,32,49,31,50,29,49,30,52,28]"
618030064451700,11.613603300,90176,1865057235,-50,-98,6,0,1,7,0,0,256,0,0,"[0,0,-11,10,-11,10,-10,10,-10,10,-9,10,-9,9,-8,9,-7,9,-7,9,-6,9,-5,9,-5,9,-4,9,-4,9,-4,9,-4,9,-4,9,-4,9,-5,8,-4,8,-5,8,-4,7,-4,7,-4,7,-4,6,-4,6,0,0,0,0,0,0,0,0,0,0,0,0,0,0,0,0,0,0,0,0,0,0,-11,12,-11,12,-12,12,-13,11,-14,11,-15,10,-16,10,-16,9,-17,8,-16,8,-16,8,-16,8,-15,8,-15,8,-14,8,-14,8,-14,8,-13,9,-13,9,-12,10,-12,10,-12,10,-12,11,-12,11,-11,11,-11,11,0,0,-20,21,-18,20,-18,20,-18,18,-16,18,-14,18,-13,17,-13,17,-11,17,-10,18,-9,17,-8,18,-8,17,-7,18,-6,17,-7,16,-6,17,-6,17,-6,16,-6,15,-7,15,-7,14,-7,14,-7,14,-8,11,-8,12,-8,11,-9,9,0,0,0,0,0,0,0,0,0,0,0,0,0,0,-13,26,-16,25,-18,23,-20,22,-21,23,-23,21,-24,22,-27,20,-27,19,-29,18,-28,16,-28,16,-28,15,-28,15,-27,15,-25,15,-25,15,-24,15,-23,15,-23,16,-23,17,-22,19,-21,19,-21,20,-21,20,-21,21,-21,21,-20,21]"
618030085378000,11.634529600,90177,1865076505,-50,-98,6,0,1,7,0,0,256,0,0,"[0,0,-15,-6,-14,-6,-13,-6,-13,-5,-12,-5,-12,-4,-12,-4,-12,-3,-12,-2,-11,-2,-11,-2,-11,-1,-11,-1,-10,0,-10,0,-10,0,-10,0,-10,0,-10,0,-10,-1,-10,-1,-9,-1,-9,-1,-8,-1,-8,-1,-7,-2,0,0,0,0,0,0,0,0,0,0,0,0,0,0,0,0,0,0,0,0,0,0,-16,-5,-16,-6,-16,-7,-15,-8,-16,-9,-16,-10,-16,-11,-15,-11,-15,-11,-14,-12,-13,-11,-13,-11,-13,-11,-13,-11,-13,-10,-13,-10,-13,-9,-14,-9,-14,-9,-14,-8,-14,-7,-14,-7,-15,-7,-15,-7,-15,-7,-15,-7,0,0,-52,-22,-52,-19,-51,-21,-49,-17,-47,-16,-44,-13,-44,-12,-42,-10,-43,-9,-41,-7,-41,-3,-39,-3,-39,0,-37,1,-37,2,-39,3,-35,2,-37,2,-35,1,-34,2,-32,-1,-31,-1,-29,-2,-28,-2,-28,-4,-28,-5,-25,-5,-24,-7,0,0,0,0,0,0,0,0,0,0,0,0,0,0,-58,-5,-59,-13,-58,-16,-59,-21,-58,-23,-56,-26,-58,-30,-59,-34,-58,-37,-57,-40,-54,-42,-51,-42,-52,-41,-49,-40,-47,-38,-47,-37,-46,-36,-48,-32,-50,-32,-50,-31,-51,-29,-53,-28,-52,-27,-55,-25,-54,-24,-56,-23,-54,-23,-57,-23]"
618030103973800,11.653125400,90178,1865096580,-50,-98,6,0,1,7,0,0,256,0,0,"[0,0,-12,10,-11,10,-11,9,-10,9,-9,9,-9,9,-8,9,-7,8,-7,8,-6,9,-6,9,-5,8,-5,8,-4,8,-4,9,-4,8,-4,8,-5,8,-4,8,-4,8,-5,7,-4,7,-4,7,-4,6,-5,6,-5,5,0,0,0,0,0,0,0,0,0,0,0,0,0,0,0,0,0,0,0,0,0,0,-11,12,-12,12,-12,11,-13,11,-14,11,-15,10,-16,9,-16,9,-17,8,-16,8,-16,7,-16,7,-15,7,-15,7,-14,7,-14,7,-14,8,-13,8,-13,9,-12,9,-13,9,-12,10,-13,10,-12,11,-12,10,-12,10,0,0,-22,19,-20,18,-20,18,-19,17,-17,18,-16,17,-15,17,-13,16,-13,16,-10,16,-10,16,-9,17,-9,17,-8,17,-8,16,-8,16,-7,16,-8,16,-7,15,-7,14,-8,13,-8,14,-7,13,-8,12,-9,11,-8,10,-8,10,-9,9,0,0,0,0,0,0,0,0,0,0,0,0,0,0,-15,25,-18,24,-20,22,-21,21,-23,21,-25,20,-26,20,-29,18,-29,18,-30,16,-29,15,-30,15,-29,14,-29,13,-28,13,-27,14,-26,14,-25,14,-25,15,-25,15,-24,16,-23,18,-23,18,-23,19,-22,19,-22,20,-22,19,-22,19]"
618030124529800,11.673681400,90179,1865116494,-50,-98,6,0,1,7,0,0,256,0,0,"[0,0,-11,-12,-11,-12,-10,-11,-10,-11,-10,-10,-10,-9,-9,-9,-9,-8,-9,-7,-9,-7,-9,-6,-9,-6,-10,-5,-10,-5,-10,-4,-9,-4,-10,-4,-10,-4,-9,-4,-9,-4,-9,-4,-8,-5,-8,-5,-7,-5,-7,-4,-6,-4,0,0,0,0,0,0,0,0,0,0,0,0,0,0,0,0,0,0,0,0,0,0,-12,-12,-11,-13,-11,-14,-10,-15,-10,-15,-9,-16,-9,-17,-8,-18,-8,-17,-7,-17,-7,-16,-7,-16,-7,-16,-7,-15,-7,-15,-8,-15,-8,-14,-9,-14,-9,-14,-9,-13,-9,-14,-10,-13,-11,-13,-11,-13,-11,-13,-11,-12,0,0,-20,-21,-19,-22,-18,-20,-18,-19,-17,-17,-17,-16,-17,-15,-17,-14,-17,-12,-17,-11,-17,-10,-17,-11,-17,-8,-17,-9,-17,-7,-17,-8,-17,-7,-18,-7,-17,-7,-15,-7,-16,-8,-14,-8,-12,-8,-12,-7,-12,-8,-12,-8,-10,-8,-10,-9,0,0,0,0,0,0,0,0,0,0,0,0,0,0,-24,-19,-21,-21,-20,-22,-20,-23,-20,-23,-19,-25,-18,-28,-18,-30,-16,-30,-15,-31,-14,-31,-13,-32,-12,-30,-11,-29,-11,-29,-11,-27,-12,-27,-14,-26,-15,-25,-15,-25,-15,-24,-17,-25,-17,-24,-19,-24,-19,-24,-19,-23,-19,-24,-19,-24]"
618030145037200,11.694188800,90180,1865136591,-50,-98,6,0,1,7,0,0,256,0,0,"[0,0,-12,11,-11,10,-11,10,-10,10,-9,9,-9,9,-8,9,-7,9,-7,9,-6,9,-6,9,-5,9,-4,9,-5,9,-5,9,-4,9,-4,9,-4,8,-4,8,-5,8,-4,7,-4,7,-4,7,-4,6,-5,6,-5,6,0,0,0,0,0,0,0,0,0,0,0,0,0,0,0,0,0,0,0,0,0,0,-10,13,-11,12,-12,12,-12,12,-14,12,-15,11,-15,10,-16,10,-16,9,-16,9,-16,8,-15,8,-15,8,-15,8,-14,8,-14,8,-14,9,-13,9,-13,10,-12,10,-12,10,-12,11,-13,11,-12,11,-12,11,-12,11,0,0,-41,39,-40,42,-35,38,-35,38,-31,36,-29,36,-27,37,-24,32,-24,33,-22,33,-19,33,-18,35,-15,34,-12,33,-15,35,-12,31,-13,35,-15,32,-12,31,-13,30,-15,28,-14,29,-12,26,-16,27,-15,24,-16,20,-16,20,-18,19,0,0,0,0,0,0,0,0,0,0,0,0,0,0,-25,53,-30,50,-36,49,-38,45,-42,49,-41,45,-48,46,-51,43,-54,41,-57,37,-56,36,-58,35,-56,32,-54,30,-52,30,-52,31,-49,31,-47,33,-45,32,-48,36,-43,35,-42,38,-43,41,-42,42,-42,44,-41,41,-43,43,-41,41]"
618030168220000,11.717371600,90181,1865159451,-50,-98,6,0,1,7,0,0,256,0,0,"[0,0,7,-13,6,-13,5,-13,5,-12,5,-12,4,-12,3,-11,3,-11,2,-11,2,-10,1,-10,1,-10,0,-10,0,-10,0,-10,0,-10,0,-10,0,-10,0,-9,0,-9,0,-9,0,-9,0,-8,1,-8,1,-8,1,-7,0,0,0,0,0,0,0,0,0,0,0,0,0,0,0,0,0,0,0,0,0,0,6,-15,6,-15,7,-15,8,-14,9,-15,10,-14,11,-14,12,-13,12,-13,12,-12,12,-12,11,-12,11,-12,10,-11,10,-12,9,-12,9,-12,9,-12,8,-13,8,-13,8,-13,7,-14,7,-14,7,-14,7,-14,7,-14,0,0,17,-54,17,-55,15,-50,14,-48,13,-47,11,-47,7,-44,5,-44,5,-41,2,-38,2,-38,-2,-39,-2,-37,-3,-37,-4,-36,-3,-36,-5,-36,-5,-34,-4,-37,-3,-34,-3,-32,-1,-32,-2,-32,-1,-29,1,-27,1,-26,3,-27,5,-27,0,0,0,0,0,0,0,0,0,0,0,0,0,0,4,-58,11,-57,15,-58,18,-58,21,-59,24,-58,30,-59,31,-60,33,-59,36,-57,39,-54,38,-57,38,-52,37,-51,35,-49,34,-49,31,-49,31,-47,30,-49,28,-50,25,-51,22,-54,22,-54,23,-55,21,-55,19,-54,18,-57,21,-55]"
618030185378100,11.734529700,90182,1865177697,-50,-98,6,0,1,7,0,0,256,0,0,"[0,0,11,10,11,9,10,9,11,8,10,8,10,7,9,7,9,6,9,5,9,4,9,4,9,4,9,3,9,3,9,3,9,3,9,2,9,2,9,3,8,3,8,3,7,3,7,3,7,3,6,3,6,3,0,0,0,0,0,0,0,0,0,0,0,0,0,0,0,0,0,0,0,0,0,0,13,9,13,10,13,11,12,11,12,13,12,13,11,14,10,15,10,15,9,15,9,14,8,14,8,14,8,13,8,13,9,12,9,12,10,11,10,11,10,11,10,11,11,11,12,11,12,11,11,10,12,10,0,0,41,37,41,35,40,32,39,31,38,29,37,26,37,25,34,23,36,20,35,18,35,13,35,13,35,10,34,12,36,11,36,8,34,9,35,8,33,10,32,9,30,12,30,12,27,10,25,9,25,11,24,12,20,13,20,14,0,0,0,0,0,0,0,0,0,0,0,0,0,0,51,22,52,28,51,31,48,35,48,37,45,41,44,45,45,50,42,49,39,54,38,54,35,54,34,53,35,52,32,50,32,47,32,47,34,44,35,43,38,45,38,43,39,40,42,40,42,38,44,38,45,38,45,37,45,36]"
618030203524500,11.752676100,90183,1865196623,-50,-98,6,0,1,7,0,0,256,0,0,"[0,0,-8,12,-8,12,-7,12,-7,11,-6,11,-6,11,-5,11,-5,10,-5,9,-4,9,-3,10,-2,9,-2,10,-2,10,-2,9,-2,9,-1,9,-2,9,-2,9,-2,8,-2,8,-2,7,-2,7,-2,7,-2,6,-3,6,0,0,0,0,0,0,0,0,0,0,0,0,0,0,0,0,0,0,0,0,0,0,-6,14,-8,14,-8,14,-9,14,-10,14,-11,13,-12,13,-13,13,-13,12,-13,12,-13,11,-13,11,-12,11,-12,11,-11,11,-11,11,-11,11,-10,11,-10,12,-9,12,-9,12,-9,13,-9,13,-9,13,-7,13,-8,13,0,0,-32,44,-31,45,-29,43,-29,42,-27,41,-24,39,-23,40,-20,38,-18,35,-14,35,-13,35,-12,37,-9,35,-9,35,-10,35,-9,35,-6,36,-8,33,-6,34,-9,31,-9,31,-11,29,-11,29,-10,28,-11,23,-11,23,-12,22,-14,21,0,0,0,0,0,0,0,0,0,0,0,0,0,0,-18,56,-24,54,-30,50,-32,49,-35,52,-36,49,-43,50,-48,48,-47,47,-53,43,-50,41,-52,43,-51,38,-51,35,-49,35,-46,36,-45,38,-44,39,-42,39,-40,40,-41,41,-38,45,-39,45,-36,47,-37,46,-36,48,-36,48,-34,45]"
618030224016600,11.773168200,90184,1865217330,-50,-98,6,0,1,7,0,0,256,0,0,"[0,0,3,15,2,14,2,13,2,13,3,12,3,11,3,11,4,10,4,9,4,9,4,8,5,8,5,8,5,8,5,7,5,7,5,7,5,7,4,7,4,7,4,7,4,7,3,6,3,6,2,6,3,6,0,0,0,0,0,0,0,0,0,0,0,0,0,0,0,0,0,0,0,0,0,0,4,14,3,15,3,16,1,17,1,17,0,17,0,17,-1,18,-2,17,-2,17,-3,16,-3,17,-2,16,-3,15,-2,15,-1,14,-1,15,0,15,0,15,1,15,2,15,2,15,2,15,2,16,2,15,2,15,0,0,1,26,2,28,2,25,2,25,2,23,4,22,4,21,4,20,5,19,6,19,7,18,7,17,7,16,7,15,8,16,8,14,8,16,8,14,8,15,7,14,7,15,6,15,5,14,4,13,4,13,3,11,2,13,1,13,0,0,0,0,0,0,0,0,0,0,0,0,0,0,9,28,7,28,4,29,3,28,2,32,1,30,-2,33,-3,32,-4,33,-6,32,-6,32,-8,33,-9,31,-8,30,-9,28,-8,28,-6,27,-5,29,-4,27,-3,28,-3,28,-1,28,0,28,1,28,1,30,1,29,1,29,2,27]"
618030245836200,11.794987800,90185,1865236569,-50,-98,6,0,1,7,0,0,256,0,0,"[0,0,-16,-1,-14,-1,-14,-1,-14,-1,-13,0,-12,0,-12,1,-12,1,-11,2,-11,2,-10,2,-10,2,-10,2,-9,3,-10,3,-9,3,-9,3,-9,3,-9,3,-9,3,-9,2,-8,2,-8,2,-8,1,-8,1,-7,1,0,0,0,0,0,0,0,0,0,0,0,0,0,0,0,0,0,0,0,0,0,0,-16,0,-17,-1,-17,-1,-17,-2,-17,-3,-18,-4,-18,-5,-17,-6,-17,-6,-17,-7,-16,-7,-16,-6,-15,-6,-15,-6,-15,-5,-15,-5,-15,-4,-15,-4,-15,-3,-15,-2,-15,-2,-15,-2,-16,-2,-16,-2,-16,-1,-16,-1,0,0,-29,-1,-28,0,-26,0,-26,0,-25,1,-23,1,-22,3,-22,3,-21,3,-20,5,-19,6,-18,7,-18,7,-18,7,-17,6,-17,8,-16,7,-18,7,-16,6,-16,6,-16,5,-15,4,-15,4,-14,4,-14,4,-14,3,-13,2,-12,1,0,0,0,0,0,0,0,0,0,0,0,0,0,0,-28,8,-29,6,-31,3,-32,2,-31,-1,-32,-3,-33,-4,-35,-5,-34,-8,-34,-8,-32,-11,-32,-9,-31,-9,-32,-9,-30,-8,-29,-8,-29,-8,-28,-8,-30,-7,-29,-6,-28,-4,-29,-4,-28,-2,-30,-2,-29,0,-28,0,-30,1,-31,1]"
618030265669300,11.814820900,90186,1865256605,-50,-98,6,0,1,7,0,0,256,0,0,"[0,0,-14,5,-14,5,-13,5,-13,4,-12,4,-11,5,-11,5,-10,5,-10,5,-9,5,-9,5,-8,6,-8,6,-8,6,-8,6,-7,6,-7,6,-7,6,-8,6,-7,6,-7,5,-7,5,-6,4,-6,4,-7,3,-7,3,0,0,0,0,0,0,0,0,0,0,0,0,0,0,0,0,0,0,0,0,0,0,-14,6,-15,6,-15,5,-16,5,-17,4,-18,3,-18,2,-18,2,-18,1,-18,1,-17,1,-17,0,-16,0,-16,0,-15,1,-16,1,-15,2,-16,2,-15,3,-15,3,-15,4,-15,4,-16,4,-15,5,-15,5,-15,5,0,0,-27,10,-25,10,-24,10,-24,10,-22,10,-20,10,-19,10,-18,10,-18,11,-17,11,-15,11,-15,13,-14,13,-13,13,-14,13,-12,13,-12,13,-12,12,-12,12,-12,12,-12,11,-12,9,-12,10,-12,9,-11,8,-12,6,-12,7,-12,6,0,0,0,0,0,0,0,0,0,0,0,0,0,0,-23,17,-27,14,-28,12,-28,11,-29,10,-29,9,-32,8,-33,6,-34,5,-34,4,-34,3,-33,2,-33,2,-31,1,-31,2,-30,2,-30,2,-29,3,-28,5,-29,6,-28,6,-29,7,-28,9,-28,9,-29,9,-28,10,-28,12,-27,9]"
618030286424100,11.835575700,90187,1865280019,-50,-98,6,0,1,7,0,0,256,0,0,"[0,0,0,14,1,14,1,13,1,13,1,12,2,12,2,11,2,11,2,10,3,9,3,9,3,9,4,9,4,8,4,8,4,8,4,8,4,8,4,8,3,7,3,7,3,8,3,7,2,7,2,6,1,6,0,0,0,0,0,0,0,0,0,0,0,0,0,0,0,0,0,0,0,0,0,0,2,15,1,16,0,16,-1,16,-1,17,-3,17,-3,17,-4,17,-5,17,-5,17,-5,16,-5,16,-5,16,-4,15,-4,15,-3,15,-3,15,-2,15,-2,15,-1,15,-1,15,-1,15,0,15,0,15,0,15,1,15,0,0,-2,28,-2,27,-1,26,1,24,1,25,2,23,2,22,2,21,4,19,5,19,5,19,5,18,6,17,6,17,7,15,8,15,7,16,8,16,6,16,6,15,6,15,5,14,4,15,3,14,4,13,3,13,2,13,0,12,0,0,0,0,0,0,0,0,0,0,0,0,0,0,6,29,3,29,1,28,0,29,-2,30,-4,31,-4,32,-7,33,-8,33,-10,32,-10,31,-11,31,-11,29,-11,29,-11,27,-10,27,-9,28,-8,27,-7,27,-6,27,-5,29,-4,28,-4,28,-3,28,-2,28,-1,29,-2,28,-2,30]"
618030305494200,11.854645800,90188,1865296556,-50,-98,6,0,1,7,0,0,256,0,0,"[0,0,-10,-11,-11,-11,-10,-10,-10,-10,-10,-9,-10,-9,-9,-8,-9,-8,-9,-6,-9,-7,-9,-6,-9,-6,-9,-5,-9,-4,-10,-4,-9,-4,-10,-4,-9,-4,-9,-4,-9,-4,-9,-4,-8,-4,-8,-5,-7,-5,-7,-4,-7,-4,0,0,0,0,0,0,0,0,0,0,0,0,0,0,0,0,0,0,0,0,0,0,-12,-12,-11,-12,-12,-13,-11,-13,-11,-15,-10,-15,-10,-16,-9,-17,-8,-16,-8,-17,-7,-16,-7,-16,-7,-16,-7,-15,-7,-14,-8,-14,-8,-13,-9,-14,-9,-13,-10,-13,-10,-13,-10,-13,-11,-13,-11,-12,-11,-13,-10,-12,0,0,-24,-18,-22,-17,-22,-16,-22,-15,-20,-12,-20,-13,-19,-11,-19,-11,-20,-9,-20,-8,-19,-7,-18,-6,-18,-5,-18,-5,-19,-3,-18,-4,-19,-4,-18,-4,-18,-3,-17,-4,-16,-4,-15,-5,-14,-5,-13,-4,-14,-5,-13,-6,-12,-6,-11,-8,0,0,0,0,0,0,0,0,0,0,0,0,0,0,-28,-12,-27,-15,-26,-16,-24,-18,-25,-21,-23,-20,-24,-24,-22,-24,-22,-26,-20,-28,-20,-27,-20,-28,-19,-27,-18,-26,-18,-25,-18,-23,-18,-23,-18,-22,-19,-21,-20,-22,-20,-21,-22,-20,-22,-20,-23,-20,-23,-20,-24,-18,-23,-18,-23,-18]"
618030323299600,11.872451200,90189,1865316687,-50,-98,6,0,1,7,0,0,256,0,0,"[0,0,0,15,0,14,0,14,0,13,0,13,1,12,1,11,2,11,1,10,2,10,2,9,3,9,3,9,3,9,3,8,3,8,4,8,3,8,3,7,3,8,2,7,2,7,2,7,2,7,2,6,1,6,0,0,0,0,0,0,0,0,0,0,0,0,0,0,0,0,0,0,0,0,0,0,1,15,0,16,-1,16,-2,17,-3,17,-3,17,-4,17,-5,17,-5,17,-6,16,-6,16,-6,15,-5,15,-6,15,-5,15,-5,14,-4,14,-3,15,-3,15,-2,15,-2,15,-1,15,-1,15,-1,15,0,15,0,15,0,0,-5,27,-5,25,-4,26,-3,24,-3,25,-1,22,-1,22,0,21,2,20,3,18,3,18,5,19,4,18,5,18,5,17,5,17,5,17,6,17,5,15,4,16,4,15,3,15,3,14,2,13,2,14,1,13,0,13,-1,13,0,0,0,0,0,0,0,0,0,0,0,0,0,0,3,28,1,29,-1,29,-3,30,-5,30,-7,31,-9,31,-10,33,-12,31,-13,31,-14,30,-14,29,-13,29,-13,27,-13,27,-12,26,-12,27,-10,25,-11,26,-9,27,-9,28,-7,28,-7,28,-6,28,-4,28,-4,28,-4,28,-4,30]"
618030345783800,11.894935400,90190,1865336562,-50,-98,6,0,1,7,0,0,256,0,0,"[0,0,-10,-12,-10,-12,-10,-11,-9,-10,-9,-10,-9,-9,-9,-9,-9,-8,-9,-7,-9,-7,-9,-6,-9,-6,-9,-6,-10,-5,-10,-5,-9,-4,-9,-5,-9,-4,-9,-4,-9,-5,-8,-4,-8,-4,-7,-5,-7,-5,-7,-5,-6,-5,0,0,0,0,0,0,0,0,0,0,0,0,0,0,0,0,0,0,0,0,0,0,-12,-11,-12,-12,-11,-13,-11,-14,-10,-15,-10,-16,-10,-16,-9,-17,-8,-17,-7,-17,-7,-16,-7,-16,-6,-16,-7,-15,-7,-15,-8,-14,-8,-14,-8,-14,-9,-14,-9,-13,-10,-13,-10,-13,-10,-13,-10,-13,-10,-13,-10,-12,0,0,-17,-22,-17,-23,-17,-21,-16,-20,-15,-19,-15,-17,-16,-17,-16,-16,-16,-14,-16,-13,-16,-11,-16,-11,-17,-11,-16,-10,-17,-9,-17,-9,-16,-9,-16,-9,-16,-9,-16,-9,-15,-8,-12,-9,-13,-10,-12,-9,-11,-9,-11,-10,-9,-10,-8,-10,0,0,0,0,0,0,0,0,0,0,0,0,0,0,-23,-19,-21,-22,-19,-23,-19,-25,-18,-26,-16,-26,-16,-29,-15,-31,-13,-31,-12,-33,-11,-31,-9,-33,-11,-31,-10,-30,-10,-29,-9,-28,-10,-28,-11,-27,-12,-27,-13,-27,-12,-25,-14,-25,-15,-26,-16,-26,-16,-25,-16,-25,-17,-24,-17,-24]"
618030366496300,11.915647900,90191,1865356965,-50,-98,6,0,1,7,0,0,256,0,0,"[0,0,-16,3,-15,3,-14,3,-14,3,-13,3,-12,3,-12,4,-11,4,-11,4,-10,5,-10,5,-9,5,-9,5,-9,6,-9,5,-8,6,-8,5,-8,6,-8,6,-8,5,-8,5,-7,4,-7,4,-7,3,-7,3,-7,3,0,0,0,0,0,0,0,0,0,0,0,0,0,0,0,0,0,0,0,0,0,0,-16,5,-17,4,-17,3,-17,2,-18,2,-19,1,-19,0,-19,-1,-19,-1,-18,-2,-18,-2,-17,-2,-17,-2,-17,-2,-16,-1,-16,-1,-16,0,-16,0,-16,1,-16,1,-16,2,-16,2,-16,3,-16,3,-16,3,-16,3,0,0,-28,5,-27,6,-25,6,-25,5,-23,6,-22,7,-21,6,-20,7,-19,8,-19,8,-18,9,-16,10,-14,10,-14,10,-15,10,-14,11,-14,12,-14,10,-15,10,-15,9,-14,8,-13,9,-13,7,-13,7,-13,5,-13,5,-13,5,-13,4,0,0,0,0,0,0,0,0,0,0,0,0,0,0,-26,14,-27,12,-29,9,-29,7,-32,7,-30,5,-33,3,-34,2,-35,0,-34,-3,-34,-3,-34,-4,-32,-2,-32,-4,-30,-2,-29,-2,-28,-1,-30,-1,-29,0,-30,0,-28,2,-29,2,-29,3,-29,4,-30,4,-29,6,-29,6,-29,6]"
618030387016900,11.936168500,90192,1865382137,-50,-98,6,0,1,7,0,0,256,0,0,"[0,0,15,-1,13,-2,13,-2,13,-2,13,-2,12,-2,11,-3,11,-3,10,-3,10,-4,9,-5,8,-5,9,-5,8,-5,8,-5,8,-5,7,-5,8,-5,8,-5,8,-5,8,-4,7,-4,7,-4,7,-4,7,-3,7,-3,0,0,0,0,0,0,0,0,0,0,0,0,0,0,0,0,0,0,0,0,0,0,15,-4,16,-3,15,-2,16,-1,17,-1,18,0,17,2,17,3,17,3,16,3,17,3,16,2,16,2,15,2,16,2,15,2,15,2,15,1,15,0,15,0,15,-1,15,-1,15,-1,15,-2,15,-2,15,-2,0,0,28,-1,28,-1,26,0,24,-1,24,-2,22,-3,22,-3,20,-4,20,-4,19,-4,18,-6,18,-6,18,-7,17,-8,17,-8,17,-8,16,-8,17,-8,15,-7,16,-7,15,-7,15,-6,13,-5,13,-5,13,-3,14,-3,12,-2,13,-1,0,0,0,0,0,0,0,0,0,0,0,0,0,0,27,-7,29,-3,30,-2,31,0,30,1,31,2,33,3,32,7,32,7,31,9,32,10,31,10,29,11,30,10,29,11,27,9,28,8,27,7,28,6,28,5,27,5,28,3,28,3,29,1,29,2,28,0,28,0,28,0]"
618030406160000,11.955311600,90193,1865399010,-50,-98,6,0,1,7,0,0,256,0,0,"[0,0,-11,11,-11,11,-10,10,-10,10,-9,9,-8,10,-8,9,-7,9,-7,9,-6,9,-5,9,-5,9,-5,9,-4,9,-4,9,-4,9,-4,9,-4,9,-4,9,-4,8,-4,8,-4,7,-4,7,-4,7,-5,6,-5,6,0,0,0,0,0,0,0,0,0,0,0,0,0,0,0,0,0,0,0,0,0,0,-10,13,-10,13,-11,13,-12,12,-13,12,-14,12,-15,11,-15,11,-16,10,-16,9,-15,8,-15,8,-15,8,-15,8,-14,8,-13,9,-13,9,-13,9,-12,10,-12,10,-12,10,-12,11,-13,11,-12,11,-11,11,-12,11,0,0,-40,40,-38,39,-37,38,-34,38,-31,37,-28,35,-27,36,-24,35,-24,34,-21,33,-19,33,-17,34,-15,35,-13,34,-14,34,-12,32,-12,34,-14,33,-10,31,-14,30,-14,30,-14,29,-16,28,-13,26,-15,22,-15,23,-15,20,-17,19,0,0,0,0,0,0,0,0,0,0,0,0,0,0,-26,53,-33,52,-36,46,-40,46,-40,46,-43,45,-51,43,-52,42,-53,39,-58,38,-58,35,-58,35,-57,30,-55,29,-52,31,-53,29,-50,31,-47,30,-46,32,-47,33,-44,37,-43,39,-42,38,-45,41,-42,40,-41,44,-41,41,-42,42]"
618030424088500,11.973240100,90194,1865416803,-50,-98,6,0,1,7,0,0,256,0,0,"[0,0,14,1,14,0,13,0,13,0,12,0,12,-1,11,-1,11,-2,10,-2,10,-3,10,-3,9,-3,9,-3,9,-4,9,-4,8,-4,8,-4,8,-4,8,-4,8,-4,8,-3,8,-3,7,-3,7,-2,7,-2,7,-2,0,0,0,0,0,0,0,0,0,0,0,0,0,0,0,0,0,0,0,0,0,0,16,-1,16,0,16,1,16,2,17,3,17,4,17,4,17,5,17,6,16,6,15,6,15,6,15,6,14,5,14,5,15,4,14,4,15,3,14,3,15,2,15,2,15,2,16,1,15,1,15,1,15,1,0,0,27,4,26,2,25,2,24,1,23,2,22,0,22,0,21,-1,21,-2,19,-3,19,-3,18,-4,17,-5,18,-4,17,-5,18,-7,16,-6,17,-5,16,-6,16,-5,16,-4,15,-3,14,-3,13,-3,13,-2,13,-1,13,-1,12,0,0,0,0,0,0,0,0,0,0,0,0,0,0,0,28,-5,29,-2,29,0,30,2,30,2,31,4,31,7,32,9,30,9,31,11,30,12,29,14,29,13,28,14,27,13,26,12,27,11,27,9,26,8,27,8,27,7,28,5,28,5,28,4,28,5,29,4,29,4,29,3]"
618030446579700,11.995731300,90195,1865439200,-50,-98,6,0,1,7,0,0,256,0,0,"[0,0,6,-14,5,-14,5,-14,5,-13,4,-12,4,-12,3,-12,2,-12,2,-11,2,-11,1,-11,0,-11,0,-11,-1,-10,0,-11,0,-10,-1,-10,0,-10,0,-10,0,-10,0,-9,1,-9,0,-9,1,-8,1,-8,1,-7,0,0,0,0,0,0,0,0,0,0,0,0,0,0,0,0,0,0,0,0,0,0,5,-16,5,-16,6,-16,7,-15,8,-16,9,-15,10,-15,11,-15,11,-14,11,-14,11,-13,11,-13,10,-12,10,-12,10,-13,9,-13,9,-13,8,-14,8,-14,7,-14,7,-14,7,-15,7,-15,6,-15,6,-14,6,-14,0,0,20,-56,17,-54,17,-53,16,-48,12,-49,8,-46,10,-43,7,-43,6,-41,4,-39,1,-38,-2,-40,-3,-37,-2,-38,-4,-36,-5,-35,-5,-34,-6,-35,-4,-34,-1,-34,-1,-33,0,-32,0,-32,0,-29,-1,-29,2,-27,4,-26,5,-26,0,0,0,0,0,0,0,0,0,0,0,0,0,0,4,-59,11,-60,16,-58,19,-58,22,-58,24,-57,29,-58,32,-59,37,-56,39,-55,40,-52,39,-52,39,-52,37,-49,36,-47,35,-48,34,-50,32,-49,31,-49,29,-50,27,-51,25,-51,24,-52,24,-56,23,-54,20,-56,20,-56,21,-55]"
618030464610300,12.013761900,90196,1865456666,-50,-98,6,0,1,7,0,0,256,0,0,"[0,0,-15,4,-14,5,-13,5,-13,5,-12,4,-12,5,-11,5,-10,5,-10,5,-10,6,-9,6,-8,6,-8,6,-7,6,-8,6,-8,6,-7,6,-7,6,-8,6,-8,5,-7,5,-7,5,-7,5,-7,4,-7,4,-7,3,0,0,0,0,0,0,0,0,0,0,0,0,0,0,0,0,0,0,0,0,0,0,-15,7,-15,7,-16,6,-16,5,-17,5,-18,4,-18,2,-18,1,-18,1,-18,1,-17,1,-17,1,-17,1,-16,1,-16,1,-16,2,-15,2,-16,3,-16,3,-15,3,-15,3,-16,4,-16,5,-15,5,-15,5,-15,5,0,0,-27,10,-26,10,-25,10,-23,10,-22,10,-21,11,-20,11,-18,11,-18,11,-16,11,-15,11,-15,12,-14,12,-14,13,-13,13,-13,13,-13,12,-13,13,-12,12,-12,12,-12,11,-12,10,-13,9,-12,9,-12,8,-12,7,-11,7,-12,6,0,0,0,0,0,0,0,0,0,0,0,0,0,0,-24,18,-25,14,-27,13,-29,12,-29,10,-31,9,-31,9,-33,7,-34,5,-34,5,-34,2,-33,3,-32,1,-32,0,-31,1,-30,2,-30,3,-28,3,-28,4,-29,5,-28,7,-28,7,-28,8,-28,9,-28,9,-27,9,-27,10,-29,10]"
618030484810600,12.033962200,90197,1865476652,-50,-98,6,0,1,7,0,0,256,0,0,"[0,0,-16,-1,-15,0,-14,0,-14,0,-13,0,-13,1,-12,1,-12,2,-11,2,-11,2,-11,2,-10,3,-10,3,-10,3,-10,4,-9,4,-9,4,-9,3,-9,3,-9,3,-9,3,-8,2,-8,2,-8,2,-8,1,-8,1,0,0,0,0,0,0,0,0,0,0,0,0,0,0,0,0,0,0,0,0,0,0,-16,2,-17,1,-17,1,-17,0,-18,-1,-18,-2,-18,-3,-18,-4,-18,-4,-18,-5,-17,-5,-17,-5,-16,-5,-16,-4,-16,-4,-16,-4,-16,-3,-16,-3,-16,-2,-16,-2,-16,-1,-16,-1,-17,-1,-16,0,-16,0,-16,0,0,0,-29,1,-28,0,-27,1,-25,1,-25,2,-23,2,-23,3,-21,4,-21,4,-20,5,-19,5,-18,6,-17,7,-17,7,-17,8,-17,8,-17,8,-17,7,-17,7,-17,6,-16,6,-16,6,-15,5,-14,3,-14,3,-14,2,-14,2,-14,1,0,0,0,0,0,0,0,0,0,0,0,0,0,0,-28,9,-30,5,-29,3,-31,1,-32,0,-31,0,-33,-2,-35,-5,-34,-6,-33,-8,-33,-8,-33,-10,-33,-10,-32,-10,-29,-10,-28,-8,-29,-7,-29,-6,-29,-5,-29,-4,-30,-3,-29,-1,-29,-2,-30,-1,-30,-1,-30,0,-30,-1,-30,1]"
618030508536900,12.057688500,90198,1865498941,-50,-98,6,0,1,7,0,0,256,0,0,"[0,0,-11,-11,-11,-11,-10,-11,-10,-10,-10,-10,-10,-9,-10,-8,-10,-7,-10,-6,-10,-6,-10,-6,-9,-5,-10,-5,-10,-4,-10,-4,-9,-4,-10,-4,-10,-4,-9,-4,-9,-4,-9,-4,-8,-4,-8,-4,-7,-4,-7,-4,-7,-4,0,0,0,0,0,0,0,0,0,0,0,0,0,0,0,0,0,0,0,0,0,0,-13,-11,-12,-12,-12,-13,-12,-13,-11,-14,-11,-15,-11,-15,-10,-16,-9,-16,-9,-16,-8,-16,-8,-15,-7,-15,-8,-15,-8,-14,-8,-14,-9,-13,-9,-13,-10,-13,-10,-12,-11,-13,-11,-12,-11,-12,-11,-12,-11,-12,-11,-12,0,0,-40,-41,-39,-41,-37,-39,-37,-36,-35,-32,-34,-32,-33,-30,-34,-27,-35,-24,-37,-21,-35,-18,-35,-19,-35,-16,-34,-18,-35,-14,-35,-14,-35,-14,-34,-13,-34,-13,-31,-15,-29,-15,-29,-16,-29,-14,-25,-16,-24,-13,-23,-16,-21,-17,-19,-16,0,0,0,0,0,0,0,0,0,0,0,0,0,0,-53,-30,-50,-36,-48,-39,-44,-43,-42,-46,-40,-46,-40,-52,-40,-56,-37,-59,-33,-59,-31,-60,-30,-60,-31,-59,-30,-57,-27,-56,-28,-53,-28,-52,-31,-50,-31,-49,-33,-51,-34,-48,-37,-47,-35,-47,-37,-45,-39,-43,-41,-42,-40,-43,-42,-42]"
618030528037000,12.077188600,90199,1865519667,-50,-98,6,0,1,7,0,0,256,0,0,"[0,0,-14,4,-14,4,-13,4,-13,4,-12,4,-11,4,-11,4,-10,4,-10,5,-10,5,-9,5,-9,5,-8,5,-7,6,-8,6,-8,6,-8,6,-8,5,-8,5,-8,5,-8,5,-7,4,-7,4,-7,3,-7,3,-7,3,0,0,0,0,0,0,0,0,0,0,0,0,0,0,0,0,0,0,0,0,0,0,-14,7,-15,6,-15,6,-16,5,-17,4,-17,3,-18,3,-18,2,-18,1,-18,0,-17,0,-17,0,-16,0,-16,0,-16,1,-16,1,-15,2,-15,2,-15,2,-15,3,-15,4,-15,4,-16,4,-15,4,-15,4,-15,4,0,0,-26,10,-26,11,-23,10,-24,10,-21,10,-20,10,-20,12,-19,10,-18,11,-17,12,-15,12,-14,13,-13,14,-12,13,-14,14,-12,12,-12,14,-12,12,-12,12,-12,11,-13,10,-12,11,-12,10,-11,9,-12,8,-12,7,-12,8,-11,6,0,0,0,0,0,0,0,0,0,0,0,0,0,0,-22,19,-24,17,-26,15,-27,13,-29,13,-28,11,-32,11,-31,9,-33,6,-34,5,-34,4,-34,5,-32,4,-32,4,-31,4,-30,5,-29,4,-29,5,-27,5,-29,7,-27,7,-27,8,-28,8,-28,9,-29,11,-27,12,-27,12,-27,11]"
618030548881700,12.098033300,90200,1865541967,-50,-98,6,0,1,7,0,0,256,0,0,"[0,0,-15,-6,-14,-6,-14,-6,-13,-5,-13,-5,-12,-4,-12,-3,-12,-3,-11,-2,-11,-2,-11,-2,-10,-1,-11,-1,-10,0,-11,0,-10,0,-11,0,-10,0,-10,0,-10,0,-10,0,-9,0,-9,-1,-8,-1,-8,-1,-8,-2,0,0,0,0,0,0,0,0,0,0,0,0,0,0,0,0,0,0,0,0,0,0,-16,-5,-16,-6,-16,-7,-16,-7,-16,-9,-16,-9,-16,-10,-16,-10,-15,-11,-14,-11,-13,-12,-13,-11,-13,-11,-13,-11,-13,-10,-13,-9,-13,-9,-14,-9,-14,-8,-14,-7,-15,-7,-15,-7,-15,-6,-15,-7,-15,-7,-15,-6,0,0,-52,-18,-54,-20,-50,-17,-51,-14,-44,-15,-45,-10,-44,-9,-41,-9,-42,-5,-41,-4,-41,-2,-38,-1,-36,1,-36,4,-39,4,-37,5,-36,6,-36,4,-35,4,-34,2,-35,4,-32,2,-31,0,-28,-2,-30,0,-30,-2,-28,-5,-26,-6,0,0,0,0,0,0,0,0,0,0,0,0,0,0,-59,-4,-58,-14,-57,-17,-56,-18,-60,-22,-57,-25,-59,-30,-57,-34,-58,-34,-57,-40,-53,-39,-54,-43,-52,-42,-50,-41,-47,-38,-46,-36,-46,-33,-50,-33,-49,-29,-52,-30,-50,-28,-53,-24,-53,-25,-54,-23,-58,-25,-56,-23,-53,-23,-56,-23]"
618030564925800,12.114077400,90201,1865557246,-50,-98,6,0,1,7,0,0,256,0,0,"[0,0,-3,-15,-4,-15,-3,-14,-4,-14,-3,-13,-4,-13,-4,-12,-5,-12,-4,-11,-5,-11,-5,-10,-6,-9,-6,-10,-6,-9,-7,-9,-6,-8,-7,-9,-6,-8,-6,-8,-6,-8,-5,-8,-5,-8,-4,-8,-4,-8,-4,-7,-3,-7,0,0,0,0,0,0,0,0,0,0,0,0,0,0,0,0,0,0,0,0,0,0,-5,-16,-4,-16,-4,-17,-3,-17,-2,-19,-1,-18,0,-19,0,-19,1,-19,2,-19,1,-18,2,-17,2,-17,1,-16,1,-16,0,-17,0,-16,-1,-16,-1,-16,-2,-16,-2,-17,-3,-17,-3,-17,-3,-16,-3,-16,-3,-16,0,0,-9,-26,-9,-27,-10,-25,-10,-23,-10,-22,-11,-23,-10,-21,-11,-20,-10,-18,-11,-17,-13,-16,-13,-15,-12,-14,-13,-14,-14,-14,-13,-13,-14,-14,-12,-13,-13,-13,-11,-13,-11,-12,-10,-13,-10,-13,-9,-12,-10,-11,-8,-12,-7,-13,-6,-12,0,0,0,0,0,0,0,0,0,0,0,0,0,0,-18,-25,-16,-26,-14,-26,-11,-27,-12,-30,-10,-30,-9,-32,-7,-32,-5,-34,-3,-34,-2,-33,-2,-34,-3,-33,-3,-32,-3,-30,-3,-29,-3,-29,-5,-29,-5,-28,-5,-29,-6,-28,-7,-29,-8,-28,-9,-29,-10,-30,-10,-29,-11,-28,-10,-27]"
618030598706700,12.147858300,90202,1865576505,-50,-98,6,0,1,7,0,0,256,0,0,"[0,0,15,-2,14,-2,13,-2,13,-2,12,-2,12,-2,11,-3,11,-3,10,-4,9,-4,9,-5,9,-4,8,-5,8,-5,8,-6,8,-6,7,-5,8,-6,8,-5,7,-5,8,-5,7,-4,7,-4,6,-3,7,-3,7,-3,0,0,0,0,0,0,0,0,0,0,0,0,0,0,0,0,0,0,0,0,0,0,15,-3,16,-3,16,-2,16,-1,17,0,17,0,18,2,17,3,17,3,17,3,16,4,16,3,15,3,15,3,15,2,15,1,15,1,15,1,15,0,15,0,15,0,15,-1,16,-1,15,-2,15,-2,15,-2,0,0,28,-4,25,-7,26,-5,24,-6,23,-6,22,-6,21,-7,19,-7,19,-7,17,-8,16,-10,15,-11,15,-11,14,-10,15,-11,15,-11,14,-11,14,-11,15,-11,15,-9,14,-9,14,-8,12,-8,12,-8,12,-7,12,-6,12,-5,12,-4,0,0,0,0,0,0,0,0,0,0,0,0,0,0,25,-14,27,-11,28,-10,30,-7,29,-5,31,-4,32,-3,33,-1,34,2,34,3,33,5,32,3,31,4,31,4,29,4,29,2,28,2,28,2,29,1,28,1,28,-1,28,-2,28,-3,28,-3,28,-4,28,-6,28,-7,30,-7]"
618030624548000,12.173699600,90203,1865596571,-50,-98,6,0,1,7,0,0,256,0,0,"[0,0,4,-15,3,-15,3,-14,3,-13,2,-13,2,-13,1,-12,1,-12,1,-11,0,-11,0,-11,-1,-11,-1,-10,-2,-10,-2,-10,-2,-10,-2,-10,-2,-10,-1,-10,-1,-10,-1,-9,-1,-9,-1,-9,-1,-8,0,-8,0,-8,0,0,0,0,0,0,0,0,0,0,0,0,0,0,0,0,0,0,0,0,0,0,2,-16,3,-16,4,-17,5,-17,6,-17,7,-17,8,-16,9,-16,9,-16,9,-15,9,-15,9,-14,8,-14,8,-14,8,-14,7,-14,7,-14,7,-14,6,-14,6,-15,5,-15,5,-15,4,-16,4,-16,4,-15,4,-15,0,0,9,-26,8,-27,8,-26,8,-23,7,-24,5,-23,4,-23,4,-21,3,-21,1,-20,1,-19,0,-20,-2,-19,-2,-19,-2,-18,-2,-19,-2,-19,-2,-18,-2,-18,-2,-17,0,-16,0,-16,0,-15,0,-16,0,-14,1,-14,2,-14,3,-13,0,0,0,0,0,0,0,0,0,0,0,0,0,0,1,-30,4,-31,7,-29,9,-29,11,-30,11,-29,13,-30,14,-30,18,-29,18,-28,19,-27,19,-27,19,-26,18,-26,18,-25,17,-24,17,-25,15,-24,16,-25,13,-26,13,-26,12,-27,11,-27,11,-28,11,-28,10,-28,10,-29,9,-29]"
618030638431600,12.187583200,90204,1865616783,-50,-98,6,0,1,7,0,0,256,0,0,"[0,0,7,13,7,12,7,11,7,10,7,10,7,9,7,9,7,8,7,7,7,7,7,6,7,6,7,6,8,5,8,5,8,5,8,5,7,5,7,5,7,5,7,5,6,5,6,5,5,5,5,5,5,5,0,0,0,0,0,0,0,0,0,0,0,0,0,0,0,0,0,0,0,0,0,0,10,12,9,13,8,13,8,14,8,15,7,16,6,16,5,17,5,16,4,17,4,16,4,16,4,15,4,15,4,15,4,14,5,14,5,13,6,14,6,14,6,14,7,14,7,14,8,13,8,13,8,13,0,0,13,23,14,23,13,22,14,22,12,20,13,18,13,18,13,16,13,14,14,14,14,13,14,12,13,10,14,10,15,9,15,9,15,10,15,9,15,9,14,9,13,9,12,9,11,10,10,9,10,9,9,9,8,10,7,10,0,0,0,0,0,0,0,0,0,0,0,0,0,0,20,21,18,24,16,24,14,24,15,27,13,27,13,30,11,30,11,31,8,33,8,31,6,33,5,31,5,31,4,29,6,28,6,28,9,27,9,26,9,27,9,26,11,26,12,26,14,26,14,27,14,25,14,26,13,24]"
618030656439300,12.205590900,90205,1865641947,-50,-98,6,0,1,7,0,0,256,0,0,"[0,0,-6,-14,-6,-14,-6,-13,-6,-13,-6,-13,-6,-11,-6,-11,-7,-10,-7,-10,-7,-9,-7,-8,-7,-8,-7,-8,-8,-8,-8,-7,-8,-7,-8,-7,-8,-7,-7,-7,-7,-7,-7,-7,-6,-7,-6,-7,-5,-7,-5,-7,-5,-7,0,0,0,0,0,0,0,0,0,0,0,0,0,0,0,0,0,0,0,0,0,0,-9,-14,-8,-15,-7,-16,-7,-17,-6,-17,-5,-18,-5,-18,-4,-18,-3,-18,-3,-18,-2,-17,-2,-17,-2,-17,-2,-16,-3,-16,-3,-16,-4,-16,-4,-15,-5,-16,-5,-15,-6,-15,-6,-15,-6,-16,-6,-15,-6,-15,-7,-15,0,0,-10,-27,-10,-27,-10,-25,-10,-24,-10,-23,-11,-22,-11,-20,-11,-19,-11,-18,-13,-17,-13,-15,-14,-15,-14,-14,-13,-14,-14,-13,-14,-13,-13,-14,-13,-13,-14,-13,-13,-13,-12,-13,-11,-13,-10,-12,-10,-12,-10,-12,-9,-11,-7,-13,-6,-11,0,0,0,0,0,0,0,0,0,0,0,0,0,0,-18,-24,-16,-27,-14,-27,-12,-29,-10,-30,-9,-30,-8,-33,-7,-33,-5,-33,-3,-34,-3,-34,-2,-35,-2,-32,-2,-33,-2,-31,-2,-30,-3,-30,-4,-30,-5,-29,-5,-29,-7,-28,-7,-29,-6,-28,-8,-29,-10,-30,-11,-29,-11,-29,-10,-28]"
618030670500200,12.219651800,90206,1865662095,-50,-98,6,0,1,7,0,0,256,0,0,"[0,0,-2,14,-2,15,-2,14,-2,13,-1,13,0,12,0,12,0,11,1,10,1,10,1,10,2,9,3,9,3,9,2,9,3,9,3,9,3,8,3,8,2,8,2,8,2,8,1,8,1,7,1,7,0,7,0,0,0,0,0,0,0,0,0,0,0,0,0,0,0,0,0,0,0,0,0,0,0,16,-1,16,-2,17,-2,16,-3,17,-5,17,-5,17,-6,17,-6,16,-7,16,-7,16,-7,15,-7,15,-6,15,-6,15,-5,15,-5,14,-4,15,-4,14,-4,15,-3,15,-2,15,-3,16,-2,16,-2,15,-2,15,0,0,-2,27,-2,27,-2,25,0,24,0,24,1,22,2,22,3,21,3,20,4,18,4,17,5,17,6,16,6,17,6,15,6,16,7,15,7,16,6,15,6,14,5,15,5,15,3,14,2,13,2,13,2,13,1,13,0,13,0,0,0,0,0,0,0,0,0,0,0,0,0,0,6,27,3,28,1,29,-1,29,-1,30,-4,30,-6,31,-7,33,-7,31,-10,31,-10,31,-11,30,-13,29,-12,28,-12,28,-10,26,-9,28,-8,26,-7,27,-7,26,-5,27,-4,27,-4,29,-3,29,-2,28,-3,28,-3,28,-2,28]"
618030682991000,12.232142600,90207,1865677132,-50,-98,6,0,1,7,0,0,256,0,0,"[0,0,4,14,4,13,4,13,4,12,4,12,4,11,4,10,5,10,5,9,5,8,6,8,6,8,6,7,6,7,6,7,6,6,6,7,6,6,6,6,5,6,5,6,5,7,4,6,4,6,4,6,3,6,0,0,0,0,0,0,0,0,0,0,0,0,0,0,0,0,0,0,0,0,0,0,5,14,5,15,4,15,3,16,2,16,2,17,1,17,0,18,-1,17,-1,17,-1,17,-1,16,-1,16,-1,15,0,15,0,15,0,15,1,15,2,15,3,15,3,15,3,15,3,15,4,15,4,15,4,15,0,0,9,26,9,24,8,25,8,22,8,23,10,20,10,20,10,19,10,17,10,16,11,16,11,15,12,14,12,13,13,12,13,12,12,12,13,12,12,12,12,12,10,11,10,11,9,11,8,11,8,11,7,11,6,11,5,11,0,0,0,0,0,0,0,0,0,0,0,0,0,0,15,24,13,26,11,27,10,28,9,28,7,30,6,31,5,33,4,32,3,34,1,33,1,32,-1,31,1,31,0,30,0,29,1,29,2,27,3,29,4,27,5,28,6,27,7,27,8,28,8,27,8,28,8,27,9,27]"
618030704574400,12.253726000,90208,1865696535,-50,-98,6,0,1,7,0,0,256,0,0,"[0,0,14,3,14,2,13,2,13,1,12,2,12,1,11,1,11,0,10,0,10,-1,10,-2,10,-2,9,-3,9,-2,10,-3,9,-3,9,-3,9,-3,9,-3,8,-2,8,-2,8,-2,8,-1,7,-1,7,-1,7,-1,0,0,0,0,0,0,0,0,0,0,0,0,0,0,0,0,0,0,0,0,0,0,16,1,16,2,16,3,16,3,16,4,17,5,16,6,16,7,16,8,15,8,15,7,14,7,14,7,14,7,14,7,14,6,14,6,14,5,14,5,14,4,14,4,15,4,15,4,15,3,15,2,15,3,0,0,28,5,26,3,24,3,25,2,23,2,23,1,21,-1,20,-1,20,-2,20,-3,19,-3,19,-4,18,-5,16,-5,18,-6,17,-6,17,-6,17,-5,16,-5,16,-5,16,-5,14,-4,14,-3,13,-3,14,-2,13,-1,13,-1,12,1,0,0,0,0,0,0,0,0,0,0,0,0,0,0,29,-3,30,1,29,2,29,5,31,5,30,6,31,8,31,10,31,11,31,13,29,14,29,15,27,16,27,16,26,15,25,14,26,12,27,11,25,10,27,9,27,8,26,6,28,7,27,5,29,6,29,6,28,5,27,5]"
618030722223100,12.271374700,90209,1865716491,-50,-98,6,0,1,7,0,0,256,0,0,"[0,0,4,14,4,14,4,13,4,13,4,12,4,12,4,11,4,10,5,9,5,9,5,8,5,8,6,8,6,7,6,7,6,7,6,7,6,7,6,7,5,7,5,6,5,6,5,7,4,6,4,6,3,6,0,0,0,0,0,0,0,0,0,0,0,0,0,0,0,0,0,0,0,0,0,0,7,14,6,14,5,16,4,16,4,17,3,17,2,18,1,18,1,18,0,18,0,17,0,16,0,16,0,16,0,15,1,15,1,15,2,16,2,15,3,15,3,15,4,15,4,16,4,15,4,15,5,14,0,0,12,24,12,24,12,23,12,21,12,20,12,19,11,18,12,17,11,16,12,14,13,13,13,13,13,12,13,12,14,11,14,10,14,11,13,11,13,11,12,11,11,10,10,10,11,11,10,11,9,10,8,9,7,11,6,11,0,0,0,0,0,0,0,0,0,0,0,0,0,0,21,20,18,23,16,23,15,24,15,26,14,28,12,30,11,31,10,32,8,32,7,31,7,33,6,31,6,30,6,29,5,29,6,27,7,28,7,26,9,26,9,26,10,26,10,26,12,26,13,27,13,26,13,26,14,24]"
618030744316000,12.293467600,90210,1865736522,-50,-98,6,0,1,7,0,0,256,0,0,"[0,0,9,11,9,11,9,10,9,10,8,9,8,8,8,8,8,7,8,7,8,6,8,5,8,5,8,5,8,4,9,4,8,4,8,4,8,3,8,4,8,4,7,4,7,4,6,4,6,4,6,4,5,4,0,0,0,0,0,0,0,0,0,0,0,0,0,0,0,0,0,0,0,0,0,0,11,11,10,12,10,13,9,13,9,14,8,15,8,15,7,16,7,16,6,16,6,16,6,15,5,15,6,15,6,14,6,14,6,13,7,13,8,13,8,12,8,12,8,13,9,12,9,12,10,12,9,12,0,0,17,19,18,20,18,19,17,17,17,16,17,15,16,14,16,13,16,11,16,10,17,9,16,9,17,8,16,7,17,6,17,6,16,7,17,7,16,6,16,7,15,6,14,7,13,7,12,6,12,6,11,7,10,8,9,8,0,0,0,0,0,0,0,0,0,0,0,0,0,0,24,15,23,18,21,19,20,21,20,23,18,24,18,26,17,27,17,29,15,29,14,29,14,30,14,29,13,28,12,28,12,25,12,25,14,25,14,25,14,25,16,23,17,22,17,23,18,23,19,21,19,22,19,22,20,21]"
618030767415100,12.316566700,90211,1865758991,-50,-98,6,0,1,7,0,0,256,0,0,"[0,0,-1,-16,-2,-15,-2,-14,-2,-14,-2,-14,-3,-13,-3,-12,-3,-12,-3,-11,-4,-11,-4,-10,-4,-10,-5,-9,-5,-9,-5,-9,-6,-9,-6,-9,-5,-9,-5,-8,-4,-8,-4,-8,-4,-8,-4,-8,-3,-8,-3,-7,-3,-7,0,0,0,0,0,0,0,0,0,0,0,0,0,0,0,0,0,0,0,0,0,0,-3,-16,-3,-17,-2,-17,-1,-17,-1,-18,1,-19,2,-18,3,-19,3,-18,3,-18,3,-17,3,-17,3,-17,3,-16,2,-16,2,-16,2,-16,1,-16,1,-16,0,-16,0,-16,-1,-17,-1,-16,-2,-17,-2,-16,-2,-16,0,0,-6,-27,-7,-29,-6,-25,-7,-25,-6,-23,-8,-22,-7,-22,-10,-21,-8,-19,-9,-18,-10,-17,-10,-18,-10,-17,-10,-15,-11,-16,-12,-15,-12,-15,-10,-14,-11,-14,-11,-14,-10,-14,-9,-15,-8,-14,-8,-13,-7,-13,-5,-12,-5,-13,-4,-13,0,0,0,0,0,0,0,0,0,0,0,0,0,0,-14,-27,-11,-29,-8,-30,-8,-28,-8,-32,-6,-31,-3,-34,-2,-33,-2,-33,0,-35,1,-34,3,-36,3,-33,4,-32,3,-31,3,-30,2,-28,0,-30,-2,-28,-1,-30,-1,-29,-4,-29,-4,-29,-6,-29,-5,-31,-6,-31,-6,-30,-6,-28]"
618030786125200,12.335276800,90212,1865776691,-50,-98,6,0,1,7,0,0,256,0,0,"[0,0,-4,-14,-4,-14,-4,-14,-4,-12,-4,-12,-4,-12,-4,-11,-5,-11,-5,-10,-5,-9,-6,-9,-6,-9,-6,-8,-6,-8,-6,-8,-6,-8,-6,-7,-6,-8,-6,-7,-6,-7,-5,-7,-5,-7,-4,-7,-4,-7,-4,-7,-4,-7,0,0,0,0,0,0,0,0,0,0,0,0,0,0,0,0,0,0,0,0,0,0,-6,-14,-5,-15,-4,-15,-4,-17,-3,-17,-2,-18,-1,-17,0,-17,0,-17,1,-17,0,-16,0,-16,0,-16,0,-16,0,-16,0,-14,-1,-15,-1,-15,-2,-15,-2,-15,-3,-15,-3,-15,-4,-15,-4,-15,-4,-15,-4,-15,0,0,-7,-28,-8,-28,-7,-26,-8,-24,-7,-24,-7,-23,-7,-22,-9,-21,-9,-18,-10,-17,-10,-17,-11,-16,-11,-16,-12,-15,-12,-16,-13,-14,-11,-15,-12,-14,-11,-14,-11,-15,-10,-14,-8,-14,-8,-14,-8,-13,-8,-12,-7,-13,-6,-13,-4,-13,0,0,0,0,0,0,0,0,0,0,0,0,0,0,-15,-26,-13,-27,-10,-29,-9,-29,-8,-31,-6,-32,-5,-34,-3,-34,-2,-33,0,-34,0,-34,2,-34,2,-33,2,-32,2,-30,1,-29,1,-29,-2,-29,-2,-29,-1,-29,-4,-30,-4,-30,-4,-29,-6,-30,-6,-29,-6,-29,-7,-30,-6,-30]"
618030804153200,12.353304800,90213,1865796680,-50,-98,6,0,1,7,0,0,256,0,0,"[0,0,1,-16,0,-15,0,-15,0,-13,0,-14,-1,-13,-1,-13,-2,-12,-2,-11,-2,-11,-3,-11,-3,-11,-3,-10,-4,-10,-4,-10,-4,-10,-4,-10,-4,-9,-4,-9,-3,-9,-3,-9,-3,-9,-2,-8,-2,-8,-2,-8,-1,-8,0,0,0,0,0,0,0,0,0,0,0,0,0,0,0,0,0,0,0,0,0,0,-2,-16,0,-17,0,-17,1,-17,2,-17,3,-18,4,-18,5,-18,5,-17,6,-17,6,-17,6,-16,5,-16,5,-16,5,-16,4,-15,4,-15,3,-15,3,-16,2,-16,2,-16,1,-16,1,-16,1,-16,1,-16,1,-16,0,0,5,-27,5,-28,3,-27,3,-25,4,-24,2,-24,1,-23,1,-22,0,-21,-2,-21,-1,-19,-3,-20,-4,-19,-4,-19,-4,-19,-4,-18,-5,-18,-4,-17,-4,-17,-5,-17,-4,-16,-2,-16,-2,-15,-1,-15,-2,-14,-1,-14,1,-14,2,-14,0,0,0,0,0,0,0,0,0,0,0,0,0,0,-4,-29,-1,-30,2,-31,3,-30,5,-31,7,-31,8,-32,11,-31,11,-32,12,-31,13,-30,15,-30,15,-28,13,-28,14,-27,14,-27,12,-27,11,-27,10,-26,10,-28,9,-28,8,-28,7,-29,6,-29,6,-29,6,-29,6,-29,5,-29]"
618030825665900,12.374817500,90214,1865816656,-50,-98,6,0,1,7,0,0,256,0,0,"[0,0,10,-11,9,-12,9,-11,9,-11,8,-11,7,-10,7,-10,6,-10,6,-9,5,-10,4,-10,3,-10,3,-10,3,-10,3,-10,3,-10,2,-10,3,-10,3,-10,3,-9,3,-8,3,-8,3,-8,3,-8,3,-7,4,-7,0,0,0,0,0,0,0,0,0,0,0,0,0,0,0,0,0,0,0,0,0,0,9,-14,10,-14,10,-13,11,-13,12,-13,13,-12,14,-12,15,-11,15,-10,15,-10,14,-10,14,-9,14,-9,13,-10,13,-9,12,-10,12,-10,12,-10,11,-11,11,-11,11,-11,11,-12,11,-12,10,-12,10,-12,11,-12,0,0,44,-35,41,-36,39,-34,37,-34,34,-34,31,-32,31,-32,27,-33,27,-32,23,-32,21,-33,19,-33,18,-34,16,-34,15,-34,16,-33,14,-36,16,-32,15,-32,16,-31,15,-28,16,-28,15,-26,16,-26,15,-23,17,-22,17,-21,18,-18,0,0,0,0,0,0,0,0,0,0,0,0,0,0,32,-51,37,-46,41,-45,42,-40,46,-42,49,-37,55,-38,56,-35,57,-32,60,-30,60,-27,61,-27,59,-24,58,-21,56,-23,54,-24,53,-25,51,-26,48,-26,50,-29,48,-30,48,-33,46,-34,46,-37,47,-36,45,-37,44,-38,46,-35]"
618030842093400,12.391245000,90215,1865836872,-50,-98,6,0,1,7,0,0,256,0,0,"[0,0,-1,15,0,14,0,13,0,13,0,12,1,12,1,11,2,10,2,10,2,10,2,9,3,9,3,9,3,8,4,9,4,8,4,8,3,8,4,8,3,8,3,8,3,7,2,8,2,7,1,7,1,6,0,0,0,0,0,0,0,0,0,0,0,0,0,0,0,0,0,0,0,0,0,0,0,15,0,15,-1,17,-2,16,-3,17,-3,17,-4,17,-5,17,-5,17,-7,17,-7,15,-6,15,-6,15,-6,15,-5,14,-4,15,-4,14,-3,15,-3,14,-2,15,-2,15,-1,15,-2,16,-1,15,-1,15,-1,15,0,0,1,28,1,27,2,26,2,24,1,23,3,22,4,22,4,21,5,19,5,19,6,18,6,17,7,17,7,16,9,16,9,16,9,15,9,15,9,14,7,15,7,14,5,15,6,14,4,14,4,12,4,12,3,12,1,12,0,0,0,0,0,0,0,0,0,0,0,0,0,0,8,28,4,30,3,29,2,29,0,31,-1,31,-3,32,-5,32,-6,32,-8,32,-9,32,-10,31,-9,30,-9,30,-10,28,-8,28,-7,27,-5,28,-5,27,-5,28,-3,28,-2,28,-3,28,0,30,0,29,1,29,0,29,1,29]"
618030865178400,12.414330000,90216,1865856662,-50,-98,6,0,1,7,0,0,256,0,0,"[0,0,12,-8,11,-8,10,-8,10,-8,9,-8,8,-8,8,-8,7,-8,7,-7,6,-8,6,-8,5,-8,5,-8,4,-8,4,-8,4,-8,4,-8,4,-8,4,-8,4,-8,5,-7,4,-7,5,-7,4,-6,5,-6,4,-6,0,0,0,0,0,0,0,0,0,0,0,0,0,0,0,0,0,0,0,0,0,0,11,-10,12,-10,12,-9,13,-9,14,-9,15,-8,15,-7,15,-6,15,-6,15,-6,15,-4,15,-5,14,-5,14,-5,14,-5,13,-6,13,-6,13,-6,13,-7,12,-8,12,-8,12,-8,12,-8,12,-8,12,-8,12,-8,0,0,42,-38,38,-39,37,-39,36,-33,35,-33,31,-35,26,-35,27,-34,25,-34,21,-34,20,-35,17,-33,15,-35,14,-33,15,-35,13,-34,13,-34,15,-33,13,-34,15,-32,15,-30,16,-29,14,-29,15,-27,13,-24,14,-22,16,-21,17,-20,0,0,0,0,0,0,0,0,0,0,0,0,0,0,29,-51,35,-48,38,-46,42,-43,45,-44,46,-41,51,-40,54,-37,58,-36,58,-32,59,-31,58,-29,57,-28,56,-26,54,-26,52,-26,52,-27,51,-28,49,-29,49,-30,47,-33,45,-37,45,-35,44,-38,45,-37,44,-39,44,-40,44,-41]"
618030885806600,12.434958200,90217,1865876688,-50,-98,6,0,1,7,0,0,256,0,0,"[0,0,13,-7,12,-8,11,-8,11,-7,11,-8,10,-8,9,-8,8,-8,8,-8,7,-8,7,-8,6,-8,6,-8,5,-8,5,-9,5,-9,5,-8,5,-9,5,-8,6,-8,6,-7,5,-7,5,-7,5,-6,5,-6,5,-5,0,0,0,0,0,0,0,0,0,0,0,0,0,0,0,0,0,0,0,0,0,0,13,-10,14,-10,14,-9,15,-9,16,-8,16,-7,17,-7,17,-6,17,-5,17,-4,16,-4,16,-4,16,-4,15,-4,15,-4,14,-5,14,-5,14,-6,14,-6,14,-7,13,-7,14,-8,14,-8,13,-8,13,-8,13,-8,0,0,23,-15,21,-16,21,-15,20,-14,18,-15,17,-17,14,-16,14,-15,13,-16,12,-15,12,-15,11,-16,10,-16,9,-16,9,-16,9,-16,8,-16,9,-16,8,-15,8,-14,9,-14,8,-14,8,-13,9,-12,9,-11,8,-9,9,-10,9,-8,0,0,0,0,0,0,0,0,0,0,0,0,0,0,17,-24,20,-22,23,-20,24,-20,24,-18,27,-17,27,-17,30,-16,30,-15,31,-13,31,-12,30,-11,30,-10,29,-9,28,-10,27,-9,28,-11,26,-11,27,-11,25,-12,24,-13,24,-15,23,-15,24,-16,23,-16,24,-16,23,-16,25,-17]"
618030905129000,12.454280600,90218,1865897815,-50,-98,6,0,1,7,0,0,256,0,0,"[0,0,-14,-7,-13,-7,-13,-7,-12,-6,-12,-6,-12,-6,-12,-5,-11,-4,-11,-4,-11,-3,-11,-2,-11,-2,-11,-1,-11,-1,-10,-1,-10,-1,-10,-1,-10,-1,-10,-1,-10,-1,-10,-1,-9,-2,-9,-2,-8,-2,-8,-2,-8,-2,0,0,0,0,0,0,0,0,0,0,0,0,0,0,0,0,0,0,0,0,0,0,-16,-7,-15,-8,-15,-9,-15,-10,-15,-11,-15,-12,-15,-12,-14,-13,-13,-13,-13,-13,-12,-13,-12,-13,-12,-13,-12,-12,-12,-12,-12,-11,-12,-11,-13,-10,-13,-10,-13,-10,-14,-9,-14,-9,-14,-9,-15,-8,-14,-8,-14,-8,0,0,-47,-30,-46,-29,-44,-28,-45,-25,-42,-22,-41,-20,-39,-18,-40,-17,-40,-13,-39,-11,-39,-10,-37,-8,-37,-5,-35,-7,-38,-5,-36,-5,-36,-4,-36,-4,-35,-4,-34,-4,-33,-4,-33,-5,-31,-8,-29,-6,-27,-7,-27,-8,-26,-10,-24,-11,0,0,0,0,0,0,0,0,0,0,0,0,0,0,-57,-16,-56,-23,-54,-27,-53,-31,-53,-34,-50,-36,-52,-42,-51,-44,-49,-47,-48,-49,-44,-50,-42,-50,-42,-51,-41,-47,-39,-46,-39,-45,-40,-43,-41,-40,-40,-41,-43,-41,-44,-37,-46,-35,-44,-34,-49,-34,-49,-34,-49,-34,-49,-30,-49,-30]"
618030925355100,12.474506700,90219,1865916830,-50,-98,6,0,1,7,0,0,256,0,0,"[0,0,-14,-6,-14,-6,-13,-6,-13,-6,-12,-5,-12,-4,-12,-4,-11,-3,-11,-3,-11,-2,-11,-1,-10,-1,-11,-1,-10,0,-10,0,-10,0,-10,0,-10,0,-10,0,-10,-1,-10,0,-9,-1,-9,-1,-8,-1,-8,-1,-8,-2,0,0,0,0,0,0,0,0,0,0,0,0,0,0,0,0,0,0,0,0,0,0,-15,-5,-16,-6,-15,-8,-15,-8,-15,-9,-15,-10,-15,-11,-15,-12,-14,-12,-14,-12,-13,-12,-13,-11,-13,-11,-12,-11,-12,-11,-12,-10,-12,-9,-13,-9,-13,-8,-13,-8,-14,-8,-14,-8,-15,-7,-15,-7,-15,-7,-15,-7,0,0,-46,-29,-46,-31,-42,-27,-45,-28,-40,-25,-39,-22,-39,-20,-39,-17,-40,-15,-38,-13,-39,-11,-37,-9,-36,-8,-35,-7,-39,-6,-37,-5,-35,-5,-36,-5,-36,-5,-34,-6,-35,-6,-32,-6,-29,-7,-28,-8,-26,-9,-26,-8,-25,-11,-22,-11,0,0,0,0,0,0,0,0,0,0,0,0,0,0,-55,-20,-53,-23,-52,-29,-51,-32,-51,-34,-50,-38,-49,-42,-48,-44,-47,-46,-46,-51,-43,-51,-43,-53,-40,-50,-38,-49,-38,-49,-38,-46,-37,-43,-42,-43,-40,-41,-42,-41,-41,-36,-44,-36,-44,-36,-47,-35,-47,-36,-47,-34,-47,-30,-49,-32]"
618030942787400,12.491939000,90220,1865936617,-50,-98,6,0,1,7,0,0,256,0,0,"[0,0,4,14,4,14,4,13,4,12,4,12,4,11,5,10,5,10,5,9,5,9,5,8,6,8,6,8,6,7,6,7,6,7,6,7,6,7,6,6,5,6,5,6,5,7,4,7,4,6,4,6,3,6,0,0,0,0,0,0,0,0,0,0,0,0,0,0,0,0,0,0,0,0,0,0,6,14,6,15,5,16,4,16,3,17,3,17,2,17,1,18,0,18,0,18,-1,17,0,16,-1,16,0,16,0,15,1,15,1,15,2,15,2,15,3,15,3,15,3,15,3,15,4,15,4,14,4,14,0,0,10,25,11,24,10,23,10,22,11,22,10,19,10,19,11,17,11,17,12,15,12,13,12,13,13,13,12,12,13,12,12,11,14,12,13,11,11,11,12,12,11,10,10,12,9,11,9,10,8,10,8,10,7,11,6,11,0,0,0,0,0,0,0,0,0,0,0,0,0,0,19,20,17,24,14,24,13,25,11,28,12,29,9,30,9,31,6,32,6,33,4,32,3,33,4,31,4,30,3,30,5,29,4,28,5,27,5,26,6,27,8,26,8,27,9,27,9,27,10,26,11,25,11,26,11,26]"
618030963852200,12.513003800,90221,1865956794,-50,-98,6,0,1,7,0,0,256,0,0,"[0,0,-6,-14,-6,-14,-6,-14,-6,-13,-6,-12,-6,-12,-7,-11,-6,-11,-6,-10,-7,-10,-7,-9,-7,-8,-7,-8,-8,-8,-8,-7,-8,-7,-8,-7,-7,-7,-8,-7,-7,-7,-7,-7,-6,-7,-6,-7,-5,-7,-5,-6,-5,-6,0,0,0,0,0,0,0,0,0,0,0,0,0,0,0,0,0,0,0,0,0,0,-8,-15,-8,-15,-7,-16,-7,-17,-6,-18,-5,-18,-4,-18,-3,-18,-3,-18,-2,-18,-2,-18,-2,-17,-2,-17,-2,-17,-3,-16,-3,-16,-3,-15,-4,-16,-5,-16,-5,-16,-5,-15,-6,-16,-6,-16,-6,-16,-7,-15,-6,-15,0,0,-12,-25,-11,-25,-12,-25,-11,-22,-11,-21,-11,-21,-11,-19,-12,-18,-12,-16,-14,-15,-13,-14,-15,-14,-14,-13,-14,-13,-14,-11,-14,-12,-15,-12,-15,-11,-14,-12,-14,-11,-13,-12,-12,-12,-10,-12,-10,-11,-10,-11,-9,-10,-8,-11,-7,-12,0,0,0,0,0,0,0,0,0,0,0,0,0,0,-18,-22,-17,-25,-16,-27,-14,-28,-12,-28,-12,-29,-10,-31,-10,-33,-8,-33,-7,-33,-5,-32,-5,-33,-5,-31,-5,-31,-4,-30,-5,-29,-4,-29,-5,-29,-6,-29,-7,-28,-8,-28,-9,-27,-10,-28,-11,-28,-11,-27,-12,-27,-12,-27,-12,-27]"
618030987377700,12.536529300,90222,1865978744,-50,-98,6,0,1,7,0,0,256,0,0,"[0,0,11,-8,10,-8,10,-8,9,-8,9,-8,8,-8,8,-8,7,-8,7,-8,6,-8,5,-8,5,-8,5,-8,4,-8,4,-9,4,-9,4,-9,4,-8,4,-8,4,-8,4,-7,4,-7,4,-7,3,-6,4,-6,4,-6,0,0,0,0,0,0,0,0,0,0,0,0,0,0,0,0,0,0,0,0,0,0,11,-10,12,-10,12,-10,12,-9,13,-9,15,-8,15,-7,15,-6,16,-6,16,-5,15,-5,14,-5,14,-5,13,-5,13,-5,13,-6,12,-6,12,-7,12,-7,12,-7,12,-8,12,-8,12,-8,11,-9,11,-9,12,-9,0,0,22,-18,21,-18,20,-17,19,-16,18,-16,16,-17,15,-16,15,-17,13,-16,12,-16,10,-16,9,-17,9,-17,8,-17,8,-17,8,-16,8,-17,8,-17,8,-15,8,-16,8,-15,8,-15,8,-14,8,-13,9,-12,8,-11,8,-11,10,-10,0,0,0,0,0,0,0,0,0,0,0,0,0,0,17,-25,20,-23,22,-22,23,-20,25,-20,25,-18,29,-18,30,-17,31,-16,30,-13,30,-14,31,-13,30,-11,30,-11,29,-12,27,-11,27,-13,26,-13,26,-13,26,-14,24,-15,24,-16,24,-17,24,-18,24,-17,23,-19,23,-19,23,-18]"
618031004088000,12.553239600,90223,1865996951,-50,-98,6,0,1,7,0,0,256,0,0,"[0,0,-6,13,-5,13,-5,12,-4,12,-4,12,-4,11,-3,11,-3,10,-3,10,-2,10,-1,10,-1,9,0,9,0,9,0,9,0,9,0,9,0,9,0,9,0,9,0,8,-1,8,-1,8,-1,7,-1,7,-2,6,0,0,0,0,0,0,0,0,0,0,0,0,0,0,0,0,0,0,0,0,0,0,-3,15,-5,15,-5,15,-6,16,-7,16,-8,15,-9,15,-10,15,-11,14,-11,14,-10,13,-10,13,-10,13,-10,13,-9,12,-9,13,-8,13,-8,13,-7,13,-7,13,-7,13,-7,13,-7,14,-5,14,-5,14,-6,14,0,0,-11,26,-11,26,-10,24,-8,24,-7,23,-7,23,-6,21,-6,20,-4,19,-3,19,-1,18,0,19,0,19,0,18,2,18,1,17,2,18,1,17,0,17,0,17,0,15,-1,16,-1,15,-1,14,-1,13,-2,13,-4,13,-4,12,0,0,0,0,0,0,0,0,0,0,0,0,0,0,-3,29,-5,30,-8,29,-10,29,-11,30,-13,28,-15,31,-17,30,-19,28,-21,27,-21,27,-22,27,-21,25,-20,25,-19,24,-18,24,-18,23,-17,24,-15,23,-17,24,-14,25,-14,25,-14,26,-13,27,-12,27,-11,27,-10,27,-12,27]"
618031024152300,12.573303900,90224,1866016625,-50,-98,6,0,1,7,0,0,256,0,0,"[0,0,-6,14,-5,13,-5,13,-5,12,-4,12,-4,12,-3,11,-3,11,-2,10,-1,10,-1,10,0,10,0,10,0,10,0,9,0,9,1,9,0,9,0,9,0,9,0,8,0,8,0,8,-1,8,-1,7,-1,7,0,0,0,0,0,0,0,0,0,0,0,0,0,0,0,0,0,0,0,0,0,0,-4,15,-5,16,-5,16,-7,16,-8,16,-9,16,-10,15,-11,15,-11,14,-11,14,-11,14,-10,13,-11,13,-10,13,-10,13,-9,13,-9,13,-8,13,-8,14,-7,14,-7,14,-6,14,-6,14,-6,15,-6,15,-6,14,0,0,-9,26,-9,25,-8,24,-6,24,-7,23,-5,23,-4,21,-4,20,-4,19,-2,17,-1,18,0,18,1,18,1,18,1,17,3,17,2,17,1,17,2,16,1,16,1,16,1,16,0,14,-1,15,-1,13,-2,12,-2,13,-3,12,0,0,0,0,0,0,0,0,0,0,0,0,0,0,-1,29,-4,30,-6,29,-8,29,-9,30,-12,28,-13,30,-15,29,-16,28,-17,28,-18,27,-19,27,-19,25,-18,25,-17,24,-16,24,-16,24,-15,23,-15,24,-14,24,-14,25,-12,26,-12,26,-11,28,-11,27,-11,27,-9,27,-9,27]"
618031044970800,12.594122400,90225,1866037569,-50,-98,6,0,1,7,0,0,256,0,0,"[0,0,-16,1,-15,1,-14,1,-14,1,-13,1,-13,2,-12,2,-11,3,-11,3,-11,3,-10,4,-9,4,-9,4,-9,4,-9,4,-9,5,-9,5,-8,5,-9,4,-9,4,-9,4,-8,3,-8,3,-8,3,-8,2,-8,1,0,0,0,0,0,0,0,0,0,0,0,0,0,0,0,0,0,0,0,0,0,0,-16,4,-17,3,-17,2,-17,2,-18,1,-18,0,-19,-1,-19,-2,-19,-3,-19,-3,-17,-3,-17,-3,-17,-3,-16,-2,-16,-3,-16,-2,-16,-2,-16,-1,-16,-1,-16,0,-16,0,-16,1,-17,1,-16,1,-16,2,-16,2,0,0,-28,4,-28,4,-26,4,-26,4,-23,5,-23,5,-22,6,-22,6,-21,6,-20,8,-18,8,-17,8,-17,9,-17,9,-17,10,-16,9,-16,10,-15,9,-15,8,-16,8,-15,7,-15,7,-15,6,-14,5,-13,5,-13,4,-13,3,-13,2,0,0,0,0,0,0,0,0,0,0,0,0,0,0,-27,12,-30,9,-31,7,-31,6,-32,5,-31,3,-34,2,-35,-1,-34,-1,-34,-3,-34,-5,-35,-5,-32,-6,-32,-6,-31,-5,-30,-5,-29,-4,-31,-4,-29,-2,-31,-1,-28,0,-29,1,-30,2,-30,3,-30,3,-30,3,-30,3,-29,3]"
618031070431500,12.619583100,90226,1866059199,-50,-98,6,0,1,7,0,0,256,0,0,"[0,0,-11,-11,-11,-11,-11,-10,-11,-9,-10,-9,-10,-9,-10,-8,-10,-8,-10,-6,-10,-6,-10,-5,-10,-5,-10,-4,-10,-5,-10,-4,-10,-4,-10,-4,-10,-3,-9,-4,-9,-4,-9,-4,-8,-4,-8,-5,-8,-4,-7,-4,-7,-5,0,0,0,0,0,0,0,0,0,0,0,0,0,0,0,0,0,0,0,0,0,0,-14,-9,-14,-11,-13,-11,-13,-13,-13,-13,-12,-15,-12,-15,-11,-16,-10,-16,-10,-16,-10,-15,-9,-15,-9,-15,-9,-14,-9,-14,-9,-13,-10,-13,-10,-13,-11,-13,-10,-13,-11,-12,-11,-12,-12,-12,-12,-12,-12,-11,-12,-11,0,0,-45,-33,-46,-33,-41,-29,-44,-29,-40,-25,-38,-24,-39,-23,-37,-21,-38,-17,-41,-14,-36,-11,-37,-11,-36,-9,-34,-7,-39,-8,-36,-6,-37,-7,-35,-6,-36,-8,-33,-8,-34,-10,-29,-9,-30,-10,-27,-9,-28,-8,-25,-10,-25,-12,-23,-13,0,0,0,0,0,0,0,0,0,0,0,0,0,0,-57,-19,-55,-26,-54,-28,-48,-31,-54,-37,-46,-37,-50,-46,-47,-45,-46,-50,-44,-52,-40,-52,-41,-55,-39,-51,-38,-50,-37,-48,-36,-47,-35,-43,-40,-44,-38,-39,-41,-44,-41,-39,-43,-38,-43,-39,-44,-39,-48,-38,-48,-34,-47,-36,-46,-34]"
618031085046600,12.634198200,90227,1866076632,-50,-98,6,0,1,7,0,0,256,0,0,"[0,0,-11,11,-10,11,-9,10,-9,10,-8,9,-8,9,-7,9,-6,9,-6,9,-5,9,-5,9,-4,9,-4,9,-3,9,-4,9,-3,9,-3,9,-3,9,-3,8,-3,8,-3,8,-3,7,-3,7,-4,7,-4,6,-4,6,0,0,0,0,0,0,0,0,0,0,0,0,0,0,0,0,0,0,0,0,0,0,-10,13,-11,12,-12,12,-12,12,-13,12,-15,11,-15,10,-16,10,-16,9,-15,9,-15,8,-15,8,-14,8,-14,8,-14,8,-13,8,-13,9,-13,9,-12,10,-12,10,-11,10,-11,11,-12,11,-11,11,-11,11,-11,11,0,0,-43,37,-40,39,-38,36,-37,34,-32,37,-30,35,-28,35,-26,34,-24,33,-23,33,-19,32,-18,33,-16,35,-14,35,-13,33,-13,31,-14,34,-14,33,-13,32,-16,31,-15,29,-14,29,-13,27,-15,26,-14,25,-14,23,-18,23,-17,20,0,0,0,0,0,0,0,0,0,0,0,0,0,0,-29,51,-36,49,-39,47,-44,41,-48,43,-48,39,-54,39,-56,38,-61,35,-62,31,-61,28,-59,31,-59,29,-58,27,-56,27,-53,28,-53,29,-51,29,-49,28,-49,31,-48,33,-47,35,-47,37,-47,38,-46,39,-45,41,-42,42,-41,39]"
618031105953500,12.655105100,90228,1866099346,-50,-98,6,0,1,7,0,0,256,0,0,"[0,0,-2,15,-2,14,-1,14,-1,13,-1,13,0,12,0,12,1,11,1,10,1,10,1,10,2,10,3,9,3,9,3,9,3,9,3,9,3,9,3,8,3,8,2,8,2,8,2,8,1,7,1,7,0,7,0,0,0,0,0,0,0,0,0,0,0,0,0,0,0,0,0,0,0,0,0,0,0,15,-1,16,-2,16,-3,17,-4,17,-5,17,-6,17,-6,17,-6,17,-7,16,-8,15,-7,15,-7,15,-7,15,-6,15,-5,14,-5,14,-5,14,-4,15,-3,15,-3,15,-2,16,-3,15,-2,16,-2,15,-2,15,0,0,-2,28,-1,26,-1,25,0,25,0,23,1,23,1,22,2,21,3,19,4,19,4,19,4,18,6,17,6,17,6,16,6,15,7,16,7,16,6,15,6,14,5,14,5,15,4,15,3,14,3,13,2,12,1,13,0,12,0,0,0,0,0,0,0,0,0,0,0,0,0,0,7,28,3,29,1,29,0,29,-2,31,-4,30,-5,32,-6,31,-8,32,-9,32,-10,31,-12,31,-12,30,-12,28,-11,28,-10,28,-10,28,-8,28,-7,27,-7,28,-5,28,-4,29,-3,27,-2,29,-3,29,-2,29,-2,29,-1,29]"
618031126554800,12.675706400,90229,1866116565,-50,-98,6,0,1,7,0,0,256,0,0,"[0,0,-9,-11,-9,-11,-9,-11,-9,-10,-9,-10,-8,-9,-8,-8,-8,-7,-8,-7,-8,-6,-8,-6,-9,-6,-9,-5,-9,-5,-9,-4,-9,-4,-8,-4,-8,-4,-8,-4,-8,-4,-8,-4,-8,-5,-7,-4,-6,-5,-6,-5,-6,-5,0,0,0,0,0,0,0,0,0,0,0,0,0,0,0,0,0,0,0,0,0,0,-12,-10,-11,-11,-11,-12,-11,-13,-10,-14,-10,-15,-9,-15,-8,-15,-8,-15,-7,-15,-7,-15,-7,-15,-7,-14,-6,-14,-7,-14,-7,-13,-8,-13,-8,-13,-8,-13,-9,-12,-9,-12,-10,-12,-9,-12,-9,-12,-10,-12,-10,-11,0,0,-34,-44,-34,-43,-32,-42,-32,-39,-29,-36,-30,-34,-31,-33,-31,-30,-31,-27,-32,-25,-31,-21,-32,-22,-32,-19,-33,-19,-34,-15,-34,-16,-32,-15,-33,-16,-31,-16,-30,-16,-28,-17,-28,-16,-24,-16,-23,-17,-24,-18,-21,-18,-19,-19,-18,-19,0,0,0,0,0,0,0,0,0,0,0,0,0,0,-46,-36,-42,-41,-42,-44,-39,-47,-39,-50,-35,-51,-35,-56,-32,-59,-29,-59,-26,-64,-25,-63,-20,-64,-21,-60,-20,-60,-18,-59,-19,-53,-22,-53,-24,-51,-26,-51,-27,-51,-27,-50,-29,-50,-31,-49,-35,-49,-34,-50,-35,-47,-33,-47,-34,-48]"
618031144772800,12.693924400,90230,1866136556,-50,-98,6,0,1,7,0,0,256,0,0,"[0,0,-6,-14,-7,-14,-6,-14,-6,-13,-6,-13,-6,-11,-7,-11,-6,-10,-7,-9,-7,-9,-7,-8,-7,-8,-8,-8,-8,-7,-8,-7,-8,-7,-8,-7,-8,-7,-7,-7,-7,-7,-7,-7,-6,-7,-6,-7,-6,-6,-5,-6,-5,-6,0,0,0,0,0,0,0,0,0,0,0,0,0,0,0,0,0,0,0,0,0,0,-8,-15,-7,-16,-7,-16,-6,-17,-5,-18,-4,-18,-3,-18,-3,-19,-2,-19,-1,-18,-2,-18,-2,-17,-2,-17,-2,-17,-2,-16,-3,-16,-4,-16,-4,-16,-4,-16,-5,-16,-5,-16,-6,-16,-6,-16,-6,-16,-6,-15,-6,-15,0,0,-14,-26,-16,-24,-14,-24,-14,-21,-14,-20,-15,-19,-14,-18,-14,-18,-15,-16,-15,-14,-17,-12,-16,-12,-17,-12,-16,-11,-16,-10,-16,-10,-15,-10,-16,-9,-15,-10,-14,-10,-14,-10,-13,-11,-13,-10,-13,-10,-12,-9,-11,-11,-10,-11,-8,-11,0,0,0,0,0,0,0,0,0,0,0,0,0,0,-22,-21,-21,-22,-20,-24,-18,-27,-17,-28,-15,-28,-14,-30,-14,-31,-11,-32,-10,-34,-8,-33,-10,-33,-10,-32,-10,-31,-9,-30,-9,-29,-8,-29,-10,-29,-10,-28,-11,-27,-13,-27,-13,-27,-12,-26,-15,-27,-16,-26,-16,-25,-16,-25,-16,-25]"
618031164111300,12.713262900,90231,1866156936,-50,-98,6,0,1,7,0,0,256,0,0,"[0,0,-13,-6,-13,-6,-12,-5,-12,-5,-12,-5,-11,-4,-11,-3,-11,-3,-10,-2,-10,-2,-10,-1,-10,-1,-9,-1,-10,0,-10,0,-10,0,-9,0,-9,0,-9,0,-9,0,-9,0,-8,0,-8,-1,-7,-1,-8,-2,-7,-2,0,0,0,0,0,0,0,0,0,0,0,0,0,0,0,0,0,0,0,0,0,0,-14,-5,-14,-6,-14,-7,-14,-8,-14,-8,-14,-10,-14,-10,-14,-11,-13,-11,-12,-11,-12,-11,-12,-11,-11,-11,-11,-10,-11,-10,-12,-9,-12,-9,-12,-8,-12,-8,-13,-7,-13,-7,-13,-7,-13,-7,-13,-6,-13,-7,-14,-6,0,0,-53,-23,-53,-23,-47,-22,-50,-21,-47,-17,-44,-13,-43,-12,-43,-10,-43,-9,-40,-5,-39,-5,-37,-5,-38,-2,-37,0,-39,1,-38,-1,-36,1,-35,2,-35,1,-37,2,-34,1,-31,0,-31,-2,-28,-4,-29,-5,-30,-4,-26,-6,-25,-9,0,0,0,0,0,0,0,0,0,0,0,0,0,0,-60,-10,-59,-18,-59,-22,-58,-24,-57,-29,-55,-31,-58,-35,-57,-37,-56,-40,-56,-42,-52,-43,-52,-45,-47,-44,-48,-45,-45,-42,-46,-41,-46,-38,-45,-37,-47,-37,-49,-34,-50,-31,-51,-29,-53,-26,-54,-28,-56,-26,-53,-27,-56,-26,-54,-23]"
618031184497400,12.733649000,90232,1866176654,-50,-98,6,0,1,7,0,0,256,0,0,"[0,0,-15,3,-14,2,-14,3,-13,3,-12,3,-12,3,-11,4,-11,4,-10,4,-10,4,-9,4,-9,4,-9,5,-8,5,-8,5,-8,5,-7,6,-8,5,-8,5,-8,5,-8,5,-7,4,-7,4,-7,3,-7,3,-7,2,0,0,0,0,0,0,0,0,0,0,0,0,0,0,0,0,0,0,0,0,0,0,-15,5,-16,4,-16,3,-17,3,-18,2,-18,1,-18,1,-18,-1,-19,-1,-18,-2,-18,-2,-17,-2,-17,-2,-16,-2,-16,-1,-16,-1,-16,0,-15,0,-16,1,-15,2,-15,2,-16,2,-16,3,-16,3,-15,2,-15,3,0,0,-28,7,-27,4,-26,6,-25,5,-23,6,-21,6,-21,7,-20,6,-20,8,-19,9,-18,9,-17,9,-16,9,-15,11,-15,11,-15,11,-14,10,-14,10,-14,10,-14,9,-14,9,-14,8,-13,7,-12,6,-13,6,-12,5,-12,5,-12,3,0,0,0,0,0,0,0,0,0,0,0,0,0,0,-26,12,-28,9,-29,6,-30,7,-31,5,-31,3,-33,2,-33,0,-34,0,-34,-2,-33,-3,-33,-5,-32,-5,-31,-5,-30,-5,-29,-3,-29,-2,-29,-2,-29,-1,-29,0,-28,1,-28,2,-29,3,-30,4,-30,4,-28,5,-29,4,-28,5]"
618031204141800,12.753293400,90233,1866202502,-50,-98,6,0,1,7,0,0,256,0,0,"[0,0,15,-2,14,-2,13,-2,14,-2,12,-2,12,-2,11,-3,11,-3,10,-3,10,-4,9,-5,9,-5,8,-5,8,-5,8,-6,8,-6,8,-6,8,-6,8,-6,8,-5,7,-5,7,-4,7,-4,7,-4,7,-3,7,-3,0,0,0,0,0,0,0,0,0,0,0,0,0,0,0,0,0,0,0,0,0,0,16,-3,16,-2,17,-2,16,-1,18,0,17,1,18,2,18,3,18,4,17,4,17,4,16,4,16,3,16,3,15,3,15,2,15,1,16,1,15,1,15,0,15,0,15,-1,16,-1,16,-2,15,-2,16,-2,0,0,27,-3,27,-3,24,-5,24,-4,23,-4,22,-5,21,-6,20,-7,19,-6,19,-8,17,-9,15,-9,15,-10,15,-10,15,-10,15,-11,14,-11,15,-10,14,-10,14,-9,15,-8,13,-9,12,-8,13,-7,12,-6,12,-6,12,-5,12,-3,0,0,0,0,0,0,0,0,0,0,0,0,0,0,26,-12,28,-8,29,-7,29,-5,31,-4,30,-2,32,-1,33,2,33,3,33,5,32,5,32,5,32,7,30,7,29,4,28,4,28,5,28,3,28,2,28,2,28,0,29,-1,28,-1,29,-3,30,-2,29,-2,29,-3,30,-4]"
618031225290000,12.774441600,90234,1866216684,-50,-98,6,0,1,7,0,0,256,0,0,"[0,0,-15,4,-15,3,-14,3,-14,3,-13,4,-12,4,-12,4,-11,4,-10,4,-10,5,-10,5,-9,5,-9,6,-8,6,-8,6,-8,6,-8,6,-8,6,-8,6,-8,5,-7,5,-7,4,-7,4,-7,4,-7,3,-7,3,0,0,0,0,0,0,0,0,0,0,0,0,0,0,0,0,0,0,0,0,0,0,-16,5,-17,4,-17,4,-17,3,-18,2,-19,1,-19,0,-19,-1,-19,-1,-18,-2,-18,-2,-18,-2,-17,-1,-16,-1,-17,-1,-16,0,-16,0,-16,1,-16,1,-16,2,-16,2,-16,2,-16,3,-16,3,-16,4,-16,3,0,0,-28,6,-27,6,-26,6,-25,6,-24,6,-23,8,-22,8,-20,7,-20,8,-17,9,-17,10,-16,11,-16,11,-15,10,-15,12,-14,11,-14,11,-15,10,-14,11,-15,10,-14,9,-13,9,-13,8,-13,7,-13,7,-12,5,-13,6,-13,5,0,0,0,0,0,0,0,0,0,0,0,0,0,0,-26,14,-28,11,-29,8,-30,7,-31,6,-32,4,-33,3,-34,1,-35,-2,-35,-3,-34,-3,-33,-4,-33,-3,-31,-3,-31,-3,-31,-2,-31,-2,-30,-2,-29,-1,-30,0,-30,2,-30,2,-30,4,-30,4,-30,5,-28,6,-29,7,-30,7]"
618031245484100,12.794635700,90235,1866236669,-50,-98,6,0,1,7,0,0,256,0,0,"[0,0,-15,-5,-14,-5,-14,-5,-14,-4,-13,-4,-13,-3,-12,-3,-12,-2,-12,-1,-12,-1,-11,0,-11,-1,-10,0,-10,0,-10,1,-10,0,-10,1,-10,1,-10,1,-10,0,-10,0,-9,0,-9,-1,-8,-1,-8,-1,-8,-1,0,0,0,0,0,0,0,0,0,0,0,0,0,0,0,0,0,0,0,0,0,0,-16,-4,-17,-5,-17,-5,-17,-7,-17,-8,-17,-8,-17,-10,-16,-10,-16,-11,-15,-11,-15,-11,-14,-11,-14,-10,-14,-10,-14,-9,-14,-9,-14,-8,-14,-8,-15,-7,-15,-7,-15,-7,-16,-6,-16,-6,-16,-6,-15,-5,-15,-6,0,0,-28,-7,-28,-8,-25,-7,-25,-7,-23,-5,-23,-4,-22,-2,-22,-1,-22,-1,-21,0,-20,1,-20,2,-19,2,-18,3,-19,3,-18,4,-18,3,-18,2,-18,4,-17,3,-17,3,-16,2,-16,1,-15,1,-14,0,-14,0,-13,-1,-12,-2,0,0,0,0,0,0,0,0,0,0,0,0,0,0,-30,-1,-30,-5,-30,-7,-29,-8,-31,-9,-30,-11,-31,-13,-30,-14,-31,-15,-30,-17,-29,-18,-28,-19,-26,-18,-27,-19,-26,-18,-24,-17,-25,-15,-26,-15,-26,-14,-26,-13,-25,-11,-28,-10,-28,-9,-29,-9,-29,-9,-28,-9,-28,-8,-29,-9]"
618031265359600,12.814511200,90236,1866256561,-50,-98,6,0,1,7,0,0,256,0,0,"[0,0,10,-11,10,-12,9,-11,9,-10,8,-11,7,-10,7,-10,6,-10,6,-10,5,-10,4,-10,4,-10,3,-10,3,-10,3,-10,3,-10,3,-9,3,-9,3,-9,3,-9,3,-8,3,-8,3,-8,3,-7,3,-7,4,-6,0,0,0,0,0,0,0,0,0,0,0,0,0,0,0,0,0,0,0,0,0,0,9,-14,10,-14,11,-13,12,-12,13,-13,14,-12,15,-11,15,-10,15,-10,15,-10,15,-9,14,-8,14,-9,13,-9,13,-9,13,-9,12,-9,12,-10,12,-10,12,-11,11,-11,11,-11,11,-12,11,-12,11,-12,11,-12,0,0,41,-36,42,-37,37,-34,38,-34,34,-31,31,-32,32,-32,28,-32,25,-33,23,-33,22,-34,19,-33,17,-33,15,-32,16,-35,14,-32,13,-33,14,-30,15,-30,14,-28,15,-29,18,-28,15,-26,15,-24,14,-23,14,-20,17,-21,18,-19,0,0,0,0,0,0,0,0,0,0,0,0,0,0,35,-49,40,-45,42,-41,43,-40,48,-40,49,-36,55,-38,55,-32,57,-32,62,-27,61,-27,63,-26,59,-24,58,-22,57,-21,53,-23,51,-23,52,-28,49,-28,50,-28,46,-29,46,-33,47,-34,46,-37,50,-35,47,-36,47,-35,46,-36]"
618031288160600,12.837312200,90237,1866277326,-50,-98,6,0,1,7,0,0,256,0,0,"[0,0,-11,-11,-11,-11,-11,-10,-10,-9,-10,-10,-10,-8,-10,-8,-10,-7,-10,-6,-9,-6,-10,-5,-10,-5,-10,-4,-10,-4,-10,-4,-10,-3,-9,-3,-10,-3,-9,-3,-9,-4,-9,-4,-8,-4,-8,-4,-7,-4,-7,-4,-7,-4,0,0,0,0,0,0,0,0,0,0,0,0,0,0,0,0,0,0,0,0,0,0,-13,-10,-13,-11,-12,-12,-12,-13,-11,-14,-11,-15,-11,-15,-10,-16,-9,-16,-9,-16,-9,-15,-8,-15,-8,-15,-8,-15,-9,-14,-9,-13,-9,-13,-9,-13,-10,-13,-10,-12,-11,-12,-11,-12,-11,-12,-12,-11,-12,-12,-12,-11,0,0,-31,-48,-28,-47,-29,-46,-29,-41,-29,-40,-28,-39,-29,-37,-29,-32,-30,-29,-29,-27,-32,-25,-31,-23,-30,-22,-31,-21,-31,-20,-32,-20,-31,-18,-32,-20,-31,-20,-28,-20,-26,-19,-25,-21,-23,-20,-24,-17,-23,-18,-21,-20,-18,-18,-17,-19,0,0,0,0,0,0,0,0,0,0,0,0,0,0,-42,-40,-40,-46,-38,-49,-33,-52,-31,-55,-28,-55,-25,-60,-25,-63,-22,-64,-18,-66,-15,-66,-16,-63,-17,-63,-16,-62,-16,-58,-16,-56,-16,-56,-18,-56,-19,-54,-21,-55,-23,-53,-24,-51,-25,-51,-29,-53,-30,-51,-31,-51,-32,-48,-33,-50]"
618031304854400,12.854006000,90238,1866297622,-50,-98,6,0,1,7,0,0,256,0,0,"[0,0,2,-15,1,-15,1,-14,1,-14,0,-13,0,-13,0,-12,-1,-12,-1,-11,-2,-11,-2,-11,-2,-10,-3,-10,-3,-10,-3,-10,-3,-10,-3,-10,-3,-9,-3,-9,-3,-9,-2,-9,-3,-9,-2,-8,-2,-8,-1,-8,-1,-7,0,0,0,0,0,0,0,0,0,0,0,0,0,0,0,0,0,0,0,0,0,0,0,-16,1,-17,2,-17,3,-17,4,-17,5,-17,5,-17,6,-17,6,-17,7,-16,7,-15,7,-15,7,-15,7,-15,6,-15,5,-15,5,-14,4,-15,4,-15,3,-15,2,-16,2,-16,3,-16,3,-16,2,-16,2,-16,0,0,1,-27,2,-28,1,-27,1,-26,-1,-25,-1,-24,-2,-24,-3,-22,-3,-21,-5,-19,-6,-19,-7,-20,-7,-18,-7,-18,-8,-18,-7,-17,-8,-18,-6,-16,-7,-16,-7,-17,-5,-16,-6,-16,-5,-15,-5,-15,-4,-14,-3,-13,-2,-15,-1,-14,0,0,0,0,0,0,0,0,0,0,0,0,0,0,-6,-30,-3,-30,0,-30,1,-31,3,-32,4,-32,7,-33,8,-33,9,-33,11,-33,11,-31,12,-32,12,-30,12,-30,11,-28,11,-28,10,-27,8,-28,8,-27,8,-27,5,-28,5,-29,5,-29,4,-30,3,-30,3,-30,2,-30,2,-30]"
618031324349800,12.873501400,90239,1866317089,-50,-98,6,0,1,7,0,0,256,0,0,"[0,0,-12,9,-11,8,-11,8,-10,7,-10,8,-9,7,-8,7,-8,7,-7,7,-7,7,-6,7,-6,8,-5,8,-5,8,-5,8,-5,8,-4,7,-4,8,-5,7,-5,7,-5,7,-5,6,-4,6,-4,6,-5,5,-5,5,0,0,0,0,0,0,0,0,0,0,0,0,0,0,0,0,0,0,0,0,0,0,-12,10,-13,10,-13,9,-14,9,-14,8,-16,8,-16,7,-16,6,-17,6,-16,5,-16,5,-15,5,-15,5,-15,5,-14,5,-14,5,-14,6,-13,6,-13,7,-13,7,-13,7,-13,8,-13,8,-12,9,-12,9,-12,8,0,0,-25,15,-24,15,-23,13,-22,14,-20,14,-19,14,-18,14,-17,13,-16,14,-14,13,-14,14,-12,15,-11,14,-11,15,-11,15,-10,15,-9,15,-9,14,-10,15,-11,14,-10,13,-9,13,-10,12,-9,12,-10,9,-9,9,-10,10,-10,8,0,0,0,0,0,0,0,0,0,0,0,0,0,0,-22,21,-25,18,-25,16,-26,14,-28,15,-29,13,-31,12,-31,11,-32,10,-34,8,-33,7,-34,7,-33,6,-32,5,-30,5,-29,6,-29,7,-28,8,-28,9,-28,9,-27,10,-27,12,-28,13,-27,13,-27,13,-27,14,-26,14,-26,14]"
618031344346000,12.893497600,90240,1866338582,-50,-98,6,0,1,7,0,0,256,0,0,"[0,0,12,-6,12,-6,11,-6,11,-5,10,-6,9,-6,9,-6,8,-6,8,-6,8,-6,7,-7,6,-7,6,-7,6,-7,6,-7,6,-7,5,-7,6,-7,6,-7,6,-6,6,-6,5,-6,5,-6,5,-5,5,-5,5,-4,0,0,0,0,0,0,0,0,0,0,0,0,0,0,0,0,0,0,0,0,0,0,13,-7,13,-7,14,-6,14,-5,15,-5,15,-4,16,-4,17,-3,16,-2,16,-2,16,-1,15,-1,14,-1,14,-2,14,-2,14,-3,14,-3,14,-3,13,-4,13,-5,13,-5,13,-6,14,-5,13,-6,13,-6,13,-6,0,0,26,-12,25,-11,24,-11,23,-11,22,-12,20,-12,19,-12,17,-12,16,-13,15,-13,14,-13,13,-13,13,-14,12,-14,12,-14,12,-15,11,-14,12,-14,12,-14,11,-12,11,-12,11,-12,10,-11,10,-10,11,-10,10,-9,11,-7,12,-5,0,0,0,0,0,0,0,0,0,0,0,0,0,0,24,-17,26,-15,27,-13,28,-12,29,-11,30,-10,31,-9,33,-7,33,-5,34,-5,33,-3,32,-3,31,-1,32,-2,30,-3,29,-3,29,-4,27,-4,29,-5,28,-7,28,-8,27,-9,27,-10,28,-10,29,-10,27,-11,28,-11,28,-11]"
618031369689300,12.918840900,90241,1866362418,-50,-98,6,0,1,7,0,0,256,0,0,"[0,0,-14,6,-13,6,-13,6,-13,6,-12,6,-11,6,-10,6,-9,6,-9,7,-9,7,-9,7,-8,6,-7,7,-7,7,-7,7,-6,7,-6,7,-6,7,-6,7,-6,6,-7,6,-6,6,-6,5,-6,5,-6,5,-6,4,0,0,0,0,0,0,0,0,0,0,0,0,0,0,0,0,0,0,0,0,0,0,-14,8,-15,8,-16,7,-16,6,-17,6,-18,5,-18,5,-19,4,-18,3,-18,2,-18,2,-17,2,-17,2,-16,2,-16,2,-16,3,-16,3,-16,4,-15,5,-15,5,-15,5,-15,6,-16,6,-15,6,-15,7,-14,6,0,0,-25,12,-25,12,-23,12,-23,11,-21,12,-20,12,-19,12,-19,12,-16,12,-16,11,-14,13,-14,14,-13,13,-12,13,-12,14,-12,14,-11,14,-12,15,-12,13,-12,12,-12,12,-11,10,-11,11,-11,10,-11,9,-11,7,-11,7,-12,6,0,0,0,0,0,0,0,0,0,0,0,0,0,0,-23,20,-25,17,-27,15,-28,14,-29,14,-30,12,-31,11,-32,9,-34,8,-34,7,-34,6,-34,4,-33,4,-32,4,-31,5,-29,5,-29,5,-28,5,-28,6,-28,7,-28,9,-27,9,-28,10,-28,11,-28,11,-27,11,-27,12,-27,13]"
618031385046000,12.934197600,90242,1866376954,-50,-98,6,0,1,7,0,0,256,0,0,"[0,0,8,-12,7,-12,6,-11,7,-11,6,-11,5,-10,5,-10,4,-10,4,-10,3,-10,2,-9,2,-9,1,-9,1,-10,1,-9,2,-9,1,-9,1,-9,2,-9,2,-9,2,-8,2,-8,1,-8,2,-7,2,-7,2,-7,0,0,0,0,0,0,0,0,0,0,0,0,0,0,0,0,0,0,0,0,0,0,6,-14,7,-14,8,-14,8,-14,9,-14,11,-13,12,-12,12,-12,13,-11,12,-11,11,-11,11,-11,11,-11,11,-11,10,-11,10,-11,10,-11,9,-11,9,-11,9,-11,9,-12,9,-12,8,-13,8,-13,7,-13,8,-12,0,0,39,-38,38,-39,37,-40,33,-35,31,-36,29,-37,27,-37,23,-36,23,-35,20,-35,17,-34,16,-35,15,-36,13,-35,14,-33,13,-33,12,-35,11,-34,11,-31,12,-31,14,-29,13,-29,14,-28,13,-26,13,-26,14,-22,14,-21,15,-20,0,0,0,0,0,0,0,0,0,0,0,0,0,0,27,-55,33,-50,37,-49,40,-45,43,-43,47,-45,49,-45,51,-41,54,-38,56,-36,57,-34,57,-32,56,-29,55,-30,52,-32,51,-30,50,-31,47,-31,48,-32,46,-34,45,-36,43,-37,42,-40,42,-41,43,-42,41,-43,43,-43,43,-42]"
618031403644400,12.952796000,90243,1866396763,-50,-98,6,0,1,7,0,0,256,0,0,"[0,0,-14,2,-13,2,-13,2,-12,2,-12,2,-11,2,-11,2,-10,3,-10,3,-9,3,-9,4,-8,4,-8,4,-8,5,-8,4,-8,5,-7,5,-8,5,-8,4,-8,4,-7,4,-7,3,-6,3,-6,3,-7,2,-7,2,0,0,0,0,0,0,0,0,0,0,0,0,0,0,0,0,0,0,0,0,0,0,-15,4,-16,3,-15,2,-17,2,-16,1,-18,0,-17,-1,-18,-1,-17,-2,-16,-2,-17,-3,-16,-2,-15,-2,-15,-2,-16,-2,-14,-1,-15,-1,-14,-1,-15,0,-14,1,-15,1,-15,1,-15,2,-15,2,-14,2,-15,2,0,0,-29,4,-28,3,-27,3,-26,4,-25,5,-22,7,-22,6,-20,7,-20,7,-20,8,-19,7,-17,8,-17,8,-16,10,-16,9,-16,9,-15,10,-16,10,-15,8,-15,9,-14,8,-14,7,-14,7,-14,6,-14,4,-13,4,-13,4,-14,2,0,0,0,0,0,0,0,0,0,0,0,0,0,0,-28,12,-30,9,-30,6,-31,6,-32,6,-32,3,-34,0,-35,-1,-34,0,-36,-2,-35,-5,-34,-6,-33,-7,-32,-7,-30,-7,-29,-6,-29,-4,-30,-3,-30,-3,-30,-2,-29,1,-29,2,-29,2,-29,3,-31,2,-30,3,-29,2,-31,4]"
618031423666700,12.972818300,90244,1866417229,-50,-98,6,0,1,7,0,0,256,0,0,"[0,0,12,8,12,8,11,7,11,7,11,6,11,6,10,5,10,4,10,4,10,3,9,3,9,2,9,2,9,1,9,1,9,1,9,1,9,1,9,1,9,1,8,1,8,2,7,2,7,2,7,2,6,2,0,0,0,0,0,0,0,0,0,0,0,0,0,0,0,0,0,0,0,0,0,0,14,7,14,8,14,9,14,10,13,11,13,11,13,12,12,13,12,13,10,13,10,13,10,13,9,13,10,12,10,11,10,11,10,11,11,10,11,10,12,10,12,9,12,9,13,9,13,9,13,9,13,8,0,0,48,27,46,23,48,25,45,23,44,21,42,18,40,17,40,14,38,12,37,9,37,5,37,5,37,4,38,3,37,1,38,0,34,1,37,1,35,1,34,3,32,4,30,5,28,7,27,6,28,7,27,7,23,7,24,10,0,0,0,0,0,0,0,0,0,0,0,0,0,0,56,13,57,19,55,23,56,27,56,28,55,33,52,36,54,40,52,42,51,46,50,47,45,47,44,46,43,47,42,44,42,41,43,42,42,38,45,37,44,35,46,35,48,32,49,33,50,32,50,29,51,30,52,29,54,30]"
618031445085500,12.994237100,90245,1866436622,-50,-98,6,0,1,7,0,0,256,0,0,"[0,0,14,-6,13,-5,13,-6,12,-5,12,-6,11,-5,10,-5,10,-6,9,-6,9,-7,8,-7,7,-7,7,-7,7,-7,7,-7,7,-8,6,-7,6,-7,6,-7,6,-6,6,-6,6,-6,5,-6,5,-5,6,-5,6,-4,0,0,0,0,0,0,0,0,0,0,0,0,0,0,0,0,0,0,0,0,0,0,14,-7,15,-7,15,-6,16,-5,17,-4,18,-4,18,-3,18,-2,18,-1,17,-1,17,-1,17,-1,16,-1,16,-1,16,-2,15,-2,15,-2,15,-3,15,-4,15,-4,15,-4,15,-5,15,-5,14,-6,14,-6,15,-6,0,0,27,-7,25,-8,25,-8,24,-7,22,-8,21,-8,20,-8,19,-9,18,-9,17,-10,16,-10,15,-12,14,-12,14,-12,14,-11,14,-11,13,-12,13,-12,13,-10,14,-10,13,-9,13,-9,12,-9,11,-9,12,-7,12,-6,12,-6,11,-5,0,0,0,0,0,0,0,0,0,0,0,0,0,0,26,-15,26,-13,29,-10,30,-9,30,-8,31,-6,33,-5,34,-3,35,-1,34,1,34,2,33,2,32,2,31,2,30,2,29,0,30,0,28,0,29,-1,28,-2,29,-4,29,-4,28,-5,29,-6,30,-6,29,-8,28,-7,29,-7]"
618031470739500,13.019891100,90246,1866461351,-50,-98,6,0,1,7,0,0,256,0,0,"[0,0,2,-15,2,-15,1,-14,1,-14,1,-13,1,-13,0,-13,0,-12,0,-11,-1,-12,-1,-11,-2,-11,-3,-10,-3,-10,-3,-10,-2,-10,-3,-10,-3,-10,-2,-10,-2,-9,-2,-9,-2,-9,-2,-9,-1,-8,-1,-8,0,-7,0,0,0,0,0,0,0,0,0,0,0,0,0,0,0,0,0,0,0,0,0,0,0,-17,2,-16,2,-18,3,-17,4,-18,5,-17,6,-18,7,-17,7,-17,8,-17,7,-16,7,-15,7,-15,7,-15,6,-15,5,-15,5,-14,5,-16,4,-15,4,-16,4,-15,3,-16,3,-16,2,-16,2,-16,3,-16,0,0,4,-29,2,-29,3,-27,3,-25,1,-25,1,-24,0,-22,0,-22,-1,-21,-2,-20,-3,-19,-4,-20,-4,-20,-5,-19,-5,-19,-5,-18,-5,-19,-5,-18,-5,-17,-4,-17,-4,-16,-3,-16,-3,-16,-3,-14,-1,-14,-1,-13,0,-14,1,-13,0,0,0,0,0,0,0,0,0,0,0,0,0,0,-5,-31,-1,-31,1,-31,3,-30,4,-32,5,-31,9,-33,10,-33,11,-33,12,-32,13,-31,13,-31,14,-29,13,-29,13,-28,12,-28,11,-27,10,-27,10,-27,9,-28,8,-29,6,-29,6,-29,5,-31,5,-30,5,-31,3,-30,4,-30]"
618031487006200,13.036157800,90247,1866479354,-50,-98,6,0,1,7,0,0,256,0,0,"[0,0,6,-14,5,-14,5,-13,5,-13,4,-13,4,-12,3,-12,3,-12,2,-11,1,-11,1,-11,0,-11,0,-11,0,-10,-1,-10,0,-10,-1,-10,0,-10,0,-10,0,-10,0,-9,0,-9,0,-9,1,-8,1,-8,1,-8,0,0,0,0,0,0,0,0,0,0,0,0,0,0,0,0,0,0,0,0,0,0,5,-16,6,-16,7,-16,7,-16,8,-16,10,-16,11,-15,11,-15,12,-15,12,-15,12,-13,11,-13,11,-13,11,-13,10,-13,9,-13,9,-13,9,-13,8,-14,7,-14,7,-14,7,-15,7,-16,7,-15,6,-15,7,-15,0,0,20,-51,14,-53,15,-52,14,-46,12,-48,11,-46,10,-43,8,-42,7,-39,3,-40,1,-39,-1,-38,-3,-38,-3,-38,-3,-36,-4,-37,-5,-36,-4,-35,-4,-35,-1,-34,-2,-32,1,-32,0,-32,0,-28,1,-27,3,-27,4,-26,8,-26,0,0,0,0,0,0,0,0,0,0,0,0,0,0,1,-60,8,-60,12,-59,18,-60,20,-59,24,-60,27,-61,32,-61,34,-58,36,-55,38,-55,38,-53,38,-51,38,-52,36,-49,32,-49,33,-50,31,-49,28,-49,27,-51,26,-53,24,-54,21,-53,21,-54,20,-55,19,-56,18,-57,20,-56]"
618031506092200,13.055243800,90248,1866496740,-50,-98,6,0,1,7,0,0,256,0,0,"[0,0,-1,-16,-2,-15,-1,-15,-1,-14,-2,-14,-2,-13,-2,-12,-3,-12,-3,-11,-3,-11,-4,-11,-4,-10,-4,-10,-5,-10,-5,-9,-5,-9,-5,-9,-5,-9,-4,-8,-4,-9,-4,-8,-3,-9,-3,-8,-3,-8,-2,-8,-2,-7,0,0,0,0,0,0,0,0,0,0,0,0,0,0,0,0,0,0,0,0,0,0,-3,-16,-3,-17,-2,-18,-1,-18,0,-19,1,-19,2,-19,3,-19,3,-19,4,-18,4,-17,4,-17,4,-17,3,-16,3,-16,2,-16,2,-16,1,-16,1,-16,0,-16,0,-16,-1,-16,-1,-16,-1,-16,-1,-17,-1,-16,0,0,-4,-28,-5,-28,-5,-27,-5,-26,-5,-25,-6,-24,-6,-22,-7,-22,-8,-19,-9,-18,-9,-18,-10,-17,-10,-17,-10,-17,-11,-16,-10,-16,-11,-17,-10,-15,-10,-15,-9,-15,-9,-15,-7,-14,-7,-14,-8,-14,-7,-13,-6,-12,-5,-13,-4,-13,0,0,0,0,0,0,0,0,0,0,0,0,0,0,-14,-28,-11,-30,-8,-30,-6,-30,-4,-32,-4,-32,-3,-34,0,-34,2,-35,2,-35,4,-34,4,-33,4,-33,4,-32,3,-31,3,-30,2,-30,2,-30,1,-30,0,-30,-1,-31,-2,-30,-3,-30,-3,-31,-4,-30,-5,-30,-5,-29,-5,-30]"
618031522938300,13.072089900,90249,1866516659,-50,-98,6,0,1,7,0,0,256,0,0,"[0,0,14,4,14,3,13,2,13,2,12,2,12,1,11,1,11,0,11,0,10,-1,10,-1,10,-1,9,-2,9,-2,9,-2,9,-3,9,-2,9,-2,9,-2,8,-2,8,-2,8,-1,8,-1,7,-1,7,-1,7,0,0,0,0,0,0,0,0,0,0,0,0,0,0,0,0,0,0,0,0,0,0,0,16,2,16,3,16,4,16,4,16,6,16,7,16,8,16,8,16,9,15,9,14,9,14,9,14,8,13,8,13,8,13,7,13,6,14,6,14,6,14,5,14,4,15,4,15,4,15,4,15,4,15,3,0,0,26,8,26,7,25,8,24,5,24,5,22,3,20,3,20,2,21,1,20,0,19,-1,18,-1,18,-2,18,-3,18,-3,18,-3,17,-3,18,-4,17,-2,17,-2,16,-2,15,-2,14,-2,14,-1,14,0,13,1,12,1,11,3,0,0,0,0,0,0,0,0,0,0,0,0,0,0,29,1,29,4,30,7,30,8,28,9,30,11,29,12,30,15,30,16,29,16,28,18,27,18,26,19,25,18,24,17,24,17,25,15,25,14,25,14,25,14,26,13,27,10,27,9,28,9,29,10,27,9,28,9,29,8]"
618031545669200,13.094820800,90250,1866538390,-50,-98,6,0,1,7,0,0,256,0,0,"[0,0,10,-10,9,-10,9,-9,9,-9,8,-9,7,-9,7,-9,6,-9,6,-9,5,-9,5,-9,4,-9,4,-9,3,-9,3,-9,3,-9,3,-9,3,-9,3,-9,3,-8,3,-8,3,-8,3,-7,3,-7,3,-6,3,-6,0,0,0,0,0,0,0,0,0,0,0,0,0,0,0,0,0,0,0,0,0,0,10,-12,11,-11,12,-11,11,-10,13,-11,14,-10,14,-9,15,-9,15,-8,15,-7,15,-7,14,-6,14,-7,13,-7,13,-7,13,-8,12,-8,12,-9,12,-9,11,-10,11,-10,11,-10,12,-10,11,-10,11,-10,11,-10,0,0,33,-42,33,-44,31,-40,31,-40,28,-36,24,-38,23,-36,21,-36,19,-36,15,-35,13,-36,13,-35,10,-36,8,-37,9,-35,8,-34,5,-34,9,-33,7,-32,8,-31,9,-30,9,-29,9,-28,9,-27,10,-25,9,-24,12,-23,13,-21,0,0,0,0,0,0,0,0,0,0,0,0,0,0,24,-53,29,-51,34,-49,37,-47,41,-47,40,-44,46,-46,52,-42,51,-41,53,-39,56,-35,54,-36,54,-33,53,-34,50,-31,48,-32,47,-35,46,-34,44,-35,44,-35,40,-37,39,-42,39,-40,39,-43,39,-44,38,-45,38,-46,38,-44]"
618031574938500,13.124090100,90251,1866564846,-50,-98,6,0,1,7,0,0,256,0,0,"[0,0,-15,-5,-14,-5,-14,-5,-13,-4,-13,-4,-12,-4,-12,-3,-11,-3,-11,-2,-11,-1,-11,-1,-11,-1,-10,0,-10,0,-10,0,-10,1,-9,0,-10,0,-9,0,-9,0,-9,0,-8,-1,-8,-1,-8,-1,-8,-1,-7,-2,0,0,0,0,0,0,0,0,0,0,0,0,0,0,0,0,0,0,0,0,0,0,-16,-4,-16,-5,-16,-6,-16,-7,-16,-8,-16,-9,-16,-10,-15,-11,-15,-10,-14,-11,-14,-11,-14,-10,-14,-10,-13,-10,-13,-9,-13,-8,-14,-8,-14,-8,-14,-8,-14,-7,-14,-7,-14,-6,-15,-6,-15,-6,-15,-5,-15,-5,0,0,-57,-17,-52,-16,-50,-15,-50,-12,-47,-12,-46,-9,-44,-7,-41,-5,-44,-4,-40,-2,-40,0,-38,3,-36,3,-38,5,-35,5,-37,5,-35,5,-35,6,-35,4,-36,5,-32,3,-30,2,-30,1,-28,2,-28,-1,-27,-1,-25,-3,-26,-5,0,0,0,0,0,0,0,0,0,0,0,0,0,0,-60,0,-60,-6,-61,-11,-63,-15,-59,-19,-60,-23,-61,-25,-63,-29,-60,-33,-61,-33,-58,-38,-56,-35,-56,-35,-54,-37,-52,-33,-53,-32,-53,-34,-49,-30,-53,-29,-50,-26,-53,-22,-54,-22,-53,-18,-57,-22,-55,-18,-56,-17,-57,-16,-58,-17]"
618031588226100,13.137377700,90252,1866576881,-50,-98,6,0,1,7,0,0,256,0,0,"[0,0,-16,2,-15,3,-14,3,-15,3,-13,3,-12,3,-12,3,-11,3,-11,4,-11,4,-10,5,-9,5,-9,5,-9,5,-9,5,-8,5,-8,5,-8,5,-9,5,-8,4,-8,4,-7,4,-8,3,-7,3,-8,3,-7,2,0,0,0,0,0,0,0,0,0,0,0,0,0,0,0,0,0,0,0,0,0,0,-16,5,-17,4,-18,4,-17,3,-19,2,-19,0,-19,0,-19,-1,-19,-1,-19,-2,-18,-2,-18,-2,-17,-2,-17,-2,-16,-2,-16,0,-16,0,-17,0,-16,1,-16,1,-16,1,-16,2,-17,2,-16,2,-16,3,-16,2,0,0,-28,7,-26,7,-26,7,-24,7,-24,8,-22,8,-21,9,-19,8,-19,8,-18,9,-16,10,-16,11,-14,11,-15,12,-14,11,-14,12,-14,11,-15,12,-14,11,-14,10,-14,9,-13,9,-13,8,-11,8,-13,7,-13,6,-11,5,-12,4,0,0,0,0,0,0,0,0,0,0,0,0,0,0,-25,15,-28,13,-29,11,-30,10,-30,7,-32,7,-32,5,-35,4,-34,1,-35,0,-34,-1,-33,0,-33,0,-31,-2,-32,-1,-30,0,-31,0,-29,0,-31,2,-29,3,-30,4,-28,5,-29,5,-29,5,-29,7,-29,8,-28,8,-29,8]"
618031605002300,13.154153900,90253,1866598990,-50,-98,6,0,1,7,0,0,256,0,0,"[0,0,0,13,1,13,1,13,1,12,1,11,1,11,2,10,2,10,2,9,3,9,3,8,3,8,4,8,4,8,4,8,4,7,4,7,3,7,3,7,3,7,3,7,3,7,2,6,2,6,1,6,1,6,0,0,0,0,0,0,0,0,0,0,0,0,0,0,0,0,0,0,0,0,0,0,2,14,1,15,1,15,1,15,-1,16,-1,16,-2,16,-3,16,-4,16,-4,16,-4,15,-4,15,-4,14,-3,14,-3,14,-3,14,-2,14,-2,14,-1,14,-1,14,0,14,0,14,0,14,1,14,1,14,1,14,0,0,3,28,4,27,3,26,4,24,3,24,5,22,5,21,5,20,7,20,6,18,8,17,8,17,9,17,10,15,9,15,9,15,9,15,9,15,9,15,8,14,7,13,7,13,6,13,5,12,5,12,4,12,3,12,2,12,0,0,0,0,0,0,0,0,0,0,0,0,0,0,12,27,9,29,7,29,5,30,4,32,3,31,1,33,-1,34,-2,33,-3,34,-6,33,-7,33,-6,32,-7,31,-6,30,-5,29,-4,30,-3,28,-2,29,-1,29,0,29,0,28,1,29,2,29,2,29,3,30,3,30,3,29]"
618031624087500,13.173239100,90254,1866616523,-50,-98,6,0,1,7,0,0,256,0,0,"[0,0,-5,-15,-5,-15,-5,-14,-5,-13,-5,-13,-5,-12,-5,-11,-5,-11,-6,-10,-6,-10,-6,-9,-7,-9,-7,-9,-6,-8,-7,-8,-7,-8,-7,-8,-7,-8,-7,-8,-6,-7,-6,-8,-5,-8,-5,-7,-5,-7,-4,-7,-4,-7,0,0,0,0,0,0,0,0,0,0,0,0,0,0,0,0,0,0,0,0,0,0,-7,-15,-6,-16,-6,-16,-5,-17,-4,-18,-4,-18,-2,-19,-1,-19,-1,-19,0,-18,-1,-18,0,-17,-1,-17,-1,-17,-1,-16,-2,-16,-2,-16,-3,-16,-3,-16,-3,-16,-4,-16,-5,-16,-4,-16,-5,-16,-5,-16,-5,-16,0,0,-6,-28,-6,-28,-6,-26,-7,-25,-7,-25,-7,-23,-7,-22,-7,-21,-8,-19,-11,-18,-11,-16,-11,-16,-12,-16,-11,-15,-12,-15,-11,-14,-11,-14,-12,-14,-11,-14,-10,-14,-10,-13,-8,-13,-8,-13,-8,-13,-8,-13,-6,-12,-5,-12,-4,-12,0,0,0,0,0,0,0,0,0,0,0,0,0,0,-15,-27,-12,-29,-10,-29,-8,-29,-7,-33,-5,-31,-5,-35,-2,-34,0,-34,2,-35,3,-34,3,-35,2,-34,2,-31,1,-31,0,-30,2,-29,-1,-30,-1,-28,-2,-31,-2,-28,-3,-30,-3,-29,-5,-30,-6,-30,-7,-30,-7,-29,-7,-28]"
618031644528600,13.193680200,90255,1866636882,-50,-98,6,0,1,7,0,0,256,0,0,"[0,0,-5,-14,-5,-14,-5,-14,-5,-13,-5,-13,-5,-12,-5,-11,-6,-11,-6,-9,-6,-9,-6,-9,-7,-9,-7,-8,-7,-8,-7,-7,-7,-8,-6,-7,-7,-7,-7,-7,-6,-7,-6,-7,-5,-7,-5,-7,-5,-7,-5,-7,-4,-7,0,0,0,0,0,0,0,0,0,0,0,0,0,0,0,0,0,0,0,0,0,0,-7,-15,-7,-16,-6,-16,-5,-17,-4,-17,-4,-18,-3,-18,-2,-18,-1,-18,-1,-18,-1,-18,-1,-17,-1,-17,-1,-16,-1,-17,-2,-15,-3,-16,-3,-15,-3,-16,-4,-15,-4,-16,-5,-16,-5,-15,-5,-15,-5,-15,-5,-15,0,0,-8,-28,-8,-28,-8,-26,-8,-24,-8,-24,-9,-22,-9,-22,-9,-20,-10,-19,-11,-18,-12,-17,-12,-16,-12,-16,-12,-15,-12,-15,-12,-14,-12,-15,-13,-14,-13,-14,-11,-13,-10,-13,-10,-14,-8,-14,-8,-13,-7,-12,-8,-12,-6,-13,-4,-13,0,0,0,0,0,0,0,0,0,0,0,0,0,0,-17,-26,-14,-28,-12,-29,-10,-30,-10,-32,-8,-32,-7,-34,-5,-34,-4,-35,-3,-35,-1,-35,-1,-35,0,-33,0,-32,1,-31,-1,-31,-1,-30,-2,-31,-3,-30,-3,-30,-4,-29,-6,-29,-7,-29,-8,-31,-8,-30,-8,-29,-8,-30,-8,-29]"
618031664883200,13.214034800,90256,1866656683,-50,-98,6,0,1,7,0,0,256,0,0,"[0,0,-7,14,-7,13,-7,13,-6,12,-6,12,-5,11,-4,11,-4,10,-3,10,-3,9,-2,10,-1,10,-1,10,-1,10,-1,9,-1,9,0,9,-1,9,-1,9,-1,9,-1,8,-2,8,-2,7,-1,7,-2,7,-2,6,0,0,0,0,0,0,0,0,0,0,0,0,0,0,0,0,0,0,0,0,0,0,-7,15,-8,15,-8,15,-9,15,-10,14,-12,14,-12,13,-13,13,-13,13,-13,12,-13,12,-13,11,-12,12,-12,11,-12,12,-11,11,-11,12,-10,12,-9,12,-9,13,-8,13,-9,13,-8,14,-8,14,-8,14,-7,14,0,0,-32,47,-29,47,-29,44,-25,44,-24,43,-22,41,-20,42,-18,39,-16,40,-12,38,-11,37,-9,39,-7,36,-6,37,-5,36,-5,35,-3,35,-6,34,-4,34,-8,34,-7,32,-9,29,-10,30,-9,26,-10,25,-10,25,-10,23,-13,23,0,0,0,0,0,0,0,0,0,0,0,0,0,0,-20,57,-27,53,-29,53,-33,54,-38,54,-38,50,-43,50,-45,48,-48,47,-51,45,-51,43,-53,43,-52,40,-51,39,-49,39,-48,38,-46,40,-42,40,-41,40,-41,42,-39,44,-37,46,-36,48,-38,48,-35,48,-34,50,-34,50,-33,48]"
618031686747100,13.235898700,90257,1866678967,-49,-98,6,0,1,7,0,0,256,0,0,"[0,0,-16,-1,-16,-1,-14,-1,-14,0,-14,0,-13,0,-13,1,-12,1,-11,1,-11,2,-11,3,-10,3,-10,3,-9,3,-10,3,-10,3,-9,3,-9,3,-9,3,-9,3,-9,3,-9,2,-8,2,-8,2,-8,2,-8,1,0,0,0,0,0,0,0,0,0,0,0,0,0,0,0,0,0,0,0,0,0,0,-17,2,-17,0,-18,-1,-17,-1,-18,-2,-19,-3,-18,-5,-18,-5,-18,-6,-18,-6,-17,-6,-17,-5,-16,-5,-16,-5,-16,-5,-16,-4,-16,-4,-16,-3,-16,-3,-16,-2,-16,-2,-16,-2,-17,-1,-17,-1,-16,0,-16,0,0,0,-30,2,-28,3,-27,3,-26,3,-24,3,-23,3,-22,3,-21,4,-20,5,-20,6,-19,7,-18,8,-16,8,-17,8,-17,9,-16,9,-15,10,-16,9,-16,8,-15,7,-16,7,-14,6,-14,5,-14,6,-13,5,-13,4,-13,3,-13,3,0,0,0,0,0,0,0,0,0,0,0,0,0,0,-28,10,-30,7,-31,5,-31,2,-32,2,-32,0,-34,-1,-35,-3,-34,-5,-35,-8,-33,-8,-33,-8,-33,-7,-32,-8,-30,-8,-30,-6,-29,-6,-29,-5,-28,-4,-30,-3,-28,-2,-30,-2,-30,-1,-30,0,-30,0,-30,3,-29,2,-30,2]"
618031708361900,13.257513500,90258,1866697282,-50,-98,6,0,1,7,0,0,256,0,0,"[0,0,-9,-12,-9,-11,-8,-11,-8,-10,-8,-10,-8,-9,-8,-9,-8,-8,-8,-7,-8,-7,-8,-6,-8,-6,-8,-6,-8,-6,-8,-5,-8,-5,-8,-5,-8,-5,-8,-5,-7,-5,-7,-5,-7,-5,-6,-5,-6,-5,-6,-5,-5,-5,0,0,0,0,0,0,0,0,0,0,0,0,0,0,0,0,0,0,0,0,0,0,-11,-11,-11,-12,-10,-13,-10,-14,-9,-14,-9,-15,-8,-15,-7,-16,-7,-16,-6,-16,-6,-16,-6,-15,-6,-15,-6,-14,-6,-14,-7,-13,-6,-13,-7,-13,-7,-13,-8,-13,-8,-12,-8,-13,-9,-13,-9,-12,-9,-12,-9,-12,0,0,-31,-50,-28,-48,-28,-45,-28,-45,-27,-42,-28,-39,-28,-38,-28,-33,-30,-31,-30,-28,-27,-27,-28,-27,-30,-25,-30,-22,-32,-21,-32,-21,-30,-20,-31,-22,-29,-21,-28,-21,-27,-22,-24,-22,-22,-22,-22,-21,-20,-21,-18,-22,-16,-22,-15,-22,0,0,0,0,0,0,0,0,0,0,0,0,0,0,-43,-40,-39,-46,-37,-50,-35,-53,-34,-55,-30,-55,-28,-62,-27,-63,-24,-66,-22,-65,-20,-66,-17,-66,-14,-66,-13,-63,-11,-61,-15,-59,-17,-58,-20,-57,-20,-53,-21,-52,-24,-55,-25,-52,-27,-53,-28,-53,-29,-52,-29,-54,-28,-53,-31,-52]"
618031724795700,13.273947300,90259,1866718275,-50,-98,6,0,1,7,0,0,256,0,0,"[0,0,-3,-15,-4,-15,-3,-14,-4,-14,-4,-13,-4,-13,-4,-12,-4,-11,-5,-11,-5,-10,-5,-10,-6,-10,-6,-9,-6,-9,-6,-8,-6,-8,-7,-8,-6,-8,-6,-8,-5,-8,-5,-8,-5,-8,-4,-8,-4,-7,-4,-7,-3,-7,0,0,0,0,0,0,0,0,0,0,0,0,0,0,0,0,0,0,0,0,0,0,-6,-16,-5,-17,-4,-17,-3,-17,-3,-18,-2,-19,-1,-18,0,-19,1,-19,1,-19,1,-18,1,-17,1,-17,1,-17,0,-17,0,-16,-1,-16,-1,-16,-2,-16,-2,-16,-2,-16,-3,-16,-3,-16,-4,-16,-4,-16,-4,-16,0,0,-7,-26,-7,-26,-7,-26,-7,-24,-8,-24,-9,-23,-8,-21,-9,-20,-9,-17,-10,-17,-10,-17,-11,-16,-12,-16,-12,-15,-12,-14,-12,-15,-12,-14,-12,-14,-11,-13,-11,-13,-10,-13,-9,-13,-9,-12,-8,-13,-7,-12,-7,-13,-5,-12,-4,-13,0,0,0,0,0,0,0,0,0,0,0,0,0,0,-14,-25,-12,-28,-10,-28,-9,-30,-7,-31,-5,-31,-4,-33,-3,-33,-2,-33,1,-34,1,-33,1,-34,2,-32,2,-31,3,-30,2,-30,0,-29,-2,-28,-2,-29,-2,-28,-3,-29,-5,-29,-5,-29,-6,-29,-6,-29,-7,-29,-7,-29,-7,-29]"
618031743182400,13.292334000,90260,1866738932,-50,-98,6,0,1,7,0,0,256,0,0,"[0,0,4,-14,3,-15,3,-14,3,-13,2,-13,2,-12,2,-13,1,-12,1,-12,0,-11,-1,-11,-1,-11,-2,-10,-2,-10,-2,-10,-2,-10,-2,-10,-2,-10,-1,-10,-1,-9,-1,-9,-1,-9,-1,-8,-1,-8,0,-8,0,-8,0,0,0,0,0,0,0,0,0,0,0,0,0,0,0,0,0,0,0,0,0,0,2,-16,3,-16,4,-16,5,-16,6,-17,7,-17,8,-16,9,-16,9,-16,9,-15,9,-14,9,-14,9,-14,8,-14,8,-14,7,-14,7,-14,6,-14,6,-15,5,-15,5,-15,5,-15,5,-15,4,-16,3,-15,4,-15,0,0,7,-27,6,-27,6,-26,6,-24,5,-23,4,-23,4,-23,3,-21,2,-21,0,-20,-2,-19,-2,-19,-3,-19,-2,-18,-2,-18,-3,-17,-4,-18,-3,-17,-2,-18,-2,-17,-2,-16,-1,-16,0,-16,-1,-16,0,-14,0,-13,1,-13,2,-13,0,0,0,0,0,0,0,0,0,0,0,0,0,0,0,-30,3,-30,5,-30,7,-29,8,-31,9,-30,11,-31,14,-30,15,-30,17,-29,18,-28,17,-27,17,-27,16,-26,16,-26,15,-26,15,-26,14,-26,13,-25,13,-26,10,-26,11,-27,10,-28,9,-29,10,-28,8,-29,7,-28,8,-27]"
618031764647800,13.313799400,90261,1866756584,-50,-98,6,0,1,7,0,0,256,0,0,"[0,0,12,-10,11,-10,10,-9,10,-9,10,-9,9,-9,8,-9,8,-9,7,-9,7,-9,6,-9,5,-9,5,-9,4,-9,5,-9,5,-9,4,-9,5,-9,5,-9,5,-8,5,-8,4,-8,5,-7,4,-7,4,-6,5,-6,0,0,0,0,0,0,0,0,0,0,0,0,0,0,0,0,0,0,0,0,0,0,10,-13,12,-13,12,-12,13,-11,14,-11,15,-10,15,-10,16,-9,16,-8,15,-8,16,-7,15,-7,15,-7,14,-7,14,-7,13,-8,13,-8,13,-8,13,-9,13,-9,13,-9,13,-10,12,-10,12,-11,12,-10,12,-11,0,0,18,-21,18,-22,16,-22,16,-20,15,-21,13,-20,13,-19,11,-19,10,-18,10,-18,8,-18,7,-19,6,-18,5,-18,6,-18,6,-19,5,-18,5,-18,5,-17,6,-17,6,-16,5,-15,6,-15,6,-14,6,-12,6,-12,8,-12,8,-12,0,0,0,0,0,0,0,0,0,0,0,0,0,0,13,-27,17,-26,17,-24,19,-23,20,-25,22,-22,24,-22,26,-21,26,-21,29,-20,27,-18,29,-17,28,-16,28,-15,27,-15,25,-15,25,-16,23,-18,22,-19,22,-18,22,-18,20,-20,21,-21,19,-22,22,-22,21,-23,20,-22,21,-22]"
618031785580200,13.334731800,90262,1866776657,-50,-98,6,0,1,7,0,0,256,0,0,"[0,0,-4,-15,-4,-15,-4,-15,-4,-13,-4,-14,-4,-13,-5,-12,-5,-12,-5,-11,-5,-10,-6,-10,-6,-9,-6,-9,-6,-9,-6,-8,-6,-8,-6,-8,-6,-8,-6,-8,-5,-8,-5,-8,-5,-8,-4,-8,-4,-8,-4,-7,-4,-7,0,0,0,0,0,0,0,0,0,0,0,0,0,0,0,0,0,0,0,0,0,0,-6,-16,-5,-17,-5,-17,-4,-17,-3,-18,-2,-19,-1,-19,0,-19,0,-19,1,-18,1,-18,1,-17,1,-17,1,-17,0,-17,-1,-16,-1,-16,-1,-16,-2,-16,-2,-16,-3,-16,-3,-16,-3,-16,-4,-16,-4,-16,-4,-16,0,0,-7,-28,-7,-27,-6,-26,-7,-24,-7,-24,-7,-22,-8,-21,-8,-20,-9,-19,-9,-17,-10,-17,-11,-17,-11,-15,-11,-16,-10,-15,-11,-14,-12,-16,-12,-14,-11,-14,-11,-14,-10,-13,-9,-13,-8,-13,-8,-13,-6,-13,-6,-12,-5,-12,-4,-13,0,0,0,0,0,0,0,0,0,0,0,0,0,0,-14,-26,-12,-28,-10,-29,-8,-30,-6,-31,-5,-31,-5,-33,-3,-33,0,-34,1,-34,2,-34,2,-33,2,-31,2,-31,1,-31,1,-30,1,-30,1,-29,0,-27,-1,-29,-3,-29,-3,-29,-4,-29,-5,-30,-6,-29,-6,-30,-7,-29,-7,-28]"
618031804173400,13.353325000,90263,1866797878,-50,-98,6,0,1,7,0,0,256,0,0,"[0,0,9,9,9,9,9,9,8,8,8,8,9,7,8,7,8,6,8,5,8,5,8,4,8,4,8,4,8,3,8,3,8,3,8,3,8,3,8,3,7,3,6,3,6,3,6,3,6,3,5,3,5,3,0,0,0,0,0,0,0,0,0,0,0,0,0,0,0,0,0,0,0,0,0,0,12,8,11,9,11,10,10,11,10,12,10,12,9,13,8,14,8,13,8,14,7,13,7,13,7,13,7,12,7,12,7,11,7,11,8,11,8,11,9,11,9,11,9,11,9,10,10,10,9,10,10,10,0,0,42,34,41,33,39,34,37,32,38,29,37,26,37,26,35,22,35,19,36,17,35,15,33,13,34,12,34,11,35,9,34,10,32,9,34,8,31,8,31,10,29,10,28,13,26,11,24,12,26,9,23,12,21,14,19,15,0,0,0,0,0,0,0,0,0,0,0,0,0,0,52,22,50,28,48,30,47,36,46,40,43,43,45,45,41,47,41,51,38,53,36,56,34,53,35,53,33,50,31,49,31,47,32,46,34,44,33,44,36,42,36,42,40,39,38,42,39,41,43,39,43,38,46,37,45,37]"
618031823324100,13.372475700,90264,1866816540,-50,-98,6,0,1,7,0,0,256,0,0,"[0,0,3,13,2,13,3,12,3,11,3,12,3,11,3,10,3,10,4,9,4,8,4,8,4,7,5,7,5,7,5,7,5,7,5,7,5,7,4,6,4,6,4,6,4,6,3,6,3,6,3,6,2,6,0,0,0,0,0,0,0,0,0,0,0,0,0,0,0,0,0,0,0,0,0,0,4,14,3,14,2,15,2,15,1,16,0,16,0,16,-1,16,-2,16,-2,16,-2,15,-2,15,-2,15,-2,14,-1,14,-1,14,-1,14,0,14,0,14,1,14,1,14,2,14,2,14,2,14,3,14,2,14,0,0,2,28,2,26,2,27,3,25,3,25,4,22,4,22,4,21,6,19,7,18,7,18,7,17,8,17,8,16,9,15,9,14,8,15,9,16,9,15,8,14,7,14,6,14,6,14,4,14,5,13,4,12,2,12,1,13,0,0,0,0,0,0,0,0,0,0,0,0,0,0,10,27,7,28,5,29,3,31,2,31,0,31,-1,32,-3,33,-5,33,-6,33,-7,32,-8,32,-8,32,-8,31,-8,29,-7,29,-7,30,-5,27,-4,29,-3,28,-2,30,-1,28,-1,29,1,29,1,28,1,28,2,30,2,28]"
618031845455100,13.394606700,90265,1866837058,-50,-98,6,0,1,7,0,0,256,0,0,"[0,0,-5,-14,-5,-13,-5,-13,-5,-12,-6,-12,-6,-11,-6,-11,-6,-10,-6,-9,-6,-9,-6,-8,-7,-8,-7,-8,-7,-8,-7,-7,-7,-7,-7,-7,-7,-7,-7,-7,-6,-7,-6,-7,-6,-7,-5,-7,-5,-7,-4,-6,-4,-6,0,0,0,0,0,0,0,0,0,0,0,0,0,0,0,0,0,0,0,0,0,0,-7,-14,-6,-15,-6,-16,-5,-16,-4,-16,-3,-17,-2,-17,-1,-18,-2,-17,-1,-17,-1,-16,-1,-16,-1,-16,-2,-16,-2,-16,-2,-15,-3,-15,-3,-15,-4,-15,-4,-15,-4,-15,-5,-15,-5,-14,-6,-15,-6,-15,-6,-14,0,0,-13,-26,-14,-27,-12,-25,-13,-23,-13,-21,-13,-21,-13,-19,-13,-18,-13,-16,-14,-15,-14,-14,-14,-16,-15,-14,-15,-13,-15,-11,-16,-12,-15,-12,-15,-12,-14,-12,-14,-12,-12,-12,-11,-12,-12,-13,-10,-12,-11,-11,-10,-11,-8,-11,-7,-12,0,0,0,0,0,0,0,0,0,0,0,0,0,0,-20,-23,-18,-25,-17,-26,-16,-28,-14,-28,-13,-29,-12,-32,-11,-32,-10,-33,-7,-34,-7,-34,-5,-33,-5,-33,-5,-32,-4,-31,-6,-30,-6,-30,-7,-29,-8,-28,-10,-28,-10,-27,-11,-27,-11,-29,-14,-28,-12,-28,-13,-28,-14,-27,-14,-27]"
618031863506200,13.412657800,90266,1866856596,-50,-98,6,0,1,7,0,0,256,0,0,"[0,0,8,12,8,12,8,11,7,10,7,10,7,9,8,9,8,8,7,7,8,7,8,6,8,6,8,5,8,5,8,5,8,4,8,5,8,4,8,5,7,4,7,5,6,5,6,5,6,5,5,4,5,5,0,0,0,0,0,0,0,0,0,0,0,0,0,0,0,0,0,0,0,0,0,0,10,11,10,12,10,13,9,13,8,15,8,16,7,16,6,16,6,16,5,16,5,16,5,15,5,15,5,15,5,15,6,14,6,13,6,13,7,13,7,13,7,13,8,13,8,13,9,13,8,12,9,13,0,0,18,21,17,20,17,19,17,19,16,18,16,17,15,15,16,14,15,13,15,11,16,11,16,10,16,9,16,8,18,8,17,8,16,8,17,8,16,8,15,7,14,8,13,9,12,9,12,8,10,8,10,8,9,8,9,9,0,0,0,0,0,0,0,0,0,0,0,0,0,0,24,17,22,20,20,21,19,22,19,24,17,25,16,27,16,29,16,31,13,31,13,30,11,30,12,30,11,29,10,28,11,27,11,27,12,25,12,25,13,26,14,25,15,24,16,24,16,24,17,24,18,24,18,22,18,23]"
618031883497800,13.432649400,90267,1866876569,-50,-98,6,0,1,7,0,0,256,0,0,"[0,0,0,15,0,14,0,14,0,13,0,13,1,12,1,11,2,11,2,10,2,10,2,9,3,9,3,9,4,9,4,8,4,8,4,8,4,8,4,8,3,8,3,8,3,8,2,7,2,7,2,7,1,7,0,0,0,0,0,0,0,0,0,0,0,0,0,0,0,0,0,0,0,0,0,0,1,15,0,16,-1,16,-1,17,-2,17,-3,18,-4,17,-5,17,-5,17,-6,16,-6,16,-6,15,-6,15,-5,15,-5,15,-4,14,-4,15,-3,14,-2,15,-2,15,-2,15,-1,15,-1,16,-1,15,-1,15,0,15,0,0,-2,27,-2,29,-1,25,-2,25,-1,24,1,23,1,22,1,21,3,19,4,20,4,18,4,18,6,18,6,17,7,17,7,16,7,16,6,16,6,16,5,16,5,16,5,15,3,15,3,14,3,13,2,12,1,13,0,13,0,0,0,0,0,0,0,0,0,0,0,0,0,0,5,29,1,29,-1,30,-2,29,-3,32,-5,30,-8,32,-9,31,-9,33,-12,31,-12,31,-14,31,-14,29,-13,28,-13,27,-12,26,-11,26,-9,27,-8,26,-8,28,-7,27,-5,28,-4,29,-4,29,-4,29,-3,29,-3,29,-3,28]"
618031903698200,13.452849800,90268,1866899909,-50,-98,6,0,1,7,0,0,256,0,0,"[0,0,-4,14,-4,14,-4,13,-3,13,-3,12,-2,12,-2,12,-1,11,-1,11,-1,10,-1,10,0,10,1,10,1,10,1,9,1,9,1,9,1,9,1,9,1,9,1,9,1,8,0,8,0,7,-1,7,-1,7,0,0,0,0,0,0,0,0,0,0,0,0,0,0,0,0,0,0,0,0,0,0,-2,15,-3,16,-4,16,-5,16,-6,16,-7,16,-8,16,-9,16,-9,15,-9,15,-10,14,-9,14,-9,13,-9,13,-8,13,-7,13,-7,14,-7,14,-6,14,-5,15,-5,14,-4,15,-5,15,-5,15,-4,15,-4,15,0,0,-8,28,-6,27,-6,26,-6,24,-5,23,-4,23,-4,22,-2,21,-1,20,-2,20,-1,19,0,19,1,19,1,18,2,18,3,17,3,18,2,17,3,17,2,16,1,16,1,16,0,16,-1,14,-1,14,-1,13,-3,13,-4,12,0,0,0,0,0,0,0,0,0,0,0,0,0,0,1,28,-3,29,-5,29,-6,29,-7,30,-9,30,-11,31,-13,30,-14,30,-16,30,-15,29,-17,27,-18,26,-18,26,-17,25,-16,25,-15,26,-13,26,-12,25,-12,26,-11,27,-10,27,-10,27,-9,28,-9,28,-9,28,-8,30,-8,29]"
618031927327800,13.476479400,90269,1866920425,-50,-98,6,0,1,7,0,0,256,0,0,"[0,0,4,-14,3,-15,4,-14,3,-14,3,-13,2,-13,1,-12,1,-12,1,-11,1,-11,0,-11,-1,-11,-1,-11,-1,-11,-2,-11,-1,-10,-1,-10,-1,-10,-1,-10,-1,-10,-1,-9,-1,-9,0,-9,0,-8,0,-8,0,-8,0,0,0,0,0,0,0,0,0,0,0,0,0,0,0,0,0,0,0,0,0,0,3,-16,3,-16,4,-17,5,-16,6,-17,8,-16,8,-16,9,-16,9,-15,10,-15,9,-14,9,-14,9,-14,8,-14,8,-14,7,-13,7,-13,7,-14,6,-15,5,-15,5,-15,5,-15,5,-15,5,-16,4,-15,5,-15,0,0,8,-27,8,-27,8,-26,7,-24,7,-24,5,-23,4,-23,3,-21,2,-21,1,-20,0,-19,-1,-20,-2,-20,-2,-19,-2,-19,-2,-19,-2,-19,-2,-19,-2,-18,-1,-18,-2,-17,-1,-17,0,-16,0,-15,1,-14,1,-13,3,-13,3,-13,0,0,0,0,0,0,0,0,0,0,0,0,0,0,0,-29,4,-30,6,-28,8,-30,9,-30,10,-29,13,-30,14,-29,16,-29,18,-29,17,-28,18,-28,18,-26,18,-25,17,-25,16,-25,15,-25,14,-25,13,-25,13,-25,12,-26,11,-27,11,-28,10,-28,11,-28,8,-29,9,-29,9,-28]"
618031942756500,13.491908100,90270,1866936983,-50,-98,6,0,1,7,0,0,256,0,0,"[0,0,9,12,8,11,8,10,8,10,8,9,7,9,8,8,8,8,7,7,8,6,8,5,8,5,9,5,8,5,8,4,8,4,8,4,8,3,8,4,7,4,7,4,6,4,6,4,6,4,6,4,5,4,0,0,0,0,0,0,0,0,0,0,0,0,0,0,0,0,0,0,0,0,0,0,11,11,10,12,9,13,9,13,9,14,8,15,7,16,7,16,6,16,6,16,6,15,6,15,6,15,6,14,6,14,6,13,6,13,7,13,7,13,8,13,8,13,8,13,9,12,9,12,9,12,9,11,0,0,16,24,15,22,14,22,15,20,14,19,14,18,14,16,14,15,15,14,14,12,15,11,15,10,16,10,16,10,15,9,16,9,15,10,15,8,15,9,14,9,13,10,13,9,11,9,11,9,11,9,9,9,8,9,7,10,0,0,0,0,0,0,0,0,0,0,0,0,0,0,22,18,20,20,20,22,18,23,17,25,16,25,15,29,14,28,12,30,12,31,11,32,10,31,9,29,10,29,9,28,9,28,9,27,10,26,10,25,11,25,12,26,13,24,13,24,15,26,16,25,16,24,16,23,17,24]"
618031964178600,13.513330200,90271,1866956910,-50,-98,6,0,1,7,0,0,256,0,0,"[0,0,-12,9,-11,9,-11,9,-10,8,-10,8,-9,8,-8,8,-8,8,-7,8,-7,8,-6,8,-6,8,-5,8,-5,8,-5,8,-5,8,-5,8,-5,8,-5,8,-5,8,-5,7,-5,7,-5,6,-5,6,-5,5,-5,5,0,0,0,0,0,0,0,0,0,0,0,0,0,0,0,0,0,0,0,0,0,0,-11,11,-12,11,-12,10,-13,10,-14,10,-15,9,-15,9,-16,8,-16,7,-16,6,-16,6,-16,6,-15,6,-15,6,-14,6,-14,7,-14,7,-14,7,-13,8,-13,8,-12,9,-12,9,-13,9,-12,9,-12,9,-12,9,0,0,-41,37,-41,37,-38,37,-38,36,-33,34,-30,36,-28,36,-26,34,-24,35,-24,35,-22,34,-18,34,-18,33,-13,35,-15,35,-15,35,-14,35,-14,33,-14,32,-15,30,-15,30,-15,29,-17,28,-15,26,-17,23,-17,20,-18,21,-20,20,0,0,0,0,0,0,0,0,0,0,0,0,0,0,-31,50,-37,45,-41,43,-44,40,-45,43,-48,40,-54,38,-56,37,-54,35,-61,30,-58,30,-61,27,-60,25,-58,24,-55,23,-52,24,-51,24,-51,28,-47,28,-50,31,-47,32,-45,36,-45,36,-43,38,-47,39,-45,37,-46,38,-44,38]"
618031985674800,13.534826400,90272,1866976805,-50,-98,6,0,1,7,0,0,256,0,0,"[0,0,-1,-15,-2,-15,-2,-14,-2,-14,-2,-14,-2,-13,-3,-13,-3,-12,-3,-11,-4,-11,-4,-10,-5,-10,-5,-10,-5,-10,-5,-9,-5,-9,-5,-10,-5,-9,-5,-9,-4,-9,-4,-8,-4,-9,-4,-8,-3,-8,-3,-8,-2,-7,0,0,0,0,0,0,0,0,0,0,0,0,0,0,0,0,0,0,0,0,0,0,-3,-16,-2,-16,-1,-17,0,-17,1,-18,2,-18,3,-18,4,-18,4,-18,5,-18,4,-17,4,-16,4,-16,4,-16,3,-16,2,-16,2,-15,2,-16,1,-16,0,-16,0,-16,0,-16,0,-16,-1,-16,-1,-16,-1,-16,0,0,0,-29,-1,-29,-1,-27,-1,-24,-1,-25,-2,-24,-3,-23,-3,-22,-5,-20,-6,-20,-7,-19,-8,-19,-8,-18,-9,-18,-8,-17,-9,-17,-9,-17,-9,-17,-8,-17,-7,-17,-6,-16,-6,-17,-6,-15,-6,-14,-4,-14,-3,-14,-3,-14,-2,-14,0,0,0,0,0,0,0,0,0,0,0,0,0,0,-8,-29,-5,-29,-3,-29,-1,-30,1,-32,2,-31,3,-32,5,-34,7,-32,9,-33,10,-32,10,-31,9,-31,8,-30,8,-30,8,-29,7,-29,6,-28,5,-28,4,-27,4,-29,3,-29,2,-29,2,-30,1,-29,-1,-29,-1,-30,-1,-30]"
618032006135500,13.555287100,90273,1867003325,-50,-98,6,0,1,7,0,0,256,0,0,"[0,0,-1,14,-1,14,0,13,0,13,0,12,1,12,1,11,1,11,1,10,2,10,2,10,3,9,3,9,3,8,3,9,3,8,4,9,3,8,3,8,3,8,3,8,2,8,2,8,1,7,1,7,1,7,0,0,0,0,0,0,0,0,0,0,0,0,0,0,0,0,0,0,0,0,0,0,0,15,-1,15,-1,16,-2,16,-3,17,-4,16,-4,17,-6,16,-5,16,-7,16,-6,15,-6,15,-6,15,-6,14,-5,14,-5,14,-4,14,-4,15,-3,15,-2,15,-2,15,-1,15,-2,15,-1,15,-1,15,-1,15,0,0,0,27,1,28,1,26,2,25,2,24,3,24,3,22,4,21,4,18,6,18,7,19,8,17,9,17,7,16,9,16,9,16,9,16,8,15,8,15,7,16,6,15,6,15,5,15,5,14,5,13,3,13,3,13,2,13,0,0,0,0,0,0,0,0,0,0,0,0,0,0,8,28,6,28,4,29,1,29,0,30,-1,30,-2,33,-5,33,-7,33,-8,33,-8,32,-10,32,-7,31,-8,29,-8,29,-7,30,-7,27,-6,29,-5,27,-5,29,-4,29,-3,29,-2,29,-1,29,0,30,1,30,2,29,1,29]"
618032029442000,13.578593600,90274,1867020886,-50,-98,6,0,1,7,0,0,256,0,0,"[0,0,-11,-11,-11,-11,-10,-11,-10,-10,-10,-9,-10,-8,-10,-8,-10,-7,-10,-6,-10,-6,-10,-6,-10,-5,-10,-5,-10,-5,-10,-4,-10,-4,-10,-4,-10,-4,-9,-4,-9,-4,-9,-4,-8,-4,-8,-4,-7,-5,-7,-5,-7,-5,0,0,0,0,0,0,0,0,0,0,0,0,0,0,0,0,0,0,0,0,0,0,-13,-10,-13,-11,-12,-12,-11,-13,-11,-14,-11,-15,-11,-15,-10,-16,-10,-16,-8,-16,-8,-16,-8,-15,-8,-15,-7,-14,-8,-14,-8,-13,-9,-13,-9,-13,-10,-12,-10,-12,-11,-12,-11,-12,-11,-12,-11,-12,-11,-12,-12,-12,0,0,-38,-42,-37,-42,-36,-38,-36,-36,-34,-36,-35,-31,-34,-31,-33,-28,-34,-24,-34,-21,-34,-20,-36,-19,-35,-16,-34,-16,-35,-15,-33,-15,-34,-16,-33,-13,-32,-14,-32,-16,-29,-15,-29,-16,-26,-14,-25,-16,-25,-16,-24,-16,-22,-18,-19,-18,0,0,0,0,0,0,0,0,0,0,0,0,0,0,-48,-30,-46,-35,-47,-40,-44,-42,-42,-45,-37,-47,-38,-52,-39,-53,-35,-57,-32,-59,-30,-60,-29,-60,-28,-56,-29,-55,-28,-53,-28,-53,-28,-52,-29,-49,-29,-49,-32,-49,-32,-45,-35,-44,-35,-44,-38,-47,-39,-45,-39,-43,-40,-43,-40,-45]"
618032044965700,13.594117300,90275,1867036820,-50,-98,6,0,1,7,0,0,256,0,0,"[0,0,8,-13,7,-13,7,-13,7,-12,6,-12,6,-12,5,-12,4,-11,4,-11,3,-11,2,-11,2,-11,2,-11,1,-11,1,-11,1,-11,1,-10,1,-10,2,-10,2,-10,2,-9,2,-9,2,-9,2,-8,2,-8,3,-8,0,0,0,0,0,0,0,0,0,0,0,0,0,0,0,0,0,0,0,0,0,0,7,-15,7,-15,8,-15,9,-15,10,-15,11,-14,12,-13,13,-13,13,-13,13,-12,13,-12,12,-11,12,-11,12,-11,11,-11,11,-11,10,-12,10,-12,9,-12,10,-13,9,-13,9,-14,9,-14,8,-14,8,-14,8,-14,0,0,29,-45,28,-48,26,-45,26,-43,24,-43,22,-41,20,-41,17,-42,16,-39,12,-38,10,-39,8,-39,5,-39,6,-38,4,-38,5,-37,3,-38,4,-36,6,-36,6,-34,6,-32,7,-34,7,-31,6,-30,7,-29,9,-27,10,-25,13,-25,0,0,0,0,0,0,0,0,0,0,0,0,0,0,16,-56,22,-55,28,-54,31,-50,33,-52,36,-51,40,-51,45,-48,47,-46,50,-45,51,-42,52,-42,50,-40,47,-38,46,-37,43,-39,43,-38,41,-40,38,-39,39,-40,37,-41,34,-44,36,-47,33,-47,34,-48,33,-49,32,-47,33,-50]"
618032066443900,13.615595500,90276,1867058456,-50,-98,6,0,1,7,0,0,256,0,0,"[0,0,15,-3,14,-4,13,-4,13,-3,12,-4,11,-4,10,-4,10,-4,10,-5,10,-5,9,-6,8,-6,8,-6,8,-6,8,-6,8,-6,7,-6,8,-6,8,-6,8,-6,7,-5,7,-5,7,-4,6,-4,7,-4,6,-3,0,0,0,0,0,0,0,0,0,0,0,0,0,0,0,0,0,0,0,0,0,0,15,-6,15,-5,16,-5,15,-3,17,-3,17,-2,18,-1,18,0,17,0,17,1,17,1,16,1,16,1,15,0,15,0,15,0,15,-1,15,-1,14,-2,15,-2,15,-2,15,-3,16,-3,15,-4,15,-4,15,-4,0,0,27,-6,28,-7,26,-6,24,-6,22,-7,21,-8,21,-8,19,-9,18,-8,17,-10,16,-10,15,-10,15,-11,14,-12,16,-12,15,-12,13,-12,15,-11,14,-10,14,-10,14,-10,12,-10,13,-9,12,-9,13,-7,13,-6,13,-7,12,-5,0,0,0,0,0,0,0,0,0,0,0,0,0,0,26,-14,27,-10,28,-8,28,-8,31,-7,30,-5,31,-4,32,-2,32,-1,34,1,33,2,32,3,31,3,30,4,30,3,29,2,28,1,28,0,27,-1,29,-1,27,-2,27,-4,28,-5,28,-5,28,-5,29,-6,29,-6,29,-6]"
618032088148500,13.637300100,90277,1867082768,-50,-98,6,0,1,7,0,0,256,0,0,"[0,0,14,3,13,3,13,3,13,2,12,2,12,1,11,1,11,0,11,0,10,-1,10,-1,10,-1,10,-1,9,-2,9,-2,9,-2,9,-2,9,-2,9,-2,9,-2,8,-2,8,-1,8,-1,7,-1,7,0,7,0,0,0,0,0,0,0,0,0,0,0,0,0,0,0,0,0,0,0,0,0,0,0,15,1,15,2,15,3,16,4,15,5,16,6,16,6,16,7,15,8,14,8,14,8,14,8,13,8,13,7,13,7,13,6,13,6,14,6,14,5,14,4,14,4,15,4,15,4,15,3,15,4,15,3,0,0,27,7,26,6,24,6,25,5,22,3,22,4,22,3,21,3,20,1,20,-2,19,-2,19,-2,18,-3,17,-3,19,-4,18,-3,18,-3,17,-4,18,-3,17,-2,17,-2,16,-1,16,-1,14,-1,14,-1,13,0,13,0,12,2,0,0,0,0,0,0,0,0,0,0,0,0,0,0,29,-3,28,0,30,2,28,5,29,6,27,8,31,10,30,12,29,13,29,15,29,16,28,16,27,16,27,15,25,14,24,13,24,13,26,13,25,11,26,12,25,9,26,9,26,9,27,8,28,8,28,6,27,6,27,6]"
618032104966800,13.654118400,90278,1867096635,-50,-98,6,0,1,7,0,0,256,0,0,"[0,0,-15,-1,-15,-1,-14,-1,-15,0,-13,0,-13,0,-12,0,-12,1,-11,1,-11,2,-11,2,-10,2,-10,3,-10,3,-10,3,-10,3,-10,3,-10,3,-10,3,-9,2,-9,2,-9,2,-8,2,-8,1,-8,1,-8,1,0,0,0,0,0,0,0,0,0,0,0,0,0,0,0,0,0,0,0,0,0,0,-16,1,-17,0,-17,-1,-17,-2,-18,-2,-17,-3,-18,-5,-18,-5,-17,-6,-17,-6,-17,-6,-16,-6,-16,-6,-15,-6,-15,-5,-15,-4,-15,-4,-15,-4,-15,-3,-15,-3,-16,-2,-15,-2,-16,-2,-16,-1,-16,-1,-16,-1,0,0,-28,-8,-27,-8,-26,-7,-25,-7,-25,-5,-22,-4,-22,-4,-22,-2,-21,-2,-22,-1,-20,0,-20,1,-20,2,-19,2,-19,3,-19,3,-18,3,-18,2,-19,3,-18,3,-17,1,-17,1,-16,0,-15,0,-15,0,-15,-2,-14,-1,-14,-3,0,0,0,0,0,0,0,0,0,0,0,0,0,0,-29,-1,-29,-4,-30,-6,-29,-8,-30,-9,-29,-10,-30,-13,-30,-14,-29,-16,-30,-18,-28,-19,-28,-18,-27,-19,-26,-19,-25,-17,-25,-17,-25,-16,-25,-15,-25,-14,-26,-13,-25,-12,-27,-10,-27,-10,-28,-10,-28,-10,-28,-9,-28,-9,-28,-10]"
618032122865400,13.672017000,90279,1867116724,-50,-98,6,0,1,7,0,0,256,0,0,"[0,0,-2,14,-3,14,-2,13,-2,13,-2,12,-1,12,0,11,0,11,0,10,1,10,1,9,2,10,2,9,2,9,2,9,3,9,3,9,2,8,2,8,2,9,1,8,2,8,1,8,0,8,0,7,0,7,0,0,0,0,0,0,0,0,0,0,0,0,0,0,0,0,0,0,0,0,0,0,0,15,-1,15,-2,16,-3,15,-4,17,-5,16,-5,16,-7,16,-7,16,-8,15,-8,15,-8,14,-7,14,-7,14,-6,13,-6,14,-5,13,-5,14,-4,14,-4,15,-4,15,-3,15,-3,15,-3,15,-3,14,-3,14,0,0,-2,27,-3,27,-2,26,-1,24,-1,24,0,23,0,22,2,21,2,20,4,19,4,18,4,19,5,18,6,17,7,17,6,17,7,17,7,17,6,17,5,16,5,15,4,16,4,15,3,15,3,13,2,13,1,13,0,13,0,0,0,0,0,0,0,0,0,0,0,0,0,0,5,27,2,30,0,29,-1,29,-3,31,-4,30,-6,32,-8,31,-8,32,-11,32,-12,30,-13,31,-12,29,-12,27,-12,27,-12,27,-10,27,-9,27,-8,26,-8,27,-6,28,-5,28,-5,29,-4,29,-3,29,-3,30,-3,29,-3,29]"
618032145076600,13.694228200,90280,1867137385,-50,-98,6,0,1,7,0,0,256,0,0,"[0,0,-6,14,-5,13,-5,13,-5,13,-4,12,-4,12,-3,12,-2,11,-2,11,-1,11,-1,10,0,10,0,10,0,10,0,10,1,10,1,9,0,9,0,9,0,9,-1,9,0,8,-1,8,-1,8,-1,7,-2,7,0,0,0,0,0,0,0,0,0,0,0,0,0,0,0,0,0,0,0,0,0,0,-4,15,-5,15,-5,16,-6,16,-7,16,-9,16,-9,16,-10,15,-10,14,-11,14,-11,13,-11,13,-10,13,-10,13,-9,13,-9,13,-8,13,-8,13,-8,14,-7,14,-7,14,-6,14,-6,15,-6,15,-6,15,-6,14,0,0,-6,27,-5,28,-4,25,-4,24,-4,23,-2,22,0,22,-1,21,-1,20,0,20,1,19,2,18,2,18,3,18,5,18,5,17,5,17,4,17,4,17,3,17,2,16,2,16,2,16,1,15,0,14,0,13,-1,14,-2,14,0,0,0,0,0,0,0,0,0,0,0,0,0,0,1,29,-2,29,-4,28,-6,28,-8,30,-8,28,-11,31,-13,30,-14,30,-15,30,-15,28,-17,29,-17,27,-18,26,-16,26,-15,25,-13,24,-13,26,-12,26,-11,27,-11,26,-8,27,-9,28,-7,27,-7,29,-6,28,-7,28,-6,27]"
618032165767700,13.714919300,90281,1867156869,-50,-98,6,0,1,7,0,0,256,0,0,"[0,0,10,-11,9,-11,9,-11,8,-10,8,-11,7,-10,7,-10,6,-10,5,-10,5,-10,4,-10,4,-10,3,-10,3,-10,3,-10,3,-10,3,-10,2,-10,3,-10,3,-9,3,-9,3,-9,3,-8,3,-8,3,-7,4,-7,0,0,0,0,0,0,0,0,0,0,0,0,0,0,0,0,0,0,0,0,0,0,9,-13,11,-13,11,-12,12,-12,13,-12,14,-11,15,-10,15,-9,15,-9,14,-9,15,-8,14,-8,14,-8,14,-8,13,-8,12,-8,12,-9,12,-9,12,-10,11,-10,11,-11,11,-11,11,-11,11,-11,10,-12,11,-12,0,0,39,-40,35,-41,33,-39,32,-38,29,-38,27,-39,25,-37,23,-36,21,-36,19,-34,17,-35,15,-36,13,-37,11,-36,11,-38,12,-35,9,-37,11,-35,11,-34,11,-33,12,-32,11,-29,13,-30,13,-28,15,-27,13,-24,15,-24,17,-24,0,0,0,0,0,0,0,0,0,0,0,0,0,0,27,-52,33,-47,35,-46,40,-44,43,-45,44,-44,47,-42,53,-40,54,-38,57,-35,56,-34,56,-31,56,-28,55,-29,52,-29,51,-28,49,-29,48,-33,45,-32,46,-34,45,-37,42,-39,43,-38,41,-42,42,-42,40,-44,41,-43,41,-42]"
618032186598900,13.735750500,90282,1867179348,-50,-98,6,0,1,7,0,0,256,0,0,"[0,0,-15,4,-14,4,-13,4,-13,5,-12,5,-12,4,-11,5,-10,5,-10,5,-9,6,-9,6,-8,6,-8,6,-7,6,-8,6,-8,7,-7,6,-8,6,-8,6,-8,6,-8,5,-7,5,-7,5,-7,4,-7,4,-7,3,0,0,0,0,0,0,0,0,0,0,0,0,0,0,0,0,0,0,0,0,0,0,-15,7,-15,6,-16,5,-16,4,-17,4,-18,3,-18,2,-18,1,-18,0,-18,0,-17,0,-17,0,-16,0,-16,1,-16,0,-16,1,-16,1,-16,2,-15,3,-15,3,-15,3,-15,3,-16,4,-15,5,-15,5,-15,5,0,0,-28,8,-28,9,-25,7,-26,8,-24,8,-22,9,-22,8,-20,8,-20,10,-19,11,-17,11,-15,12,-15,12,-15,11,-15,12,-14,12,-14,13,-15,12,-14,11,-14,11,-14,9,-14,9,-14,9,-13,9,-13,7,-12,6,-13,5,-13,5,0,0,0,0,0,0,0,0,0,0,0,0,0,0,-25,16,-26,15,-28,12,-28,10,-31,10,-30,8,-32,7,-34,4,-35,2,-34,1,-34,0,-34,0,-33,1,-33,0,-31,0,-31,1,-30,1,-30,1,-29,1,-30,4,-29,5,-29,5,-29,5,-30,6,-29,7,-29,8,-27,10,-29,7]"
618032208055200,13.757206800,90283,1867198892,-50,-98,6,0,1,7,0,0,256,0,0,"[0,0,9,-13,8,-12,8,-12,8,-11,6,-11,6,-11,5,-11,5,-11,5,-10,4,-10,4,-10,2,-10,2,-10,2,-10,2,-10,2,-10,2,-10,2,-10,2,-10,2,-9,3,-9,3,-9,2,-9,2,-8,3,-8,3,-7,0,0,0,0,0,0,0,0,0,0,0,0,0,0,0,0,0,0,0,0,0,0,7,-15,8,-14,8,-14,9,-14,10,-14,12,-14,12,-13,13,-12,13,-12,13,-11,13,-11,12,-11,12,-11,12,-11,12,-11,11,-11,11,-11,11,-11,10,-12,10,-12,10,-12,10,-13,9,-13,9,-13,8,-13,9,-13,0,0,36,-45,32,-44,33,-44,29,-39,28,-40,23,-40,24,-39,21,-39,19,-36,17,-38,14,-36,12,-38,12,-36,9,-38,10,-37,8,-38,8,-38,8,-35,10,-34,10,-34,11,-32,11,-32,10,-30,12,-29,12,-27,12,-25,14,-24,16,-23,0,0,0,0,0,0,0,0,0,0,0,0,0,0,20,-54,26,-53,32,-51,37,-50,37,-48,43,-48,44,-47,49,-45,52,-45,52,-41,54,-40,53,-38,53,-36,50,-35,49,-35,47,-35,48,-36,44,-34,44,-36,43,-37,41,-39,41,-43,39,-44,39,-45,38,-45,37,-45,36,-47,38,-46]"
618032225584600,13.774736200,90284,1867216760,-50,-98,6,0,1,7,0,0,256,0,0,"[0,0,-7,14,-6,13,-6,13,-6,12,-5,12,-5,12,-4,11,-3,11,-3,10,-2,10,-2,10,-1,10,-1,10,-1,10,-1,10,0,10,0,10,0,9,-1,9,-1,9,-1,9,-1,8,-1,8,-1,8,-2,7,-2,7,0,0,0,0,0,0,0,0,0,0,0,0,0,0,0,0,0,0,0,0,0,0,-5,15,-6,15,-6,15,-7,15,-9,15,-10,15,-11,15,-11,14,-12,14,-12,14,-11,13,-11,12,-10,13,-10,12,-10,12,-10,12,-9,12,-9,13,-8,13,-8,13,-8,14,-8,14,-7,14,-6,14,-6,14,-6,14,0,0,-22,50,-20,49,-19,49,-16,46,-16,48,-12,42,-13,42,-11,41,-9,41,-4,37,-4,36,-1,38,0,37,0,38,1,36,2,37,2,37,2,36,0,35,0,33,-1,33,-3,32,-2,30,-5,29,-4,27,-6,27,-5,26,-10,26,0,0,0,0,0,0,0,0,0,0,0,0,0,0,-5,56,-12,56,-17,53,-20,57,-24,54,-26,57,-30,54,-36,56,-36,53,-39,52,-40,49,-42,49,-43,49,-42,45,-39,44,-36,45,-36,45,-32,43,-33,47,-30,46,-29,50,-26,49,-26,51,-26,53,-26,50,-24,53,-23,52,-23,54]"
618032243274300,13.792425900,90285,1867236558,-50,-98,6,0,1,7,0,0,256,0,0,"[0,0,15,-5,14,-5,13,-5,13,-5,11,-5,11,-5,10,-5,10,-5,9,-6,9,-6,9,-6,8,-6,8,-7,7,-7,8,-7,7,-7,7,-7,7,-7,7,-7,7,-6,7,-6,7,-5,7,-5,6,-5,7,-4,7,-4,0,0,0,0,0,0,0,0,0,0,0,0,0,0,0,0,0,0,0,0,0,0,14,-8,14,-7,15,-7,15,-6,16,-5,17,-4,17,-3,18,-3,18,-2,17,-2,17,-1,17,-1,16,-1,16,-1,15,-1,15,-2,15,-3,15,-3,15,-3,15,-4,15,-4,15,-5,15,-5,15,-5,15,-5,15,-6,0,0,27,-9,27,-9,24,-10,25,-9,22,-9,20,-10,19,-11,20,-11,18,-11,18,-11,16,-11,14,-12,15,-12,14,-13,14,-13,14,-12,13,-13,13,-13,13,-13,14,-12,13,-11,12,-11,13,-10,12,-9,13,-8,12,-7,12,-6,13,-6,0,0,0,0,0,0,0,0,0,0,0,0,0,0,23,-18,25,-15,27,-13,27,-12,29,-12,28,-10,32,-9,32,-6,33,-5,34,-3,33,-3,33,-2,32,0,31,-1,30,-1,29,-2,29,-3,29,-3,28,-4,29,-5,27,-6,27,-8,28,-7,28,-9,29,-8,28,-8,28,-10,28,-10]"
618032264907200,13.814058800,90286,1867258800,-50,-98,6,0,1,7,0,0,256,0,0,"[0,0,-1,13,0,13,0,13,0,12,0,12,1,11,1,11,1,10,1,10,2,9,2,9,2,9,3,8,3,9,3,8,3,8,3,8,3,8,3,8,2,7,2,7,2,7,2,7,1,7,1,7,1,6,0,0,0,0,0,0,0,0,0,0,0,0,0,0,0,0,0,0,0,0,0,0,1,14,0,14,0,15,-1,15,-2,16,-3,16,-4,16,-4,16,-5,15,-5,15,-5,15,-5,14,-5,14,-4,14,-4,14,-4,13,-4,14,-3,13,-2,14,-2,14,-2,14,-1,14,-1,14,-1,14,-1,14,-1,14,0,0,-5,29,-4,26,-5,27,-3,24,-4,24,-4,23,-2,22,-1,21,1,21,1,19,3,20,2,18,4,18,5,20,4,16,5,17,5,17,4,18,3,17,4,17,3,16,2,16,1,16,1,15,1,14,0,14,-1,13,-2,13,0,0,0,0,0,0,0,0,0,0,0,0,0,0,5,29,2,29,0,30,-3,31,-4,29,-7,31,-8,31,-10,32,-11,31,-13,31,-14,29,-14,29,-14,28,-14,29,-13,28,-12,26,-12,28,-11,25,-11,26,-10,26,-8,29,-8,27,-7,28,-7,29,-6,27,-5,29,-5,29,-4,29]"
618032289347500,13.838499100,90287,1867280751,-50,-98,6,0,1,7,0,0,256,0,0,"[0,0,-13,7,-12,7,-12,7,-12,6,-11,7,-10,7,-9,7,-9,7,-9,7,-8,7,-8,7,-7,7,-6,7,-6,8,-6,8,-6,8,-5,7,-6,8,-6,7,-6,7,-6,7,-5,6,-5,6,-6,5,-6,5,-6,4,0,0,0,0,0,0,0,0,0,0,0,0,0,0,0,0,0,0,0,0,0,0,-13,9,-14,9,-14,8,-15,8,-16,7,-17,6,-17,5,-18,5,-17,4,-17,4,-17,3,-16,4,-16,4,-15,3,-15,4,-15,4,-15,4,-14,5,-14,6,-14,6,-14,6,-14,7,-14,7,-14,7,-13,8,-13,7,0,0,-26,11,-25,12,-25,11,-23,12,-22,12,-20,11,-19,11,-19,11,-17,11,-16,12,-15,13,-14,14,-13,14,-12,14,-12,14,-12,13,-11,14,-11,13,-12,13,-14,12,-12,11,-12,12,-11,10,-11,10,-12,9,-13,8,-11,8,-12,7,0,0,0,0,0,0,0,0,0,0,0,0,0,0,-22,20,-24,19,-25,16,-27,14,-28,14,-29,11,-30,11,-32,9,-33,7,-34,6,-33,4,-33,5,-32,5,-32,5,-30,5,-29,5,-29,5,-28,5,-28,5,-27,7,-28,8,-28,8,-28,10,-28,10,-27,11,-26,13,-26,13,-26,12]"
618032305343600,13.854495200,90288,1867297842,-50,-98,6,0,1,7,0,0,256,0,0,"[0,0,8,13,7,12,7,12,7,11,7,10,7,10,7,9,7,8,7,8,8,7,8,7,8,6,8,6,8,6,8,5,8,5,8,5,8,5,8,4,8,5,7,5,7,5,6,5,6,5,6,5,5,5,0,0,0,0,0,0,0,0,0,0,0,0,0,0,0,0,0,0,0,0,0,0,9,13,8,14,8,14,7,15,7,16,6,16,6,16,5,17,4,17,3,17,3,16,3,16,3,16,3,15,4,15,4,14,5,14,5,14,6,14,6,14,7,14,7,14,7,14,7,14,7,14,8,13,0,0,14,24,15,23,14,21,14,20,14,19,14,17,14,16,14,15,14,14,15,12,15,12,15,11,14,10,14,9,16,8,15,9,16,9,16,9,14,8,14,8,15,9,12,9,13,8,11,8,11,9,9,9,9,9,8,10,0,0,0,0,0,0,0,0,0,0,0,0,0,0,21,19,19,22,18,23,16,24,16,25,15,26,12,29,13,30,11,30,10,32,9,31,8,31,7,31,8,29,8,29,7,28,7,27,10,27,9,25,10,27,11,25,12,25,13,26,14,25,15,25,14,24,15,24,14,23]"
618032323241600,13.872393200,90289,1867316584,-50,-98,6,0,1,7,0,0,256,0,0,"[0,0,14,0,13,-1,13,-1,13,-1,12,-2,11,-2,11,-2,10,-2,10,-3,10,-3,10,-4,9,-4,8,-4,8,-4,8,-5,8,-5,8,-5,8,-5,8,-5,8,-4,8,-4,7,-3,7,-3,7,-3,7,-3,7,-2,0,0,0,0,0,0,0,0,0,0,0,0,0,0,0,0,0,0,0,0,0,0,15,-2,15,-1,15,-1,16,0,16,1,17,2,17,3,16,4,16,4,16,5,16,5,15,5,15,5,14,4,14,4,14,3,14,2,14,2,14,2,14,1,14,1,15,0,15,0,15,0,14,0,15,0,0,0,27,-2,27,-3,26,-3,24,-3,24,-3,23,-4,22,-4,21,-5,20,-6,19,-7,18,-9,17,-9,16,-10,16,-9,16,-9,16,-10,15,-10,16,-10,16,-9,15,-8,15,-7,13,-7,13,-7,13,-7,13,-6,13,-5,13,-4,13,-3,0,0,0,0,0,0,0,0,0,0,0,0,0,0,27,-11,28,-8,28,-6,30,-4,30,-3,31,-1,31,0,33,2,33,6,33,7,32,8,32,7,31,7,31,7,29,7,28,4,28,5,27,4,28,3,28,3,28,1,27,0,28,1,29,0,29,-2,29,-3,29,-3,30,-2]"
618032344259600,13.893411200,90290,1867336975,-50,-98,6,0,1,7,0,0,256,0,0,"[0,0,9,-12,9,-12,8,-12,8,-11,7,-11,6,-11,6,-11,5,-11,5,-10,5,-10,4,-10,3,-10,3,-10,2,-10,2,-10,2,-10,2,-10,2,-10,2,-10,2,-10,3,-9,2,-9,3,-9,3,-8,3,-8,3,-7,0,0,0,0,0,0,0,0,0,0,0,0,0,0,0,0,0,0,0,0,0,0,8,-14,9,-15,9,-14,10,-14,11,-14,13,-13,13,-13,14,-12,14,-12,14,-11,14,-10,14,-10,13,-10,13,-10,12,-10,11,-11,11,-11,11,-11,11,-11,10,-12,11,-12,10,-13,10,-12,10,-13,10,-13,10,-13,0,0,38,-42,34,-41,35,-41,32,-37,30,-38,29,-37,26,-37,24,-36,22,-34,18,-35,15,-36,14,-37,13,-38,11,-35,10,-36,12,-36,9,-35,10,-33,12,-33,11,-33,12,-31,13,-30,11,-29,13,-29,14,-27,12,-24,16,-24,16,-22,0,0,0,0,0,0,0,0,0,0,0,0,0,0,23,-54,28,-53,33,-50,37,-47,41,-46,42,-44,46,-46,51,-43,52,-39,54,-36,57,-34,55,-37,54,-34,50,-32,52,-34,49,-34,48,-33,47,-31,45,-33,43,-34,41,-37,43,-38,42,-41,43,-41,39,-42,39,-44,36,-44,37,-44]"
618032363248000,13.912399600,90291,1867357558,-50,-98,6,0,1,7,0,0,256,0,0,"[0,0,8,11,8,11,7,10,8,10,8,9,8,8,8,8,7,7,8,6,8,6,7,6,7,6,7,5,7,4,8,4,8,4,8,4,8,4,7,4,7,4,7,4,6,4,6,5,5,5,5,4,5,5,0,0,0,0,0,0,0,0,0,0,0,0,0,0,0,0,0,0,0,0,0,0,10,10,10,11,10,12,9,12,9,14,8,14,8,15,7,15,7,15,6,16,5,15,5,15,5,14,4,14,5,13,6,13,6,12,7,13,7,12,8,12,8,12,8,12,8,12,8,12,8,12,9,11,0,0,17,21,17,20,17,20,16,18,17,17,16,16,16,15,15,13,16,12,16,10,16,9,16,10,17,9,17,8,17,7,16,6,16,7,16,7,16,6,16,6,15,7,13,7,12,8,13,7,12,8,11,9,9,8,8,9,0,0,0,0,0,0,0,0,0,0,0,0,0,0,24,14,23,19,22,20,21,21,20,23,18,25,18,26,19,28,16,28,16,29,14,30,13,30,12,29,12,28,11,27,12,27,12,27,12,25,13,25,15,24,16,23,17,23,17,23,17,23,18,22,18,22,18,22,20,23]"
618032397660600,13.946812200,90292,1867386434,-50,-98,6,0,1,7,0,0,256,0,0,"[0,0,-14,-5,-13,-5,-13,-5,-13,-5,-12,-4,-12,-4,-12,-3,-11,-3,-11,-2,-11,-1,-10,-1,-10,-1,-10,0,-10,0,-10,0,-10,0,-9,0,-10,1,-9,0,-9,0,-9,0,-8,-1,-8,-1,-8,-1,-8,-1,-8,-1,0,0,0,0,0,0,0,0,0,0,0,0,0,0,0,0,0,0,0,0,0,0,-15,-5,-16,-5,-15,-6,-15,-7,-15,-8,-16,-9,-15,-10,-15,-10,-14,-11,-14,-11,-14,-11,-14,-10,-13,-10,-13,-10,-13,-10,-12,-9,-13,-8,-13,-8,-14,-8,-14,-7,-14,-7,-14,-7,-15,-6,-15,-6,-15,-6,-15,-6,0,0,-47,-31,-49,-31,-45,-25,-45,-26,-41,-22,-41,-21,-41,-22,-39,-18,-39,-15,-38,-11,-39,-10,-38,-9,-36,-8,-35,-5,-37,-5,-36,-5,-37,-4,-35,-6,-37,-4,-37,-4,-34,-5,-32,-5,-30,-6,-26,-7,-30,-7,-28,-9,-25,-9,-23,-11,0,0,0,0,0,0,0,0,0,0,0,0,0,0,-56,-16,-55,-24,-53,-28,-53,-31,-55,-35,-50,-36,-52,-42,-51,-44,-49,-48,-50,-50,-45,-52,-44,-51,-43,-50,-41,-50,-40,-47,-40,-47,-39,-43,-42,-42,-42,-41,-45,-41,-43,-37,-46,-35,-46,-34,-50,-34,-52,-35,-50,-33,-52,-33,-50,-33]"
618032410909000,13.960060600,90293,1867396623,-50,-98,6,0,1,7,0,0,256,0,0,"[0,0,15,-2,14,-3,13,-2,13,-3,12,-3,12,-2,11,-3,10,-4,10,-4,10,-4,9,-5,9,-5,8,-5,8,-6,8,-6,8,-6,8,-6,8,-6,8,-6,7,-5,7,-5,7,-5,7,-4,7,-4,7,-3,7,-3,0,0,0,0,0,0,0,0,0,0,0,0,0,0,0,0,0,0,0,0,0,0,16,-4,16,-3,16,-2,17,-1,17,0,18,1,18,2,18,2,18,2,17,3,17,3,16,4,16,3,15,3,15,2,15,1,15,1,15,0,15,0,15,-1,15,-1,16,-1,16,-2,15,-2,15,-2,15,-2,0,0,28,0,26,-2,26,-2,24,-2,24,-3,22,-3,21,-4,20,-4,20,-5,18,-6,17,-8,16,-8,16,-9,16,-10,16,-9,16,-9,14,-10,16,-10,15,-8,15,-8,16,-7,14,-7,13,-7,13,-6,13,-5,13,-4,12,-4,12,-3,0,0,0,0,0,0,0,0,0,0,0,0,0,0,28,-10,29,-7,30,-5,31,-3,30,0,31,1,31,1,34,4,34,6,34,8,33,9,31,7,29,8,30,8,30,8,29,6,29,7,27,6,28,5,28,3,29,2,28,3,28,0,28,1,29,-1,30,-1,29,-2,31,-2]"
618032424184200,13.973335800,90294,1867416613,-50,-98,6,0,1,7,0,0,256,0,0,"[0,0,11,8,12,8,11,7,11,7,10,6,10,6,10,5,10,5,9,4,9,4,9,3,9,3,9,2,9,2,9,2,9,2,9,2,9,2,9,2,8,2,8,2,7,2,7,3,7,2,7,2,6,3,0,0,0,0,0,0,0,0,0,0,0,0,0,0,0,0,0,0,0,0,0,0,14,6,14,7,14,8,13,9,14,10,13,11,13,11,12,12,12,13,11,13,10,13,10,13,10,12,10,12,10,11,10,11,11,10,11,10,11,10,11,9,12,9,12,9,12,9,12,9,13,9,12,8,0,0,42,36,42,33,40,33,41,30,37,28,37,23,37,23,36,21,36,17,36,15,36,13,36,11,36,10,35,10,36,7,34,9,33,8,35,9,33,9,31,9,32,11,29,11,27,10,25,11,25,11,22,11,22,14,19,12,0,0,0,0,0,0,0,0,0,0,0,0,0,0,54,19,52,25,52,29,51,32,49,38,47,39,47,42,46,45,45,48,43,50,41,52,37,52,36,54,36,51,34,48,35,47,35,47,35,44,36,42,39,42,40,37,40,40,42,37,45,39,44,37,44,36,47,35,47,37]"
618032442601700,13.991753300,90295,1867436582,-51,-98,6,0,1,7,0,0,256,0,0,"[0,0,3,15,3,14,2,13,2,12,3,13,3,12,3,11,4,10,4,10,4,9,4,9,5,8,5,8,5,8,5,7,5,7,5,7,5,7,5,7,5,7,4,7,4,7,4,7,3,7,3,7,2,6,0,0,0,0,0,0,0,0,0,0,0,0,0,0,0,0,0,0,0,0,0,0,5,15,4,16,3,16,3,17,2,17,1,18,0,18,-1,18,-1,18,-2,17,-2,17,-2,16,-2,16,-2,16,-1,16,-1,15,0,15,0,15,1,15,2,15,2,15,2,15,2,15,2,16,3,15,3,15,0,0,11,24,12,24,11,22,11,22,11,20,12,19,12,18,12,17,12,16,13,15,13,14,13,13,12,12,13,11,14,12,13,11,14,11,13,11,13,10,12,10,12,11,11,10,11,11,10,11,8,11,8,10,8,11,6,11,0,0,0,0,0,0,0,0,0,0,0,0,0,0,19,21,16,23,14,24,13,24,14,27,12,27,11,30,10,30,10,30,9,31,7,31,5,33,4,31,3,30,3,29,4,28,5,27,7,28,7,26,8,28,8,26,11,26,11,26,12,26,12,28,12,27,12,26,12,25]"
618032464676100,14.013827700,90296,1867456508,-51,-98,6,0,1,7,0,0,256,0,0,"[0,0,-15,3,-15,3,-14,3,-14,3,-13,3,-12,3,-12,3,-11,3,-10,4,-10,4,-10,5,-9,5,-9,5,-8,5,-8,5,-8,6,-7,5,-8,5,-8,5,-8,5,-8,5,-7,4,-7,3,-7,3,-7,3,-7,3,0,0,0,0,0,0,0,0,0,0,0,0,0,0,0,0,0,0,0,0,0,0,-16,4,-16,3,-17,3,-17,2,-18,1,-19,0,-19,0,-19,-2,-19,-2,-18,-2,-18,-2,-17,-2,-17,-2,-16,-2,-16,-1,-16,-1,-16,-1,-16,0,-16,1,-16,1,-16,2,-16,2,-16,2,-16,3,-16,2,-15,2,0,0,-25,12,-26,13,-24,12,-23,12,-21,12,-21,12,-19,12,-18,12,-17,13,-16,13,-14,14,-13,14,-12,14,-12,14,-12,15,-11,14,-11,14,-11,14,-12,14,-11,13,-12,12,-11,11,-11,11,-11,10,-11,10,-11,9,-11,8,-11,7,0,0,0,0,0,0,0,0,0,0,0,0,0,0,-22,19,-24,17,-26,15,-27,13,-29,13,-28,12,-32,11,-32,9,-33,8,-34,6,-34,5,-34,5,-32,5,-31,5,-31,5,-30,5,-29,5,-29,6,-28,7,-29,8,-27,9,-28,9,-28,10,-28,11,-29,13,-27,13,-27,13,-27,13]"
618032482727000,14.031878600,90297,1867476624,-51,-98,6,0,1,7,0,0,256,0,0,"[0,0,10,11,9,10,9,10,9,9,9,9,9,8,8,7,9,7,8,6,8,5,8,4,8,4,8,4,9,4,8,3,9,3,8,3,8,3,8,3,8,3,8,3,7,4,6,3,6,3,6,3,5,3,0,0,0,0,0,0,0,0,0,0,0,0,0,0,0,0,0,0,0,0,0,0,11,10,11,11,10,12,10,13,10,14,9,15,9,15,8,16,8,16,7,15,7,15,6,15,6,14,6,14,7,14,7,13,7,13,7,12,8,12,9,12,9,12,10,11,10,12,10,11,10,12,10,11,0,0,22,16,22,15,22,14,20,13,20,12,19,11,19,10,18,10,19,8,18,6,18,5,18,4,18,3,18,4,17,3,17,2,17,2,17,2,16,3,16,4,15,3,15,4,14,4,13,3,13,3,12,4,11,5,11,6,0,0,0,0,0,0,0,0,0,0,0,0,0,0,27,9,25,12,25,14,25,16,24,17,24,19,23,21,23,22,22,23,20,25,20,26,19,26,19,25,19,24,18,23,19,22,18,23,19,21,19,21,20,20,20,19,21,19,21,19,22,18,22,17,23,16,24,16,24,17]"
618032507093000,14.056244600,90298,1867496534,-51,-98,6,0,1,7,0,0,256,0,0,"[0,0,-14,6,-14,5,-13,5,-12,6,-12,5,-11,6,-11,6,-9,6,-10,6,-9,6,-8,6,-7,6,-7,7,-7,7,-7,7,-7,7,-6,7,-7,7,-7,7,-7,6,-6,6,-6,5,-6,5,-6,5,-6,4,-6,4,0,0,0,0,0,0,0,0,0,0,0,0,0,0,0,0,0,0,0,0,0,0,-15,6,-16,5,-16,6,-17,5,-17,4,-19,3,-18,3,-19,2,-19,1,-18,1,-18,0,-18,1,-17,0,-16,1,-16,2,-16,2,-16,2,-16,3,-15,4,-15,4,-15,4,-16,5,-15,5,-15,5,-15,6,-15,6,0,0,-24,17,-23,17,-21,16,-21,16,-19,15,-18,16,-17,16,-16,15,-14,16,-13,16,-12,16,-11,15,-10,16,-10,16,-9,17,-9,16,-9,16,-9,15,-9,15,-9,15,-8,14,-9,13,-9,13,-9,12,-9,11,-9,10,-10,10,-10,8,0,0,0,0,0,0,0,0,0,0,0,0,0,0,-19,22,-22,21,-23,19,-24,18,-26,18,-26,17,-29,16,-30,15,-31,14,-33,12,-32,12,-33,10,-32,9,-31,9,-30,9,-29,10,-28,11,-27,12,-27,12,-27,13,-26,14,-25,15,-25,15,-25,17,-26,16,-25,17,-24,17,-24,17]"
618032527040100,14.076191700,90299,1867518930,-51,-98,6,0,1,7,0,0,256,0,0,"[0,0,-9,12,-9,12,-9,11,-8,11,-7,11,-7,11,-6,10,-5,10,-5,10,-4,9,-4,9,-3,10,-3,10,-2,9,-2,9,-2,9,-2,9,-2,9,-2,9,-3,9,-3,8,-2,8,-3,8,-3,7,-3,6,-3,6,0,0,0,0,0,0,0,0,0,0,0,0,0,0,0,0,0,0,0,0,0,0,-9,14,-10,14,-11,13,-11,14,-13,13,-14,12,-14,12,-15,11,-16,11,-15,11,-15,10,-15,10,-14,10,-14,10,-13,10,-13,10,-13,10,-12,11,-11,11,-11,11,-10,12,-10,12,-11,13,-10,13,-10,13,-10,13,0,0,-24,51,-22,49,-22,49,-20,46,-17,47,-16,44,-15,42,-13,41,-10,40,-7,38,-5,38,-3,38,-1,37,0,37,1,36,1,37,1,34,0,36,0,35,-2,34,-2,32,-3,31,-3,29,-2,28,-4,28,-6,26,-7,25,-9,24,0,0,0,0,0,0,0,0,0,0,0,0,0,0,-10,57,-16,57,-21,55,-25,56,-27,54,-30,55,-33,55,-38,56,-41,52,-45,52,-45,49,-44,49,-43,48,-42,46,-41,45,-39,45,-38,46,-36,44,-35,46,-33,47,-32,50,-31,49,-29,51,-29,52,-27,53,-24,54,-24,54,-24,54]"
618032544279700,14.093431300,90300,1867536571,-51,-98,6,0,1,7,0,0,256,0,0,"[0,0,-16,1,-15,1,-14,1,-14,1,-13,1,-13,2,-12,2,-11,3,-11,3,-11,3,-10,3,-9,3,-9,4,-9,4,-9,4,-9,4,-9,4,-8,4,-9,4,-8,4,-8,3,-8,3,-8,3,-7,2,-8,2,-7,2,0,0,0,0,0,0,0,0,0,0,0,0,0,0,0,0,0,0,0,0,0,0,-17,2,-17,2,-17,1,-17,0,-18,-1,-18,-2,-18,-2,-18,-3,-18,-3,-18,-4,-17,-5,-17,-4,-17,-4,-16,-4,-16,-3,-16,-3,-16,-2,-16,-2,-15,-1,-16,0,-16,0,-16,0,-17,0,-16,1,-16,1,-16,1,0,0,-27,11,-25,10,-25,11,-23,10,-23,10,-21,11,-20,10,-19,10,-18,11,-16,12,-15,13,-14,13,-14,13,-13,13,-13,13,-13,13,-13,13,-12,13,-12,12,-12,12,-12,11,-12,10,-11,10,-11,9,-11,9,-11,8,-12,7,-12,6,0,0,0,0,0,0,0,0,0,0,0,0,0,0,-23,17,-25,16,-26,14,-28,12,-29,10,-30,9,-31,9,-33,8,-34,5,-34,4,-33,2,-33,3,-33,4,-32,4,-31,4,-30,4,-30,4,-28,4,-29,5,-29,6,-29,8,-29,8,-28,8,-29,9,-28,11,-27,12,-27,12,-28,12]"
618032564633200,14.113784800,90301,1867556505,-51,-98,6,0,1,7,0,0,256,0,0,"[0,0,-4,-15,-4,-15,-5,-15,-4,-14,-4,-13,-5,-12,-5,-12,-5,-12,-5,-11,-6,-10,-6,-9,-6,-9,-6,-9,-7,-9,-6,-8,-7,-8,-7,-8,-6,-8,-6,-8,-6,-8,-5,-8,-5,-8,-5,-8,-4,-7,-4,-7,-4,-7,0,0,0,0,0,0,0,0,0,0,0,0,0,0,0,0,0,0,0,0,0,0,-6,-16,-5,-17,-5,-17,-4,-18,-3,-19,-2,-19,-1,-19,-1,-19,0,-19,0,-19,0,-18,0,-17,0,-17,0,-17,0,-17,-1,-16,-1,-16,-2,-16,-2,-16,-3,-16,-3,-17,-4,-17,-4,-17,-4,-16,-4,-16,-4,-16,0,0,-13,-25,-13,-25,-12,-24,-12,-22,-13,-21,-13,-20,-13,-19,-13,-18,-13,-17,-14,-15,-14,-15,-14,-14,-14,-13,-15,-13,-15,-13,-14,-12,-15,-12,-15,-12,-14,-12,-13,-12,-13,-12,-12,-12,-12,-11,-10,-11,-9,-11,-9,-11,-8,-11,-7,-12,0,0,0,0,0,0,0,0,0,0,0,0,0,0,-20,-22,-18,-25,-16,-26,-15,-27,-14,-28,-12,-29,-12,-31,-11,-32,-10,-32,-9,-33,-7,-33,-6,-33,-6,-32,-5,-31,-5,-30,-6,-29,-7,-29,-7,-28,-8,-28,-9,-28,-10,-27,-11,-27,-12,-27,-13,-28,-13,-27,-13,-27,-14,-27,-13,-27]"
618032585770800,14.134922400,90302,1867576508,-51,-98,6,0,1,7,0,0,256,0,0,"[0,0,-1,-15,-2,-15,-2,-14,-2,-14,-3,-13,-3,-12,-4,-12,-3,-12,-4,-10,-4,-10,-4,-10,-5,-10,-5,-9,-5,-9,-5,-9,-5,-8,-5,-9,-5,-8,-5,-8,-5,-8,-4,-8,-5,-8,-4,-8,-3,-7,-3,-7,-3,-7,0,0,0,0,0,0,0,0,0,0,0,0,0,0,0,0,0,0,0,0,0,0,-3,-16,-2,-17,-2,-17,-1,-18,0,-18,1,-18,1,-18,2,-18,3,-18,4,-18,4,-17,3,-17,3,-17,3,-16,2,-16,2,-16,1,-15,1,-16,0,-16,0,-16,-1,-16,-1,-17,-1,-16,-1,-16,-1,-16,-1,-16,0,0,-11,-27,-11,-27,-11,-25,-11,-23,-11,-22,-11,-21,-11,-21,-11,-19,-12,-18,-13,-17,-13,-16,-13,-15,-13,-14,-13,-14,-14,-13,-14,-13,-14,-13,-13,-13,-13,-13,-12,-13,-12,-13,-11,-12,-10,-12,-10,-12,-9,-12,-8,-11,-7,-12,-6,-12,0,0,0,0,0,0,0,0,0,0,0,0,0,0,-18,-23,-16,-26,-14,-27,-13,-28,-12,-29,-10,-30,-9,-32,-8,-33,-6,-34,-5,-34,-4,-33,-3,-33,-3,-33,-2,-32,-2,-31,-3,-30,-4,-30,-5,-29,-5,-29,-7,-29,-8,-29,-9,-29,-9,-29,-10,-29,-10,-29,-11,-28,-11,-28,-11,-28]"
618032605007900,14.154159500,90303,1867597454,-51,-98,6,0,1,7,0,0,256,0,0,"[0,0,13,-8,12,-8,12,-8,11,-8,10,-8,10,-8,9,-8,9,-8,8,-7,7,-8,7,-8,6,-8,6,-8,6,-8,6,-9,6,-9,5,-8,5,-8,6,-8,6,-8,5,-7,5,-7,5,-6,5,-6,5,-5,5,-5,0,0,0,0,0,0,0,0,0,0,0,0,0,0,0,0,0,0,0,0,0,0,13,-10,14,-9,14,-9,15,-8,16,-8,17,-7,17,-6,18,-5,18,-5,17,-4,16,-4,17,-4,16,-4,16,-4,15,-5,15,-5,15,-5,15,-6,14,-7,14,-7,14,-7,14,-8,14,-8,14,-8,13,-8,14,-8,0,0,21,-18,21,-18,20,-18,19,-17,18,-16,16,-17,15,-17,14,-17,12,-17,11,-17,11,-17,10,-16,9,-16,8,-16,8,-17,8,-17,8,-17,8,-17,7,-17,7,-15,7,-15,8,-13,8,-13,8,-12,8,-12,7,-11,9,-10,9,-9,0,0,0,0,0,0,0,0,0,0,0,0,0,0,17,-24,20,-22,21,-20,22,-19,23,-19,24,-18,27,-18,28,-16,29,-16,29,-15,29,-14,30,-13,30,-11,29,-11,28,-11,27,-11,26,-12,26,-13,25,-13,25,-14,24,-15,23,-17,24,-18,23,-18,24,-19,24,-19,23,-18,23,-19]"
618032623607900,14.172759500,90304,1867617026,-51,-98,6,0,1,7,0,0,256,0,0,"[0,0,-3,15,-3,15,-3,13,-3,13,-2,13,-2,12,-2,12,-1,11,0,10,0,10,1,10,1,10,1,10,1,9,2,9,2,9,2,9,1,9,1,8,1,9,1,8,0,8,1,8,0,7,0,7,-1,7,0,0,0,0,0,0,0,0,0,0,0,0,0,0,0,0,0,0,0,0,0,0,-1,16,-2,16,-3,16,-4,17,-5,17,-6,17,-7,17,-8,17,-8,16,-8,16,-8,15,-8,15,-8,14,-7,15,-7,14,-6,14,-6,14,-6,15,-5,15,-4,15,-4,15,-4,15,-4,15,-3,16,-3,15,-3,15,0,0,4,28,5,26,5,25,5,24,6,24,5,22,6,21,6,20,7,19,8,18,9,17,9,16,10,15,10,15,10,15,10,14,10,14,10,15,9,14,8,14,8,14,7,13,7,12,7,12,5,12,5,12,4,12,3,12,0,0,0,0,0,0,0,0,0,0,0,0,0,0,12,25,10,27,8,27,6,29,5,29,4,30,2,31,1,32,-1,32,-3,33,-4,32,-4,32,-4,31,-4,31,-4,30,-3,29,-3,29,-2,28,-1,28,0,28,1,29,1,28,2,28,3,28,4,28,5,28,6,29,5,29]"
618032645180600,14.194332200,90305,1867638906,-51,-98,6,0,1,7,0,0,256,0,0,"[0,0,-6,-15,-5,-14,-6,-14,-5,-13,-5,-13,-5,-12,-6,-11,-6,-10,-6,-10,-6,-9,-6,-9,-6,-9,-7,-8,-7,-8,-7,-7,-7,-7,-7,-7,-7,-7,-6,-7,-6,-7,-6,-7,-5,-7,-5,-8,-4,-7,-5,-7,-4,-6,0,0,0,0,0,0,0,0,0,0,0,0,0,0,0,0,0,0,0,0,0,0,-7,-15,-7,-16,-6,-16,-6,-16,-5,-17,-4,-18,-4,-18,-3,-18,-2,-18,-1,-18,-1,-18,-1,-17,-1,-17,-1,-16,-2,-17,-3,-16,-3,-15,-3,-15,-4,-16,-5,-16,-5,-16,-5,-15,-5,-16,-6,-16,-5,-16,-6,-15,0,0,-18,-22,-19,-22,-18,-21,-18,-20,-17,-18,-17,-17,-17,-16,-17,-15,-17,-13,-17,-13,-17,-12,-17,-11,-17,-10,-17,-9,-17,-9,-17,-9,-17,-8,-17,-8,-16,-8,-16,-9,-15,-9,-14,-8,-13,-9,-13,-9,-12,-9,-11,-9,-11,-9,-10,-10,0,0,0,0,0,0,0,0,0,0,0,0,0,0,-23,-18,-21,-21,-20,-22,-20,-23,-20,-25,-19,-25,-18,-28,-17,-29,-17,-29,-15,-31,-14,-30,-12,-31,-11,-31,-10,-30,-10,-29,-11,-28,-12,-27,-14,-27,-14,-26,-15,-26,-16,-25,-17,-25,-17,-25,-19,-24,-18,-25,-18,-24,-19,-24,-19,-24]"
618032661955300,14.211106900,90306,1867656797,-51,-98,6,0,1,7,0,0,256,0,0,"[0,0,14,5,13,4,13,4,13,3,12,3,11,2,11,2,11,1,10,1,10,0,10,0,10,0,9,-1,9,-1,9,-2,9,-2,9,-2,9,-2,8,-1,8,-1,9,0,8,-1,7,0,7,0,7,0,7,0,0,0,0,0,0,0,0,0,0,0,0,0,0,0,0,0,0,0,0,0,0,0,15,2,15,4,16,4,15,5,15,6,16,7,15,8,15,9,15,9,14,9,14,9,13,9,13,9,13,8,13,8,13,7,13,7,13,6,13,6,14,6,14,6,14,5,15,5,14,4,15,4,15,4,0,0,28,0,28,-2,25,-1,26,-2,24,-2,23,-3,22,-3,22,-4,21,-5,20,-6,19,-6,18,-6,17,-8,16,-8,17,-9,16,-8,17,-8,16,-7,15,-7,16,-7,15,-6,15,-6,15,-5,14,-4,13,-4,12,-3,14,-2,12,-1,0,0,0,0,0,0,0,0,0,0,0,0,0,0,27,-9,28,-6,29,-4,28,-2,31,-2,29,0,32,2,31,4,32,4,33,7,32,7,32,8,30,9,30,9,28,8,28,7,27,6,28,5,27,4,29,4,28,2,28,1,29,1,29,0,30,1,30,0,29,0,29,-1]"
618032683767600,14.232919200,90307,1867676509,-51,-98,6,0,1,7,0,0,256,0,0,"[0,0,13,-6,13,-6,12,-6,12,-6,11,-6,11,-6,10,-6,9,-6,9,-6,8,-7,8,-7,7,-7,7,-7,6,-7,7,-8,6,-7,7,-7,7,-7,6,-7,7,-7,6,-6,6,-5,6,-5,6,-5,6,-4,6,-4,0,0,0,0,0,0,0,0,0,0,0,0,0,0,0,0,0,0,0,0,0,0,13,-8,14,-8,15,-7,15,-7,16,-6,17,-5,17,-5,17,-4,17,-3,17,-3,17,-2,16,-2,16,-2,15,-3,15,-3,15,-3,14,-4,15,-4,14,-5,14,-5,14,-5,14,-6,15,-6,14,-7,14,-6,14,-6,0,0,19,-21,18,-21,17,-21,16,-20,15,-19,14,-19,13,-18,12,-18,11,-18,9,-18,8,-19,8,-18,7,-18,7,-18,6,-18,6,-19,6,-18,6,-18,6,-17,6,-17,7,-16,7,-15,6,-14,7,-13,7,-13,7,-12,7,-11,9,-10,0,0,0,0,0,0,0,0,0,0,0,0,0,0,12,-26,15,-25,18,-23,18,-24,20,-23,21,-22,23,-22,25,-21,27,-20,28,-18,28,-17,28,-17,27,-16,27,-16,26,-15,25,-16,25,-16,23,-17,23,-18,23,-18,22,-19,21,-20,22,-20,21,-21,21,-22,19,-22,20,-23,20,-22]"
618032705759600,14.254911200,90308,1867696613,-51,-98,6,0,1,7,0,0,256,0,0,"[0,0,-8,-13,-8,-13,-8,-12,-8,-12,-7,-11,-8,-11,-8,-10,-8,-9,-8,-9,-8,-8,-8,-8,-8,-7,-8,-7,-8,-7,-8,-6,-8,-6,-8,-6,-8,-6,-8,-6,-7,-6,-7,-6,-7,-6,-6,-6,-6,-5,-6,-5,-5,-6,0,0,0,0,0,0,0,0,0,0,0,0,0,0,0,0,0,0,0,0,0,0,-10,-13,-9,-14,-9,-15,-8,-15,-8,-16,-7,-17,-7,-17,-6,-18,-5,-18,-5,-18,-5,-17,-5,-16,-4,-16,-5,-16,-5,-16,-5,-15,-6,-14,-6,-14,-7,-15,-7,-15,-7,-14,-8,-14,-8,-14,-9,-14,-9,-14,-8,-14,0,0,-21,-20,-20,-20,-20,-19,-19,-18,-19,-17,-19,-16,-19,-15,-19,-13,-18,-12,-18,-11,-18,-10,-18,-9,-18,-8,-18,-8,-18,-7,-17,-7,-18,-7,-18,-7,-17,-7,-16,-7,-15,-7,-15,-7,-14,-7,-13,-8,-12,-8,-12,-8,-11,-8,-10,-9,0,0,0,0,0,0,0,0,0,0,0,0,0,0,-25,-14,-24,-18,-23,-19,-22,-21,-21,-22,-20,-24,-20,-26,-20,-27,-18,-28,-18,-28,-16,-29,-17,-29,-15,-28,-15,-28,-14,-27,-15,-26,-15,-26,-15,-25,-16,-25,-17,-24,-18,-23,-19,-23,-20,-22,-20,-22,-21,-22,-21,-22,-22,-21,-21,-22]"
618032725351400,14.274503000,90309,1867719488,-51,-98,6,0,1,7,0,0,256,0,0,"[0,0,10,11,10,10,9,10,9,9,9,9,9,8,9,7,9,6,8,6,8,5,8,5,9,5,9,4,9,4,9,3,8,3,8,3,9,3,8,3,8,3,7,4,7,3,6,4,6,4,6,4,5,4,0,0,0,0,0,0,0,0,0,0,0,0,0,0,0,0,0,0,0,0,0,0,12,9,12,10,11,10,11,11,11,12,11,13,10,13,10,14,9,14,8,15,8,14,8,14,7,14,8,13,8,13,8,12,8,12,9,12,9,11,10,11,10,11,11,11,11,11,10,11,11,11,11,10,0,0,51,27,49,23,49,23,46,21,45,20,43,17,42,17,41,15,41,12,38,10,39,7,38,6,37,4,38,3,37,2,38,2,35,1,37,2,35,3,34,5,33,5,31,5,29,6,28,6,27,7,25,9,25,9,24,11,0,0,0,0,0,0,0,0,0,0,0,0,0,0,54,10,54,16,53,19,53,24,53,25,53,29,53,32,54,36,51,39,49,44,48,43,46,45,44,44,44,44,42,42,42,40,43,39,43,35,45,34,45,33,48,33,49,30,49,31,51,29,51,29,52,27,53,26,53,28]"
618032746885500,14.296037100,90310,1867737654,-51,-98,6,0,1,7,0,0,256,0,0,"[0,0,-6,-14,-7,-14,-7,-13,-6,-12,-7,-12,-7,-12,-7,-11,-7,-10,-7,-9,-7,-9,-7,-8,-8,-8,-8,-8,-8,-7,-8,-7,-7,-7,-8,-7,-8,-7,-7,-7,-6,-7,-7,-7,-6,-7,-6,-7,-5,-6,-5,-6,-5,-6,0,0,0,0,0,0,0,0,0,0,0,0,0,0,0,0,0,0,0,0,0,0,-9,-13,-9,-14,-8,-15,-7,-16,-6,-16,-6,-17,-5,-17,-4,-17,-4,-18,-3,-18,-3,-17,-3,-17,-3,-16,-3,-16,-3,-16,-4,-15,-4,-15,-5,-15,-5,-15,-6,-15,-6,-15,-6,-15,-7,-15,-7,-15,-7,-15,-7,-15,0,0,-16,-24,-17,-24,-17,-22,-16,-22,-16,-20,-16,-19,-15,-18,-16,-17,-15,-15,-16,-14,-17,-13,-17,-13,-17,-12,-17,-12,-17,-11,-17,-11,-17,-11,-17,-10,-16,-11,-15,-11,-14,-11,-13,-11,-13,-11,-12,-10,-11,-11,-10,-10,-10,-12,-8,-11,0,0,0,0,0,0,0,0,0,0,0,0,0,0,-23,-18,-22,-20,-20,-22,-18,-23,-19,-26,-17,-26,-17,-29,-15,-29,-15,-30,-13,-32,-12,-31,-11,-32,-11,-31,-10,-30,-10,-29,-10,-28,-10,-28,-12,-27,-12,-27,-13,-27,-14,-26,-15,-26,-15,-26,-17,-26,-17,-26,-17,-25,-17,-25,-17,-25]"
618032766754900,14.315906500,90311,1867757004,-50,-98,6,0,1,7,0,0,256,0,0,"[0,0,-7,-14,-8,-14,-8,-13,-8,-12,-8,-12,-8,-11,-7,-10,-7,-10,-7,-9,-8,-9,-9,-8,-8,-7,-8,-7,-8,-7,-9,-7,-8,-6,-9,-7,-8,-6,-8,-6,-8,-6,-7,-6,-7,-7,-6,-6,-6,-6,-6,-6,-5,-6,0,0,0,0,0,0,0,0,0,0,0,0,0,0,0,0,0,0,0,0,0,0,-10,-13,-9,-14,-9,-15,-8,-15,-8,-16,-7,-17,-6,-17,-5,-18,-5,-17,-4,-18,-4,-17,-4,-16,-4,-17,-4,-16,-4,-16,-5,-15,-5,-15,-6,-15,-6,-15,-7,-15,-7,-15,-7,-14,-8,-15,-8,-15,-9,-14,-8,-14,0,0,-25,-15,-24,-15,-24,-14,-22,-13,-23,-12,-22,-11,-21,-10,-21,-10,-20,-8,-20,-7,-20,-6,-20,-5,-19,-4,-20,-3,-19,-3,-20,-3,-19,-2,-19,-4,-19,-4,-18,-4,-18,-5,-16,-5,-15,-4,-15,-5,-14,-5,-14,-6,-13,-6,-12,-7,0,0,0,0,0,0,0,0,0,0,0,0,0,0,-27,-8,-27,-11,-26,-13,-26,-15,-26,-16,-26,-17,-25,-19,-26,-22,-25,-22,-24,-24,-22,-24,-22,-24,-22,-24,-20,-23,-20,-23,-20,-22,-21,-21,-21,-20,-21,-20,-22,-19,-23,-19,-24,-18,-24,-18,-25,-17,-25,-17,-26,-17,-26,-16,-26,-17]"
618032783846200,14.332997800,90312,1867776471,-50,-98,6,0,1,7,0,0,256,0,0,"[0,0,-6,14,-5,14,-6,13,-6,13,-4,12,-4,12,-4,11,-3,11,-3,11,-2,11,-2,10,-1,10,-1,10,0,10,0,10,0,10,1,10,0,10,0,9,-1,9,-1,9,-1,9,-1,8,-1,8,-2,7,-2,7,0,0,0,0,0,0,0,0,0,0,0,0,0,0,0,0,0,0,0,0,0,0,-6,14,-6,15,-7,15,-8,15,-9,15,-10,15,-10,15,-11,14,-11,14,-12,13,-12,12,-11,12,-11,12,-10,12,-10,12,-10,12,-9,12,-9,13,-8,13,-8,14,-7,14,-7,14,-8,14,-7,14,-7,14,-7,14,0,0,-20,52,-19,51,-15,49,-15,48,-12,45,-11,45,-8,43,-7,41,-5,42,-4,40,-1,38,-2,40,1,39,1,37,2,39,3,35,4,37,1,36,3,35,1,33,-1,35,-1,32,-1,32,-3,30,-5,27,-4,26,-7,26,-8,25,0,0,0,0,0,0,0,0,0,0,0,0,0,0,-1,58,-9,57,-13,56,-15,53,-17,59,-20,53,-25,59,-29,57,-31,56,-34,56,-37,53,-40,54,-37,50,-37,48,-36,47,-33,47,-33,46,-30,48,-28,48,-27,51,-24,50,-23,51,-21,52,-21,54,-22,54,-19,54,-18,56,-17,53]"
618032802746400,14.351898000,90313,1867796539,-50,-98,6,0,1,7,0,0,256,0,0,"[0,0,9,12,8,11,8,11,8,10,8,10,8,9,8,9,8,8,8,7,8,6,8,6,8,6,8,5,9,5,8,4,9,4,8,4,9,4,8,5,8,5,7,5,7,5,6,5,6,5,6,5,5,5,0,0,0,0,0,0,0,0,0,0,0,0,0,0,0,0,0,0,0,0,0,0,10,11,9,12,9,13,9,14,8,14,7,16,7,15,6,16,6,16,5,16,5,16,5,15,4,15,4,14,5,14,6,13,6,14,6,13,7,13,7,13,8,13,8,13,9,13,9,13,9,13,9,12,0,0,15,23,16,21,15,20,15,20,14,19,14,18,15,17,14,16,15,14,15,13,16,12,15,11,16,11,15,10,17,9,16,9,16,10,15,9,15,9,15,10,14,10,13,10,12,10,10,9,10,9,10,10,9,11,7,11,0,0,0,0,0,0,0,0,0,0,0,0,0,0,23,17,21,19,20,21,18,23,19,25,16,24,16,27,15,27,13,28,12,31,11,30,10,30,10,29,9,28,9,28,8,27,10,27,11,25,11,25,13,25,12,25,15,25,14,25,16,24,17,24,16,23,17,23,18,22]"
618032823408800,14.372560400,90314,1867822559,-50,-98,6,0,1,6,0,0,256,0,0,"[0,0,6,14,6,12,6,12,6,12,5,11,6,11,5,10,6,9,6,9,6,8,7,7,7,7,7,7,7,7,7,6,7,6,7,6,7,6,7,6,6,7,6,6,5,6,5,6,5,6,4,6,4,6,0,0,0,0,0,0,0,0,0,0,0,0,0,0,0,0,0,0,0,0,0,0,7,13,7,13,6,14,6,15,5,15,4,16,3,16,2,17,2,16,2,16,2,16,1,16,2,15,2,15,2,15,2,14,3,14,3,14,4,14,4,14,5,14,5,14,5,14,6,14,6,14,6,14,0,0,11,26,11,24,11,24,11,23,11,22,11,20,11,19,12,18,12,17,13,16,13,14,13,14,13,13,13,13,14,12,14,12,14,12,14,12,13,12,13,12,12,12,10,13,9,12,9,12,9,12,8,12,7,12,6,13,0,0,0,0,0,0,0,0,0,0,0,0,0,0,19,21,16,23,14,24,13,25,12,26,11,27,10,29,9,31,7,32,6,32,5,32,4,31,4,31,3,30,3,29,4,29,5,28,5,27,6,27,7,27,8,26,9,27,9,27,11,27,11,27,12,27,12,27,11,26]"
618032847521600,14.396673200,90315,1867840023,-50,-98,6,0,1,7,0,0,256,0,0,"[0,0,6,-14,5,-14,5,-14,5,-13,4,-13,4,-12,3,-12,3,-12,2,-12,2,-11,1,-11,0,-11,0,-11,0,-11,0,-11,0,-11,-1,-11,0,-11,0,-11,0,-10,1,-10,1,-10,1,-9,1,-9,2,-8,2,-8,0,0,0,0,0,0,0,0,0,0,0,0,0,0,0,0,0,0,0,0,0,0,4,-15,5,-15,5,-15,7,-15,8,-15,9,-15,10,-15,10,-14,11,-14,10,-13,10,-13,10,-13,10,-13,9,-12,9,-13,8,-12,8,-13,8,-13,8,-14,7,-14,7,-14,6,-14,6,-14,6,-15,6,-15,6,-15,0,0,28,-47,24,-49,25,-48,21,-43,21,-47,19,-43,17,-43,14,-41,12,-40,9,-39,8,-40,5,-39,5,-39,4,-40,4,-37,4,-39,2,-39,3,-39,5,-37,5,-37,6,-35,8,-33,7,-32,8,-32,8,-29,10,-28,13,-27,14,-26,0,0,0,0,0,0,0,0,0,0,0,0,0,0,10,-54,16,-57,19,-54,25,-53,29,-53,30,-52,34,-51,37,-52,40,-50,45,-48,45,-45,43,-45,43,-45,44,-43,40,-43,38,-43,38,-42,36,-41,36,-43,34,-43,33,-48,33,-47,32,-49,30,-50,28,-51,27,-52,26,-51,27,-52]"
618032864385600,14.413537200,90316,1867856623,-50,-98,6,0,1,7,0,0,256,0,0,"[0,0,13,5,12,5,12,5,12,4,12,4,11,3,11,3,11,2,10,1,10,1,10,1,10,0,10,0,10,0,10,-1,10,-1,10,-1,10,-1,9,-1,9,0,9,0,9,0,8,0,7,1,8,1,7,1,0,0,0,0,0,0,0,0,0,0,0,0,0,0,0,0,0,0,0,0,0,0,14,3,14,4,14,5,14,6,14,7,14,8,14,8,14,9,13,10,12,10,12,10,12,10,11,10,11,9,12,8,12,8,12,8,12,7,12,7,13,6,13,6,13,6,14,6,14,6,13,5,14,5,0,0,50,26,50,21,49,21,48,20,43,18,44,15,44,16,43,14,41,9,39,8,41,7,40,4,39,4,38,3,40,1,40,0,37,2,39,2,37,2,37,3,36,6,35,5,32,5,30,7,32,9,29,8,28,9,25,12,0,0,0,0,0,0,0,0,0,0,0,0,0,0,55,9,54,17,54,19,55,22,56,26,54,27,53,32,51,35,50,37,52,41,50,42,46,45,45,43,43,42,41,42,42,37,42,37,46,33,45,32,47,33,46,31,48,28,48,29,51,28,54,28,53,25,52,27,54,26]"
618032884453100,14.433604700,90317,1867876385,-50,-98,6,0,1,7,0,0,256,0,0,"[0,0,4,-15,3,-15,3,-14,4,-14,3,-14,2,-13,1,-13,1,-12,1,-12,0,-12,0,-11,-1,-11,-1,-11,-1,-11,-2,-11,-2,-11,-2,-11,-2,-11,-1,-11,-1,-10,0,-10,-1,-10,0,-10,0,-9,1,-9,1,-8,0,0,0,0,0,0,0,0,0,0,0,0,0,0,0,0,0,0,0,0,0,0,2,-16,3,-16,3,-16,4,-16,5,-17,7,-16,7,-17,8,-16,8,-16,9,-15,9,-15,9,-14,8,-14,8,-14,7,-14,7,-14,7,-14,6,-14,5,-15,5,-15,5,-15,4,-16,5,-16,4,-16,4,-16,4,-16,0,0,7,-28,5,-28,6,-28,5,-27,5,-25,3,-24,3,-24,1,-23,1,-21,0,-21,-1,-21,-2,-22,-3,-21,-2,-20,-4,-21,-4,-20,-4,-21,-3,-20,-3,-19,-2,-19,-2,-19,-1,-19,0,-18,0,-16,0,-15,1,-15,2,-16,4,-15,0,0,0,0,0,0,0,0,0,0,0,0,0,0,-3,-29,-1,-30,2,-29,4,-29,6,-30,7,-30,9,-31,12,-31,13,-30,15,-29,16,-28,15,-28,16,-28,15,-27,15,-27,14,-26,13,-26,12,-25,11,-25,11,-27,10,-28,8,-28,9,-29,8,-29,8,-28,7,-29,8,-30,7,-30]"
618032903833800,14.452985400,90318,1867896704,-49,-98,6,0,1,7,0,0,256,0,0,"[0,0,11,-10,10,-11,10,-10,9,-10,9,-10,8,-10,7,-10,7,-10,6,-10,6,-9,6,-10,4,-10,4,-10,4,-10,4,-10,4,-10,3,-10,4,-10,4,-10,4,-9,4,-9,4,-8,4,-8,4,-8,5,-7,5,-7,0,0,0,0,0,0,0,0,0,0,0,0,0,0,0,0,0,0,0,0,0,0,9,-12,10,-12,10,-12,12,-11,13,-11,14,-11,14,-10,15,-10,15,-9,14,-8,15,-8,14,-7,14,-7,14,-7,13,-8,13,-8,12,-8,12,-9,12,-9,11,-10,11,-11,11,-11,12,-11,12,-11,11,-11,12,-11,0,0,43,-35,42,-36,40,-37,40,-32,37,-34,33,-35,31,-34,27,-36,25,-33,23,-35,24,-35,20,-35,18,-36,16,-36,19,-36,19,-36,16,-35,17,-35,16,-34,18,-34,18,-32,19,-31,18,-29,22,-27,19,-25,19,-21,21,-22,22,-19,0,0,0,0,0,0,0,0,0,0,0,0,0,0,29,-50,34,-46,41,-43,41,-43,44,-42,48,-38,52,-38,55,-35,56,-35,57,-32,59,-30,59,-29,58,-26,56,-24,53,-24,53,-25,52,-27,50,-27,50,-26,50,-30,49,-32,45,-35,45,-37,46,-37,48,-37,48,-39,44,-40,46,-40]"
618032923308500,14.472460100,90319,1867916578,-49,-98,6,0,1,7,0,0,256,0,0,"[0,0,-7,13,-6,13,-6,12,-6,12,-5,12,-5,12,-4,11,-3,11,-3,10,-3,11,-2,10,-1,10,-1,10,0,10,0,10,0,10,0,10,-1,10,-1,10,-1,9,-1,9,-1,9,-2,9,-2,8,-2,8,-3,7,0,0,0,0,0,0,0,0,0,0,0,0,0,0,0,0,0,0,0,0,0,0,-6,14,-7,14,-7,14,-8,13,-9,14,-10,13,-11,13,-12,13,-12,13,-12,12,-12,11,-12,11,-11,11,-11,11,-10,11,-10,11,-10,11,-9,12,-9,12,-8,13,-8,13,-8,13,-8,14,-7,14,-7,14,-7,13,0,0,-22,51,-21,50,-22,47,-18,46,-17,45,-13,46,-13,43,-9,43,-8,39,-5,39,-6,39,-3,41,-1,40,1,37,1,39,2,37,2,41,1,36,1,36,0,36,-2,34,-2,35,-4,32,-4,33,-5,30,-6,29,-9,30,-12,27,0,0,0,0,0,0,0,0,0,0,0,0,0,0,-8,55,-15,56,-21,54,-22,53,-24,54,-27,54,-31,55,-35,53,-37,53,-42,51,-41,49,-43,48,-42,45,-42,44,-40,43,-39,44,-36,44,-34,45,-32,45,-33,46,-29,46,-28,51,-26,52,-26,53,-26,52,-23,52,-22,52,-26,53]"
618032955146200,14.504297800,90320,1867943174,-49,-98,6,0,1,7,0,0,256,0,0,"[0,0,-11,-11,-11,-10,-11,-10,-11,-10,-10,-9,-11,-8,-11,-8,-10,-7,-10,-6,-10,-6,-10,-5,-10,-5,-10,-5,-10,-4,-11,-4,-11,-3,-11,-4,-10,-4,-10,-4,-10,-4,-10,-4,-9,-4,-9,-5,-8,-5,-8,-5,-8,-5,0,0,0,0,0,0,0,0,0,0,0,0,0,0,0,0,0,0,0,0,0,0,-13,-10,-12,-11,-12,-12,-11,-12,-11,-14,-11,-14,-10,-15,-10,-15,-9,-15,-9,-16,-8,-15,-8,-14,-8,-15,-8,-14,-8,-14,-9,-13,-9,-13,-10,-13,-10,-13,-10,-12,-11,-12,-11,-12,-12,-12,-12,-12,-12,-11,-12,-11,0,0,-44,-34,-45,-35,-41,-33,-41,-30,-39,-28,-39,-26,-39,-25,-38,-23,-38,-19,-37,-18,-39,-14,-38,-14,-38,-13,-38,-10,-40,-8,-39,-9,-40,-9,-38,-10,-38,-11,-37,-10,-35,-13,-32,-13,-32,-13,-30,-15,-29,-13,-27,-14,-26,-15,-24,-18,0,0,0,0,0,0,0,0,0,0,0,0,0,0,-51,-24,-49,-30,-47,-33,-46,-35,-46,-39,-44,-40,-43,-45,-43,-48,-41,-50,-38,-53,-36,-52,-35,-55,-34,-53,-32,-51,-31,-50,-30,-47,-33,-47,-37,-45,-35,-44,-36,-42,-38,-42,-40,-41,-40,-40,-44,-39,-45,-39,-44,-37,-43,-36,-44,-38]"
618032967399000,14.516550600,90321,1867956495,-50,-98,6,0,1,7,0,0,256,0,0,"[0,0,-6,-14,-7,-14,-6,-13,-6,-13,-6,-12,-7,-12,-6,-11,-7,-10,-7,-10,-7,-9,-7,-9,-8,-9,-8,-8,-8,-8,-9,-7,-8,-7,-8,-8,-8,-7,-8,-7,-8,-8,-7,-7,-7,-7,-6,-8,-6,-8,-5,-7,-5,-7,0,0,0,0,0,0,0,0,0,0,0,0,0,0,0,0,0,0,0,0,0,0,-8,-14,-8,-14,-8,-15,-6,-16,-6,-17,-5,-17,-5,-17,-4,-18,-3,-18,-2,-18,-2,-17,-2,-17,-2,-16,-2,-16,-3,-16,-3,-16,-3,-15,-4,-15,-4,-15,-5,-15,-6,-15,-6,-15,-6,-15,-6,-15,-6,-15,-6,-14,0,0,-13,-25,-13,-25,-12,-24,-12,-22,-13,-23,-13,-21,-12,-20,-13,-19,-13,-17,-14,-15,-15,-15,-15,-14,-16,-14,-15,-14,-16,-12,-15,-13,-15,-13,-15,-13,-15,-13,-14,-13,-13,-13,-13,-13,-12,-14,-11,-13,-11,-13,-10,-12,-8,-14,-6,-13,0,0,0,0,0,0,0,0,0,0,0,0,0,0,-20,-21,-18,-23,-17,-24,-15,-25,-14,-27,-12,-28,-11,-30,-9,-30,-9,-32,-7,-32,-6,-32,-6,-33,-7,-31,-7,-30,-5,-29,-6,-28,-6,-28,-7,-27,-8,-27,-8,-27,-9,-27,-10,-28,-10,-28,-11,-27,-12,-28,-13,-26,-14,-26,-14,-26]"
618032984602900,14.533754500,90322,1867976511,-50,-98,6,0,1,7,0,0,256,0,0,"[0,0,-5,-15,-5,-14,-5,-14,-5,-13,-5,-13,-5,-12,-5,-12,-5,-11,-5,-11,-6,-10,-7,-9,-7,-9,-7,-9,-7,-9,-7,-9,-7,-9,-7,-8,-7,-8,-7,-9,-6,-8,-6,-8,-5,-8,-6,-8,-5,-8,-5,-8,-4,-8,0,0,0,0,0,0,0,0,0,0,0,0,0,0,0,0,0,0,0,0,0,0,-7,-14,-6,-15,-6,-16,-5,-16,-4,-17,-3,-17,-2,-18,-1,-18,-1,-18,-1,-18,-1,-17,-1,-17,-1,-16,-1,-16,-1,-16,-2,-16,-2,-15,-2,-16,-3,-16,-3,-15,-4,-16,-4,-16,-5,-15,-5,-15,-5,-15,-5,-15,0,0,-4,-28,-5,-27,-4,-26,-4,-25,-5,-25,-5,-23,-6,-22,-8,-21,-8,-20,-8,-19,-10,-18,-10,-18,-10,-18,-11,-18,-11,-17,-12,-17,-11,-18,-11,-16,-11,-16,-11,-17,-10,-17,-8,-17,-7,-16,-7,-15,-7,-15,-6,-15,-4,-15,-4,-15,0,0,0,0,0,0,0,0,0,0,0,0,0,0,-12,-26,-9,-28,-8,-29,-6,-30,-4,-30,-2,-30,-1,-31,0,-33,2,-32,3,-32,4,-33,4,-32,5,-31,3,-31,5,-29,4,-30,3,-28,3,-28,2,-28,1,-29,0,-28,-1,-29,-2,-29,-2,-30,-5,-29,-4,-29,-5,-29,-5,-29]"
618033005844800,14.554996400,90323,1867998932,-50,-98,6,0,1,7,0,0,256,0,0,"[0,0,-16,2,-15,2,-14,2,-14,2,-13,2,-13,3,-12,3,-11,3,-11,4,-11,5,-10,5,-10,5,-10,5,-9,5,-9,6,-9,6,-9,6,-9,5,-9,6,-9,5,-9,5,-9,4,-9,4,-8,4,-8,3,-8,3,0,0,0,0,0,0,0,0,0,0,0,0,0,0,0,0,0,0,0,0,0,0,-16,4,-16,3,-17,2,-17,1,-18,1,-18,0,-18,-1,-18,-2,-18,-3,-18,-3,-17,-3,-17,-3,-16,-3,-16,-2,-16,-2,-16,-1,-16,-1,-16,-1,-15,0,-16,1,-16,1,-16,1,-17,2,-16,2,-16,3,-16,2,0,0,-28,9,-27,9,-25,9,-25,10,-23,10,-22,10,-21,10,-20,9,-20,10,-18,12,-17,13,-16,13,-14,13,-14,13,-14,14,-14,14,-14,15,-14,14,-15,13,-15,12,-15,11,-15,11,-14,11,-13,10,-14,9,-13,8,-14,7,-13,7,0,0,0,0,0,0,0,0,0,0,0,0,0,0,-24,16,-26,15,-27,13,-28,10,-29,10,-29,8,-32,8,-33,6,-33,4,-34,1,-32,1,-33,0,-33,1,-32,1,-30,1,-30,2,-29,1,-30,4,-28,4,-29,5,-28,6,-29,5,-29,6,-29,8,-30,8,-28,9,-27,10,-29,9]"
618033026505300,14.575656900,90324,1868016584,-50,-98,6,0,1,7,0,0,256,0,0,"[0,0,-14,-7,-14,-7,-13,-6,-13,-6,-12,-6,-12,-5,-12,-5,-11,-4,-11,-3,-11,-2,-11,-2,-11,-2,-11,-1,-11,-1,-11,0,-11,0,-11,0,-11,0,-11,-1,-11,-1,-10,-2,-10,-2,-9,-2,-9,-2,-9,-2,-9,-2,0,0,0,0,0,0,0,0,0,0,0,0,0,0,0,0,0,0,0,0,0,0,-15,-6,-15,-7,-15,-8,-14,-9,-15,-10,-15,-11,-14,-12,-14,-12,-13,-13,-13,-13,-13,-12,-12,-12,-12,-12,-12,-11,-12,-11,-12,-10,-13,-10,-13,-10,-13,-9,-13,-9,-13,-9,-14,-8,-14,-8,-14,-8,-15,-7,-14,-7,0,0,-54,-21,-51,-21,-50,-20,-49,-17,-47,-16,-45,-16,-45,-12,-41,-10,-41,-7,-42,-5,-41,-2,-41,-2,-39,1,-40,1,-40,1,-42,2,-40,3,-40,1,-40,0,-38,-1,-37,1,-34,-3,-32,-3,-32,-3,-32,-4,-30,-6,-29,-9,-28,-9,0,0,0,0,0,0,0,0,0,0,0,0,0,0,-58,-6,-58,-13,-56,-17,-55,-21,-56,-24,-55,-26,-55,-32,-57,-36,-55,-38,-52,-43,-51,-42,-47,-42,-50,-41,-48,-40,-45,-38,-45,-36,-44,-36,-45,-34,-47,-33,-48,-33,-49,-29,-48,-28,-50,-27,-52,-26,-55,-24,-55,-23,-53,-21,-54,-24]"
618033045693800,14.594845400,90325,1868036608,-50,-98,6,0,1,7,0,0,256,0,0,"[0,0,-13,-8,-13,-9,-12,-8,-12,-7,-12,-7,-11,-6,-12,-6,-11,-5,-11,-5,-11,-4,-11,-3,-11,-3,-11,-3,-11,-2,-11,-2,-11,-2,-11,-2,-11,-1,-11,-2,-10,-2,-10,-2,-9,-3,-9,-3,-9,-3,-9,-3,-8,-3,0,0,0,0,0,0,0,0,0,0,0,0,0,0,0,0,0,0,0,0,0,0,-15,-7,-14,-8,-14,-9,-14,-10,-14,-11,-14,-12,-13,-12,-13,-13,-12,-13,-12,-14,-11,-13,-11,-13,-11,-13,-10,-12,-11,-12,-11,-11,-11,-11,-12,-11,-12,-11,-12,-10,-13,-10,-13,-10,-14,-10,-13,-9,-13,-9,-13,-9,0,0,-52,-26,-51,-25,-47,-23,-49,-21,-45,-18,-43,-19,-42,-18,-41,-14,-42,-10,-39,-8,-41,-3,-39,-4,-39,-2,-38,-2,-41,1,-38,1,-38,-1,-39,0,-42,-1,-38,-3,-37,-3,-33,-6,-33,-5,-32,-3,-31,-5,-30,-8,-29,-9,-28,-10,0,0,0,0,0,0,0,0,0,0,0,0,0,0,-55,-13,-54,-18,-55,-22,-50,-28,-54,-30,-55,-32,-52,-37,-52,-40,-50,-43,-49,-46,-45,-47,-45,-48,-45,-44,-45,-44,-43,-43,-41,-39,-40,-38,-46,-37,-45,-36,-45,-36,-46,-34,-46,-32,-46,-31,-48,-30,-52,-29,-50,-27,-51,-25,-52,-28]"
618033064478700,14.613630300,90326,1868056665,-50,-98,6,0,1,7,0,0,256,0,0,"[0,0,-16,3,-15,3,-14,3,-14,3,-13,3,-13,3,-12,3,-11,4,-11,4,-11,5,-10,5,-9,5,-9,6,-9,6,-9,6,-9,6,-9,6,-9,6,-9,6,-8,5,-9,5,-8,4,-8,4,-8,4,-8,3,-8,3,0,0,0,0,0,0,0,0,0,0,0,0,0,0,0,0,0,0,0,0,0,0,-16,5,-16,4,-17,4,-17,3,-18,2,-18,1,-18,0,-18,-1,-19,-1,-18,-2,-18,-2,-17,-2,-17,-1,-17,-1,-16,-1,-16,0,-16,0,-16,0,-16,1,-16,1,-16,1,-16,2,-17,3,-16,3,-15,3,-16,3,0,0,-29,4,-27,5,-25,4,-25,4,-24,5,-22,6,-21,6,-21,6,-21,7,-19,8,-19,8,-18,9,-17,10,-16,10,-17,9,-16,10,-16,10,-16,11,-16,10,-15,9,-16,8,-14,8,-15,8,-15,6,-15,5,-15,4,-14,4,-15,3,0,0,0,0,0,0,0,0,0,0,0,0,0,0,-27,11,-29,8,-29,6,-29,3,-31,3,-31,2,-32,1,-33,-2,-33,-1,-33,-3,-33,-5,-33,-7,-32,-7,-32,-7,-30,-6,-28,-5,-29,-3,-29,-4,-28,-3,-29,-2,-29,0,-28,1,-28,2,-29,3,-30,3,-29,3,-29,3,-29,3]"
618033085601700,14.634753300,90327,1868078438,-50,-98,6,0,1,7,0,0,256,0,0,"[0,0,5,13,5,13,5,12,5,11,5,11,6,11,6,10,6,9,6,9,6,8,6,8,6,8,6,7,7,7,7,7,7,6,7,6,7,6,7,7,6,6,6,6,5,7,5,7,5,6,4,6,4,6,0,0,0,0,0,0,0,0,0,0,0,0,0,0,0,0,0,0,0,0,0,0,8,12,8,13,7,14,6,14,6,15,5,16,4,16,4,16,3,17,2,16,2,16,2,15,2,15,2,15,2,15,3,14,3,14,4,14,4,14,5,14,4,14,5,14,5,14,5,14,6,14,6,13,0,0,8,26,9,25,9,24,9,22,9,21,9,20,10,19,10,18,11,17,11,16,12,14,11,14,12,13,13,15,13,13,13,14,12,13,13,13,13,12,12,13,10,13,10,13,9,13,8,13,7,12,7,12,6,12,5,12,0,0,0,0,0,0,0,0,0,0,0,0,0,0,18,22,15,24,14,25,12,26,11,27,9,28,8,29,8,31,6,32,4,32,3,32,2,31,2,30,3,30,2,29,2,29,2,28,4,27,4,27,4,27,6,27,6,27,7,27,8,27,10,27,10,27,9,27,10,28]"
618033109025300,14.658176900,90328,1868100908,-50,-98,6,0,1,7,0,0,256,0,0,"[0,0,6,-14,5,-14,5,-13,5,-13,4,-13,3,-13,3,-12,2,-12,2,-11,1,-11,1,-11,1,-11,0,-11,-1,-11,-1,-11,-1,-11,-1,-11,0,-11,-1,-11,0,-10,0,-10,0,-10,0,-9,1,-9,1,-8,1,-8,0,0,0,0,0,0,0,0,0,0,0,0,0,0,0,0,0,0,0,0,0,0,4,-15,5,-16,5,-16,7,-16,7,-16,9,-16,9,-15,10,-15,10,-15,11,-14,11,-13,10,-13,10,-12,10,-12,9,-13,9,-13,8,-13,8,-13,7,-14,7,-14,7,-14,6,-14,6,-14,6,-15,6,-15,6,-15,0,0,9,-54,8,-56,7,-52,6,-48,5,-50,4,-48,2,-46,1,-43,-2,-41,-4,-40,-6,-39,-8,-39,-9,-38,-9,-38,-12,-36,-11,-37,-13,-37,-10,-36,-11,-38,-9,-36,-9,-35,-7,-34,-6,-35,-6,-34,-3,-31,-3,-30,-1,-30,3,-30,0,0,0,0,0,0,0,0,0,0,0,0,0,0,-5,-59,0,-59,5,-58,8,-58,9,-61,12,-60,18,-65,22,-60,25,-61,29,-60,31,-57,31,-58,30,-56,31,-55,29,-53,28,-53,26,-51,23,-52,22,-53,20,-53,19,-55,16,-56,17,-55,14,-59,13,-56,11,-58,10,-59,13,-58]"
618033124547200,14.673698800,90329,1868119448,-50,-98,6,0,1,7,0,0,256,0,0,"[0,0,-4,14,-4,14,-3,13,-3,13,-3,12,-2,12,-2,12,-1,11,-1,10,0,10,1,10,1,10,1,10,2,10,2,9,2,9,2,10,2,9,2,9,1,9,1,8,1,8,1,8,0,8,0,8,0,7,0,0,0,0,0,0,0,0,0,0,0,0,0,0,0,0,0,0,0,0,0,0,-3,15,-4,15,-4,16,-5,15,-6,16,-7,16,-8,15,-9,15,-9,15,-9,14,-9,14,-9,14,-9,14,-8,14,-8,13,-7,13,-7,13,-7,14,-6,14,-6,14,-5,14,-5,14,-5,15,-5,15,-4,15,-4,15,0,0,-5,27,-4,27,-4,25,-3,25,-2,24,-1,23,-1,23,0,22,1,20,3,19,4,18,4,19,5,18,5,18,6,18,6,17,5,19,6,17,5,17,5,17,4,16,3,17,3,16,3,15,2,15,1,14,0,15,-1,14,0,0,0,0,0,0,0,0,0,0,0,0,0,0,3,28,1,30,-1,29,-4,28,-6,30,-6,29,-9,32,-10,31,-11,30,-14,30,-13,29,-15,30,-15,27,-14,27,-14,26,-13,26,-12,26,-11,27,-11,25,-10,26,-8,27,-7,28,-7,27,-6,29,-6,29,-5,29,-4,29,-4,27]"
618033142910500,14.692062100,90330,1868136575,-50,-98,6,0,1,7,0,0,256,0,0,"[0,0,15,-4,13,-4,13,-4,13,-4,12,-4,11,-4,11,-5,10,-5,10,-5,9,-6,9,-6,8,-6,8,-7,8,-7,8,-7,8,-7,7,-7,8,-7,7,-7,8,-6,7,-6,7,-6,7,-5,7,-5,7,-4,7,-4,0,0,0,0,0,0,0,0,0,0,0,0,0,0,0,0,0,0,0,0,0,0,15,-6,15,-6,15,-5,16,-4,17,-3,18,-2,17,-2,18,-1,18,0,17,0,16,1,16,1,16,1,15,1,15,0,15,-1,15,-1,15,-1,15,-2,14,-3,15,-3,15,-4,15,-4,15,-3,15,-4,15,-4,0,0,28,-5,26,-6,26,-6,24,-5,23,-6,22,-7,21,-6,20,-7,19,-7,18,-9,18,-10,16,-10,15,-11,15,-11,16,-12,15,-12,14,-12,15,-11,15,-11,15,-10,15,-11,15,-10,14,-9,13,-9,14,-8,13,-7,13,-6,14,-5,0,0,0,0,0,0,0,0,0,0,0,0,0,0,26,-13,28,-10,28,-7,28,-6,30,-5,31,-4,32,-1,33,1,33,2,34,4,32,3,32,5,31,5,30,6,29,5,28,4,28,3,29,3,28,1,28,1,28,-1,28,-2,27,-2,28,-4,30,-4,28,-4,29,-5,29,-4]"
618033165645300,14.714796900,90331,1868159243,-50,-98,6,0,1,7,0,0,256,0,0,"[0,0,15,1,14,0,13,0,14,0,12,-1,12,-1,12,-2,11,-2,11,-2,11,-3,10,-3,9,-3,9,-4,9,-4,9,-5,9,-5,9,-5,9,-5,9,-5,9,-4,8,-4,8,-4,8,-3,8,-3,8,-2,7,-2,0,0,0,0,0,0,0,0,0,0,0,0,0,0,0,0,0,0,0,0,0,0,16,0,16,0,17,1,16,2,17,3,17,4,17,5,17,6,17,6,16,7,15,7,15,7,15,6,14,6,14,5,15,5,14,4,15,4,14,3,15,2,15,2,15,1,16,2,15,1,15,1,15,1,0,0,27,-2,28,-4,25,-2,25,-3,23,-3,22,-4,22,-5,20,-6,20,-6,19,-8,18,-8,17,-10,16,-10,15,-10,17,-11,16,-11,16,-11,16,-11,16,-9,16,-9,15,-9,15,-8,15,-8,14,-7,14,-7,14,-5,14,-5,14,-3,0,0,0,0,0,0,0,0,0,0,0,0,0,0,27,-10,29,-6,30,-4,30,-3,32,0,30,0,33,2,33,4,33,6,32,7,32,9,32,9,31,7,30,9,29,6,28,7,27,6,29,5,28,5,29,4,27,2,28,2,29,1,29,0,31,0,30,-3,29,-2,30,-2]"
618033185951200,14.735102800,90332,1868176643,-49,-98,6,0,1,7,0,0,256,0,0,"[0,0,10,-12,9,-12,8,-11,8,-11,8,-11,7,-11,6,-11,6,-10,5,-10,5,-10,4,-10,4,-10,3,-10,3,-11,3,-10,2,-10,2,-11,3,-10,2,-10,3,-9,3,-9,2,-9,3,-9,3,-8,3,-7,3,-7,0,0,0,0,0,0,0,0,0,0,0,0,0,0,0,0,0,0,0,0,0,0,9,-13,10,-13,10,-13,11,-13,12,-12,14,-12,14,-11,15,-10,14,-10,15,-9,15,-8,15,-8,14,-8,13,-8,13,-9,12,-9,12,-10,12,-10,11,-10,11,-11,11,-11,11,-12,11,-12,11,-12,10,-12,10,-12,0,0,40,-38,37,-41,35,-40,33,-36,30,-37,28,-37,25,-37,23,-35,20,-35,19,-35,18,-34,17,-35,14,-36,11,-35,12,-38,12,-36,10,-36,12,-36,11,-34,10,-34,12,-34,12,-32,14,-33,15,-28,14,-28,15,-25,17,-25,18,-22,0,0,0,0,0,0,0,0,0,0,0,0,0,0,28,-51,35,-49,38,-45,41,-43,44,-44,46,-41,50,-40,53,-38,54,-37,54,-36,58,-33,58,-30,58,-25,55,-25,53,-26,50,-27,50,-27,48,-30,47,-31,46,-30,46,-34,44,-38,42,-40,42,-41,44,-40,42,-38,42,-39,39,-40]"
618033209072100,14.758223700,90333,1868202575,-49,-98,6,0,1,7,0,0,256,0,0,"[0,0,10,10,10,10,9,9,9,9,9,8,9,8,9,7,9,6,8,6,9,5,8,5,8,5,9,4,9,4,9,3,9,3,9,4,9,3,9,3,8,3,8,3,7,4,7,4,6,4,6,4,6,4,0,0,0,0,0,0,0,0,0,0,0,0,0,0,0,0,0,0,0,0,0,0,12,10,12,10,11,11,11,12,11,13,10,13,10,14,9,14,9,15,7,15,7,15,6,15,6,15,6,14,7,13,8,13,7,12,8,12,8,12,9,12,9,12,10,11,10,12,10,11,10,11,10,11,0,0,43,34,42,35,39,32,40,31,38,28,38,23,38,22,37,20,37,18,37,15,36,14,37,13,34,12,37,10,38,8,37,8,37,9,35,8,35,7,35,8,34,9,32,10,30,10,27,13,28,14,27,12,24,13,22,16,0,0,0,0,0,0,0,0,0,0,0,0,0,0,52,24,49,30,48,34,46,35,46,39,44,42,44,47,44,48,43,49,39,53,37,53,35,55,33,54,32,53,31,51,30,50,33,48,33,45,35,44,36,44,37,43,40,39,41,38,44,38,44,38,42,37,42,39,43,37]"
618033225850700,14.775002300,90334,1868219825,-50,-98,6,0,1,7,0,0,256,0,0,"[0,0,-13,5,-13,5,-13,5,-12,5,-12,5,-11,5,-10,5,-9,5,-9,6,-9,6,-8,6,-8,6,-7,7,-7,7,-7,7,-7,7,-6,7,-7,7,-7,7,-7,6,-7,6,-7,6,-6,5,-6,5,-7,4,-7,4,0,0,0,0,0,0,0,0,0,0,0,0,0,0,0,0,0,0,0,0,0,0,-13,7,-15,6,-15,6,-16,5,-16,4,-17,4,-17,3,-18,2,-17,2,-17,1,-17,1,-16,1,-16,1,-15,1,-15,2,-15,2,-15,2,-14,3,-15,3,-14,4,-14,4,-14,5,-14,5,-14,5,-14,5,-14,5,0,0,-26,8,-25,10,-24,9,-23,9,-21,9,-20,9,-20,10,-18,10,-18,10,-17,11,-17,11,-15,12,-15,12,-14,12,-14,12,-14,13,-13,14,-13,12,-13,13,-14,11,-13,11,-13,11,-13,10,-13,9,-12,8,-12,7,-13,7,-13,5,0,0,0,0,0,0,0,0,0,0,0,0,0,0,-24,16,-25,13,-27,11,-28,10,-28,11,-29,9,-31,7,-33,5,-32,4,-34,2,-33,1,-33,1,-32,0,-32,-1,-30,-1,-28,0,-30,2,-28,2,-29,3,-29,3,-27,4,-27,7,-28,7,-27,8,-28,8,-28,8,-27,7,-27,8]"
618033248404400,14.797556000,90335,1868238127,-50,-98,6,0,1,7,0,0,256,0,0,"[0,0,-9,-11,-9,-11,-9,-10,-9,-10,-9,-10,-9,-9,-9,-8,-9,-8,-9,-7,-9,-6,-9,-6,-9,-5,-9,-6,-9,-5,-9,-4,-9,-4,-9,-4,-9,-4,-9,-4,-9,-4,-8,-4,-8,-4,-7,-5,-7,-4,-7,-5,-7,-5,0,0,0,0,0,0,0,0,0,0,0,0,0,0,0,0,0,0,0,0,0,0,-11,-11,-11,-12,-10,-12,-10,-13,-9,-14,-9,-15,-9,-15,-8,-16,-8,-16,-6,-16,-6,-16,-6,-15,-6,-15,-6,-15,-6,-14,-7,-13,-7,-13,-8,-13,-8,-13,-9,-12,-9,-12,-10,-12,-9,-12,-9,-12,-9,-12,-9,-12,0,0,-38,-42,-38,-41,-34,-38,-35,-35,-33,-34,-34,-30,-33,-28,-35,-28,-35,-22,-34,-21,-33,-20,-33,-21,-34,-18,-35,-15,-37,-15,-35,-14,-36,-13,-37,-14,-35,-12,-33,-12,-32,-15,-30,-14,-28,-16,-25,-16,-26,-18,-24,-17,-23,-17,-20,-19,0,0,0,0,0,0,0,0,0,0,0,0,0,0,-48,-33,-44,-40,-42,-42,-41,-45,-40,-48,-37,-49,-38,-54,-37,-55,-35,-56,-33,-60,-30,-58,-26,-60,-24,-59,-23,-57,-20,-56,-21,-54,-24,-51,-26,-50,-27,-49,-30,-50,-30,-48,-35,-46,-36,-45,-37,-45,-36,-46,-35,-46,-36,-44,-38,-44]"
618033272094700,14.821246300,90336,1868268141,-50,-98,6,0,1,7,0,0,256,0,0,"[0,0,-4,-14,-4,-14,-4,-13,-4,-13,-4,-12,-5,-11,-5,-11,-5,-10,-5,-10,-5,-9,-6,-9,-6,-8,-6,-8,-7,-8,-6,-8,-7,-8,-7,-7,-6,-8,-7,-8,-6,-7,-6,-8,-5,-7,-5,-7,-4,-7,-4,-7,-4,-6,0,0,0,0,0,0,0,0,0,0,0,0,0,0,0,0,0,0,0,0,0,0,-6,-14,-5,-15,-5,-16,-4,-16,-3,-17,-2,-17,-2,-17,-1,-17,0,-17,0,-17,0,-16,0,-16,0,-16,0,-15,0,-15,-1,-15,-1,-15,-2,-15,-2,-15,-3,-15,-3,-15,-3,-15,-4,-15,-4,-15,-4,-14,-4,-14,0,0,-6,-26,-5,-28,-5,-25,-6,-25,-6,-23,-6,-23,-8,-22,-8,-21,-9,-19,-9,-19,-10,-18,-10,-17,-12,-17,-11,-15,-13,-16,-12,-15,-13,-15,-12,-14,-13,-14,-11,-14,-10,-14,-10,-14,-9,-15,-8,-15,-8,-13,-7,-13,-6,-13,-5,-13,0,0,0,0,0,0,0,0,0,0,0,0,0,0,-12,-27,-10,-29,-8,-29,-6,-29,-5,-31,-3,-29,-2,-34,-1,-32,0,-33,2,-34,3,-34,4,-34,5,-32,4,-31,5,-31,4,-29,3,-28,2,-29,0,-28,0,-29,-1,-28,-3,-29,-4,-29,-4,-30,-5,-30,-4,-30,-5,-30,-5,-29]"
618033285529700,14.834681300,90337,1868278688,-50,-98,6,0,1,7,0,0,256,0,0,"[0,0,10,10,10,9,10,9,10,8,10,8,9,8,9,7,9,6,9,5,9,5,9,4,9,3,9,3,9,3,9,3,9,3,9,3,9,3,9,3,8,3,8,3,7,3,7,3,7,3,7,3,6,4,0,0,0,0,0,0,0,0,0,0,0,0,0,0,0,0,0,0,0,0,0,0,13,8,13,9,13,10,12,11,12,12,12,13,11,14,10,14,10,14,9,14,9,14,9,13,8,13,9,13,8,13,9,12,9,12,9,12,9,11,10,11,10,11,10,11,11,11,11,10,11,10,11,10,0,0,43,36,41,34,40,32,40,30,38,28,37,27,35,26,35,24,36,19,36,17,37,14,37,12,36,12,35,9,38,8,37,9,34,8,36,7,34,8,34,12,33,11,31,12,29,12,28,11,29,13,26,12,24,13,22,16,0,0,0,0,0,0,0,0,0,0,0,0,0,0,56,21,53,26,51,31,50,35,48,38,47,40,47,45,45,49,42,53,40,53,37,55,36,55,36,52,35,53,33,50,33,48,32,47,34,46,36,43,39,43,39,44,40,41,41,41,41,41,46,38,45,39,44,38,46,38]"
618033305990400,14.855142000,90338,1868296620,-50,-98,6,0,1,7,0,0,256,0,0,"[0,0,-12,9,-10,8,-10,8,-10,8,-9,8,-8,8,-8,7,-7,8,-7,8,-6,8,-5,8,-5,8,-4,8,-4,8,-4,8,-4,8,-4,8,-4,8,-5,8,-4,7,-5,7,-4,7,-4,6,-4,6,-4,6,-4,6,0,0,0,0,0,0,0,0,0,0,0,0,0,0,0,0,0,0,0,0,0,0,-11,10,-12,10,-12,9,-13,9,-13,9,-15,8,-15,7,-16,6,-16,6,-15,6,-15,6,-15,6,-14,5,-14,6,-14,6,-13,6,-13,6,-13,7,-12,7,-12,7,-12,8,-12,8,-12,9,-11,9,-11,9,-11,9,0,0,-41,36,-40,38,-41,37,-37,34,-35,36,-33,34,-29,33,-26,33,-26,34,-23,34,-22,33,-19,33,-18,35,-15,34,-16,36,-15,34,-13,34,-13,34,-14,33,-14,32,-16,30,-14,29,-15,29,-15,26,-16,25,-19,23,-17,22,-21,22,0,0,0,0,0,0,0,0,0,0,0,0,0,0,-33,48,-37,45,-42,41,-44,40,-47,40,-49,37,-55,37,-59,36,-59,33,-62,31,-60,28,-61,26,-61,24,-58,24,-58,24,-56,25,-53,25,-52,26,-50,27,-49,29,-48,32,-47,32,-47,34,-45,37,-47,38,-45,38,-46,39,-44,37]"
618033326473300,14.875624900,90339,1868316924,-50,-98,6,0,1,7,0,0,256,0,0,"[0,0,-14,-4,-13,-4,-13,-4,-12,-4,-12,-3,-11,-2,-11,-2,-11,-2,-11,-1,-10,-1,-10,0,-10,0,-9,0,-9,0,-10,1,-9,1,-9,1,-9,1,-9,1,-9,1,-9,0,-8,0,-8,0,-8,0,-8,-1,-7,-1,0,0,0,0,0,0,0,0,0,0,0,0,0,0,0,0,0,0,0,0,0,0,-15,-3,-15,-4,-15,-5,-15,-6,-15,-7,-15,-7,-15,-8,-15,-9,-14,-9,-14,-10,-13,-10,-13,-10,-12,-9,-12,-9,-12,-8,-13,-7,-13,-7,-13,-7,-13,-6,-13,-6,-14,-6,-14,-5,-14,-5,-14,-5,-14,-5,-14,-5,0,0,-57,-19,-51,-18,-50,-16,-47,-15,-48,-12,-44,-11,-42,-8,-42,-8,-42,-5,-41,-4,-40,1,-38,0,-38,2,-38,3,-37,3,-38,4,-37,4,-37,5,-36,3,-36,3,-34,2,-30,2,-32,-2,-30,-1,-29,-2,-28,-3,-26,-4,-27,-5,0,0,0,0,0,0,0,0,0,0,0,0,0,0,-58,-4,-59,-12,-59,-16,-59,-18,-57,-24,-56,-27,-59,-29,-59,-33,-60,-36,-57,-38,-52,-42,-54,-38,-52,-39,-48,-38,-49,-38,-47,-34,-48,-33,-47,-32,-49,-32,-49,-30,-52,-28,-52,-26,-52,-23,-52,-25,-55,-23,-52,-20,-52,-19,-55,-21]"
618033345508600,14.894660200,90340,1868338497,-50,-98,6,0,1,7,0,0,256,0,0,"[0,0,14,-4,13,-4,12,-4,12,-4,11,-4,11,-5,10,-5,9,-5,9,-5,9,-5,8,-6,8,-6,7,-6,7,-6,7,-7,7,-7,7,-7,7,-6,7,-7,6,-6,7,-6,6,-6,6,-5,6,-5,6,-5,6,-4,0,0,0,0,0,0,0,0,0,0,0,0,0,0,0,0,0,0,0,0,0,0,14,-6,15,-5,15,-5,15,-4,16,-3,17,-2,17,-1,17,0,17,0,16,1,16,1,16,1,15,1,15,0,15,0,15,0,14,-1,14,-1,14,-2,14,-3,14,-3,14,-3,15,-3,14,-4,14,-4,14,-4,0,0,27,-6,26,-7,24,-9,24,-8,22,-9,21,-9,20,-9,18,-9,18,-10,16,-11,15,-11,15,-12,14,-11,13,-12,14,-13,13,-12,13,-13,13,-13,13,-12,13,-11,12,-10,12,-10,12,-9,11,-9,11,-8,12,-7,11,-6,11,-6,0,0,0,0,0,0,0,0,0,0,0,0,0,0,24,-15,26,-13,27,-11,28,-9,30,-8,30,-6,31,-5,34,-3,33,-2,33,0,32,1,32,1,32,2,30,1,30,1,29,1,29,-1,28,0,27,-1,28,-2,28,-3,27,-4,27,-6,28,-7,29,-7,28,-8,27,-8,28,-9]"
618033366095600,14.915247200,90341,1868358514,-50,-98,6,0,1,7,0,0,256,0,0,"[0,0,15,-2,14,-2,13,-2,13,-2,12,-2,12,-3,11,-3,11,-3,10,-4,10,-4,9,-4,8,-5,8,-5,8,-5,8,-6,8,-6,8,-5,8,-5,8,-5,8,-5,8,-5,7,-4,7,-4,7,-3,7,-3,6,-3,0,0,0,0,0,0,0,0,0,0,0,0,0,0,0,0,0,0,0,0,0,0,15,-4,16,-3,16,-3,16,-2,17,-1,18,0,18,1,18,2,17,2,17,3,16,3,16,3,16,3,15,2,15,2,15,1,15,1,15,1,15,0,15,-1,15,-1,15,-1,16,-1,15,-1,15,-1,15,-2,0,0,28,-3,26,-5,25,-5,25,-4,23,-6,22,-6,21,-6,20,-7,19,-8,17,-8,17,-8,16,-10,17,-11,16,-11,16,-11,15,-10,15,-11,15,-9,14,-10,15,-9,14,-9,14,-8,13,-7,12,-7,13,-6,12,-5,13,-5,13,-4,0,0,0,0,0,0,0,0,0,0,0,0,0,0,26,-14,27,-11,28,-8,29,-7,30,-5,31,-4,32,-2,33,-1,33,1,33,4,33,4,32,4,32,4,31,4,30,3,29,4,29,3,29,2,28,2,28,2,28,0,28,-1,29,-3,28,-3,29,-4,29,-5,29,-5,29,-4]"
618033385270300,14.934421900,90342,1868377261,-50,-98,6,0,1,7,0,0,256,0,0,"[0,0,6,-14,5,-13,5,-13,5,-13,5,-12,4,-12,3,-11,3,-11,2,-11,2,-11,1,-10,1,-10,0,-10,0,-10,0,-10,0,-10,-1,-10,0,-10,-1,-10,0,-9,0,-9,0,-9,0,-9,0,-8,0,-8,1,-7,0,0,0,0,0,0,0,0,0,0,0,0,0,0,0,0,0,0,0,0,0,0,6,-15,7,-15,8,-15,8,-15,9,-15,10,-15,11,-14,12,-13,12,-13,12,-13,12,-12,12,-12,11,-12,11,-12,11,-12,10,-12,10,-12,9,-12,8,-13,8,-13,8,-13,8,-14,7,-14,7,-14,7,-14,7,-13,0,0,22,-49,21,-49,20,-50,18,-46,17,-47,15,-43,13,-44,10,-40,8,-38,8,-39,5,-39,1,-38,-2,-38,-2,-36,-2,-37,-3,-37,-2,-36,-1,-34,-2,-34,1,-32,-1,-32,1,-33,0,-30,1,-30,1,-28,3,-27,5,-26,6,-27,0,0,0,0,0,0,0,0,0,0,0,0,0,0,10,-59,17,-58,21,-55,24,-55,27,-57,28,-55,34,-56,39,-54,40,-53,46,-51,43,-48,46,-46,44,-47,43,-45,42,-43,38,-44,39,-43,33,-46,34,-46,31,-45,31,-46,28,-50,30,-51,27,-51,27,-53,25,-52,23,-55,26,-53]"
618033428712800,14.977864400,90343,1868422831,-50,-98,6,0,1,7,0,0,256,0,0,"[0,0,0,14,0,14,0,13,0,13,1,12,1,12,2,11,2,11,2,10,2,10,3,9,3,9,3,9,3,8,4,9,4,8,4,8,4,8,4,8,3,8,3,8,3,7,2,7,2,7,1,7,1,7,0,0,0,0,0,0,0,0,0,0,0,0,0,0,0,0,0,0,0,0,0,0,2,15,2,15,1,16,0,16,-1,17,-2,17,-2,17,-3,17,-3,17,-4,17,-5,16,-5,16,-4,15,-4,15,-4,15,-3,15,-3,14,-2,15,-2,15,-1,15,0,15,0,15,0,16,0,15,0,15,0,15,0,0,-9,26,-8,26,-7,24,-7,23,-6,22,-5,22,-4,20,-3,20,-2,18,-3,18,0,18,0,18,2,18,1,17,2,17,2,16,3,18,2,17,2,16,1,16,1,15,1,15,0,14,0,13,-1,13,-1,11,-1,12,-3,12,0,0,0,0,0,0,0,0,0,0,0,0,0,0,1,30,-3,29,-6,28,-6,28,-9,30,-10,30,-12,30,-14,29,-16,29,-17,30,-17,27,-18,27,-18,27,-18,24,-18,25,-17,24,-16,24,-15,24,-13,24,-14,25,-13,26,-11,26,-11,27,-10,27,-11,27,-9,27,-9,28,-8,27]"
618033467510200,15.016661800,90344,1868464396,-50,-98,6,0,1,7,0,0,256,0,0,"[0,0,11,-9,11,-10,10,-9,10,-9,9,-9,8,-8,8,-9,7,-8,7,-9,7,-9,6,-9,5,-9,4,-9,4,-9,4,-9,4,-9,3,-9,3,-9,4,-9,4,-8,4,-8,4,-8,4,-7,3,-7,4,-7,4,-6,0,0,0,0,0,0,0,0,0,0,0,0,0,0,0,0,0,0,0,0,0,0,11,-12,12,-11,13,-11,13,-10,15,-10,16,-9,16,-9,17,-8,17,-7,17,-7,16,-6,16,-6,15,-6,14,-6,14,-6,14,-7,13,-7,14,-8,13,-8,13,-9,13,-9,13,-9,13,-10,12,-10,12,-10,12,-10,0,0,14,-24,12,-24,12,-24,11,-23,9,-22,9,-21,8,-21,8,-20,6,-20,5,-20,3,-19,3,-19,2,-19,1,-19,0,-19,0,-19,0,-18,1,-19,0,-18,1,-18,1,-17,2,-16,2,-16,2,-15,2,-15,3,-14,3,-13,4,-13,0,0,0,0,0,0,0,0,0,0,0,0,0,0,6,-29,9,-29,11,-28,14,-28,14,-27,15,-27,18,-27,20,-27,22,-26,23,-25,23,-24,23,-23,23,-23,23,-22,22,-21,21,-21,20,-22,19,-22,18,-22,18,-22,17,-23,16,-24,16,-24,16,-25,15,-25,14,-26,14,-26,15,-26]"
618033483851900,15.033003500,90345,1868476563,-51,-98,6,0,1,7,0,0,256,0,0,"[0,0,-15,2,-14,2,-13,2,-13,2,-12,2,-12,3,-11,2,-11,3,-10,3,-10,4,-9,4,-9,4,-8,5,-8,5,-8,5,-8,5,-8,5,-8,5,-8,5,-8,4,-8,4,-7,4,-7,4,-6,3,-7,3,-7,3,0,0,0,0,0,0,0,0,0,0,0,0,0,0,0,0,0,0,0,0,0,0,-16,3,-16,2,-16,1,-17,1,-17,0,-18,-1,-18,-1,-18,-2,-18,-3,-17,-3,-17,-3,-16,-3,-16,-3,-16,-2,-16,-2,-15,-1,-15,-2,-15,-1,-15,0,-15,0,-15,1,-15,1,-16,2,-15,2,-15,2,-15,2,0,0,-30,5,-29,4,-27,5,-26,5,-23,5,-23,6,-23,6,-21,7,-20,7,-18,7,-18,8,-17,9,-16,10,-16,10,-16,10,-15,10,-15,11,-15,10,-15,10,-14,8,-15,9,-14,8,-14,7,-13,6,-13,6,-13,5,-13,5,-12,4,0,0,0,0,0,0,0,0,0,0,0,0,0,0,-29,11,-30,8,-31,6,-31,5,-33,3,-32,1,-36,-1,-34,-2,-35,-3,-35,-5,-35,-5,-34,-6,-33,-7,-32,-7,-32,-7,-31,-6,-30,-4,-31,-4,-29,-3,-30,-3,-29,-1,-29,0,-30,2,-32,2,-32,3,-30,3,-30,3,-30,4]"
618033504838400,15.053990000,90346,1868499037,-50,-98,6,0,1,7,0,0,256,0,0,"[0,0,7,11,7,11,6,10,7,10,7,9,7,8,7,8,7,7,7,6,7,6,7,5,7,5,7,4,7,4,7,4,7,3,7,4,7,4,7,3,7,4,6,4,6,4,6,4,5,4,5,4,5,4,0,0,0,0,0,0,0,0,0,0,0,0,0,0,0,0,0,0,0,0,0,0,9,11,9,12,8,13,7,13,7,14,7,15,6,15,5,16,5,15,4,16,4,15,3,15,3,14,3,14,4,13,5,13,5,13,5,13,5,13,6,12,6,12,7,12,7,13,8,12,7,12,7,11,0,0,17,21,19,20,16,20,15,18,15,17,16,15,16,15,16,13,14,11,16,11,16,10,16,9,15,8,15,7,16,7,17,6,16,7,16,6,15,7,15,6,14,7,14,7,12,7,12,7,12,7,10,7,11,8,9,8,0,0,0,0,0,0,0,0,0,0,0,0,0,0,24,18,22,20,20,22,19,22,20,25,18,24,18,29,17,30,16,30,14,30,12,31,11,32,11,31,11,29,10,29,10,27,10,26,12,27,12,25,13,27,14,25,15,25,16,23,17,23,17,25,18,24,16,23,17,22]"
618033527388500,15.076540100,90347,1868519855,-51,-98,6,0,1,7,0,0,256,0,0,"[0,0,7,-14,6,-14,6,-13,6,-13,5,-13,4,-12,4,-12,3,-12,2,-11,2,-11,2,-11,1,-10,1,-11,0,-10,0,-11,0,-10,-1,-11,0,-10,-1,-10,0,-10,0,-9,0,-9,0,-9,0,-9,1,-8,1,-8,0,0,0,0,0,0,0,0,0,0,0,0,0,0,0,0,0,0,0,0,0,0,7,-16,8,-16,8,-16,9,-15,11,-16,11,-15,12,-15,13,-14,13,-14,14,-13,13,-12,13,-12,12,-12,12,-12,11,-11,11,-13,10,-12,10,-13,9,-13,8,-14,8,-14,8,-14,9,-15,8,-15,8,-14,8,-14,0,0,6,-56,4,-54,3,-52,2,-48,2,-48,0,-45,-1,-43,-2,-42,-5,-40,-7,-38,-9,-37,-10,-37,-11,-35,-14,-36,-13,-34,-14,-34,-14,-32,-14,-34,-13,-32,-12,-33,-10,-32,-9,-30,-8,-29,-9,-29,-7,-28,-5,-28,-4,-26,-2,-26,0,0,0,0,0,0,0,0,0,0,0,0,0,0,-11,-56,-5,-59,0,-59,3,-62,6,-60,10,-62,11,-62,16,-65,20,-63,23,-64,25,-61,24,-59,24,-59,24,-57,24,-56,21,-54,20,-55,18,-53,18,-55,14,-54,14,-56,12,-57,11,-56,11,-57,9,-56,7,-58,5,-57,6,-59]"
618033548245000,15.097396600,90348,1868543007,-50,-98,6,0,1,7,0,0,256,0,0,"[0,0,-14,-6,-15,-6,-13,-5,-14,-5,-12,-4,-12,-4,-12,-4,-12,-4,-11,-2,-11,-2,-11,-1,-10,-1,-11,0,-10,0,-10,0,-10,0,-10,0,-10,0,-10,0,-10,0,-9,-1,-9,-1,-9,-1,-8,-1,-8,-1,-8,-1,0,0,0,0,0,0,0,0,0,0,0,0,0,0,0,0,0,0,0,0,0,0,-17,-4,-16,-5,-17,-6,-16,-7,-17,-8,-16,-9,-16,-10,-16,-11,-15,-11,-15,-12,-14,-11,-14,-11,-13,-11,-13,-10,-13,-10,-14,-9,-14,-9,-14,-9,-14,-8,-14,-8,-15,-8,-15,-7,-16,-7,-15,-6,-15,-6,-15,-6,0,0,-28,-7,-26,-8,-26,-6,-24,-7,-24,-5,-23,-5,-22,-3,-21,-3,-21,-2,-20,-1,-20,1,-20,1,-19,2,-19,3,-18,3,-18,3,-18,3,-17,3,-18,3,-17,2,-17,2,-16,2,-15,1,-14,1,-15,-1,-14,-1,-14,-2,-14,-1,0,0,0,0,0,0,0,0,0,0,0,0,0,0,-30,-1,-32,-4,-31,-6,-31,-8,-30,-10,-30,-11,-30,-13,-31,-15,-30,-16,-31,-17,-29,-18,-28,-18,-27,-19,-26,-19,-26,-17,-25,-16,-25,-16,-26,-15,-26,-14,-26,-13,-26,-13,-27,-11,-28,-10,-29,-10,-29,-10,-28,-9,-29,-10,-28,-9]"
618033566747500,15.115899100,90349,1868561550,-50,-98,6,0,1,7,0,0,256,0,0,"[0,0,13,2,12,2,12,1,12,1,11,1,11,1,10,0,10,0,9,-1,9,-1,9,-2,8,-2,8,-2,8,-3,8,-3,8,-3,8,-3,8,-3,8,-3,7,-3,7,-3,7,-2,7,-2,6,-2,7,-1,6,-1,0,0,0,0,0,0,0,0,0,0,0,0,0,0,0,0,0,0,0,0,0,0,15,0,15,2,15,2,15,3,15,4,16,5,15,6,15,7,15,7,14,7,14,7,14,7,13,7,12,6,13,6,13,5,13,5,13,5,13,4,13,4,13,4,13,3,14,3,14,2,14,2,14,2,0,0,26,5,25,5,25,4,23,3,23,2,22,3,21,2,21,1,20,-1,19,-2,19,-3,16,-4,16,-5,17,-4,17,-5,17,-4,16,-5,16,-6,16,-4,16,-4,15,-4,14,-3,14,-4,13,-3,13,-3,13,-2,13,-1,12,0,0,0,0,0,0,0,0,0,0,0,0,0,0,0,29,-3,30,0,30,2,30,5,30,7,30,8,31,10,32,11,30,15,29,15,29,17,29,15,29,15,28,15,26,14,27,13,26,13,24,13,26,11,26,12,27,10,26,9,28,8,28,8,28,7,28,5,27,4,28,6]"
618033586655600,15.135807200,90350,1868577738,-50,-98,6,0,1,7,0,0,256,0,0,"[0,0,-13,-5,-13,-5,-12,-4,-13,-4,-12,-3,-11,-3,-11,-3,-11,-2,-10,-2,-10,-1,-10,0,-9,0,-9,0,-9,0,-9,1,-9,1,-9,1,-9,1,-9,1,-8,1,-9,0,-8,0,-8,0,-7,0,-7,-1,-7,0,0,0,0,0,0,0,0,0,0,0,0,0,0,0,0,0,0,0,0,0,0,0,-15,-4,-15,-4,-15,-5,-15,-6,-16,-7,-16,-8,-15,-9,-15,-9,-15,-10,-14,-10,-14,-10,-13,-10,-13,-9,-13,-9,-13,-9,-13,-8,-12,-8,-13,-7,-13,-7,-13,-6,-13,-6,-14,-6,-15,-5,-14,-5,-14,-5,-14,-5,0,0,-54,-14,-53,-13,-52,-12,-50,-10,-46,-9,-44,-6,-42,-5,-43,-2,-41,1,-38,2,-38,3,-34,5,-36,5,-35,7,-35,8,-36,9,-33,9,-36,9,-34,8,-33,6,-33,6,-28,5,-29,5,-27,6,-27,4,-26,1,-26,0,-25,-2,0,0,0,0,0,0,0,0,0,0,0,0,0,0,-59,1,-59,-7,-61,-9,-62,-14,-62,-15,-60,-18,-63,-24,-64,-29,-62,-29,-61,-34,-56,-35,-56,-36,-56,-35,-55,-35,-52,-34,-50,-31,-51,-30,-51,-26,-54,-25,-54,-24,-53,-20,-53,-20,-54,-21,-58,-18,-57,-17,-56,-15,-54,-14,-56,-16]"
618033610871500,15.160023100,90351,1868606428,-50,-98,6,0,1,7,0,0,256,0,0,"[0,0,-11,-12,-11,-11,-10,-10,-10,-10,-10,-9,-9,-8,-10,-8,-10,-8,-10,-6,-10,-7,-9,-5,-9,-5,-10,-5,-10,-5,-10,-4,-10,-4,-9,-4,-9,-4,-9,-4,-9,-4,-8,-4,-8,-4,-8,-4,-7,-4,-7,-4,-7,-4,0,0,0,0,0,0,0,0,0,0,0,0,0,0,0,0,0,0,0,0,0,0,-14,-11,-13,-12,-13,-13,-12,-14,-12,-15,-11,-16,-11,-16,-10,-16,-10,-17,-9,-16,-8,-16,-8,-16,-8,-15,-8,-15,-8,-15,-9,-14,-9,-14,-9,-13,-10,-14,-10,-13,-10,-13,-10,-13,-11,-12,-11,-12,-11,-12,-11,-12,0,0,-20,-21,-18,-19,-19,-19,-18,-17,-18,-17,-17,-15,-16,-14,-17,-14,-17,-13,-17,-10,-18,-9,-18,-8,-18,-7,-18,-8,-18,-7,-18,-6,-17,-6,-17,-5,-17,-6,-16,-7,-15,-6,-14,-7,-14,-7,-13,-6,-13,-6,-13,-7,-11,-7,-11,-8,0,0,0,0,0,0,0,0,0,0,0,0,0,0,-27,-16,-26,-18,-24,-20,-23,-23,-22,-24,-21,-25,-20,-27,-19,-29,-18,-29,-17,-30,-15,-32,-15,-30,-15,-30,-15,-29,-14,-28,-15,-27,-14,-27,-16,-26,-17,-25,-17,-25,-17,-25,-18,-24,-18,-24,-20,-24,-20,-21,-20,-21,-20,-22,-21,-21]"
618033632853900,15.182005500,90352,1868625008,-50,-98,6,0,1,7,0,0,256,0,0,"[0,0,15,-2,14,-3,13,-3,13,-3,12,-3,12,-3,10,-4,10,-4,10,-4,9,-5,9,-5,8,-5,8,-6,8,-6,8,-6,8,-6,7,-6,8,-6,7,-6,7,-6,7,-5,7,-5,6,-4,6,-4,7,-4,6,-4,0,0,0,0,0,0,0,0,0,0,0,0,0,0,0,0,0,0,0,0,0,0,16,-4,17,-3,17,-2,17,-1,18,-1,18,1,18,1,19,2,18,3,17,3,17,3,17,3,16,3,16,3,16,2,16,1,15,1,16,1,15,0,15,-1,15,-1,16,-2,16,-2,15,-2,15,-2,16,-3,0,0,26,1,26,0,26,-1,25,0,22,-2,21,-3,20,-3,19,-4,19,-5,18,-7,17,-6,17,-7,16,-8,15,-8,16,-9,15,-9,15,-9,16,-8,14,-8,14,-7,14,-8,13,-6,14,-7,13,-6,13,-4,12,-4,13,-4,13,-3,0,0,0,0,0,0,0,0,0,0,0,0,0,0,29,-8,30,-4,30,-2,30,1,32,0,31,2,33,4,33,7,33,7,33,9,32,9,33,11,30,12,30,11,27,10,27,10,26,8,28,7,28,6,28,6,28,4,28,3,28,2,28,1,30,3,28,1,28,1,29,1]"
618033646595800,15.195747400,90353,1868637350,-51,-98,6,0,1,7,0,0,256,0,0,"[0,0,14,2,14,1,13,1,13,1,12,1,12,0,11,0,11,-1,11,-1,10,-2,10,-3,9,-3,9,-3,8,-3,9,-4,9,-4,9,-4,8,-4,9,-3,9,-3,8,-3,8,-2,8,-2,7,-2,7,-2,7,-2,0,0,0,0,0,0,0,0,0,0,0,0,0,0,0,0,0,0,0,0,0,0,16,0,17,1,17,2,16,3,18,4,17,5,17,7,17,7,17,8,16,8,16,8,15,7,15,7,14,7,14,6,15,6,14,5,15,5,14,4,15,4,15,4,15,3,16,3,15,2,15,2,15,2,0,0,27,-4,27,-5,25,-4,24,-4,23,-5,22,-5,21,-6,20,-7,19,-7,18,-8,17,-9,16,-9,15,-10,15,-10,15,-11,15,-11,14,-10,14,-10,14,-10,13,-10,14,-9,13,-8,13,-8,13,-7,12,-7,12,-6,12,-5,12,-4,0,0,0,0,0,0,0,0,0,0,0,0,0,0,27,-12,28,-9,29,-7,30,-5,31,-4,31,-3,32,-1,34,1,33,2,34,4,33,4,33,6,32,7,31,7,30,6,29,5,28,4,28,3,28,2,29,2,28,1,28,-1,29,-1,29,-3,30,-3,29,-3,29,-3,29,-4]"
618033680919800,15.230071400,90354,1868670808,-50,-98,6,0,1,7,0,0,256,0,0,"[0,0,7,-13,6,-13,5,-13,5,-13,5,-12,4,-12,4,-11,3,-11,3,-11,2,-11,1,-11,1,-11,0,-10,0,-10,0,-10,0,-10,0,-10,0,-10,0,-10,0,-10,0,-9,1,-9,1,-9,1,-8,1,-8,1,-8,0,0,0,0,0,0,0,0,0,0,0,0,0,0,0,0,0,0,0,0,0,0,5,-16,6,-16,7,-16,8,-16,9,-16,10,-16,11,-15,11,-15,12,-14,12,-13,12,-13,11,-13,11,-13,11,-12,10,-12,9,-12,9,-13,9,-13,9,-13,8,-14,8,-14,7,-14,7,-14,7,-14,7,-14,7,-14,0,0,39,-38,39,-40,35,-39,34,-35,31,-37,28,-35,25,-35,24,-36,20,-34,18,-33,15,-36,13,-34,11,-34,10,-34,12,-35,11,-33,10,-35,10,-34,9,-32,10,-31,12,-30,11,-31,10,-30,12,-25,11,-25,11,-24,14,-23,16,-22,0,0,0,0,0,0,0,0,0,0,0,0,0,0,29,-56,34,-52,38,-51,42,-48,47,-48,46,-44,52,-43,53,-42,57,-38,59,-37,59,-34,61,-34,57,-32,56,-30,54,-29,52,-30,50,-30,50,-32,49,-32,48,-33,44,-36,44,-36,43,-39,43,-41,44,-41,42,-42,39,-41,42,-41]"
618033694550500,15.243702100,90355,1868678734,-51,-98,6,0,1,7,0,0,256,0,0,"[0,0,10,11,9,10,9,10,9,9,9,9,8,8,8,7,8,7,8,6,8,5,8,5,9,4,8,4,9,3,8,3,9,3,8,3,8,3,8,3,8,3,7,3,7,3,7,3,6,3,6,3,6,4,0,0,0,0,0,0,0,0,0,0,0,0,0,0,0,0,0,0,0,0,0,0,12,11,12,11,11,12,11,13,11,14,10,15,10,16,9,16,8,17,7,16,7,16,7,15,7,15,7,14,6,14,7,13,7,13,8,13,8,13,9,12,9,12,9,12,10,12,10,12,9,11,10,11,0,0,22,14,22,13,21,13,21,12,20,10,20,9,20,8,19,7,19,6,18,4,18,4,18,3,17,3,18,1,18,1,17,1,17,1,17,1,16,0,16,1,16,1,15,1,14,1,14,2,13,3,12,3,13,4,12,4,0,0,0,0,0,0,0,0,0,0,0,0,0,0,28,9,27,12,26,14,25,16,26,17,25,18,25,20,25,21,24,23,23,24,22,24,21,25,19,25,19,25,18,24,18,23,19,22,19,20,19,19,20,20,21,18,22,17,23,17,23,16,24,16,23,16,23,16,23,16]"
618033711033100,15.260184700,90356,1868696601,-51,-98,6,0,1,7,0,0,256,0,0,"[0,0,-11,-11,-11,-10,-11,-10,-10,-9,-10,-8,-10,-8,-10,-7,-10,-7,-10,-6,-10,-5,-10,-4,-9,-4,-10,-4,-10,-4,-9,-3,-10,-3,-9,-3,-10,-3,-10,-3,-9,-3,-9,-3,-8,-4,-8,-4,-7,-4,-7,-4,-7,-4,0,0,0,0,0,0,0,0,0,0,0,0,0,0,0,0,0,0,0,0,0,0,-14,-10,-14,-11,-13,-12,-13,-13,-12,-14,-12,-15,-12,-15,-11,-16,-10,-16,-10,-16,-10,-16,-9,-15,-9,-15,-9,-15,-9,-14,-9,-13,-10,-13,-10,-13,-10,-13,-11,-12,-11,-12,-11,-12,-12,-12,-12,-11,-12,-11,-11,-11,0,0,-38,-39,-37,-37,-39,-36,-36,-34,-36,-32,-36,-27,-34,-25,-35,-23,-36,-20,-34,-20,-35,-17,-33,-17,-32,-15,-33,-11,-35,-9,-35,-11,-32,-10,-34,-10,-33,-9,-31,-11,-32,-10,-31,-10,-28,-14,-27,-12,-27,-11,-25,-12,-23,-13,-21,-16,0,0,0,0,0,0,0,0,0,0,0,0,0,0,-53,-31,-48,-37,-48,-40,-48,-43,-47,-45,-44,-49,-41,-53,-41,-58,-40,-56,-35,-59,-35,-59,-29,-60,-31,-62,-28,-59,-24,-57,-25,-52,-28,-52,-32,-49,-32,-49,-33,-47,-34,-47,-38,-44,-39,-46,-41,-42,-38,-42,-40,-43,-38,-43,-40,-40]"
618033726135800,15.275287400,90357,1868716888,-50,-98,6,0,1,7,0,0,256,0,0,"[0,0,8,-13,7,-13,7,-12,6,-12,5,-12,5,-12,4,-11,4,-11,3,-10,3,-10,3,-10,1,-10,1,-10,1,-10,1,-10,1,-10,0,-10,0,-10,0,-10,1,-9,1,-9,1,-9,1,-9,1,-8,2,-8,2,-8,0,0,0,0,0,0,0,0,0,0,0,0,0,0,0,0,0,0,0,0,0,0,7,-15,8,-16,8,-15,10,-15,10,-15,11,-15,12,-14,13,-14,13,-13,13,-12,13,-11,13,-11,12,-11,12,-11,12,-11,10,-11,11,-12,10,-12,9,-12,9,-13,9,-13,9,-13,8,-13,8,-13,8,-14,9,-14,0,0,18,-52,15,-52,13,-50,12,-47,11,-47,9,-45,8,-42,6,-42,4,-40,0,-39,-3,-39,-4,-38,-5,-37,-5,-37,-6,-36,-6,-37,-7,-36,-7,-37,-5,-36,-4,-35,-4,-34,-2,-32,-3,-31,-3,-30,-1,-30,0,-28,3,-28,4,-27,0,0,0,0,0,0,0,0,0,0,0,0,0,0,0,-60,6,-61,11,-61,16,-60,18,-60,22,-61,26,-61,31,-61,33,-59,38,-57,38,-56,39,-55,37,-54,36,-52,34,-51,33,-49,32,-50,30,-50,28,-50,27,-50,26,-52,24,-52,24,-53,21,-55,22,-55,18,-56,17,-55,18,-56]"
618033745447500,15.294599100,90358,1868736757,-50,-98,6,0,1,7,0,0,256,0,0,"[0,0,-9,12,-8,12,-8,11,-8,11,-7,11,-6,10,-5,10,-5,10,-4,10,-4,9,-3,10,-3,9,-2,10,-1,10,-1,9,-1,9,-1,9,-1,9,-1,9,-2,9,-2,8,-2,8,-2,7,-2,8,-2,7,-3,7,0,0,0,0,0,0,0,0,0,0,0,0,0,0,0,0,0,0,0,0,0,0,-9,14,-10,14,-11,14,-12,14,-13,13,-14,13,-15,12,-15,12,-16,11,-15,11,-15,10,-14,10,-14,10,-13,10,-13,10,-13,10,-12,10,-12,10,-11,11,-11,12,-11,12,-10,13,-10,12,-10,13,-9,13,-9,12,0,0,-35,45,-32,42,-30,42,-29,38,-26,41,-23,40,-22,39,-18,38,-18,36,-14,33,-12,34,-9,36,-7,38,-6,37,-4,32,-6,36,-5,36,-4,34,-6,32,-8,33,-5,31,-9,31,-8,29,-8,29,-8,27,-8,26,-9,24,-12,23,0,0,0,0,0,0,0,0,0,0,0,0,0,0,-23,55,-30,55,-34,52,-39,50,-41,49,-46,47,-48,47,-51,46,-55,42,-57,43,-57,37,-54,38,-55,35,-53,36,-52,34,-51,35,-48,37,-45,33,-47,33,-43,37,-43,38,-42,40,-39,42,-40,44,-37,43,-35,46,-36,45,-36,44]"
618033768762400,15.317914000,90359,1868762536,-50,-98,6,0,1,7,0,0,256,0,0,"[0,0,4,14,4,13,4,12,4,12,4,11,5,11,5,10,5,9,5,8,6,8,6,7,6,7,6,7,6,6,6,6,6,6,7,6,7,6,6,6,6,6,6,6,5,6,5,6,4,6,4,6,4,6,0,0,0,0,0,0,0,0,0,0,0,0,0,0,0,0,0,0,0,0,0,0,7,15,6,16,6,16,5,16,4,18,3,18,2,18,1,19,1,18,0,18,0,17,0,17,0,17,0,16,0,16,1,15,2,15,2,15,3,15,3,15,3,15,4,15,4,15,4,15,5,15,5,14,0,0,8,26,8,24,8,23,8,22,8,22,9,20,8,19,8,18,9,16,11,16,11,14,10,14,11,13,11,13,13,12,13,11,11,12,12,12,12,11,11,11,11,11,10,12,9,11,8,11,8,11,7,10,6,11,5,11,0,0,0,0,0,0,0,0,0,0,0,0,0,0,18,25,14,26,12,27,11,29,10,30,9,30,7,32,5,33,4,33,2,33,1,33,0,33,0,32,-1,31,-1,30,-1,28,1,29,2,28,2,28,3,27,5,27,4,26,6,27,7,27,7,27,7,28,8,27,8,26]"
618033786793500,15.335945100,90360,1868777523,-50,-98,6,0,1,7,0,0,256,0,0,"[0,0,-8,13,-7,12,-7,12,-6,11,-6,11,-5,11,-4,10,-4,11,-3,10,-3,10,-2,10,-1,9,-1,9,-1,10,-1,9,0,9,0,9,0,9,0,9,-1,8,-1,9,-1,8,-1,8,-2,7,-2,7,-2,6,0,0,0,0,0,0,0,0,0,0,0,0,0,0,0,0,0,0,0,0,0,0,-8,15,-9,15,-9,14,-10,14,-11,14,-12,14,-13,13,-14,13,-14,12,-14,12,-14,11,-14,10,-13,11,-13,11,-12,11,-12,11,-11,11,-11,12,-10,12,-10,12,-9,12,-9,13,-9,13,-9,13,-8,13,-8,14,0,0,-26,48,-26,45,-24,44,-21,41,-18,42,-16,40,-14,41,-12,39,-10,37,-7,35,-5,35,-4,37,-4,36,-1,35,0,35,-1,34,0,35,-1,34,-1,32,-2,34,-1,31,-1,30,-3,30,-4,30,-5,26,-6,25,-5,26,-8,25,0,0,0,0,0,0,0,0,0,0,0,0,0,0,-16,58,-24,57,-27,55,-31,55,-34,54,-36,51,-41,53,-43,51,-45,48,-48,48,-49,44,-50,45,-50,41,-47,39,-46,38,-44,41,-42,44,-39,39,-39,40,-37,41,-35,45,-32,46,-31,48,-33,48,-31,49,-29,50,-26,49,-29,48]"
618033805774300,15.354925900,90361,1868796759,-50,-98,6,0,1,7,0,0,256,0,0,"[0,0,-1,-15,-2,-15,-2,-15,-1,-14,-2,-14,-2,-13,-3,-12,-3,-12,-3,-11,-4,-10,-4,-10,-5,-10,-5,-10,-5,-9,-5,-9,-5,-9,-6,-9,-5,-9,-5,-9,-5,-9,-4,-8,-4,-8,-4,-8,-4,-8,-3,-7,-2,-8,0,0,0,0,0,0,0,0,0,0,0,0,0,0,0,0,0,0,0,0,0,0,-4,-17,-3,-18,-2,-18,-1,-19,0,-19,1,-20,2,-19,3,-19,3,-19,4,-19,4,-18,4,-17,4,-17,3,-17,3,-17,2,-16,1,-16,2,-16,0,-17,0,-17,0,-16,-1,-17,-1,-16,-1,-17,-1,-16,-1,-16,0,0,-5,-27,-6,-26,-7,-25,-7,-24,-6,-23,-7,-22,-8,-21,-8,-20,-8,-19,-9,-17,-10,-17,-11,-16,-11,-15,-10,-15,-12,-15,-12,-14,-12,-14,-11,-13,-11,-13,-10,-14,-10,-13,-9,-14,-9,-14,-8,-13,-8,-12,-6,-13,-6,-13,-6,-13,0,0,0,0,0,0,0,0,0,0,0,0,0,0,-14,-28,-11,-30,-9,-31,-7,-31,-6,-33,-5,-32,-3,-35,-1,-34,0,-35,2,-35,4,-35,5,-34,3,-32,4,-30,4,-31,3,-30,3,-30,1,-29,1,-29,-1,-29,-1,-28,-3,-29,-2,-30,-4,-30,-4,-29,-4,-29,-5,-29,-6,-28]"
618033825125100,15.374276700,90362,1868819344,-50,-98,6,0,1,7,0,0,256,0,0,"[0,0,10,10,10,10,9,9,9,9,9,8,9,8,9,7,9,6,8,6,9,5,8,4,9,4,9,4,9,3,9,3,9,3,8,3,9,3,8,3,8,2,8,3,7,3,7,3,6,3,6,3,6,3,0,0,0,0,0,0,0,0,0,0,0,0,0,0,0,0,0,0,0,0,0,0,13,10,13,11,12,11,12,12,11,13,11,14,10,14,10,15,9,15,8,16,8,15,7,14,7,14,7,14,7,13,8,13,8,12,9,12,9,12,10,11,9,11,10,11,10,12,10,11,10,11,11,11,0,0,20,17,18,17,18,17,18,15,18,14,17,12,17,11,16,10,17,9,16,8,16,8,16,7,16,7,16,6,17,5,17,5,15,4,16,5,16,4,15,4,14,5,13,5,13,5,12,6,12,6,12,5,10,7,9,7,0,0,0,0,0,0,0,0,0,0,0,0,0,0,26,11,25,15,24,18,25,19,23,19,23,22,21,23,22,25,22,25,21,27,19,27,17,27,16,28,15,27,15,26,14,24,16,25,16,22,17,22,16,21,17,22,19,20,19,20,21,20,20,20,19,20,19,20,21,19]"
618033847833600,15.396985200,90363,1868845507,-50,-98,6,0,1,7,0,0,256,0,0,"[0,0,6,-12,6,-12,6,-12,5,-11,5,-11,4,-11,3,-11,3,-10,3,-10,2,-10,1,-10,1,-10,0,-10,0,-10,0,-10,0,-9,0,-9,0,-9,0,-9,0,-9,0,-9,0,-9,1,-8,1,-8,1,-7,2,-7,0,0,0,0,0,0,0,0,0,0,0,0,0,0,0,0,0,0,0,0,0,0,6,-14,7,-14,7,-14,8,-14,9,-14,10,-14,11,-13,12,-13,12,-12,12,-12,11,-11,11,-11,11,-11,10,-11,10,-11,9,-11,9,-11,9,-11,8,-12,8,-12,7,-12,8,-13,8,-13,7,-13,7,-13,7,-13,0,0,25,-46,23,-49,21,-44,22,-45,19,-43,14,-43,16,-40,13,-39,10,-37,7,-38,6,-37,4,-37,3,-35,1,-36,0,-38,0,-35,-1,-36,0,-33,2,-35,1,-32,2,-32,3,-31,3,-32,5,-29,6,-27,6,-26,7,-26,9,-24,0,0,0,0,0,0,0,0,0,0,0,0,0,0,12,-59,20,-58,24,-56,24,-54,28,-57,31,-53,36,-57,40,-51,42,-52,46,-51,45,-49,50,-48,47,-42,45,-42,45,-42,41,-41,39,-42,37,-45,33,-43,37,-45,33,-44,30,-48,31,-49,31,-50,32,-51,28,-50,27,-50,30,-50]"
618033878292100,15.427443700,90364,1868868663,-50,-98,6,0,1,7,0,0,256,0,0,"[0,0,-15,-2,-15,-2,-15,-1,-14,-1,-13,-1,-13,-1,-12,0,-12,0,-11,1,-11,1,-11,2,-10,2,-10,2,-10,3,-10,3,-10,3,-10,3,-10,3,-9,3,-9,3,-9,3,-9,2,-8,2,-8,2,-8,1,-8,0,0,0,0,0,0,0,0,0,0,0,0,0,0,0,0,0,0,0,0,0,0,0,-18,-1,-18,-2,-18,-3,-18,-3,-19,-5,-18,-6,-19,-6,-19,-7,-18,-7,-17,-8,-17,-8,-16,-8,-16,-7,-16,-7,-15,-6,-16,-6,-16,-6,-16,-5,-16,-4,-16,-4,-16,-4,-16,-3,-17,-3,-16,-2,-16,-2,-16,-2,0,0,-28,-5,-26,-4,-27,-4,-24,-3,-25,-3,-23,-1,-22,0,-22,0,-21,2,-20,2,-20,3,-18,4,-19,5,-18,5,-18,6,-17,6,-17,7,-17,6,-17,6,-17,5,-16,4,-15,5,-15,4,-14,3,-15,3,-15,2,-13,1,-13,0,0,0,0,0,0,0,0,0,0,0,0,0,0,0,-30,2,-31,-1,-31,-2,-32,-5,-31,-7,-32,-8,-32,-10,-34,-12,-33,-14,-31,-15,-31,-17,-29,-16,-29,-16,-29,-15,-27,-15,-27,-13,-28,-13,-26,-12,-27,-11,-27,-10,-29,-8,-28,-8,-28,-7,-29,-7,-29,-5,-29,-5,-28,-4,-31,-6]"
618033890670300,15.439821900,90365,1868877285,-50,-98,6,0,1,7,0,0,256,0,0,"[0,0,-5,-14,-5,-14,-5,-14,-5,-13,-5,-13,-5,-12,-6,-11,-6,-11,-6,-10,-6,-10,-7,-9,-7,-9,-7,-8,-7,-8,-7,-7,-7,-7,-7,-8,-7,-7,-7,-8,-7,-7,-6,-7,-6,-7,-5,-7,-5,-7,-5,-7,-4,-7,0,0,0,0,0,0,0,0,0,0,0,0,0,0,0,0,0,0,0,0,0,0,-7,-16,-7,-16,-6,-17,-5,-17,-5,-18,-4,-19,-3,-19,-2,-19,-2,-19,0,-19,-1,-18,0,-17,0,-18,-1,-17,-1,-16,-2,-16,-2,-16,-3,-16,-3,-16,-4,-16,-4,-16,-5,-16,-5,-16,-5,-16,-5,-15,-4,-15,0,0,-12,-23,-12,-26,-11,-24,-11,-22,-11,-21,-12,-20,-11,-19,-12,-18,-12,-17,-14,-15,-14,-15,-13,-13,-14,-13,-14,-13,-15,-12,-14,-11,-14,-12,-14,-11,-14,-11,-13,-11,-13,-11,-11,-12,-11,-11,-10,-11,-10,-11,-9,-10,-8,-11,-7,-12,0,0,0,0,0,0,0,0,0,0,0,0,0,0,-20,-24,-18,-25,-16,-27,-14,-27,-13,-30,-12,-29,-11,-32,-10,-33,-8,-33,-7,-33,-5,-33,-4,-33,-4,-32,-4,-31,-3,-31,-4,-30,-5,-29,-6,-28,-7,-29,-7,-28,-8,-27,-9,-28,-10,-27,-10,-28,-12,-27,-11,-28,-12,-27,-12,-26]"
618033908737600,15.457889200,90366,1868897700,-49,-98,6,0,1,7,0,0,256,0,0,"[0,0,-14,-8,-14,-8,-13,-7,-13,-7,-12,-6,-12,-5,-12,-5,-11,-4,-11,-4,-11,-3,-11,-2,-10,-2,-11,-2,-11,-2,-11,-1,-11,-1,-10,-1,-11,-1,-10,-1,-10,-1,-10,-1,-9,-2,-9,-2,-8,-2,-8,-2,-8,-2,0,0,0,0,0,0,0,0,0,0,0,0,0,0,0,0,0,0,0,0,0,0,-16,-7,-16,-8,-16,-9,-16,-10,-16,-11,-16,-12,-15,-12,-15,-13,-14,-14,-13,-14,-13,-13,-13,-13,-12,-13,-12,-13,-12,-12,-12,-11,-13,-11,-13,-10,-13,-10,-13,-10,-14,-9,-14,-9,-15,-8,-14,-9,-14,-8,-15,-8,0,0,-48,-29,-47,-27,-45,-27,-44,-22,-42,-21,-39,-20,-40,-19,-38,-17,-39,-13,-36,-9,-38,-7,-37,-6,-37,-5,-38,-4,-38,-3,-37,-2,-35,-1,-39,-1,-36,-3,-35,-6,-32,-6,-33,-5,-28,-7,-28,-5,-29,-7,-28,-9,-26,-9,-25,-10,0,0,0,0,0,0,0,0,0,0,0,0,0,0,-58,-14,-58,-20,-58,-24,-57,-30,-55,-32,-53,-35,-55,-41,-54,-43,-51,-47,-50,-50,-48,-52,-45,-49,-45,-47,-43,-46,-41,-44,-42,-43,-43,-42,-41,-41,-44,-42,-43,-38,-44,-35,-46,-37,-46,-34,-49,-35,-49,-30,-49,-28,-50,-28,-53,-30]"
618033927319800,15.476471400,90367,1868920204,-49,-98,6,0,1,7,0,0,256,0,0,"[0,0,4,14,4,13,3,12,4,12,4,12,4,11,4,10,5,10,5,9,5,8,5,8,6,8,6,8,6,7,6,7,6,6,6,7,6,6,6,6,5,6,5,6,5,7,4,6,4,6,3,6,3,6,0,0,0,0,0,0,0,0,0,0,0,0,0,0,0,0,0,0,0,0,0,0,6,14,6,15,5,16,4,16,4,17,3,17,2,17,1,18,0,17,-1,17,0,17,0,16,0,16,0,16,0,15,0,15,1,15,1,15,2,15,3,15,3,15,4,15,4,15,4,15,4,15,4,14,0,0,6,26,6,27,6,24,6,24,6,22,8,21,8,20,8,19,9,18,10,17,10,16,10,16,10,14,11,14,12,13,11,12,12,15,12,12,12,13,10,13,10,13,8,13,8,12,7,12,7,12,6,11,5,13,4,11,0,0,0,0,0,0,0,0,0,0,0,0,0,0,14,26,10,28,9,28,8,27,8,31,5,30,4,34,1,31,2,33,0,34,-1,32,-3,34,-4,32,-4,31,-3,30,-3,29,-2,28,1,29,1,27,2,29,2,28,4,28,3,28,5,27,6,29,6,28,6,28,6,26]"
618033946081800,15.495233400,90368,1868938510,-49,-98,6,0,1,7,0,0,256,0,0,"[0,0,-13,8,-12,8,-11,7,-11,8,-10,8,-10,7,-9,8,-9,7,-8,8,-7,8,-7,8,-6,8,-6,8,-6,8,-6,9,-5,8,-5,8,-5,8,-6,8,-6,7,-6,7,-5,7,-5,7,-5,6,-5,6,-5,5,0,0,0,0,0,0,0,0,0,0,0,0,0,0,0,0,0,0,0,0,0,0,-13,10,-14,10,-14,9,-15,9,-16,8,-17,8,-17,6,-18,6,-18,5,-18,5,-17,5,-17,5,-16,5,-16,5,-16,5,-15,5,-15,5,-15,6,-14,7,-14,7,-14,7,-14,7,-14,8,-13,9,-13,9,-13,9,0,0,-25,13,-23,12,-23,12,-21,11,-20,12,-18,13,-17,13,-16,12,-16,13,-14,13,-14,13,-13,14,-12,14,-12,14,-11,14,-11,14,-10,15,-11,14,-10,13,-11,13,-10,12,-10,12,-10,10,-10,10,-10,9,-11,9,-11,8,-12,7,0,0,0,0,0,0,0,0,0,0,0,0,0,0,-21,21,-23,18,-25,16,-27,14,-27,14,-28,12,-30,12,-32,11,-32,9,-33,8,-33,6,-32,6,-31,5,-31,5,-30,6,-28,6,-29,7,-27,6,-28,8,-27,8,-26,10,-26,10,-25,11,-26,13,-26,13,-26,13,-25,14,-26,14]"
618033965347000,15.514498600,90369,1868957198,-49,-98,6,0,1,7,0,0,256,0,0,"[0,0,-15,2,-15,2,-14,2,-14,2,-13,2,-12,2,-12,3,-12,3,-11,4,-10,4,-10,5,-9,5,-9,5,-9,5,-9,6,-8,5,-8,5,-9,6,-8,5,-8,5,-8,5,-8,4,-8,4,-7,3,-7,3,-7,3,0,0,0,0,0,0,0,0,0,0,0,0,0,0,0,0,0,0,0,0,0,0,-17,3,-17,2,-17,1,-17,0,-18,-1,-19,-1,-19,-3,-19,-4,-19,-4,-18,-4,-18,-4,-17,-4,-17,-4,-16,-3,-16,-3,-16,-2,-16,-2,-16,-1,-16,-1,-16,0,-16,0,-16,1,-17,1,-16,2,-16,2,-16,1,0,0,-28,7,-27,6,-25,7,-25,7,-23,7,-21,8,-20,8,-20,9,-19,9,-18,11,-17,10,-15,11,-16,11,-15,11,-15,12,-14,11,-14,12,-14,12,-14,12,-14,11,-14,10,-13,9,-13,9,-13,7,-13,6,-13,7,-13,5,-13,5,0,0,0,0,0,0,0,0,0,0,0,0,0,0,-27,15,-28,12,-30,8,-31,9,-31,6,-32,6,-33,4,-35,2,-35,1,-35,0,-34,-2,-34,-3,-33,-4,-31,-3,-30,-3,-30,-3,-31,0,-30,-1,-29,0,-30,0,-28,3,-29,4,-29,5,-29,6,-30,6,-30,7,-29,7,-29,7]"
618033984698100,15.533849700,90370,1868976889,-49,-98,6,0,1,7,0,0,256,0,0,"[0,0,-14,-1,-13,-1,-13,-1,-13,-1,-12,0,-11,0,-11,0,-11,1,-10,1,-10,2,-10,2,-9,2,-9,3,-9,3,-9,3,-9,4,-8,3,-9,3,-8,3,-8,3,-8,3,-8,2,-7,2,-7,2,-7,1,-7,1,0,0,0,0,0,0,0,0,0,0,0,0,0,0,0,0,0,0,0,0,0,0,-15,0,-16,-1,-16,-1,-16,-2,-16,-3,-17,-4,-16,-4,-16,-5,-16,-5,-15,-6,-15,-6,-15,-6,-14,-6,-14,-6,-14,-5,-14,-4,-14,-4,-14,-4,-14,-3,-14,-2,-14,-2,-15,-2,-15,-1,-14,-1,-15,-1,-15,-1,0,0,-28,-2,-28,-3,-26,-2,-26,-1,-23,-1,-23,0,-22,0,-21,1,-20,2,-19,3,-19,4,-19,5,-18,5,-18,5,-17,7,-17,7,-17,6,-16,6,-17,6,-16,5,-17,4,-15,4,-16,4,-14,3,-15,2,-14,2,-14,1,-13,0,0,0,0,0,0,0,0,0,0,0,0,0,0,0,-30,5,-30,2,-31,-1,-30,-2,-32,-3,-31,-5,-33,-8,-33,-9,-32,-11,-32,-13,-32,-13,-31,-14,-31,-14,-30,-13,-27,-13,-27,-11,-27,-11,-27,-10,-28,-9,-29,-8,-27,-7,-28,-6,-28,-5,-29,-5,-29,-4,-28,-2,-29,-3,-29,-4]"
618034004941900,15.554093500,90371,1868996869,-49,-98,6,0,1,7,0,0,256,0,0,"[0,0,-4,-15,-4,-14,-4,-14,-4,-13,-4,-13,-5,-12,-5,-11,-5,-11,-5,-10,-6,-10,-6,-9,-6,-9,-6,-9,-7,-8,-7,-8,-7,-8,-7,-8,-6,-8,-7,-8,-6,-8,-6,-8,-5,-8,-5,-8,-5,-7,-4,-7,-4,-7,0,0,0,0,0,0,0,0,0,0,0,0,0,0,0,0,0,0,0,0,0,0,-6,-16,-5,-16,-4,-17,-3,-17,-3,-18,-2,-18,-1,-18,-1,-18,0,-18,1,-18,1,-18,1,-17,1,-17,1,-16,0,-16,0,-16,-1,-16,-2,-16,-2,-16,-3,-16,-3,-15,-3,-16,-4,-16,-4,-15,-4,-16,-4,-16,0,0,-5,-28,-5,-27,-5,-26,-5,-24,-5,-24,-6,-23,-6,-21,-6,-21,-7,-19,-9,-18,-9,-17,-10,-17,-10,-17,-11,-17,-11,-15,-11,-16,-12,-15,-11,-15,-11,-15,-10,-15,-10,-14,-9,-15,-8,-14,-8,-14,-7,-13,-6,-13,-5,-14,-4,-14,0,0,0,0,0,0,0,0,0,0,0,0,0,0,-11,-28,-8,-30,-6,-30,-5,-31,-4,-31,-2,-32,0,-33,2,-34,3,-34,4,-34,5,-33,7,-32,6,-32,6,-31,7,-30,5,-29,5,-29,3,-28,2,-29,1,-29,0,-29,-1,-30,-1,-29,-3,-29,-2,-29,-3,-29,-4,-29,-4,-29]"
618034028473600,15.577625200,90372,1869023334,-49,-98,6,0,1,7,0,0,256,0,0,"[0,0,-15,0,-15,1,-14,0,-14,1,-13,1,-13,2,-12,2,-11,2,-11,3,-11,3,-10,4,-10,4,-10,4,-9,4,-10,4,-9,5,-9,5,-9,4,-9,4,-9,4,-9,4,-9,3,-8,3,-8,3,-8,2,-8,2,0,0,0,0,0,0,0,0,0,0,0,0,0,0,0,0,0,0,0,0,0,0,-17,2,-17,1,-17,1,-17,0,-18,-1,-18,-2,-19,-3,-19,-4,-18,-5,-18,-5,-17,-5,-17,-4,-16,-4,-16,-4,-16,-4,-16,-3,-15,-3,-16,-2,-15,-2,-16,-1,-16,-1,-16,-1,-17,0,-16,1,-16,0,-16,1,0,0,-29,1,-27,1,-26,1,-24,1,-24,2,-22,3,-22,4,-20,4,-21,4,-19,6,-19,6,-18,8,-17,8,-17,8,-17,8,-17,8,-16,9,-17,8,-17,7,-17,7,-16,6,-16,5,-15,6,-15,4,-15,3,-15,3,-14,2,-14,2,0,0,0,0,0,0,0,0,0,0,0,0,0,0,-27,9,-29,6,-30,4,-31,2,-31,0,-31,-1,-32,-3,-34,-5,-33,-7,-32,-7,-32,-9,-31,-9,-31,-9,-30,-9,-29,-8,-28,-7,-28,-7,-28,-6,-28,-6,-28,-4,-28,-4,-28,-4,-28,-2,-28,-1,-30,-1,-29,0,-29,1,-29,0]"
618034045933400,15.595085000,90373,1869038908,-49,-98,6,0,1,7,0,0,256,0,0,"[0,0,11,-10,9,-11,9,-10,9,-10,8,-10,7,-10,7,-9,6,-10,6,-9,5,-10,4,-10,4,-10,3,-10,3,-10,3,-10,3,-10,2,-10,3,-9,3,-10,3,-9,3,-9,3,-9,3,-8,3,-8,4,-7,4,-7,0,0,0,0,0,0,0,0,0,0,0,0,0,0,0,0,0,0,0,0,0,0,10,-12,11,-12,12,-12,12,-12,13,-11,15,-10,15,-9,16,-9,16,-8,15,-8,16,-7,15,-7,14,-7,14,-8,14,-8,13,-8,12,-8,12,-8,12,-9,12,-10,11,-9,11,-10,12,-11,11,-11,11,-10,11,-11,0,0,20,-18,19,-18,18,-19,18,-18,16,-17,15,-17,15,-17,13,-17,12,-17,11,-17,9,-17,9,-17,8,-18,7,-18,6,-18,6,-17,6,-18,6,-17,7,-17,7,-17,7,-16,8,-16,8,-15,7,-13,7,-12,8,-12,9,-12,9,-11,0,0,0,0,0,0,0,0,0,0,0,0,0,0,16,-25,19,-24,21,-22,23,-21,24,-21,24,-19,26,-19,27,-17,28,-16,30,-13,30,-14,30,-14,30,-11,29,-12,27,-11,26,-13,26,-12,25,-14,25,-13,25,-14,23,-15,23,-16,23,-17,23,-19,23,-18,22,-19,22,-18,22,-19]"
618034065040400,15.614192000,90374,1869057063,-49,-98,6,0,1,7,0,0,256,0,0,"[0,0,-14,-6,-14,-6,-13,-6,-13,-5,-13,-5,-12,-4,-12,-4,-11,-3,-11,-2,-11,-2,-11,-2,-11,-1,-11,-1,-11,0,-11,0,-11,0,-10,1,-11,0,-10,0,-10,0,-10,0,-9,0,-9,-1,-8,-1,-9,-1,-8,-2,0,0,0,0,0,0,0,0,0,0,0,0,0,0,0,0,0,0,0,0,0,0,-15,-6,-16,-7,-15,-8,-16,-9,-15,-9,-15,-11,-15,-11,-14,-12,-14,-13,-13,-12,-12,-12,-12,-12,-12,-12,-12,-12,-12,-11,-12,-10,-13,-10,-12,-9,-13,-9,-13,-8,-14,-8,-14,-7,-14,-7,-14,-8,-14,-7,-14,-7,0,0,-52,-18,-54,-18,-49,-16,-49,-16,-45,-13,-44,-12,-43,-9,-43,-7,-41,-4,-41,-3,-41,-2,-38,0,-38,1,-36,3,-39,6,-37,6,-37,6,-37,5,-38,4,-36,5,-35,3,-33,4,-33,1,-31,1,-31,-2,-30,-2,-30,-3,-27,-5,0,0,0,0,0,0,0,0,0,0,0,0,0,0,-59,-11,-56,-18,-58,-22,-55,-24,-59,-26,-54,-27,-56,-34,-55,-37,-56,-37,-52,-42,-52,-42,-50,-45,-46,-45,-45,-44,-43,-41,-43,-39,-43,-36,-49,-33,-47,-31,-50,-32,-48,-29,-51,-26,-50,-27,-54,-23,-56,-25,-53,-24,-51,-22,-53,-23]"
618034086101400,15.635253000,90375,1869082742,-49,-98,6,0,1,7,0,0,256,0,0,"[0,0,-7,-14,-7,-14,-7,-13,-7,-12,-7,-12,-7,-11,-7,-10,-7,-10,-8,-9,-8,-9,-8,-8,-8,-8,-8,-8,-9,-7,-9,-7,-9,-7,-9,-7,-9,-7,-8,-6,-8,-7,-8,-7,-7,-7,-7,-7,-6,-7,-6,-7,-5,-7,0,0,0,0,0,0,0,0,0,0,0,0,0,0,0,0,0,0,0,0,0,0,-9,-14,-9,-15,-8,-16,-8,-16,-7,-17,-6,-18,-5,-18,-4,-18,-4,-18,-3,-18,-3,-17,-3,-17,-3,-17,-3,-16,-3,-16,-4,-16,-4,-15,-5,-16,-5,-15,-6,-15,-6,-15,-7,-15,-7,-15,-7,-15,-8,-14,-7,-14,0,0,-15,-25,-16,-25,-15,-23,-14,-22,-14,-21,-14,-20,-14,-19,-15,-17,-15,-16,-16,-15,-16,-13,-16,-12,-17,-12,-17,-11,-17,-11,-16,-11,-17,-11,-17,-10,-16,-11,-16,-11,-15,-12,-14,-12,-13,-12,-13,-11,-12,-11,-11,-12,-10,-13,-8,-13,0,0,0,0,0,0,0,0,0,0,0,0,0,0,-23,-20,-20,-23,-20,-24,-18,-25,-16,-28,-15,-28,-14,-30,-13,-32,-12,-33,-10,-33,-9,-34,-8,-33,-9,-32,-8,-31,-8,-31,-8,-29,-8,-29,-10,-28,-10,-27,-11,-27,-11,-27,-12,-27,-13,-27,-13,-28,-15,-27,-16,-26,-15,-26,-16,-26]"
618034104802500,15.653954100,90376,1869098950,-48,-98,6,0,1,7,0,0,256,0,0,"[0,0,8,11,8,11,8,11,8,10,8,9,8,9,8,8,7,8,8,7,8,6,8,5,8,6,8,5,8,5,9,5,8,4,9,5,8,5,8,4,8,4,8,5,7,5,7,5,6,5,6,5,5,5,0,0,0,0,0,0,0,0,0,0,0,0,0,0,0,0,0,0,0,0,0,0,11,11,10,12,9,13,9,13,9,14,8,15,8,15,7,16,7,16,5,16,5,16,5,15,4,15,5,15,5,14,6,14,6,13,6,13,6,13,7,13,8,13,8,12,8,13,8,13,8,12,9,12,0,0,16,22,16,20,15,19,16,20,14,17,15,16,15,15,15,14,15,13,15,12,16,11,15,11,16,10,15,9,18,8,16,8,16,9,16,8,16,8,16,9,15,8,14,9,12,9,12,9,12,9,10,9,10,10,8,10,0,0,0,0,0,0,0,0,0,0,0,0,0,0,23,16,21,19,20,20,19,21,19,23,17,24,18,27,16,27,15,29,13,30,12,30,11,31,11,29,9,29,9,28,9,26,10,26,12,26,12,24,13,25,13,24,14,24,15,23,16,24,16,24,17,22,16,22,17,22]"
618034124385000,15.673536600,90377,1869117415,-48,-98,6,0,1,7,0,0,256,0,0,"[0,0,8,-13,7,-13,6,-12,6,-12,6,-12,5,-12,4,-12,4,-11,4,-11,3,-11,2,-11,1,-11,1,-11,1,-11,1,-11,0,-11,0,-11,1,-10,1,-10,1,-11,1,-10,1,-10,2,-10,1,-9,2,-9,2,-8,0,0,0,0,0,0,0,0,0,0,0,0,0,0,0,0,0,0,0,0,0,0,7,-15,8,-15,9,-15,9,-14,11,-14,11,-14,12,-13,13,-13,13,-12,13,-12,13,-11,12,-11,12,-11,11,-11,11,-11,11,-11,10,-11,10,-12,9,-12,9,-13,9,-13,9,-13,9,-13,8,-14,8,-14,8,-14,0,0,26,-49,26,-50,23,-48,22,-45,20,-44,17,-45,15,-42,13,-40,12,-39,9,-39,6,-39,5,-39,2,-39,3,-39,0,-39,1,-38,0,-41,1,-38,1,-38,2,-38,4,-36,6,-35,5,-36,6,-33,7,-30,7,-29,10,-29,12,-27,0,0,0,0,0,0,0,0,0,0,0,0,0,0,13,-57,20,-57,24,-54,26,-53,30,-56,31,-54,38,-54,40,-51,44,-51,47,-49,47,-46,50,-45,46,-43,45,-43,45,-40,41,-40,41,-42,38,-42,37,-41,37,-44,34,-44,32,-46,35,-47,31,-50,33,-51,28,-51,29,-52,29,-52]"
618034144760300,15.693911900,90378,1869136908,-48,-98,6,0,1,7,0,0,256,0,0,"[0,0,-15,3,-15,3,-13,3,-14,4,-13,4,-12,4,-12,4,-11,4,-11,4,-10,5,-9,6,-9,6,-8,6,-8,6,-8,7,-8,7,-8,6,-8,6,-9,6,-9,6,-8,5,-8,5,-8,5,-7,5,-8,4,-8,3,0,0,0,0,0,0,0,0,0,0,0,0,0,0,0,0,0,0,0,0,0,0,-16,5,-16,4,-17,3,-17,2,-18,2,-19,1,-19,-1,-19,-1,-19,-2,-18,-2,-17,-2,-17,-2,-17,-2,-16,-1,-16,-1,-16,-1,-16,0,-16,1,-16,1,-16,1,-16,2,-15,2,-16,3,-16,3,-16,4,-16,4,0,0,-27,8,-27,9,-24,10,-25,9,-22,9,-21,10,-20,10,-19,10,-18,11,-18,11,-16,12,-15,12,-14,13,-14,13,-14,14,-14,14,-13,14,-14,13,-14,14,-13,12,-14,12,-13,11,-13,11,-13,10,-13,9,-13,7,-14,7,-14,6,0,0,0,0,0,0,0,0,0,0,0,0,0,0,-25,16,-27,14,-28,12,-29,10,-30,9,-30,8,-33,7,-33,5,-34,3,-34,1,-34,0,-34,-1,-32,-1,-32,0,-30,0,-29,0,-29,0,-29,2,-28,3,-30,4,-27,5,-28,6,-28,7,-28,7,-29,7,-27,8,-27,9,-28,8]"
618034167610200,15.716761800,90379,1869160454,-48,-98,6,0,1,7,0,0,256,0,0,"[0,0,13,0,13,-1,12,-1,12,-1,11,-1,11,-2,10,-2,10,-2,10,-3,10,-3,9,-4,9,-4,8,-4,8,-4,8,-5,8,-5,8,-5,8,-5,8,-5,8,-4,8,-4,7,-4,7,-3,7,-3,7,-2,7,-2,0,0,0,0,0,0,0,0,0,0,0,0,0,0,0,0,0,0,0,0,0,0,14,-2,14,-2,15,-1,14,0,16,1,16,2,16,2,16,3,16,3,15,4,15,4,14,4,14,4,13,3,13,3,14,2,13,2,14,1,13,1,14,1,13,1,14,0,14,0,14,0,13,0,14,-1,0,0,27,-3,26,-5,24,-5,24,-5,23,-6,22,-4,21,-5,20,-6,19,-7,18,-9,17,-10,16,-10,15,-11,15,-10,15,-12,15,-11,14,-12,15,-11,16,-10,16,-9,16,-8,15,-7,14,-8,14,-7,14,-7,13,-5,13,-5,14,-4,0,0,0,0,0,0,0,0,0,0,0,0,0,0,25,-12,27,-10,27,-8,29,-5,29,-5,29,-4,32,-1,32,1,32,3,32,6,32,5,32,6,31,5,29,5,28,5,28,3,27,3,27,2,27,1,27,1,27,-1,27,-1,27,0,28,-3,28,-3,28,-4,28,-5,28,-5]"
618034185569500,15.734721100,90380,1869178538,-48,-98,6,0,1,7,0,0,256,0,0,"[0,0,10,-11,9,-12,8,-11,9,-11,7,-10,7,-10,6,-10,6,-10,5,-10,5,-10,4,-10,3,-10,3,-10,3,-10,3,-10,3,-10,3,-10,3,-10,3,-10,4,-10,3,-9,3,-9,4,-9,3,-8,4,-7,4,-7,0,0,0,0,0,0,0,0,0,0,0,0,0,0,0,0,0,0,0,0,0,0,8,-14,9,-14,10,-14,10,-13,12,-13,13,-12,13,-12,14,-11,14,-11,15,-10,14,-9,14,-9,13,-9,13,-9,12,-9,12,-9,12,-9,12,-10,11,-10,11,-11,11,-11,10,-11,11,-11,10,-12,10,-12,10,-12,0,0,37,-41,35,-43,33,-41,33,-39,28,-40,27,-39,25,-38,23,-37,21,-36,19,-38,16,-37,13,-38,11,-37,11,-37,12,-39,12,-37,10,-38,12,-36,13,-36,13,-35,13,-34,14,-33,14,-32,13,-30,15,-28,15,-25,15,-26,18,-24,0,0,0,0,0,0,0,0,0,0,0,0,0,0,15,-58,23,-57,31,-52,35,-50,38,-51,40,-48,45,-48,49,-45,51,-43,54,-41,55,-38,55,-38,53,-36,51,-34,50,-34,48,-34,47,-33,46,-36,46,-34,45,-37,42,-39,41,-40,40,-41,40,-43,41,-43,38,-44,37,-45,37,-44]"
618034204950200,15.754101800,90381,1869196704,-48,-98,6,0,1,7,0,0,256,0,0,"[0,0,-15,2,-14,2,-14,2,-13,2,-13,2,-12,3,-12,3,-11,3,-11,3,-10,4,-10,4,-9,5,-9,5,-9,5,-9,5,-9,6,-8,6,-9,6,-9,5,-9,5,-9,5,-8,4,-8,4,-8,4,-8,3,-8,3,0,0,0,0,0,0,0,0,0,0,0,0,0,0,0,0,0,0,0,0,0,0,-16,3,-17,2,-16,1,-17,1,-17,0,-19,-1,-18,-2,-19,-3,-18,-3,-17,-3,-17,-4,-17,-4,-16,-3,-16,-3,-16,-3,-16,-2,-16,-2,-15,-1,-16,-1,-15,0,-16,0,-16,1,-16,1,-16,2,-16,2,-16,2,0,0,-28,-1,-27,0,-27,1,-25,1,-25,2,-22,2,-22,3,-21,4,-21,4,-19,4,-18,6,-18,6,-18,7,-17,9,-17,8,-18,9,-17,8,-18,8,-16,7,-16,7,-16,7,-17,6,-16,6,-15,5,-16,4,-16,3,-15,3,-15,1,0,0,0,0,0,0,0,0,0,0,0,0,0,0,-28,7,-30,4,-30,1,-32,0,-30,-1,-32,-2,-32,-4,-33,-7,-33,-7,-33,-9,-33,-10,-31,-10,-30,-11,-29,-10,-28,-11,-28,-10,-29,-8,-26,-8,-28,-7,-27,-6,-28,-4,-28,-4,-29,-3,-29,-2,-29,-1,-29,-2,-28,-1,-30,-1]"
618034224212200,15.773363800,90382,1869217420,-49,-98,6,0,1,7,0,0,256,0,0,"[0,0,-14,6,-14,6,-13,6,-13,5,-12,5,-11,6,-10,6,-10,6,-9,6,-9,7,-8,7,-7,7,-7,7,-7,7,-7,8,-7,7,-6,8,-7,7,-7,7,-7,7,-7,6,-7,6,-6,6,-6,5,-7,5,-7,4,0,0,0,0,0,0,0,0,0,0,0,0,0,0,0,0,0,0,0,0,0,0,-15,7,-15,6,-16,6,-16,5,-18,5,-18,4,-18,3,-19,2,-19,2,-18,1,-18,1,-17,1,-17,1,-16,1,-16,1,-16,2,-15,3,-16,3,-15,4,-15,4,-15,4,-15,5,-16,6,-15,6,-15,6,-15,6,0,0,-23,15,-22,16,-21,16,-20,16,-18,14,-17,14,-16,14,-15,15,-14,15,-14,15,-11,15,-11,15,-9,15,-10,16,-9,16,-9,16,-9,16,-8,16,-9,15,-9,15,-10,14,-9,14,-9,13,-9,12,-9,12,-10,10,-9,10,-11,9,0,0,0,0,0,0,0,0,0,0,0,0,0,0,-20,22,-22,19,-24,18,-25,17,-25,17,-27,15,-29,15,-30,13,-30,13,-32,10,-31,10,-31,8,-32,8,-31,7,-30,7,-28,8,-27,8,-26,10,-27,10,-26,11,-26,11,-24,13,-25,14,-25,15,-25,14,-23,15,-23,16,-24,16]"
618034244602900,15.793754500,90383,1869237579,-49,-98,6,0,1,7,0,0,256,0,0,"[0,0,12,7,12,6,11,6,12,6,11,5,11,4,10,4,10,3,10,2,10,2,9,1,9,1,9,1,9,0,10,-1,9,0,9,0,9,0,9,-1,9,0,8,0,8,0,8,1,7,1,7,1,7,1,0,0,0,0,0,0,0,0,0,0,0,0,0,0,0,0,0,0,0,0,0,0,14,6,14,7,14,8,13,8,14,10,13,11,13,11,12,12,12,12,11,13,11,12,11,12,10,12,10,11,10,11,11,10,11,9,11,9,11,9,12,9,12,8,12,8,13,8,12,8,12,7,13,7,0,0,51,25,51,21,48,18,49,19,42,17,41,15,42,13,40,11,40,8,39,5,39,3,37,1,34,-1,36,-1,39,-3,36,-4,38,-3,36,-3,35,-3,35,0,35,0,33,3,31,2,29,1,28,2,28,5,27,5,25,7,0,0,0,0,0,0,0,0,0,0,0,0,0,0,58,8,58,16,57,19,56,23,58,28,54,29,57,35,55,38,54,40,52,45,50,45,47,46,47,45,47,42,43,41,44,39,43,36,47,36,45,34,48,34,47,30,48,29,50,28,51,28,54,28,53,24,52,24,53,24]"
618034263748100,15.812899700,90384,1869256720,-49,-98,6,0,1,7,0,0,256,0,0,"[0,0,6,-14,6,-14,5,-13,5,-13,4,-12,3,-12,3,-12,2,-12,2,-11,2,-11,1,-11,0,-11,0,-11,-1,-10,0,-11,-1,-10,-1,-10,-1,-10,-1,-10,0,-10,-1,-10,0,-9,0,-9,0,-9,1,-8,1,-8,0,0,0,0,0,0,0,0,0,0,0,0,0,0,0,0,0,0,0,0,0,0,6,-16,7,-16,7,-16,8,-16,9,-16,11,-15,11,-15,12,-15,12,-14,12,-13,12,-13,12,-12,12,-12,11,-12,11,-12,10,-13,9,-13,9,-13,9,-14,8,-14,7,-14,7,-14,8,-14,7,-14,7,-14,7,-14,0,0,25,-46,22,-51,22,-48,19,-45,18,-42,15,-42,14,-41,11,-42,10,-39,8,-39,6,-38,3,-39,1,-37,-1,-36,-1,-37,1,-35,-1,-37,-1,-34,-1,-34,-1,-34,0,-33,2,-32,1,-32,3,-30,4,-28,3,-26,6,-29,8,-26,0,0,0,0,0,0,0,0,0,0,0,0,0,0,12,-60,19,-58,22,-56,25,-55,30,-58,31,-53,38,-57,38,-53,41,-53,44,-52,44,-50,49,-49,45,-45,45,-43,43,-43,40,-42,38,-42,38,-46,34,-43,36,-46,31,-44,30,-47,32,-50,29,-52,30,-51,28,-52,27,-51,27,-51]"
618034283043800,15.832195400,90385,1869277301,-49,-98,6,0,1,7,0,0,256,0,0,"[0,0,2,14,2,14,2,14,2,13,2,12,3,12,3,11,3,10,3,9,3,9,3,9,4,9,4,8,5,8,5,8,5,8,5,7,5,7,4,7,4,7,4,7,4,7,3,7,3,7,3,6,2,6,0,0,0,0,0,0,0,0,0,0,0,0,0,0,0,0,0,0,0,0,0,0,4,15,4,16,3,17,3,17,2,18,1,18,0,18,-1,18,-1,18,-2,18,-3,17,-3,17,-3,16,-3,16,-2,16,-2,15,-1,15,-1,15,0,15,1,15,1,16,2,15,1,16,1,15,2,16,2,15,0,0,3,28,4,27,4,25,3,24,4,24,5,22,5,21,5,19,7,18,7,17,7,17,8,16,9,16,9,15,10,14,10,14,9,14,10,14,9,13,9,13,9,13,8,13,6,13,6,13,5,12,5,12,4,12,2,12,0,0,0,0,0,0,0,0,0,0,0,0,0,0,12,28,9,28,7,31,6,31,5,31,3,32,1,33,-1,35,0,33,-3,34,-4,34,-6,33,-7,32,-8,31,-7,30,-6,30,-4,30,-3,28,-2,29,-1,28,0,29,1,29,1,29,2,30,2,29,2,30,3,29,4,29]"
618034305159400,15.854311000,90386,1869299627,-50,-98,6,0,1,7,0,0,256,0,0,"[0,0,-11,10,-10,10,-10,10,-9,9,-9,9,-8,9,-7,9,-7,9,-6,9,-6,9,-5,8,-4,8,-4,8,-3,9,-3,8,-3,9,-3,8,-3,9,-3,8,-4,8,-4,8,-4,7,-3,7,-3,7,-3,6,-4,6,0,0,0,0,0,0,0,0,0,0,0,0,0,0,0,0,0,0,0,0,0,0,-11,13,-12,13,-12,12,-13,12,-14,11,-16,11,-16,10,-17,10,-17,9,-16,8,-16,8,-16,7,-15,8,-15,8,-15,8,-14,8,-14,8,-13,9,-13,9,-12,10,-13,10,-12,10,-12,10,-12,11,-12,11,-11,11,0,0,-21,19,-20,19,-18,19,-17,17,-17,18,-14,18,-14,17,-12,17,-12,16,-11,16,-10,16,-8,16,-6,17,-6,16,-6,17,-5,15,-5,16,-5,16,-5,14,-5,14,-5,14,-6,14,-6,13,-6,12,-6,12,-6,11,-7,11,-8,10,0,0,0,0,0,0,0,0,0,0,0,0,0,0,-16,27,-19,25,-21,24,-22,23,-25,22,-25,21,-28,21,-28,19,-30,18,-32,17,-31,15,-32,16,-30,14,-30,13,-29,14,-28,14,-26,15,-26,15,-25,15,-25,16,-24,17,-24,18,-23,19,-24,20,-23,20,-21,20,-21,21,-22,20]"
618034324853000,15.874004600,90387,1869316490,-50,-98,6,0,1,7,0,0,256,0,0,"[0,0,9,-11,9,-12,8,-11,8,-11,7,-10,6,-10,6,-10,5,-10,5,-10,4,-10,4,-9,3,-9,2,-10,2,-10,2,-9,2,-9,1,-9,2,-9,2,-9,2,-9,2,-8,2,-8,2,-8,2,-7,2,-7,2,-7,0,0,0,0,0,0,0,0,0,0,0,0,0,0,0,0,0,0,0,0,0,0,9,-14,10,-14,11,-14,12,-13,13,-13,14,-13,14,-12,15,-12,15,-10,15,-10,15,-9,14,-10,14,-9,14,-9,13,-10,13,-9,12,-10,12,-10,11,-11,11,-11,10,-11,10,-12,11,-12,10,-12,10,-12,10,-12,0,0,46,-33,44,-33,41,-32,40,-30,37,-29,33,-31,32,-31,29,-31,26,-28,22,-30,23,-30,19,-31,20,-31,15,-32,15,-31,14,-31,13,-30,15,-31,13,-30,14,-29,14,-29,14,-27,14,-27,13,-24,14,-22,15,-20,14,-21,16,-20,0,0,0,0,0,0,0,0,0,0,0,0,0,0,40,-49,46,-44,49,-40,53,-37,54,-36,56,-32,59,-32,62,-29,65,-26,68,-25,67,-21,65,-21,64,-18,62,-18,60,-19,58,-19,56,-20,55,-20,54,-22,54,-24,51,-25,50,-27,50,-30,51,-32,51,-32,48,-34,48,-35,51,-34]"
618034348361600,15.897513200,90388,1869341469,-50,-98,6,0,1,7,0,0,256,0,0,"[0,0,14,4,13,3,13,3,12,3,12,3,12,2,11,2,10,1,10,0,10,0,9,-1,9,-1,9,-1,8,-2,9,-2,8,-2,8,-2,8,-2,8,-2,8,-2,8,-2,7,-1,7,-1,6,-1,6,-1,6,-1,0,0,0,0,0,0,0,0,0,0,0,0,0,0,0,0,0,0,0,0,0,0,17,1,17,3,17,4,17,4,17,5,17,7,17,7,17,8,16,9,15,9,15,9,14,9,14,9,14,8,14,8,14,7,13,6,14,6,14,6,14,5,14,5,14,5,15,4,15,4,14,4,15,4,0,0,26,6,25,6,24,6,23,5,23,5,22,3,21,2,20,1,20,0,18,-2,18,-1,18,-2,15,-2,16,-3,16,-4,17,-4,15,-4,15,-5,15,-4,15,-4,14,-4,14,-3,12,-3,13,-2,11,-1,12,-1,11,-1,11,0,0,0,0,0,0,0,0,0,0,0,0,0,0,0,31,-2,31,3,31,5,31,6,31,8,30,9,31,12,32,13,31,14,31,16,29,17,28,17,28,18,27,17,26,17,26,15,26,15,26,13,25,12,27,12,25,11,27,10,28,8,28,9,28,9,28,7,27,8,30,8]"
618034364455100,15.913606700,90389,1869357845,-50,-98,6,0,1,7,0,0,256,0,0,"[0,0,14,4,13,3,13,3,12,2,12,2,11,1,11,1,10,0,10,0,10,-1,10,-1,9,-1,9,-1,9,-2,9,-3,9,-3,8,-2,8,-2,8,-2,8,-2,7,-2,7,-2,7,-1,6,-1,6,-1,6,-1,0,0,0,0,0,0,0,0,0,0,0,0,0,0,0,0,0,0,0,0,0,0,17,1,17,2,17,3,17,4,17,5,17,6,18,6,17,8,17,8,16,9,15,9,15,8,14,9,14,8,14,7,14,7,14,6,14,6,14,6,15,4,15,4,15,4,15,4,15,4,15,4,15,3,0,0,28,2,27,2,25,1,24,1,24,1,21,0,20,-1,20,-2,19,-3,18,-4,18,-5,16,-5,16,-5,15,-5,16,-8,15,-7,15,-7,14,-7,15,-8,14,-8,13,-6,12,-6,12,-6,11,-6,12,-4,11,-4,11,-4,11,-2,0,0,0,0,0,0,0,0,0,0,0,0,0,0,31,-5,31,-1,31,0,31,4,32,3,33,5,34,8,34,10,33,11,34,12,32,12,31,14,30,15,29,15,27,14,27,12,27,11,27,9,29,9,27,9,29,8,28,6,29,5,28,4,29,4,29,4,28,3,29,3]"
618034384622000,15.933773600,90390,1869376766,-50,-98,6,0,1,7,0,0,256,0,0,"[0,0,-12,10,-11,9,-11,9,-10,9,-9,9,-8,8,-8,8,-7,8,-7,8,-6,8,-6,9,-5,8,-4,8,-4,8,-4,8,-4,8,-3,7,-3,8,-4,8,-3,8,-3,7,-3,7,-3,6,-3,6,-4,5,-4,5,0,0,0,0,0,0,0,0,0,0,0,0,0,0,0,0,0,0,0,0,0,0,-13,12,-14,12,-14,11,-15,11,-16,10,-17,10,-18,9,-18,8,-18,8,-17,7,-18,7,-17,6,-16,7,-16,6,-15,7,-15,7,-15,7,-14,8,-14,8,-13,9,-13,9,-13,9,-13,9,-13,10,-12,10,-13,10,0,0,-16,23,-16,21,-15,21,-14,20,-13,20,-11,18,-10,18,-9,17,-8,17,-7,17,-5,17,-4,17,-3,16,-3,17,-2,16,-2,16,-2,16,-2,16,-2,16,-3,15,-3,14,-3,14,-2,13,-2,12,-3,12,-3,12,-4,11,-5,10,0,0,0,0,0,0,0,0,0,0,0,0,0,0,-11,28,-14,28,-16,27,-19,26,-19,24,-22,24,-23,24,-25,25,-26,22,-27,22,-28,20,-27,20,-27,19,-26,19,-25,18,-24,18,-24,19,-22,18,-22,19,-21,20,-20,21,-20,21,-19,21,-19,22,-18,23,-17,23,-17,24,-17,23]"
618034405815600,15.954967200,90391,1869396674,-50,-98,6,0,1,7,0,0,256,0,0,"[0,0,1,-15,1,-15,1,-14,1,-14,0,-13,-1,-13,-1,-12,-2,-12,-2,-11,-2,-10,-2,-10,-3,-10,-3,-10,-4,-9,-3,-9,-3,-9,-4,-9,-3,-9,-4,-8,-3,-8,-4,-8,-3,-8,-3,-8,-2,-8,-2,-7,-2,-7,0,0,0,0,0,0,0,0,0,0,0,0,0,0,0,0,0,0,0,0,0,0,0,-18,1,-18,2,-18,3,-18,3,-19,5,-19,5,-18,5,-19,7,-18,7,-18,8,-16,7,-16,7,-16,6,-16,6,-16,5,-16,5,-16,4,-16,4,-16,3,-17,2,-16,2,-17,2,-17,2,-17,2,-17,2,-16,0,0,-5,-27,-5,-27,-5,-26,-5,-24,-5,-23,-6,-22,-6,-21,-7,-20,-7,-19,-9,-18,-9,-16,-9,-16,-10,-15,-10,-15,-11,-14,-11,-14,-11,-14,-11,-14,-10,-13,-9,-13,-9,-13,-9,-12,-8,-12,-7,-12,-7,-12,-6,-11,-6,-11,-5,-11,0,0,0,0,0,0,0,0,0,0,0,0,0,0,-13,-28,-10,-30,-8,-30,-6,-31,-5,-33,-4,-32,-2,-34,0,-34,1,-35,3,-35,4,-34,5,-34,5,-33,5,-32,5,-31,4,-30,3,-30,2,-29,1,-29,1,-30,0,-29,-2,-29,-2,-29,-4,-30,-4,-30,-3,-29,-5,-29,-4,-29]"
618034424580300,15.973731900,90392,1869416474,-51,-98,6,0,1,7,0,0,256,0,0,"[0,0,-16,-1,-15,-1,-14,-1,-14,0,-13,0,-12,0,-12,0,-11,1,-11,1,-11,2,-10,3,-10,3,-9,3,-9,3,-9,4,-8,4,-8,3,-9,4,-8,3,-8,3,-8,3,-8,2,-7,3,-7,2,-7,2,-7,1,0,0,0,0,0,0,0,0,0,0,0,0,0,0,0,0,0,0,0,0,0,0,-18,2,-18,1,-19,0,-19,-1,-19,-2,-19,-3,-19,-4,-19,-5,-19,-6,-18,-6,-18,-6,-17,-5,-17,-6,-16,-5,-16,-5,-16,-4,-16,-4,-17,-3,-16,-3,-16,-3,-16,-2,-17,-2,-17,-1,-16,0,-16,0,-16,0,0,0,-28,5,-26,6,-26,6,-24,6,-23,6,-22,6,-21,6,-20,7,-19,7,-17,8,-16,10,-15,10,-15,11,-14,11,-13,10,-13,11,-13,11,-13,11,-13,10,-13,9,-13,8,-13,8,-11,8,-11,8,-11,7,-11,6,-11,6,-12,5,0,0,0,0,0,0,0,0,0,0,0,0,0,0,-25,15,-29,12,-29,9,-32,5,-31,5,-32,4,-33,3,-35,1,-34,-1,-35,-3,-35,-4,-33,-4,-33,-3,-32,-3,-31,-3,-30,-2,-31,-2,-29,-1,-30,0,-29,0,-30,2,-29,1,-29,2,-30,3,-29,4,-29,6,-28,7,-29,6]"
618034448445200,15.997596800,90393,1869439740,-50,-98,6,0,1,7,0,0,256,0,0,"[0,0,7,-13,6,-13,6,-13,6,-12,5,-12,4,-12,4,-11,3,-11,3,-11,2,-10,1,-10,1,-10,0,-10,0,-10,0,-10,0,-10,0,-9,0,-10,0,-9,0,-9,0,-9,1,-8,0,-8,0,-8,1,-7,1,-7,0,0,0,0,0,0,0,0,0,0,0,0,0,0,0,0,0,0,0,0,0,0,6,-16,8,-16,8,-16,9,-16,10,-16,12,-15,12,-15,13,-15,14,-14,13,-13,13,-13,13,-13,12,-12,12,-12,11,-12,10,-12,11,-12,9,-12,10,-13,9,-14,9,-14,9,-14,8,-14,8,-15,7,-15,8,-14,0,0,12,-53,11,-53,10,-51,10,-49,7,-46,4,-45,2,-43,0,-42,0,-40,-2,-39,-3,-37,-5,-37,-5,-36,-7,-34,-9,-35,-8,-33,-9,-33,-9,-33,-10,-32,-9,-31,-7,-30,-7,-28,-6,-28,-4,-28,-3,-27,-2,-26,-1,-25,0,-25,0,0,0,0,0,0,0,0,0,0,0,0,0,0,-2,-61,5,-62,10,-62,12,-61,15,-63,18,-61,23,-64,25,-63,27,-63,29,-64,31,-60,33,-60,35,-56,34,-54,33,-53,31,-53,27,-51,26,-52,25,-52,23,-55,21,-54,17,-56,16,-56,15,-57,16,-58,15,-58,15,-57,14,-56]"
618034468583200,16.017734800,90394,1869460920,-51,-98,6,0,1,7,0,0,256,0,0,"[0,0,-13,6,-13,6,-12,6,-11,6,-10,6,-10,6,-9,6,-8,6,-8,6,-8,6,-7,6,-7,6,-6,6,-6,6,-6,7,-6,6,-6,6,-5,7,-5,6,-5,6,-6,6,-5,5,-5,5,-5,5,-5,4,-5,4,0,0,0,0,0,0,0,0,0,0,0,0,0,0,0,0,0,0,0,0,0,0,-14,9,-15,8,-15,8,-15,7,-17,6,-17,6,-18,5,-18,5,-18,4,-17,3,-17,2,-17,2,-16,2,-16,2,-15,3,-15,4,-15,4,-15,4,-14,5,-14,6,-14,6,-14,6,-15,7,-14,6,-14,6,-14,7,0,0,-25,12,-24,13,-23,12,-20,11,-21,12,-19,12,-18,12,-17,12,-15,13,-14,13,-13,13,-11,13,-10,13,-10,13,-10,14,-11,12,-10,14,-10,13,-11,13,-10,12,-10,11,-9,11,-9,10,-8,10,-8,8,-9,8,-9,8,-9,7,0,0,0,0,0,0,0,0,0,0,0,0,0,0,-21,21,-25,19,-27,17,-28,15,-28,14,-29,12,-32,12,-32,11,-33,9,-34,8,-34,6,-33,7,-32,6,-32,6,-30,6,-29,7,-29,7,-28,6,-28,7,-28,7,-27,9,-27,10,-27,11,-27,11,-26,13,-26,13,-26,14,-26,13]"
618034486796800,16.035948400,90395,1869478788,-51,-98,6,0,1,7,0,0,256,0,0,"[0,0,14,-5,13,-6,12,-6,12,-6,11,-6,10,-6,9,-6,9,-6,8,-6,8,-6,8,-7,7,-7,6,-7,6,-7,6,-7,6,-7,5,-7,6,-7,6,-7,5,-7,5,-7,5,-6,5,-5,5,-5,5,-5,5,-4,0,0,0,0,0,0,0,0,0,0,0,0,0,0,0,0,0,0,0,0,0,0,15,-8,16,-7,16,-7,16,-6,18,-6,18,-4,18,-4,18,-3,19,-2,18,-2,18,-1,17,-1,17,-1,16,-1,16,-2,15,-3,15,-3,15,-4,15,-4,15,-5,14,-5,15,-5,15,-5,14,-5,14,-6,14,-6,0,0,21,-17,19,-18,19,-17,17,-16,17,-17,15,-16,14,-16,13,-16,11,-16,10,-16,9,-16,8,-16,7,-16,7,-16,6,-16,6,-16,5,-16,6,-16,6,-15,6,-15,5,-14,6,-13,6,-13,5,-13,6,-12,6,-11,6,-11,7,-10,0,0,0,0,0,0,0,0,0,0,0,0,0,0,17,-24,20,-23,21,-22,24,-21,24,-19,25,-19,27,-18,30,-18,31,-16,30,-14,31,-13,30,-13,30,-12,29,-12,28,-12,27,-12,26,-13,25,-12,25,-13,25,-14,24,-15,24,-16,23,-17,23,-17,23,-18,23,-18,22,-19,23,-19]"
618034506452900,16.055604500,90396,1869496628,-51,-98,6,0,1,7,0,0,256,0,0,"[0,0,-16,-1,-15,-1,-15,-1,-13,-1,-13,0,-12,0,-12,1,-11,1,-11,2,-10,2,-10,3,-9,2,-9,3,-9,3,-9,3,-9,3,-8,3,-9,4,-8,4,-8,4,-8,3,-7,2,-7,3,-7,2,-7,2,-7,2,0,0,0,0,0,0,0,0,0,0,0,0,0,0,0,0,0,0,0,0,0,0,-17,-1,-18,-2,-18,-2,-18,-3,-18,-4,-19,-5,-19,-6,-19,-7,-18,-7,-17,-7,-17,-8,-17,-8,-16,-7,-15,-7,-16,-6,-15,-5,-16,-5,-16,-4,-16,-4,-16,-3,-16,-3,-16,-3,-17,-2,-16,-2,-16,-2,-16,-2,0,0,-27,7,-25,7,-25,6,-23,7,-23,7,-21,7,-20,8,-19,8,-18,9,-16,9,-16,10,-15,10,-14,10,-14,11,-13,11,-13,11,-12,11,-13,11,-12,10,-12,10,-11,9,-12,9,-10,8,-11,8,-10,7,-11,6,-11,5,-11,4,0,0,0,0,0,0,0,0,0,0,0,0,0,0,-26,14,-28,12,-30,10,-31,8,-30,6,-32,5,-33,4,-35,3,-34,1,-34,0,-35,-2,-33,-1,-32,-2,-32,-2,-31,-2,-31,-1,-31,-1,-28,-1,-29,0,-29,2,-29,3,-29,3,-28,5,-30,5,-28,6,-28,6,-28,7,-29,7]"
618034525718400,16.074870000,90397,1869518259,-51,-98,6,0,1,7,0,0,256,0,0,"[0,0,-2,-15,-2,-15,-2,-14,-2,-14,-2,-14,-3,-13,-3,-12,-3,-12,-4,-11,-4,-10,-4,-10,-5,-10,-5,-9,-5,-9,-5,-8,-5,-8,-6,-8,-5,-8,-5,-8,-4,-7,-4,-7,-4,-8,-4,-7,-4,-7,-3,-7,-3,-7,0,0,0,0,0,0,0,0,0,0,0,0,0,0,0,0,0,0,0,0,0,0,-4,-18,-4,-18,-2,-19,-1,-19,-1,-19,0,-20,1,-19,2,-20,3,-19,3,-19,3,-18,3,-18,3,-18,2,-17,2,-17,1,-17,1,-17,0,-17,0,-17,-1,-17,-1,-17,-1,-17,-1,-17,-2,-17,-2,-17,-1,-16,0,0,-10,-27,-9,-26,-9,-26,-9,-23,-10,-23,-10,-21,-10,-20,-10,-19,-11,-18,-10,-17,-11,-16,-12,-15,-12,-15,-13,-14,-12,-13,-13,-13,-12,-12,-13,-12,-12,-12,-12,-12,-11,-11,-10,-12,-10,-11,-9,-11,-8,-11,-8,-11,-7,-10,-6,-11,0,0,0,0,0,0,0,0,0,0,0,0,0,0,-18,-26,-16,-28,-13,-29,-14,-31,-11,-31,-10,-33,-8,-32,-7,-35,-6,-34,-5,-35,-3,-35,-2,-34,-1,-33,-1,-33,-1,-32,-1,-31,-2,-32,-3,-29,-4,-31,-4,-29,-6,-30,-7,-29,-8,-29,-9,-30,-9,-28,-9,-29,-9,-29,-9,-30]"
618034545742800,16.094894400,90398,1869537363,-51,-98,6,0,1,7,0,0,256,0,0,"[0,0,-16,-2,-15,-2,-14,-2,-14,-1,-13,-1,-12,-1,-12,0,-11,0,-11,1,-11,1,-10,2,-10,2,-9,2,-9,3,-9,3,-9,3,-9,3,-9,3,-9,3,-8,2,-8,3,-7,2,-7,2,-7,2,-7,2,-7,1,0,0,0,0,0,0,0,0,0,0,0,0,0,0,0,0,0,0,0,0,0,0,-18,-1,-18,-3,-18,-4,-18,-4,-19,-5,-19,-7,-19,-7,-19,-8,-18,-9,-17,-9,-17,-8,-16,-8,-16,-8,-15,-8,-15,-7,-16,-6,-15,-6,-16,-6,-16,-5,-16,-4,-16,-4,-16,-4,-17,-3,-16,-2,-16,-2,-16,-2,0,0,-28,4,-27,4,-26,4,-25,4,-24,4,-22,5,-21,6,-20,6,-19,6,-18,7,-17,8,-17,9,-15,9,-14,9,-15,10,-14,10,-14,10,-14,9,-13,9,-13,9,-12,8,-13,8,-12,7,-12,7,-11,6,-11,5,-12,5,-11,4,0,0,0,0,0,0,0,0,0,0,0,0,0,0,-29,12,-30,8,-31,6,-31,5,-33,3,-32,2,-34,1,-35,-1,-35,-3,-36,-4,-34,-5,-35,-6,-33,-6,-32,-7,-31,-6,-31,-5,-30,-4,-30,-3,-29,-3,-30,-1,-29,0,-29,1,-30,1,-30,2,-30,2,-30,3,-29,4,-29,3]"
618034569931600,16.119083200,90399,1869562818,-51,-98,6,0,1,7,0,0,256,0,0,"[0,0,-10,11,-9,11,-9,11,-8,10,-8,10,-7,10,-6,10,-5,9,-5,9,-4,9,-4,8,-3,8,-3,8,-3,8,-2,8,-2,8,-2,8,-2,8,-2,8,-2,7,-2,7,-2,7,-2,6,-2,6,-2,6,-3,5,0,0,0,0,0,0,0,0,0,0,0,0,0,0,0,0,0,0,0,0,0,0,-9,14,-10,15,-10,14,-12,14,-12,14,-14,14,-14,13,-15,13,-15,12,-15,11,-15,11,-14,10,-14,10,-14,10,-14,10,-13,10,-13,10,-12,11,-12,11,-11,11,-11,12,-10,12,-11,12,-10,12,-10,13,-10,12,0,0,-24,50,-23,48,-21,46,-20,45,-18,42,-15,41,-14,40,-11,39,-9,37,-7,36,-6,34,-4,34,-2,34,-1,33,1,32,1,32,1,31,1,31,1,30,1,29,-1,27,-1,27,-1,25,-1,24,-2,23,-2,22,-4,21,-4,19,0,0,0,0,0,0,0,0,0,0,0,0,0,0,-10,60,-17,59,-22,58,-25,58,-28,58,-31,56,-35,58,-39,57,-41,55,-44,54,-47,51,-46,51,-45,48,-45,47,-43,45,-42,45,-40,45,-37,46,-36,45,-36,48,-33,47,-30,50,-28,50,-29,51,-28,53,-26,53,-26,52,-25,51]"
618034590338800,16.139490400,90400,1869580761,-50,-98,6,0,1,7,0,0,256,0,0,"[0,0,-14,-7,-14,-6,-13,-6,-12,-6,-12,-5,-12,-5,-11,-4,-11,-3,-11,-3,-10,-2,-10,-2,-10,-1,-10,-1,-9,-1,-9,0,-9,0,-9,0,-9,0,-9,0,-8,0,-8,0,-7,0,-7,0,-7,0,-7,-1,-6,-1,0,0,0,0,0,0,0,0,0,0,0,0,0,0,0,0,0,0,0,0,0,0,-16,-7,-16,-8,-16,-8,-16,-10,-16,-10,-16,-12,-15,-12,-15,-13,-14,-13,-14,-13,-13,-13,-13,-13,-13,-12,-13,-12,-13,-11,-13,-11,-13,-10,-13,-10,-14,-10,-14,-9,-14,-9,-14,-8,-15,-8,-15,-8,-15,-7,-14,-7,0,0,-40,-36,-41,-38,-37,-35,-40,-33,-36,-29,-35,-26,-33,-22,-35,-24,-34,-18,-33,-18,-33,-14,-29,-14,-31,-12,-31,-10,-33,-8,-31,-5,-30,-10,-29,-7,-29,-7,-27,-6,-28,-5,-25,-8,-23,-8,-22,-8,-22,-5,-20,-7,-21,-8,-19,-9,0,0,0,0,0,0,0,0,0,0,0,0,0,0,-51,-34,-50,-42,-46,-44,-44,-47,-47,-50,-42,-50,-42,-56,-38,-59,-39,-61,-38,-66,-34,-62,-31,-66,-28,-62,-28,-60,-26,-58,-25,-54,-28,-52,-33,-52,-32,-48,-33,-50,-34,-47,-39,-45,-39,-44,-41,-44,-43,-45,-41,-45,-41,-44,-39,-43]"
618034605232500,16.154384100,90401,1869599569,-51,-98,6,0,1,7,0,0,256,0,0,"[0,0,-2,15,-1,14,-1,13,-1,13,-1,12,0,11,0,11,1,10,1,10,1,10,2,9,2,8,2,8,3,8,3,8,3,7,3,7,3,7,3,7,3,7,2,6,2,6,2,6,2,5,2,5,2,5,0,0,0,0,0,0,0,0,0,0,0,0,0,0,0,0,0,0,0,0,0,0,-1,17,-1,17,-2,18,-3,17,-4,19,-5,18,-6,18,-7,18,-7,18,-8,18,-8,17,-8,16,-7,16,-7,15,-6,15,-6,15,-5,15,-5,16,-4,15,-3,16,-3,15,-2,16,-3,16,-2,16,-2,16,-2,15,0,0,-4,26,-3,26,-3,25,-3,23,-2,23,-1,22,0,20,0,20,2,18,2,18,3,17,3,16,4,15,4,15,5,15,5,14,5,13,6,14,5,13,4,12,4,12,4,11,4,10,3,10,3,10,3,10,2,10,2,10,0,0,0,0,0,0,0,0,0,0,0,0,0,0,3,30,0,31,-2,31,-4,31,-5,32,-6,33,-9,33,-11,34,-11,33,-14,33,-14,32,-15,31,-16,31,-15,29,-14,28,-13,27,-12,27,-11,27,-10,28,-10,28,-8,28,-7,29,-7,28,-6,29,-6,29,-5,29,-5,28,-5,28]"
618034622137200,16.171288800,90402,1869616625,-51,-98,6,0,1,7,0,0,256,0,0,"[0,0,7,12,8,11,7,11,7,10,7,10,7,9,7,8,7,8,7,7,7,6,7,5,7,5,7,4,7,4,7,4,7,3,7,3,7,3,6,3,6,3,6,3,6,3,5,3,5,2,5,2,4,3,0,0,0,0,0,0,0,0,0,0,0,0,0,0,0,0,0,0,0,0,0,0,10,14,9,15,9,15,8,16,8,17,7,18,6,18,5,18,5,18,4,18,4,18,4,17,4,17,4,16,4,16,5,15,5,15,6,14,6,15,7,14,7,14,7,14,8,14,8,14,8,13,8,13,0,0,15,22,16,20,16,20,14,18,15,18,14,15,14,16,14,13,13,12,13,11,14,9,14,8,14,8,14,7,13,6,14,6,13,5,13,5,12,5,11,5,11,5,11,5,10,4,10,4,9,4,9,4,8,4,8,5,0,0,0,0,0,0,0,0,0,0,0,0,0,0,23,19,22,23,20,24,19,26,18,26,17,28,16,29,15,32,14,32,12,33,11,33,9,32,9,32,9,31,9,30,9,29,10,29,10,27,12,27,12,26,13,26,14,25,15,25,16,25,15,24,17,24,17,24,17,24]"
618034648871200,16.198022800,90403,1869642251,-51,-98,6,0,1,7,0,0,256,0,0,"[0,0,-13,8,-12,8,-12,8,-11,7,-10,7,-10,7,-9,7,-8,7,-8,7,-7,7,-6,7,-5,7,-5,7,-5,7,-5,7,-4,7,-4,6,-4,6,-4,6,-4,6,-4,6,-4,5,-3,5,-3,5,-3,4,-3,4,0,0,0,0,0,0,0,0,0,0,0,0,0,0,0,0,0,0,0,0,0,0,-13,12,-14,11,-15,11,-15,10,-17,10,-17,9,-18,8,-19,7,-19,7,-18,6,-18,6,-17,6,-17,6,-17,6,-16,6,-16,6,-15,6,-15,7,-15,7,-15,8,-15,8,-14,8,-14,9,-13,9,-13,9,-13,9,0,0,-24,13,-23,13,-23,12,-20,11,-20,11,-18,12,-17,11,-16,11,-15,12,-13,11,-12,12,-12,11,-10,12,-10,12,-9,12,-9,12,-8,12,-8,11,-7,10,-7,11,-7,10,-7,9,-7,9,-6,8,-6,8,-6,7,-6,7,-7,6,0,0,0,0,0,0,0,0,0,0,0,0,0,0,-23,21,-25,19,-27,17,-28,16,-29,15,-30,14,-31,13,-34,12,-34,11,-35,9,-35,8,-34,6,-34,6,-33,4,-31,5,-31,6,-30,7,-29,8,-29,8,-28,9,-28,10,-27,12,-27,12,-27,13,-27,12,-26,13,-26,13,-26,12]"
618034674258300,16.223409900,90404,1869665179,-51,-98,6,0,1,7,0,0,256,0,0,"[0,0,0,-16,0,-15,-1,-14,0,-14,-1,-13,-1,-12,-2,-12,-2,-11,-2,-11,-3,-10,-3,-10,-4,-9,-4,-9,-4,-8,-4,-8,-4,-8,-4,-8,-4,-7,-4,-7,-4,-7,-4,-7,-3,-6,-3,-6,-3,-6,-3,-5,-3,-5,0,0,0,0,0,0,0,0,0,0,0,0,0,0,0,0,0,0,0,0,0,0,-3,-18,-2,-19,-1,-19,0,-19,1,-20,2,-20,3,-20,4,-20,5,-20,5,-19,5,-18,5,-18,5,-18,4,-17,4,-17,3,-17,3,-16,2,-17,1,-17,1,-17,1,-17,1,-17,0,-17,0,-17,0,-17,0,-17,0,0,-1,-27,-2,-27,-2,-26,-2,-24,-2,-23,-4,-22,-4,-20,-5,-20,-5,-18,-5,-17,-6,-17,-7,-15,-7,-15,-8,-14,-7,-14,-8,-13,-8,-13,-8,-13,-8,-12,-7,-11,-7,-10,-7,-10,-6,-10,-6,-9,-6,-9,-6,-9,-5,-8,-4,-9,0,0,0,0,0,0,0,0,0,0,0,0,0,0,-10,-31,-6,-32,-4,-32,-3,-32,-2,-35,0,-34,1,-35,3,-36,4,-36,6,-36,7,-34,9,-35,10,-33,9,-32,10,-31,8,-30,7,-30,5,-30,5,-29,4,-30,2,-30,0,-30,0,-30,-1,-30,0,-30,0,-30,-1,-29,0,-30]"
618034687652700,16.236804300,90405,1869676532,-52,-98,6,0,1,7,0,0,256,0,0,"[0,0,-1,-15,-1,-15,-1,-14,-1,-14,-1,-13,-2,-12,-2,-11,-3,-11,-3,-10,-3,-10,-3,-9,-4,-9,-4,-8,-4,-8,-5,-8,-4,-7,-5,-7,-5,-7,-5,-6,-4,-6,-5,-6,-4,-6,-4,-6,-3,-5,-4,-5,-3,-5,0,0,0,0,0,0,0,0,0,0,0,0,0,0,0,0,0,0,0,0,0,0,-2,-18,-1,-18,0,-18,0,-18,2,-19,3,-20,3,-19,4,-19,4,-19,5,-18,6,-18,6,-17,5,-17,5,-17,4,-17,3,-16,3,-16,2,-16,2,-16,1,-16,1,-16,0,-17,0,-17,0,-16,0,-16,0,-16,0,0,-1,-27,-2,-27,-2,-26,-2,-24,-2,-23,-3,-21,-4,-20,-4,-20,-5,-18,-5,-17,-6,-16,-6,-16,-7,-14,-8,-14,-8,-14,-8,-13,-8,-12,-8,-12,-8,-12,-7,-11,-7,-11,-7,-10,-6,-9,-6,-9,-6,-9,-6,-9,-6,-8,-5,-9,0,0,0,0,0,0,0,0,0,0,0,0,0,0,-8,-31,-5,-32,-3,-33,-1,-33,-1,-34,1,-34,3,-35,6,-36,6,-35,8,-35,9,-34,10,-34,11,-32,11,-32,10,-30,9,-30,7,-30,6,-30,5,-30,5,-30,4,-29,2,-29,2,-30,0,-30,1,-30,0,-30,0,-30,1,-30]"
618034707517600,16.256669200,90406,1869697628,-52,-98,6,0,1,7,0,0,256,0,0,"[0,0,-14,-6,-14,-6,-13,-6,-13,-5,-12,-5,-12,-4,-11,-3,-11,-3,-10,-2,-10,-2,-10,-2,-9,-1,-9,-1,-9,0,-9,0,-8,0,-8,1,-8,1,-8,1,-7,1,-7,0,-7,0,-7,0,-7,0,-6,0,-6,0,0,0,0,0,0,0,0,0,0,0,0,0,0,0,0,0,0,0,0,0,0,0,-17,-6,-17,-7,-17,-8,-17,-9,-17,-10,-17,-11,-17,-11,-17,-12,-16,-13,-15,-13,-14,-13,-14,-13,-13,-12,-13,-12,-14,-11,-14,-11,-14,-10,-14,-10,-14,-9,-15,-8,-15,-8,-15,-8,-15,-8,-15,-8,-15,-7,-15,-7,0,0,-24,-12,-24,-12,-23,-11,-22,-11,-21,-10,-21,-8,-19,-7,-19,-6,-18,-4,-18,-4,-17,-3,-17,-2,-16,-2,-15,-1,-16,0,-15,0,-15,0,-14,0,-14,1,-14,0,-13,0,-12,0,-12,0,-11,0,-10,0,-10,0,-10,-1,-10,-1,0,0,0,0,0,0,0,0,0,0,0,0,0,0,-31,-7,-31,-11,-30,-13,-29,-14,-30,-16,-29,-17,-30,-19,-29,-21,-29,-22,-28,-24,-27,-24,-26,-25,-24,-25,-24,-24,-23,-23,-22,-22,-22,-21,-24,-20,-23,-19,-24,-19,-24,-18,-25,-16,-25,-16,-26,-15,-27,-15,-26,-15,-26,-14,-26,-14]"
618034723166000,16.272317600,90407,1869717169,-52,-98,6,0,1,7,0,0,256,0,0,"[0,0,15,2,14,1,13,1,13,1,12,0,12,0,11,-1,10,-1,9,-2,9,-2,9,-2,8,-3,8,-3,8,-3,7,-4,7,-4,7,-4,6,-4,6,-4,6,-4,6,-4,5,-3,5,-3,5,-3,5,-3,4,-3,0,0,0,0,0,0,0,0,0,0,0,0,0,0,0,0,0,0,0,0,0,0,17,0,18,1,18,2,18,3,19,4,19,5,19,6,18,7,18,7,17,8,17,8,16,8,16,7,15,7,15,6,15,5,15,5,16,4,15,4,15,3,16,3,16,2,16,2,16,2,15,2,15,2,0,0,27,3,26,2,25,1,23,0,22,0,21,-1,20,-2,19,-2,18,-4,17,-4,16,-5,15,-6,14,-6,13,-7,13,-7,13,-7,12,-7,12,-7,11,-7,11,-7,11,-6,10,-6,10,-6,9,-6,9,-6,8,-5,9,-4,9,-4,0,0,0,0,0,0,0,0,0,0,0,0,0,0,32,-6,32,-3,32,-1,33,1,33,3,34,4,34,6,35,8,34,10,33,13,33,13,32,13,32,13,30,12,30,12,29,11,29,11,28,8,28,8,29,8,29,6,28,5,28,5,30,4,29,3,29,2,29,2,29,2]"
618034745897000,16.295048600,90408,1869738352,-52,-98,6,0,1,7,0,0,256,0,0,"[0,0,-15,-6,-14,-6,-13,-5,-13,-5,-12,-4,-12,-4,-11,-3,-11,-3,-10,-2,-10,-2,-10,-1,-9,0,-9,0,-9,0,-9,1,-8,1,-8,1,-8,1,-8,1,-8,1,-7,1,-7,1,-7,1,-6,1,-6,0,-6,0,0,0,0,0,0,0,0,0,0,0,0,0,0,0,0,0,0,0,0,0,0,0,-18,-5,-18,-6,-18,-7,-18,-8,-18,-9,-18,-10,-17,-11,-17,-12,-16,-12,-16,-12,-16,-12,-15,-12,-15,-11,-14,-11,-14,-10,-15,-10,-15,-9,-15,-9,-15,-8,-15,-8,-15,-8,-15,-7,-16,-7,-16,-6,-16,-6,-15,-6,0,0,-26,-9,-26,-9,-25,-8,-23,-7,-22,-6,-21,-6,-20,-5,-19,-4,-19,-3,-18,-1,-17,0,-17,1,-16,2,-16,2,-15,2,-15,3,-14,3,-14,3,-13,2,-13,2,-12,2,-12,2,-11,2,-11,3,-10,2,-10,1,-10,2,-10,1,0,0,0,0,0,0,0,0,0,0,0,0,0,0,-32,-3,-33,-6,-32,-8,-32,-11,-31,-12,-31,-14,-32,-15,-33,-18,-31,-20,-30,-21,-29,-22,-29,-21,-29,-21,-27,-20,-27,-19,-26,-18,-26,-18,-25,-17,-26,-16,-26,-15,-27,-14,-27,-14,-27,-13,-28,-13,-28,-11,-29,-10,-28,-9,-28,-10]"
618034763784100,16.312935700,90409,1869756584,-52,-98,6,0,1,7,0,0,256,0,0,"[0,0,14,-3,13,-3,13,-3,12,-3,12,-3,11,-3,10,-3,9,-4,9,-4,8,-4,8,-4,7,-5,7,-5,6,-5,6,-5,6,-5,5,-5,5,-5,5,-5,5,-5,5,-5,5,-4,4,-4,4,-4,4,-4,4,-4,0,0,0,0,0,0,0,0,0,0,0,0,0,0,0,0,0,0,0,0,0,0,16,-6,17,-5,17,-4,18,-3,18,-2,19,-1,19,0,19,1,19,1,18,1,18,1,17,1,17,1,17,1,16,1,15,0,16,0,16,0,16,-1,16,-1,15,-2,16,-2,16,-3,15,-3,15,-3,15,-3,0,0,26,-1,26,-3,24,-3,23,-3,21,-2,21,-3,20,-4,18,-4,17,-5,16,-7,15,-7,14,-8,14,-8,13,-8,13,-9,12,-9,12,-8,11,-8,11,-8,10,-8,10,-7,9,-7,10,-7,8,-7,8,-6,8,-6,8,-5,8,-5,0,0,0,0,0,0,0,0,0,0,0,0,0,0,30,-12,31,-8,31,-6,32,-4,34,-3,33,-1,35,1,35,3,36,5,36,7,34,7,35,9,33,8,32,8,31,7,30,6,29,6,30,4,29,3,30,4,29,3,29,1,29,1,29,0,30,-1,29,-2,29,-2,28,-2]"
618034783096000,16.332247600,90410,1869776941,-52,-98,6,0,1,7,0,0,256,0,0,"[0,0,13,5,13,4,12,4,12,3,11,3,11,2,10,2,10,1,9,1,9,0,9,0,8,-1,8,-1,8,-2,7,-2,7,-2,7,-2,7,-2,6,-2,6,-2,6,-2,5,-2,5,-2,5,-2,5,-2,5,-1,0,0,0,0,0,0,0,0,0,0,0,0,0,0,0,0,0,0,0,0,0,0,16,4,16,5,17,6,16,7,17,8,17,9,16,10,16,10,16,11,15,11,14,11,14,11,13,10,13,10,13,9,14,8,13,8,14,7,14,7,14,6,14,6,15,5,15,6,15,5,14,5,14,5,0,0,25,9,24,7,23,6,22,6,22,5,20,4,19,3,18,2,17,1,17,0,17,-1,15,-2,14,-2,14,-3,14,-3,13,-4,12,-4,13,-4,12,-4,11,-4,11,-3,11,-3,10,-4,10,-3,9,-3,8,-3,10,-3,9,-2,0,0,0,0,0,0,0,0,0,0,0,0,0,0,31,1,30,3,31,6,30,9,30,11,30,11,31,14,31,15,31,17,29,20,29,19,28,20,27,19,26,19,25,19,25,17,24,16,25,15,25,14,26,14,26,13,26,11,26,12,27,10,27,10,28,9,27,8,26,9]"
618034806684100,16.355835700,90411,1869802028,-52,-98,6,0,1,7,0,0,256,0,0,"[0,0,14,-5,13,-5,12,-5,11,-5,11,-5,10,-6,9,-6,9,-6,8,-6,7,-6,7,-6,6,-6,6,-6,5,-6,5,-7,4,-6,4,-7,4,-6,4,-6,4,-6,3,-6,3,-6,3,-5,3,-5,3,-5,3,-5,0,0,0,0,0,0,0,0,0,0,0,0,0,0,0,0,0,0,0,0,0,0,15,-8,16,-8,17,-7,17,-6,18,-6,19,-5,19,-3,20,-3,19,-2,19,-2,18,-1,18,-1,18,-1,17,-2,17,-2,16,-3,16,-3,16,-4,16,-4,15,-5,15,-5,15,-5,16,-6,15,-6,15,-6,15,-6,0,0,25,-9,25,-10,23,-9,21,-10,20,-9,19,-9,17,-10,16,-10,15,-10,14,-11,13,-11,12,-10,11,-11,10,-11,10,-12,9,-11,8,-11,8,-11,7,-11,7,-10,7,-10,6,-9,6,-9,6,-8,6,-8,6,-8,6,-9,6,-7,0,0,0,0,0,0,0,0,0,0,0,0,0,0,26,-19,28,-17,29,-14,30,-13,32,-13,31,-11,34,-10,35,-8,35,-7,36,-5,35,-4,36,-2,34,-1,33,-1,32,-1,30,-2,30,-3,30,-5,29,-4,29,-5,28,-7,28,-9,28,-8,28,-10,29,-9,28,-9,27,-10,27,-10]"
618034826828100,16.375979700,90412,1869819966,-52,-98,6,0,1,7,0,0,256,0,0,"[0,0,2,14,2,13,2,12,2,12,2,11,3,10,3,10,3,9,3,9,4,8,4,8,4,7,4,7,5,6,5,6,5,5,5,5,5,5,4,5,4,5,4,4,4,4,3,4,3,4,3,4,3,4,0,0,0,0,0,0,0,0,0,0,0,0,0,0,0,0,0,0,0,0,0,0,4,16,4,17,3,17,2,18,1,18,0,19,-1,19,-1,19,-2,19,-3,18,-3,18,-2,17,-2,17,-2,17,-2,16,-1,16,-1,16,0,16,0,15,1,15,1,16,1,16,2,16,2,15,3,15,2,15,0,0,5,27,5,26,5,24,5,23,5,21,6,20,6,19,6,18,7,16,8,15,8,14,8,13,8,12,9,11,9,11,9,11,9,10,9,10,9,9,9,9,7,9,7,8,7,7,6,7,7,7,6,7,6,7,6,7,0,0,0,0,0,0,0,0,0,0,0,0,0,0,13,29,9,31,8,31,5,32,5,33,3,33,2,36,0,36,-2,36,-4,36,-5,35,-6,35,-5,34,-6,33,-5,31,-4,30,-3,31,-2,30,-2,30,-1,30,1,30,2,29,2,30,3,30,4,29,4,29,5,28,5,29]"
618034850653400,16.399805000,90413,1869842217,-52,-98,6,0,1,7,0,0,256,0,0,"[0,0,-14,-7,-14,-6,-13,-6,-12,-6,-12,-5,-12,-4,-11,-4,-11,-3,-10,-3,-10,-2,-10,-2,-9,-1,-9,-1,-9,0,-9,0,-8,0,-8,1,-8,0,-8,1,-7,1,-7,0,-7,0,-7,0,-6,0,-6,0,-6,0,0,0,0,0,0,0,0,0,0,0,0,0,0,0,0,0,0,0,0,0,0,0,-17,-7,-17,-8,-17,-9,-17,-10,-17,-11,-17,-12,-16,-13,-15,-14,-15,-14,-14,-14,-14,-14,-14,-13,-13,-13,-13,-12,-13,-12,-14,-11,-14,-11,-14,-10,-14,-10,-14,-9,-14,-9,-15,-8,-15,-8,-15,-8,-15,-8,-15,-8,0,0,-25,-11,-24,-12,-25,-11,-22,-9,-22,-8,-20,-7,-20,-6,-19,-6,-18,-4,-18,-2,-17,-2,-17,0,-16,0,-16,1,-15,1,-15,1,-14,2,-15,2,-14,1,-13,2,-12,2,-12,1,-11,2,-11,2,-10,2,-10,1,-10,0,-10,0,0,0,0,0,0,0,0,0,0,0,0,0,0,0,-31,-8,-31,-11,-31,-13,-31,-16,-30,-17,-30,-19,-29,-21,-30,-23,-28,-24,-28,-25,-26,-25,-26,-25,-25,-25,-24,-24,-23,-23,-23,-22,-24,-22,-23,-19,-24,-20,-24,-18,-26,-18,-26,-17,-26,-16,-27,-16,-26,-14,-27,-13,-27,-13,-27,-13]"
618034866602700,16.415754300,90414,1869858640,-52,-98,6,0,1,7,0,0,256,0,0,"[0,0,-12,9,-12,8,-11,8,-11,8,-10,8,-9,7,-8,8,-8,8,-7,7,-6,7,-6,7,-5,7,-5,7,-5,7,-4,7,-4,7,-4,7,-3,6,-4,6,-3,6,-3,6,-3,5,-3,5,-3,5,-3,5,-3,4,0,0,0,0,0,0,0,0,0,0,0,0,0,0,0,0,0,0,0,0,0,0,-13,12,-14,12,-15,12,-15,11,-17,10,-18,10,-18,9,-19,8,-19,8,-19,7,-18,6,-18,6,-17,6,-17,6,-16,6,-16,7,-15,7,-15,8,-15,8,-14,8,-14,9,-14,9,-14,9,-14,9,-13,9,-13,9,0,0,-21,17,-21,17,-20,15,-19,15,-17,15,-15,15,-14,15,-14,15,-12,13,-11,14,-10,14,-8,14,-7,13,-7,13,-7,14,-5,13,-6,13,-5,12,-4,13,-5,12,-5,11,-4,11,-4,11,-4,9,-4,9,-4,9,-5,9,-5,8,0,0,0,0,0,0,0,0,0,0,0,0,0,0,-19,26,-23,23,-24,21,-25,21,-27,21,-27,20,-31,19,-32,17,-32,17,-33,15,-33,14,-35,13,-34,11,-32,10,-30,9,-29,10,-28,11,-28,13,-27,14,-28,14,-26,14,-25,16,-25,16,-24,18,-25,18,-25,17,-24,18,-23,17]"
618034885004800,16.434156400,90415,1869877373,-52,-98,6,0,1,7,0,0,256,0,0,"[0,0,-8,13,-7,12,-7,12,-6,11,-6,11,-5,10,-4,10,-4,10,-3,9,-3,9,-2,9,-1,9,-1,9,-1,8,0,8,0,8,0,7,0,7,0,7,0,7,0,7,0,6,-1,6,0,6,0,5,0,5,0,0,0,0,0,0,0,0,0,0,0,0,0,0,0,0,0,0,0,0,0,0,-6,16,-7,17,-8,16,-9,16,-10,16,-11,16,-12,15,-13,15,-13,15,-13,14,-13,14,-13,13,-12,13,-12,13,-12,12,-11,12,-11,13,-10,13,-10,13,-9,13,-9,13,-9,14,-8,14,-8,14,-8,14,-7,14,0,0,-14,24,-14,22,-13,21,-12,21,-11,20,-9,19,-8,18,-7,18,-6,17,-5,17,-5,16,-3,16,-3,15,-2,15,-1,15,-1,14,-1,14,0,14,0,13,0,13,-1,12,0,12,-1,11,-1,10,-1,10,-1,9,-2,9,-1,9,0,0,0,0,0,0,0,0,0,0,0,0,0,0,-9,31,-12,30,-13,29,-16,28,-18,29,-19,27,-22,28,-23,28,-24,27,-26,26,-26,24,-27,24,-27,23,-26,22,-25,21,-23,21,-22,21,-22,21,-21,21,-21,22,-19,23,-18,24,-17,24,-17,25,-17,25,-16,25,-15,25,-15,24]"
618034904474000,16.453625600,90416,1869897857,-52,-98,6,0,1,7,0,0,256,0,0,"[0,0,14,1,14,1,13,0,13,0,12,0,11,0,11,-1,10,-1,9,-2,9,-2,9,-3,8,-3,8,-3,8,-4,7,-4,7,-4,6,-4,7,-4,6,-4,6,-3,6,-3,6,-3,5,-3,5,-3,5,-3,5,-3,0,0,0,0,0,0,0,0,0,0,0,0,0,0,0,0,0,0,0,0,0,0,17,-2,17,-1,18,0,18,1,18,2,19,3,18,4,18,5,18,6,17,6,17,6,16,6,16,5,15,5,15,5,15,4,15,4,15,3,15,3,15,2,15,2,16,2,16,1,16,1,15,1,15,1,0,0,26,4,26,2,24,3,24,3,22,1,20,1,20,1,19,-1,18,-2,17,-3,16,-4,16,-4,14,-5,14,-5,14,-6,13,-6,13,-6,12,-5,12,-6,11,-5,11,-5,11,-5,11,-4,10,-5,9,-4,9,-4,10,-3,9,-2,0,0,0,0,0,0,0,0,0,0,0,0,0,0,31,-5,31,-2,31,1,31,3,33,4,32,5,33,9,33,10,33,11,32,14,31,14,32,15,30,14,29,14,27,13,27,13,27,12,28,10,27,9,28,9,27,8,27,7,28,7,29,6,29,5,29,5,28,4,28,4]"
618034923903400,16.473055000,90417,1869917532,-51,-98,6,0,1,7,0,0,256,0,0,"[0,0,14,6,13,5,12,4,12,4,11,4,11,3,11,2,10,2,9,1,9,1,9,0,9,0,8,-1,8,-1,8,-1,8,-1,7,-2,7,-2,7,-2,7,-1,7,-1,6,-1,6,-1,5,-1,5,-1,5,-1,0,0,0,0,0,0,0,0,0,0,0,0,0,0,0,0,0,0,0,0,0,0,16,4,17,6,16,6,16,7,16,8,16,10,16,10,16,11,15,11,14,12,14,11,13,11,13,11,13,10,13,10,13,9,13,9,13,8,14,8,14,7,14,7,14,7,14,7,14,6,15,6,14,6,0,0,24,12,24,11,22,10,22,10,20,9,20,7,19,7,18,5,17,4,17,3,16,2,16,1,16,0,15,0,15,-1,15,-1,15,-2,13,-2,13,-1,13,-1,12,-1,12,-1,12,-1,11,-1,10,-1,9,-1,10,0,9,1,0,0,0,0,0,0,0,0,0,0,0,0,0,0,31,6,30,9,30,11,29,13,29,15,28,15,29,19,28,20,28,22,28,23,26,24,25,25,23,24,24,23,22,22,23,21,22,20,23,19,22,18,24,18,23,16,24,15,25,15,26,15,27,14,26,13,26,13,26,12]"
618034946073200,16.495224800,90418,1869944456,-51,-98,6,0,1,7,0,0,256,0,0,"[0,0,-15,5,-14,5,-13,5,-13,5,-12,5,-11,5,-10,5,-10,5,-9,5,-8,5,-8,5,-7,5,-7,6,-6,6,-6,6,-6,6,-5,6,-5,6,-5,6,-5,5,-5,5,-5,5,-5,5,-4,4,-4,4,-4,4,0,0,0,0,0,0,0,0,0,0,0,0,0,0,0,0,0,0,0,0,0,0,-16,7,-17,7,-17,6,-18,5,-19,4,-20,3,-19,3,-20,2,-20,1,-20,1,-19,0,-18,1,-18,0,-18,1,-17,1,-17,2,-17,2,-16,3,-16,3,-16,4,-16,4,-16,5,-16,5,-16,5,-15,5,-15,5,0,0,-28,8,-26,8,-25,8,-23,8,-22,8,-21,8,-19,8,-18,9,-17,9,-16,9,-14,10,-14,10,-13,10,-12,11,-11,11,-11,11,-10,11,-10,11,-9,10,-9,10,-9,9,-9,9,-9,8,-8,8,-8,7,-8,7,-8,6,-8,6,0,0,0,0,0,0,0,0,0,0,0,0,0,0,-27,16,-29,13,-31,11,-32,10,-31,9,-33,8,-34,6,-36,5,-36,4,-37,1,-36,1,-36,-1,-35,-1,-34,-2,-32,-1,-32,0,-32,1,-30,2,-31,3,-30,4,-30,4,-29,6,-30,6,-30,7,-29,8,-29,7,-28,8,-29,8]"
618034968912200,16.518063800,90419,1869963646,-51,-98,6,0,1,7,0,0,256,0,0,"[0,0,15,-1,14,-1,13,-1,12,-1,12,-2,11,-2,11,-2,10,-3,10,-3,9,-4,8,-4,8,-4,8,-5,7,-5,7,-5,7,-5,6,-5,6,-5,6,-4,6,-4,6,-4,6,-4,5,-4,5,-4,5,-3,5,-3,0,0,0,0,0,0,0,0,0,0,0,0,0,0,0,0,0,0,0,0,0,0,17,-4,17,-3,17,-2,18,-1,18,0,19,1,19,2,19,3,19,4,18,3,17,3,17,3,17,3,17,3,16,3,15,2,16,2,15,1,16,1,16,0,15,0,16,0,15,-1,16,-1,15,-2,16,-2,0,0,26,2,26,1,24,1,23,1,22,0,21,-1,20,-2,19,-3,18,-3,17,-4,17,-4,15,-5,15,-6,14,-6,14,-6,13,-7,13,-7,12,-7,12,-7,11,-6,11,-6,11,-5,10,-5,10,-5,9,-5,9,-4,9,-4,9,-3,0,0,0,0,0,0,0,0,0,0,0,0,0,0,30,-7,31,-4,31,-1,31,0,32,2,31,3,33,5,34,7,33,9,34,10,32,11,32,11,31,12,30,12,28,11,27,10,27,9,27,8,27,8,28,7,27,5,28,5,28,4,28,3,29,3,29,2,28,2,28,1]"
618034987471800,16.536623400,90420,1869978776,-51,-98,6,0,1,7,0,0,256,0,0,"[0,0,-5,-14,-5,-14,-5,-13,-5,-13,-5,-12,-5,-11,-6,-10,-5,-10,-6,-9,-6,-9,-6,-8,-6,-7,-6,-7,-7,-7,-7,-6,-7,-6,-7,-6,-6,-6,-6,-6,-6,-5,-6,-5,-5,-5,-5,-5,-5,-5,-5,-5,-5,-5,0,0,0,0,0,0,0,0,0,0,0,0,0,0,0,0,0,0,0,0,0,0,-7,-16,-7,-17,-6,-17,-5,-18,-4,-18,-3,-19,-3,-19,-2,-20,-1,-20,-1,-19,0,-19,0,-18,-1,-18,-1,-17,-1,-17,-2,-16,-2,-16,-3,-16,-3,-16,-4,-16,-4,-16,-4,-16,-5,-16,-5,-16,-5,-15,-5,-15,0,0,-7,-26,-7,-27,-7,-25,-7,-23,-8,-22,-8,-21,-8,-20,-9,-18,-8,-17,-9,-17,-10,-15,-11,-14,-10,-13,-11,-13,-11,-13,-11,-12,-11,-11,-11,-11,-11,-11,-10,-11,-10,-10,-9,-10,-9,-9,-8,-9,-8,-9,-7,-9,-7,-9,-7,-9,0,0,0,0,0,0,0,0,0,0,0,0,0,0,-16,-28,-13,-31,-11,-31,-9,-31,-8,-33,-6,-34,-5,-36,-3,-36,-2,-36,0,-37,1,-36,2,-36,3,-35,3,-34,2,-33,1,-32,0,-31,-1,-30,-1,-31,-2,-30,-3,-31,-5,-30,-5,-30,-6,-30,-6,-30,-7,-30,-7,-29,-7,-30]"
618035006016600,16.555168200,90421,1869998864,-51,-98,6,0,1,7,0,0,256,0,0,"[0,0,-15,-6,-15,-5,-14,-5,-13,-4,-13,-4,-12,-3,-12,-3,-11,-2,-11,-1,-10,-1,-10,-1,-10,0,-10,0,-9,1,-9,1,-9,1,-9,1,-9,1,-8,1,-8,1,-8,1,-7,1,-7,1,-7,1,-7,0,-6,0,0,0,0,0,0,0,0,0,0,0,0,0,0,0,0,0,0,0,0,0,0,0,-18,-5,-18,-6,-18,-7,-18,-8,-18,-9,-18,-10,-18,-10,-17,-11,-17,-12,-16,-12,-15,-12,-15,-12,-14,-12,-14,-11,-15,-11,-14,-9,-15,-9,-15,-9,-15,-8,-15,-7,-16,-7,-16,-7,-16,-7,-16,-7,-16,-6,-15,-6,0,0,-27,-9,-27,-9,-26,-8,-24,-7,-24,-7,-23,-5,-22,-4,-21,-4,-20,-2,-19,-1,-19,-1,-18,0,-18,1,-17,1,-17,2,-16,3,-16,3,-16,2,-15,3,-15,2,-14,2,-14,2,-13,2,-13,1,-12,1,-11,1,-11,0,-11,0,0,0,0,0,0,0,0,0,0,0,0,0,0,0,-32,-2,-32,-6,-33,-9,-33,-10,-33,-12,-33,-13,-33,-15,-34,-18,-33,-18,-32,-20,-32,-20,-30,-22,-28,-22,-27,-22,-27,-21,-26,-20,-27,-19,-27,-17,-27,-16,-28,-15,-28,-15,-28,-13,-29,-13,-30,-11,-29,-12,-29,-12,-29,-11,-29,-10]"
618035026029700,16.575181300,90422,1870024410,-51,-98,6,0,1,7,0,0,256,0,0,"[0,0,14,4,13,3,13,3,13,3,12,2,11,2,11,1,10,1,10,0,9,-1,9,-1,9,-2,8,-2,8,-2,8,-3,8,-3,7,-3,7,-3,7,-3,7,-2,7,-2,6,-2,6,-2,6,-2,6,-2,5,-2,0,0,0,0,0,0,0,0,0,0,0,0,0,0,0,0,0,0,0,0,0,0,17,3,17,4,17,5,17,6,17,7,17,8,17,9,16,10,16,10,15,10,15,10,14,9,14,9,14,9,14,8,14,7,14,7,14,7,14,6,14,6,14,5,15,5,15,5,15,4,15,4,15,4,0,0,26,5,26,3,24,3,24,3,22,2,21,1,20,1,19,0,18,-1,18,-2,17,-3,16,-4,15,-4,15,-5,15,-5,14,-6,14,-6,13,-6,13,-6,12,-5,12,-5,12,-5,11,-5,10,-4,10,-4,9,-3,10,-3,10,-2,0,0,0,0,0,0,0,0,0,0,0,0,0,0,31,-3,31,1,31,3,31,5,33,6,31,7,33,10,33,12,32,13,32,16,31,15,31,17,29,16,28,16,27,15,26,14,25,14,27,11,27,11,27,10,27,9,27,8,28,8,28,7,29,6,28,6,28,6,28,5]"
618035046028500,16.595180100,90423,1870037636,-51,-98,6,0,1,7,0,0,256,0,0,"[0,0,-13,6,-13,6,-12,6,-11,6,-11,6,-10,5,-9,6,-9,6,-8,6,-7,6,-7,6,-6,6,-6,6,-6,6,-5,6,-5,6,-5,6,-5,6,-5,6,-5,5,-4,5,-4,5,-4,5,-4,5,-4,4,-4,4,0,0,0,0,0,0,0,0,0,0,0,0,0,0,0,0,0,0,0,0,0,0,-14,9,-15,9,-16,8,-16,8,-17,7,-18,6,-18,5,-19,4,-19,4,-18,3,-18,3,-17,3,-17,3,-16,3,-16,3,-16,3,-15,4,-15,5,-15,5,-15,5,-14,6,-15,6,-15,7,-14,7,-14,7,-14,7,0,0,-26,10,-26,9,-24,8,-23,8,-21,8,-20,9,-19,9,-18,10,-16,10,-15,11,-14,11,-13,11,-12,11,-12,11,-11,11,-11,11,-10,12,-10,11,-10,11,-9,11,-9,10,-9,9,-9,9,-9,8,-8,8,-8,7,-8,7,-9,6,0,0,0,0,0,0,0,0,0,0,0,0,0,0,-26,18,-29,15,-30,12,-30,11,-33,11,-32,8,-35,7,-35,6,-36,5,-36,4,-36,2,-37,2,-35,0,-33,0,-32,0,-32,1,-30,2,-31,3,-29,3,-31,5,-29,6,-29,7,-29,8,-29,9,-29,9,-29,8,-28,9,-28,9]"
618035064061900,16.613213500,90424,1870062486,-51,-98,6,0,1,7,0,0,256,0,0,"[0,0,14,1,14,0,13,0,13,0,12,-1,11,-1,11,-1,10,-1,9,-2,9,-2,9,-3,8,-3,8,-3,8,-3,8,-4,7,-4,7,-4,7,-4,7,-4,6,-3,6,-3,6,-3,6,-3,5,-3,5,-2,5,-2,0,0,0,0,0,0,0,0,0,0,0,0,0,0,0,0,0,0,0,0,0,0,17,-2,17,-1,18,0,17,0,19,2,18,3,18,4,18,5,18,5,18,6,17,6,16,5,16,5,15,5,15,5,15,4,15,3,16,3,15,3,15,2,15,2,15,1,16,1,16,1,15,1,15,1,0,0,26,-3,25,-4,24,-4,23,-4,22,-5,21,-6,20,-6,18,-6,17,-7,16,-7,15,-8,15,-8,14,-9,13,-9,13,-9,12,-9,12,-9,11,-9,11,-9,11,-9,10,-8,10,-8,10,-7,9,-7,9,-6,8,-6,9,-5,9,-5,0,0,0,0,0,0,0,0,0,0,0,0,0,0,28,-13,29,-10,30,-7,31,-6,32,-5,31,-3,34,-1,34,0,35,2,35,3,34,4,33,5,33,5,32,5,31,5,29,4,29,4,29,3,28,2,28,1,29,0,28,-1,28,-2,29,-2,29,-3,29,-3,28,-4,28,-4]"
618035088609600,16.637761200,90425,1870076592,-51,-98,6,0,1,7,0,0,256,0,0,"[0,0,6,-14,5,-14,4,-13,4,-13,4,-12,3,-11,3,-11,2,-11,2,-10,1,-10,0,-10,0,-10,-1,-9,-1,-9,-1,-9,-1,-9,-1,-8,-1,-8,-1,-8,-1,-8,-1,-8,-1,-7,-1,-7,-1,-6,-1,-7,0,-6,0,0,0,0,0,0,0,0,0,0,0,0,0,0,0,0,0,0,0,0,0,0,3,-17,5,-18,5,-17,6,-17,7,-18,9,-17,10,-17,11,-16,11,-16,11,-15,10,-15,10,-15,10,-15,10,-14,9,-14,9,-14,8,-14,8,-14,7,-14,7,-14,7,-15,7,-15,6,-15,5,-15,5,-15,6,-15,0,0,12,-25,11,-24,10,-23,9,-21,8,-21,6,-21,6,-20,4,-19,4,-19,2,-18,2,-17,2,-17,1,-17,0,-17,0,-16,-1,-16,-1,-15,-2,-15,-1,-15,-1,-14,-1,-13,-1,-13,-1,-12,0,-12,0,-11,0,-11,0,-10,1,-10,0,0,0,0,0,0,0,0,0,0,0,0,0,0,5,-31,9,-31,11,-30,12,-31,14,-29,15,-29,17,-30,19,-29,20,-28,21,-29,22,-27,22,-26,23,-23,23,-23,21,-23,21,-23,20,-24,18,-22,18,-23,17,-23,16,-24,14,-25,14,-26,14,-27,13,-26,14,-26,14,-26,13,-26]"
618035108772400,16.657924000,90426,1870099156,-51,-98,6,0,1,7,0,0,256,0,0,"[0,0,0,14,0,14,0,13,0,13,0,12,1,11,1,11,1,10,1,9,2,9,3,8,3,8,3,8,4,7,3,7,3,7,4,7,4,7,4,6,3,6,3,6,3,5,3,5,2,5,2,5,2,5,0,0,0,0,0,0,0,0,0,0,0,0,0,0,0,0,0,0,0,0,0,0,1,17,0,17,-1,17,-1,18,-2,18,-4,19,-4,18,-5,18,-6,18,-6,18,-6,17,-6,17,-5,16,-5,16,-5,16,-4,15,-4,15,-3,15,-3,15,-2,15,-2,15,-1,15,-1,16,-1,16,0,15,0,15,0,0,-3,26,-2,26,-2,24,-1,23,0,22,0,20,0,20,1,19,3,18,3,17,4,16,5,16,5,15,5,15,6,14,7,14,7,13,6,12,6,12,6,12,5,12,5,11,5,10,4,10,4,9,3,9,3,10,3,9,0,0,0,0,0,0,0,0,0,0,0,0,0,0,5,30,1,31,0,31,-3,31,-4,32,-5,32,-8,33,-9,33,-11,32,-14,33,-14,31,-14,31,-13,31,-14,30,-13,28,-12,28,-11,27,-9,28,-9,27,-8,28,-7,27,-6,28,-6,28,-6,29,-5,29,-3,28,-3,29,-3,27]"
618035163145900,16.712297500,90427,1870150597,-51,-98,6,0,1,7,0,0,256,0,0,"[0,0,4,14,4,13,4,13,4,12,4,11,4,10,4,10,5,9,5,9,5,8,5,7,5,7,5,6,6,6,6,6,6,5,6,5,6,5,5,5,5,5,5,4,5,4,4,4,4,4,4,4,4,4,0,0,0,0,0,0,0,0,0,0,0,0,0,0,0,0,0,0,0,0,0,0,6,16,5,17,4,17,3,17,3,19,2,19,1,19,0,19,-1,19,-1,19,-1,18,-1,18,-1,17,-1,17,0,17,0,16,0,16,1,16,2,16,3,15,3,15,3,16,4,16,4,15,4,15,4,15,0,0,2,27,2,26,3,25,3,24,3,22,5,21,5,20,5,19,6,18,7,16,7,15,8,14,8,14,8,13,9,13,8,12,9,11,9,11,8,12,8,11,8,10,7,10,7,9,6,9,5,9,5,9,5,9,4,9,0,0,0,0,0,0,0,0,0,0,0,0,0,0,10,30,7,31,4,31,2,30,2,33,0,32,-2,35,-4,35,-5,35,-7,35,-7,34,-9,34,-9,33,-8,32,-8,31,-8,29,-6,29,-5,29,-5,29,-4,29,-3,29,-1,29,0,29,1,28,1,30,2,29,2,29,2,28]"
618035186191100,16.735342700,90428,1870157514,-51,-98,6,0,1,7,0,0,256,0,0,"[0,0,-16,2,-15,1,-15,1,-13,1,-13,2,-12,2,-12,2,-11,3,-10,3,-10,3,-9,4,-9,4,-8,4,-8,4,-8,4,-8,4,-7,4,-7,4,-7,4,-7,4,-7,4,-6,4,-6,3,-6,3,-6,3,-6,3,0,0,0,0,0,0,0,0,0,0,0,0,0,0,0,0,0,0,0,0,0,0,-18,3,-18,3,-18,1,-19,1,-19,0,-20,-1,-20,-2,-20,-3,-20,-3,-19,-4,-19,-4,-18,-4,-18,-3,-18,-3,-17,-3,-17,-2,-17,-2,-17,-2,-17,-1,-17,0,-17,0,-17,0,-17,1,-17,1,-16,1,-16,1,0,0,-29,2,-27,2,-25,2,-24,2,-23,2,-22,3,-21,4,-20,4,-19,5,-18,6,-16,6,-16,7,-15,7,-15,7,-14,8,-13,8,-13,8,-13,8,-12,7,-12,7,-11,6,-12,7,-11,6,-10,6,-10,6,-10,5,-9,4,-10,3,0,0,0,0,0,0,0,0,0,0,0,0,0,0,-30,10,-32,7,-33,4,-33,2,-33,0,-33,-2,-36,-2,-36,-4,-36,-6,-35,-7,-35,-9,-34,-9,-33,-9,-33,-9,-32,-9,-31,-7,-31,-7,-30,-6,-29,-5,-30,-4,-29,-3,-30,-2,-29,-1,-31,-1,-31,1,-29,1,-29,2,-29,1]"
618035210835700,16.759987300,90429,1870177537,-51,-98,6,0,1,7,0,0,256,0,0,"[0,0,-14,-7,-14,-7,-13,-6,-13,-6,-12,-6,-12,-5,-11,-4,-11,-4,-11,-3,-10,-3,-10,-2,-10,-2,-10,-1,-9,-1,-9,-1,-9,0,-9,0,-9,0,-8,0,-8,0,-8,-1,-7,0,-7,-1,-7,-1,-7,-1,-6,-1,0,0,0,0,0,0,0,0,0,0,0,0,0,0,0,0,0,0,0,0,0,0,-17,-6,-17,-7,-17,-8,-17,-9,-17,-11,-16,-11,-16,-12,-16,-13,-15,-13,-14,-14,-14,-13,-14,-13,-13,-13,-13,-13,-13,-12,-13,-11,-13,-10,-14,-10,-14,-10,-14,-9,-14,-9,-15,-9,-15,-9,-15,-8,-15,-8,-14,-8,0,0,-24,-14,-24,-14,-23,-13,-21,-12,-21,-11,-21,-9,-20,-8,-20,-8,-19,-6,-18,-5,-18,-4,-17,-4,-17,-3,-16,-2,-17,-1,-16,-1,-16,0,-16,0,-15,0,-15,-1,-14,0,-13,-1,-13,-1,-13,-1,-11,-2,-11,-2,-11,-2,-10,-2,0,0,0,0,0,0,0,0,0,0,0,0,0,0,-31,-9,-30,-13,-29,-15,-29,-16,-29,-17,-28,-19,-29,-21,-28,-24,-27,-24,-27,-25,-25,-26,-24,-27,-23,-27,-22,-26,-21,-25,-21,-23,-21,-22,-22,-21,-22,-21,-23,-19,-23,-19,-25,-18,-25,-17,-25,-17,-25,-17,-25,-16,-24,-16,-25,-16]"
618035227963700,16.777115300,90430,1870198155,-51,-98,6,0,1,7,0,0,256,0,0,"[0,0,9,-12,8,-12,8,-11,7,-11,7,-11,6,-10,5,-10,5,-10,4,-9,4,-10,3,-9,2,-9,2,-9,1,-9,1,-9,1,-9,1,-9,1,-8,1,-8,1,-8,1,-7,1,-7,1,-7,1,-6,1,-6,1,-6,0,0,0,0,0,0,0,0,0,0,0,0,0,0,0,0,0,0,0,0,0,0,8,-15,9,-15,10,-15,11,-14,12,-14,13,-14,14,-13,15,-13,15,-12,15,-12,14,-11,14,-11,14,-11,13,-10,13,-10,12,-11,11,-11,12,-11,11,-11,11,-12,10,-12,10,-13,10,-13,9,-13,9,-13,9,-13,0,0,29,-45,30,-46,28,-43,26,-42,23,-40,19,-40,17,-38,16,-37,14,-36,12,-35,10,-34,8,-33,7,-32,5,-32,4,-33,3,-32,1,-31,2,-31,2,-30,3,-28,3,-28,3,-25,3,-25,3,-23,4,-23,3,-21,4,-21,6,-20,0,0,0,0,0,0,0,0,0,0,0,0,0,0,19,-61,26,-59,31,-56,33,-54,36,-57,37,-54,43,-56,47,-53,49,-52,52,-50,51,-47,54,-45,54,-41,53,-40,50,-39,48,-38,45,-40,43,-41,42,-41,42,-43,40,-44,37,-47,35,-48,35,-50,38,-50,35,-48,35,-48,34,-48]"
618035242011200,16.791162800,90431,1870217427,-51,-98,6,0,1,7,0,0,256,0,0,"[0,0,9,11,9,11,9,10,8,9,8,9,8,8,8,7,8,7,7,6,8,5,8,5,8,4,8,4,8,3,8,3,8,3,7,3,7,3,7,2,7,2,6,2,6,2,5,2,6,2,5,2,5,2,0,0,0,0,0,0,0,0,0,0,0,0,0,0,0,0,0,0,0,0,0,0,12,12,12,13,11,13,11,14,10,15,10,16,9,17,8,17,8,17,7,17,6,17,6,17,6,16,6,16,6,15,7,14,7,14,8,14,8,14,9,13,9,13,9,12,9,13,10,13,9,12,9,12,0,0,17,21,17,21,16,19,16,18,15,17,15,15,15,14,14,13,15,12,14,10,14,8,14,7,15,6,14,6,14,5,14,5,14,5,13,5,13,4,13,5,12,5,11,4,11,4,11,3,10,3,9,4,9,4,8,4,0,0,0,0,0,0,0,0,0,0,0,0,0,0,25,18,24,21,23,22,20,24,20,27,18,26,18,30,17,30,15,32,13,33,12,33,12,33,12,31,11,30,12,29,12,28,11,27,12,27,13,25,14,26,14,25,15,25,15,24,16,25,18,24,19,23,18,22,18,22]"
618035258898900,16.808050500,90432,1870237045,-51,-98,6,0,1,7,0,0,256,0,0,"[0,0,-13,8,-12,8,-11,8,-11,8,-10,7,-9,8,-9,7,-8,7,-7,7,-7,7,-6,7,-6,7,-5,7,-5,7,-5,7,-4,7,-4,7,-4,7,-4,6,-4,6,-4,6,-4,6,-4,5,-4,5,-3,5,-4,4,0,0,0,0,0,0,0,0,0,0,0,0,0,0,0,0,0,0,0,0,0,0,-13,12,-13,11,-14,11,-15,10,-16,10,-17,9,-17,9,-18,8,-18,7,-18,7,-18,6,-17,6,-17,6,-16,6,-16,6,-15,7,-15,6,-15,7,-14,7,-14,8,-14,8,-14,9,-14,9,-13,9,-13,9,-13,9,0,0,-22,17,-21,17,-20,15,-18,16,-17,15,-16,14,-15,15,-14,15,-12,14,-11,15,-10,14,-9,14,-8,14,-8,13,-7,14,-7,13,-6,14,-6,13,-6,13,-6,13,-6,12,-5,11,-6,11,-5,10,-5,9,-5,9,-6,9,-6,8,0,0,0,0,0,0,0,0,0,0,0,0,0,0,-19,24,-21,23,-23,22,-23,20,-27,20,-25,19,-30,20,-30,17,-32,16,-33,15,-32,14,-33,13,-32,12,-31,11,-30,11,-29,11,-27,12,-28,13,-26,13,-27,14,-25,14,-25,16,-24,16,-24,17,-25,17,-23,17,-23,17,-22,17]"
618035274968800,16.824120400,90433,1870260425,-51,-98,6,0,1,7,0,0,256,0,0,"[0,0,-13,9,-12,9,-11,9,-11,8,-10,8,-9,8,-8,8,-8,8,-7,8,-7,8,-6,8,-5,8,-5,8,-4,8,-4,8,-4,7,-4,7,-4,7,-3,7,-4,6,-3,6,-4,6,-3,6,-3,5,-3,5,-3,5,0,0,0,0,0,0,0,0,0,0,0,0,0,0,0,0,0,0,0,0,0,0,-12,13,-13,12,-14,12,-15,11,-16,11,-17,10,-17,9,-18,8,-18,8,-18,7,-17,7,-17,7,-17,7,-16,6,-16,7,-15,7,-15,7,-15,8,-14,8,-14,9,-14,9,-14,9,-14,10,-13,10,-13,10,-13,10,0,0,-23,17,-22,17,-21,16,-19,16,-19,16,-17,15,-16,15,-14,15,-13,14,-12,14,-10,15,-10,14,-9,14,-8,15,-8,14,-7,14,-7,14,-7,14,-6,13,-7,12,-6,12,-7,11,-6,11,-6,10,-6,10,-6,9,-6,8,-6,8,0,0,0,0,0,0,0,0,0,0,0,0,0,0,-17,25,-21,24,-23,24,-25,22,-26,22,-28,20,-30,20,-32,19,-33,17,-34,16,-34,15,-34,14,-33,13,-32,13,-31,13,-30,13,-29,13,-28,13,-28,14,-27,14,-27,15,-26,16,-26,17,-25,17,-25,18,-24,19,-24,19,-24,19]"
618035288398800,16.837550400,90434,1870279851,-51,-98,6,0,1,7,0,0,256,0,0,"[0,0,-3,15,-2,14,-2,13,-2,13,-2,12,-1,11,-1,11,0,10,0,10,1,9,1,9,1,8,1,8,2,8,2,8,2,8,2,7,2,7,2,7,2,7,2,6,2,6,2,6,1,5,1,5,1,5,0,0,0,0,0,0,0,0,0,0,0,0,0,0,0,0,0,0,0,0,0,0,-1,17,-2,17,-3,17,-4,17,-5,18,-6,18,-7,18,-8,18,-8,17,-9,17,-9,16,-9,15,-8,15,-8,15,-7,15,-7,15,-6,15,-6,15,-5,15,-4,15,-4,15,-4,15,-4,16,-3,15,-3,15,-3,15,0,0,-5,26,-4,26,-4,24,-3,23,-3,22,-1,21,-1,21,0,20,1,18,2,18,2,17,3,16,3,15,4,14,5,15,5,14,4,14,5,13,5,13,4,12,4,12,4,11,3,11,3,10,2,10,2,10,2,10,1,9,0,0,0,0,0,0,0,0,0,0,0,0,0,0,4,31,0,31,-2,31,-4,30,-5,33,-6,31,-9,34,-11,33,-11,33,-14,32,-14,32,-16,32,-16,29,-15,29,-15,28,-14,27,-12,26,-12,27,-11,26,-10,28,-9,27,-7,28,-7,28,-6,28,-6,29,-6,29,-5,29,-5,27]"
618035306622100,16.855773700,90435,1870297833,-50,-98,6,0,1,7,0,0,256,0,0,"[0,0,-14,6,-14,6,-13,6,-12,6,-12,6,-11,6,-10,6,-10,6,-9,6,-8,6,-8,6,-7,6,-7,6,-6,6,-6,7,-5,6,-6,6,-5,6,-5,6,-5,6,-5,6,-5,5,-5,5,-4,4,-5,4,-4,4,0,0,0,0,0,0,0,0,0,0,0,0,0,0,0,0,0,0,0,0,0,0,-16,8,-16,8,-17,7,-17,7,-18,6,-19,5,-19,4,-20,3,-20,3,-20,2,-19,1,-18,1,-18,2,-17,2,-17,2,-17,3,-16,3,-16,4,-16,4,-16,5,-16,5,-16,6,-16,6,-15,6,-15,6,-15,6,0,0,-26,12,-24,11,-24,10,-22,11,-20,11,-19,11,-18,10,-17,11,-15,11,-13,12,-12,12,-12,12,-11,12,-11,13,-10,12,-10,12,-9,12,-9,12,-9,12,-9,11,-8,10,-8,10,-7,10,-7,8,-7,8,-7,8,-7,7,-8,7,0,0,0,0,0,0,0,0,0,0,0,0,0,0,-24,19,-27,17,-28,15,-30,14,-31,12,-31,11,-34,10,-35,9,-36,7,-35,6,-35,4,-34,4,-34,4,-33,4,-33,3,-31,4,-31,5,-29,4,-30,6,-30,7,-28,8,-29,8,-28,9,-29,10,-27,11,-27,12,-27,12,-26,12]"
618035327150600,16.876302200,90436,1870318517,-50,-98,6,0,1,7,0,0,256,0,0,"[0,0,-16,-1,-15,-1,-15,-1,-14,0,-13,0,-13,0,-12,0,-11,1,-11,1,-10,2,-10,2,-10,2,-9,3,-9,3,-9,3,-8,3,-8,3,-8,3,-8,3,-7,2,-7,2,-7,2,-7,2,-6,2,-6,1,-6,1,0,0,0,0,0,0,0,0,0,0,0,0,0,0,0,0,0,0,0,0,0,0,-18,2,-18,1,-19,0,-19,-1,-20,-2,-20,-3,-20,-4,-20,-5,-20,-5,-19,-6,-18,-6,-18,-6,-17,-5,-17,-6,-17,-5,-17,-4,-17,-4,-17,-3,-17,-3,-17,-2,-17,-2,-17,-2,-17,-1,-17,-1,-17,-1,-16,-1,0,0,-29,-2,-27,-2,-26,-2,-25,-1,-24,0,-22,1,-22,1,-21,2,-20,2,-18,4,-18,4,-17,4,-17,5,-16,5,-15,5,-15,6,-15,5,-14,6,-14,6,-14,6,-12,4,-13,4,-12,3,-12,3,-11,3,-10,3,-10,2,-11,1,0,0,0,0,0,0,0,0,0,0,0,0,0,0,-31,7,-32,3,-33,1,-34,-1,-33,-2,-33,-4,-34,-6,-35,-7,-35,-9,-35,-10,-34,-12,-33,-12,-32,-13,-31,-12,-30,-12,-30,-11,-30,-10,-29,-9,-29,-9,-29,-7,-30,-6,-30,-5,-30,-4,-31,-4,-30,-3,-29,-3,-30,-3,-30,-2]"
618035348350200,16.897501800,90437,1870337536,-50,-98,6,0,1,7,0,0,256,0,0,"[0,0,-15,-4,-15,-3,-14,-3,-14,-3,-13,-2,-13,-2,-12,-1,-12,-1,-11,-1,-11,0,-10,0,-10,1,-9,1,-9,1,-9,2,-9,2,-9,2,-9,2,-8,2,-8,1,-8,1,-7,1,-7,1,-7,1,-6,1,-6,1,0,0,0,0,0,0,0,0,0,0,0,0,0,0,0,0,0,0,0,0,0,0,-18,-3,-19,-4,-19,-4,-18,-6,-19,-7,-19,-8,-18,-9,-18,-10,-18,-10,-17,-10,-17,-10,-16,-10,-16,-9,-15,-9,-15,-9,-15,-8,-15,-7,-16,-7,-16,-6,-16,-6,-16,-5,-16,-5,-17,-5,-16,-4,-16,-4,-16,-4,0,0,-28,0,-27,0,-26,0,-24,0,-24,1,-22,2,-21,2,-20,3,-19,4,-18,4,-17,4,-17,5,-16,6,-15,7,-15,7,-14,7,-14,7,-14,7,-13,7,-13,6,-12,6,-12,5,-11,5,-11,4,-10,4,-10,3,-10,3,-10,3,0,0,0,0,0,0,0,0,0,0,0,0,0,0,-32,5,-33,4,-31,1,-32,1,-33,0,-34,-3,-35,-5,-36,-6,-36,-7,-35,-10,-35,-9,-34,-12,-33,-12,-32,-12,-31,-12,-30,-10,-29,-9,-30,-7,-30,-7,-29,-6,-30,-6,-30,-3,-30,-3,-30,-2,-30,-2,-30,-2,-30,-2,-30,-1]"
618035366786700,16.915938300,90438,1870364788,-50,-98,6,0,1,6,0,0,256,0,0,"[0,0,13,-7,13,-7,11,-7,12,-7,10,-7,10,-7,9,-7,8,-7,7,-7,7,-8,6,-7,6,-7,5,-8,5,-7,5,-8,4,-7,4,-8,4,-7,4,-7,4,-7,4,-7,3,-6,4,-6,4,-6,3,-5,3,-5,0,0,0,0,0,0,0,0,0,0,0,0,0,0,0,0,0,0,0,0,0,0,15,-9,15,-8,17,-8,16,-7,18,-7,18,-6,19,-5,19,-4,19,-4,19,-3,18,-2,18,-2,17,-2,16,-3,15,-3,16,-4,15,-4,16,-5,15,-5,15,-6,15,-6,14,-7,15,-7,15,-7,14,-7,14,-7,0,0,25,-12,23,-13,21,-11,21,-12,18,-12,18,-12,18,-11,15,-12,14,-11,13,-12,12,-13,10,-13,10,-14,9,-13,9,-15,9,-14,8,-14,7,-12,9,-12,8,-13,7,-11,7,-10,5,-10,6,-10,5,-9,6,-8,6,-8,5,-7,0,0,0,0,0,0,0,0,0,0,0,0,0,0,24,-21,27,-19,29,-17,30,-15,31,-14,30,-12,33,-11,33,-10,34,-8,35,-5,35,-5,35,-5,33,-5,32,-4,31,-4,31,-5,30,-5,29,-7,28,-6,29,-8,28,-10,27,-10,28,-10,28,-11,27,-12,25,-12,25,-13,26,-13]"
618035382794500,16.931946100,90439,1870377116,-51,-98,6,0,1,7,0,0,256,0,0,"[0,0,12,8,11,8,11,8,10,7,10,6,10,6,9,5,9,4,9,3,9,3,9,2,8,2,8,2,8,2,8,1,8,1,8,1,7,1,7,1,7,1,7,1,6,1,5,1,5,1,5,1,5,1,0,0,0,0,0,0,0,0,0,0,0,0,0,0,0,0,0,0,0,0,0,0,15,7,15,8,15,9,14,10,15,11,14,12,13,13,13,14,13,14,11,14,11,14,11,13,10,13,10,13,11,12,11,11,11,11,11,11,12,11,12,10,12,10,12,9,13,9,12,9,12,9,12,8,0,0,51,19,50,17,46,15,44,14,42,13,41,11,40,10,38,7,38,5,36,3,34,0,34,-1,33,-2,32,-2,31,-4,30,-4,30,-4,29,-3,28,-4,26,-3,25,-2,24,-3,24,-2,21,-2,20,-1,20,-1,20,0,19,1,0,0,0,0,0,0,0,0,0,0,0,0,0,0,60,4,61,10,60,14,61,18,61,22,59,24,61,28,60,32,58,36,58,39,55,41,55,41,53,39,50,39,49,37,49,35,49,34,49,32,48,29,51,29,50,26,52,26,52,25,54,24,54,22,54,20,54,20,52,20]"
618035413044600,16.962196200,90440,1870405153,-51,-98,6,0,1,7,0,0,256,0,0,"[0,0,3,14,4,14,3,13,3,12,4,12,4,11,4,10,4,9,4,8,5,8,5,7,5,7,6,7,6,6,5,6,5,5,5,5,5,5,5,5,5,5,5,5,4,5,4,5,4,4,4,4,3,4,0,0,0,0,0,0,0,0,0,0,0,0,0,0,0,0,0,0,0,0,0,0,6,16,5,17,5,18,4,17,3,19,2,19,1,19,0,20,-1,20,-1,19,-1,18,-1,18,0,17,0,17,0,16,0,16,0,16,1,16,2,16,2,16,2,16,3,16,4,15,4,15,4,15,4,15,0,0,12,25,12,23,12,23,11,20,12,20,11,19,11,18,11,16,11,15,12,13,13,11,13,11,13,10,13,10,12,9,13,9,12,8,12,8,12,8,11,8,10,8,10,8,9,7,9,6,8,6,7,7,7,7,7,7,0,0,0,0,0,0,0,0,0,0,0,0,0,0,21,23,19,25,18,27,15,29,14,29,13,31,11,32,11,34,8,35,6,35,5,35,5,34,6,33,6,33,5,31,6,30,5,31,7,28,7,28,8,28,9,28,9,28,10,28,11,28,12,27,14,26,14,26,14,26]"
618035426856800,16.976008400,90441,1870417731,-51,-98,6,0,1,7,0,0,256,0,0,"[0,0,-15,-4,-15,-4,-14,-4,-14,-3,-13,-3,-12,-2,-12,-2,-11,-2,-11,0,-11,0,-10,0,-10,0,-9,1,-9,1,-9,2,-9,2,-8,1,-9,1,-8,1,-8,1,-8,1,-7,1,-7,1,-6,1,-7,1,-6,1,0,0,0,0,0,0,0,0,0,0,0,0,0,0,0,0,0,0,0,0,0,0,-18,-3,-19,-4,-18,-5,-18,-6,-19,-7,-19,-8,-18,-9,-18,-10,-18,-10,-17,-11,-17,-10,-16,-10,-16,-10,-15,-9,-15,-9,-16,-8,-15,-8,-16,-8,-16,-7,-16,-6,-16,-6,-16,-6,-17,-5,-16,-5,-16,-4,-16,-4,0,0,-27,3,-27,3,-26,3,-24,3,-23,4,-22,4,-21,4,-20,5,-18,6,-17,7,-16,8,-16,8,-14,8,-14,8,-14,8,-13,9,-13,8,-13,9,-13,8,-12,7,-11,6,-11,6,-11,6,-10,6,-9,6,-9,5,-10,4,-9,3,0,0,0,0,0,0,0,0,0,0,0,0,0,0,-29,12,-30,9,-31,7,-32,4,-33,4,-33,2,-35,0,-36,-2,-36,-3,-36,-6,-34,-7,-35,-7,-34,-6,-33,-6,-31,-6,-31,-5,-30,-5,-30,-4,-30,-3,-30,-2,-30,-1,-30,-1,-30,0,-30,1,-30,2,-30,3,-30,3,-29,3]"
618035445175300,16.994326900,90442,1870437803,-51,-98,6,0,1,7,0,0,256,0,0,"[0,0,-15,5,-14,5,-13,5,-13,4,-12,5,-11,5,-10,5,-10,5,-9,5,-9,6,-8,6,-7,6,-7,6,-6,6,-6,6,-6,6,-6,6,-6,6,-5,5,-5,5,-5,5,-5,5,-5,4,-4,4,-5,4,-5,3,0,0,0,0,0,0,0,0,0,0,0,0,0,0,0,0,0,0,0,0,0,0,-17,6,-18,6,-18,5,-19,4,-19,3,-20,2,-20,2,-21,1,-20,0,-20,0,-19,0,-18,-1,-18,-1,-18,0,-17,0,-17,1,-17,1,-16,2,-16,2,-16,3,-16,4,-16,4,-17,4,-15,5,-15,5,-15,5,0,0,-23,15,-23,16,-21,14,-20,14,-18,13,-17,13,-16,13,-15,14,-14,14,-12,14,-11,14,-10,14,-9,14,-9,13,-8,14,-7,13,-7,13,-7,13,-7,13,-7,12,-7,11,-7,11,-6,10,-6,9,-6,8,-6,8,-6,8,-6,7,0,0,0,0,0,0,0,0,0,0,0,0,0,0,-21,23,-23,21,-25,19,-26,18,-29,18,-28,15,-31,15,-32,13,-32,12,-34,12,-34,10,-34,10,-32,9,-32,9,-31,9,-30,9,-29,9,-29,10,-27,10,-28,11,-26,12,-26,13,-26,14,-26,14,-26,16,-24,16,-24,16,-24,16]"
618035463480400,17.012632000,90443,1870457400,-51,-98,6,0,1,7,0,0,256,0,0,"[0,0,3,-15,2,-15,2,-14,2,-13,1,-13,1,-12,0,-12,-1,-11,-1,-10,-1,-10,-2,-10,-2,-10,-3,-9,-3,-9,-3,-9,-3,-8,-3,-8,-3,-8,-3,-8,-3,-8,-3,-7,-2,-7,-2,-7,-2,-6,-2,-6,-2,-6,0,0,0,0,0,0,0,0,0,0,0,0,0,0,0,0,0,0,0,0,0,0,2,-18,2,-18,3,-19,4,-18,6,-19,6,-19,7,-18,8,-19,9,-18,9,-18,9,-17,9,-16,8,-16,8,-15,7,-15,6,-15,6,-15,5,-16,4,-16,4,-16,4,-16,3,-16,4,-17,3,-16,3,-16,2,-15,0,0,-6,-26,-6,-28,-6,-25,-7,-24,-7,-22,-7,-21,-7,-20,-8,-19,-8,-18,-9,-17,-10,-16,-10,-14,-11,-14,-9,-13,-11,-13,-10,-12,-10,-12,-10,-12,-10,-11,-9,-11,-9,-11,-8,-10,-8,-10,-8,-9,-6,-9,-6,-8,-6,-9,-5,-9,0,0,0,0,0,0,0,0,0,0,0,0,0,0,-14,-29,-11,-31,-9,-31,-7,-31,-6,-34,-5,-32,-3,-36,-1,-35,0,-36,2,-36,2,-35,3,-36,4,-34,4,-33,3,-32,3,-31,2,-30,1,-31,0,-29,0,-31,-2,-29,-4,-30,-4,-30,-5,-30,-5,-30,-6,-29,-6,-29,-6,-29]"
618035483895400,17.033047000,90444,1870476719,-51,-98,6,0,1,7,0,0,256,0,0,"[0,0,15,-3,13,-3,13,-3,13,-3,12,-3,11,-4,10,-4,9,-4,9,-5,9,-5,8,-5,7,-5,7,-5,6,-6,7,-6,6,-6,6,-6,6,-6,5,-6,5,-6,5,-5,5,-5,4,-5,4,-4,4,-4,4,-4,0,0,0,0,0,0,0,0,0,0,0,0,0,0,0,0,0,0,0,0,0,0,17,-5,17,-3,18,-3,18,-2,19,-1,20,-1,20,1,20,1,19,2,19,3,18,3,17,3,17,2,17,3,17,2,16,1,16,0,16,0,16,0,16,-2,16,-2,16,-3,16,-2,16,-3,15,-3,15,-3,0,0,21,-16,20,-16,20,-15,18,-15,17,-15,15,-15,14,-15,13,-14,12,-15,10,-15,9,-15,8,-15,8,-15,7,-15,6,-15,6,-14,6,-14,6,-14,5,-13,5,-13,5,-12,5,-11,5,-11,5,-10,4,-10,4,-9,5,-9,5,-9,0,0,0,0,0,0,0,0,0,0,0,0,0,0,20,-24,22,-22,24,-20,25,-19,27,-18,28,-17,30,-17,31,-16,32,-14,32,-13,32,-11,33,-11,32,-10,30,-10,30,-10,28,-10,27,-11,27,-12,26,-11,26,-13,25,-14,25,-15,24,-15,24,-16,24,-17,24,-17,23,-17,23,-17]"
618035509761500,17.058913100,90445,1870503047,-51,-98,6,0,1,7,0,0,256,0,0,"[0,0,5,13,5,13,5,12,5,11,5,11,5,10,5,9,6,9,5,8,6,7,5,7,6,6,6,6,6,6,6,5,5,5,6,5,5,4,6,4,5,4,5,4,4,4,4,4,4,4,4,3,3,3,0,0,0,0,0,0,0,0,0,0,0,0,0,0,0,0,0,0,0,0,0,0,8,15,7,16,6,17,5,17,5,18,4,19,3,19,2,19,2,19,2,19,1,18,1,17,1,17,1,17,2,16,2,16,2,15,3,15,4,15,4,15,5,15,5,15,5,15,6,14,6,14,5,14,0,0,17,21,16,20,16,19,15,18,15,17,15,15,15,14,14,12,14,11,14,10,14,9,14,9,14,8,14,7,14,6,13,6,13,5,13,6,13,5,12,5,11,5,11,5,10,4,9,4,9,5,9,5,8,4,7,5,0,0,0,0,0,0,0,0,0,0,0,0,0,0,24,18,22,21,21,23,20,25,19,26,18,27,17,28,17,31,16,31,15,32,13,32,12,31,11,31,10,30,10,29,10,28,12,28,11,26,12,26,13,25,14,25,15,24,16,24,17,24,17,23,17,23,17,23,17,23]"
618035527321700,17.076473300,90446,1870517233,-51,-98,6,0,1,7,0,0,256,0,0,"[0,0,-1,-15,-2,-15,-2,-14,-2,-13,-2,-13,-3,-12,-3,-12,-3,-11,-3,-10,-4,-10,-4,-9,-5,-9,-5,-9,-5,-8,-5,-8,-5,-8,-5,-7,-4,-7,-5,-7,-4,-7,-4,-6,-4,-6,-4,-6,-4,-6,-4,-5,-3,-6,0,0,0,0,0,0,0,0,0,0,0,0,0,0,0,0,0,0,0,0,0,0,-3,-18,-2,-19,-1,-19,-1,-19,0,-20,1,-20,3,-20,3,-20,4,-20,4,-19,4,-19,4,-18,3,-18,3,-17,3,-17,2,-16,2,-17,1,-17,0,-17,0,-16,0,-17,0,-17,-1,-17,-2,-17,-2,-16,-2,-16,0,0,-9,-26,-10,-26,-10,-24,-10,-23,-9,-21,-10,-20,-10,-19,-11,-18,-11,-17,-12,-15,-12,-14,-11,-14,-12,-12,-12,-12,-12,-12,-12,-11,-12,-11,-11,-11,-11,-10,-10,-10,-11,-10,-10,-9,-9,-9,-8,-9,-8,-8,-7,-8,-7,-8,-7,-9,0,0,0,0,0,0,0,0,0,0,0,0,0,0,-18,-27,-15,-28,-13,-29,-11,-30,-10,-32,-9,-32,-8,-34,-6,-35,-5,-35,-3,-36,-2,-35,-1,-36,0,-35,-1,-33,-1,-32,-1,-31,-2,-30,-3,-30,-4,-29,-5,-30,-6,-29,-7,-29,-8,-29,-9,-29,-9,-30,-9,-29,-10,-28,-10,-27]"
618035544676700,17.093828300,90447,1870538072,-51,-98,6,0,1,7,0,0,256,0,0,"[0,0,-9,13,-7,12,-7,11,-7,10,-6,11,-6,11,-5,10,-4,10,-4,9,-3,9,-2,9,-2,8,-1,8,-1,8,-1,8,-1,8,0,7,0,8,-1,7,-1,7,-1,6,-1,6,-1,6,-1,5,-1,5,-1,5,0,0,0,0,0,0,0,0,0,0,0,0,0,0,0,0,0,0,0,0,0,0,-9,15,-10,16,-10,15,-11,15,-12,14,-14,15,-15,14,-15,13,-15,12,-15,12,-15,11,-14,11,-13,11,-13,11,-13,11,-12,10,-12,11,-11,11,-11,12,-10,12,-10,13,-10,13,-9,13,-9,13,-8,13,-9,13,0,0,-9,25,-9,24,-8,23,-7,23,-6,21,-5,20,-4,20,-3,19,-2,18,-1,18,0,17,0,16,1,16,2,15,2,15,2,14,3,14,3,14,3,14,2,13,2,12,2,12,2,11,1,10,1,10,1,10,0,9,-1,9,0,0,0,0,0,0,0,0,0,0,0,0,0,0,-4,31,-7,31,-9,30,-11,29,-13,30,-14,29,-16,30,-18,30,-19,30,-20,29,-21,27,-22,27,-22,25,-21,25,-20,24,-19,24,-17,24,-17,24,-16,24,-15,25,-14,26,-13,26,-12,26,-12,27,-11,27,-10,27,-10,27,-10,27]"
618035565525300,17.114676900,90448,1870559500,-51,-98,6,0,1,7,0,0,256,0,0,"[0,0,5,14,5,13,5,13,5,12,5,11,5,11,5,10,5,10,5,8,6,7,5,7,6,7,6,6,6,6,5,5,6,5,6,5,5,5,5,5,5,5,5,5,4,5,4,5,3,4,4,4,3,4,0,0,0,0,0,0,0,0,0,0,0,0,0,0,0,0,0,0,0,0,0,0,9,15,8,16,7,17,6,17,6,18,4,19,3,19,2,19,2,19,1,19,1,18,1,18,2,18,1,17,2,17,2,16,3,16,3,15,4,16,4,15,4,15,5,15,5,15,5,15,6,15,6,14,0,0,17,21,17,19,17,19,15,17,16,16,15,14,15,14,15,12,15,11,14,9,14,9,15,8,14,7,14,7,14,6,14,6,13,5,13,6,12,5,12,5,12,5,11,5,10,5,10,4,9,5,8,4,8,5,8,5,0,0,0,0,0,0,0,0,0,0,0,0,0,0,25,17,24,20,22,22,21,24,20,24,19,26,18,27,18,29,17,30,16,31,14,32,13,30,12,30,12,30,11,29,12,28,13,28,12,25,13,26,14,25,16,24,16,23,17,23,17,23,18,22,18,22,19,22,19,22]"
618035583499600,17.132651200,90449,1870576633,-50,-98,6,0,1,7,0,0,256,0,0,"[0,0,9,-12,9,-11,8,-11,8,-11,8,-11,7,-10,6,-10,5,-10,5,-10,4,-9,3,-9,3,-9,3,-9,2,-9,2,-9,2,-9,1,-9,2,-8,1,-8,1,-8,1,-8,2,-7,1,-7,1,-7,1,-6,1,-6,0,0,0,0,0,0,0,0,0,0,0,0,0,0,0,0,0,0,0,0,0,0,10,-14,11,-14,12,-14,13,-14,14,-13,15,-13,15,-13,16,-12,16,-11,16,-10,16,-10,15,-9,15,-9,14,-9,14,-10,13,-10,13,-10,12,-11,12,-11,11,-11,11,-12,11,-12,11,-12,11,-12,10,-12,10,-12,0,0,16,-22,16,-22,15,-21,14,-21,13,-19,11,-19,11,-19,9,-18,8,-18,6,-17,6,-17,5,-17,4,-16,3,-16,3,-17,3,-16,2,-16,3,-15,2,-15,2,-15,2,-14,2,-12,3,-12,2,-11,3,-11,3,-11,3,-10,4,-9,0,0,0,0,0,0,0,0,0,0,0,0,0,0,12,-30,16,-28,18,-26,19,-26,21,-27,22,-25,24,-25,26,-24,26,-24,28,-23,28,-21,29,-20,28,-18,28,-18,27,-17,26,-17,24,-18,23,-18,22,-19,22,-20,21,-20,19,-22,20,-22,19,-23,19,-23,19,-23,19,-23,18,-23]"
618035603385400,17.152537000,90450,1870596641,-50,-98,6,0,1,7,0,0,256,0,0,"[0,0,12,2,11,1,11,1,10,1,11,1,10,0,9,0,9,-1,8,-1,8,-1,8,-2,7,-2,7,-2,7,-3,7,-3,7,-3,6,-3,6,-3,6,-3,6,-2,5,-2,5,-2,5,-2,5,-2,4,-2,4,-1,0,0,0,0,0,0,0,0,0,0,0,0,0,0,0,0,0,0,0,0,0,0,14,0,15,1,15,1,15,2,15,3,16,4,15,4,15,6,15,6,14,6,14,6,13,6,13,6,13,6,13,5,12,4,13,4,13,3,13,3,13,3,13,2,13,2,13,2,13,2,13,2,13,2,0,0,23,11,23,12,23,12,21,11,21,9,19,8,18,8,18,6,19,5,18,3,19,3,16,2,17,1,15,0,16,-1,16,0,15,0,16,-2,14,-1,13,0,13,0,11,-1,10,0,10,0,10,0,10,2,9,1,9,1,0,0,0,0,0,0,0,0,0,0,0,0,0,0,31,7,30,11,30,12,30,16,30,15,30,17,28,20,27,22,28,22,27,25,25,24,23,25,24,26,22,24,21,24,21,22,21,22,22,18,22,19,22,18,23,18,23,16,24,17,25,15,25,16,25,14,25,14,27,14]"
618035625615900,17.174767500,90451,1870617747,-51,-98,6,0,1,7,0,0,256,0,0,"[0,0,13,-8,12,-8,11,-7,11,-7,10,-7,9,-7,8,-7,7,-7,7,-8,7,-8,6,-7,5,-7,5,-8,4,-7,4,-8,4,-7,4,-8,4,-7,4,-7,4,-7,3,-6,3,-6,3,-5,3,-5,3,-5,3,-5,0,0,0,0,0,0,0,0,0,0,0,0,0,0,0,0,0,0,0,0,0,0,14,-10,15,-10,16,-9,16,-9,17,-8,18,-7,18,-6,18,-6,18,-5,18,-4,18,-4,17,-4,16,-4,16,-4,15,-4,15,-5,15,-5,15,-6,14,-6,14,-7,14,-7,14,-8,15,-8,13,-8,13,-8,14,-8,0,0,17,-21,16,-22,15,-20,14,-20,13,-18,11,-18,11,-18,9,-17,9,-17,7,-17,6,-17,5,-17,4,-16,3,-16,3,-16,2,-15,2,-15,3,-14,2,-15,2,-14,3,-14,3,-13,2,-12,2,-11,2,-11,3,-10,3,-10,3,-9,0,0,0,0,0,0,0,0,0,0,0,0,0,0,12,-29,16,-27,18,-26,20,-25,21,-26,21,-24,25,-24,25,-23,26,-22,28,-21,29,-19,30,-19,28,-18,27,-18,26,-17,25,-17,24,-17,24,-18,22,-18,22,-19,21,-19,20,-21,20,-21,20,-22,20,-23,19,-23,18,-23,19,-22]"
618035645668300,17.194819900,90452,1870638437,-50,-98,6,0,1,7,0,0,256,0,0,"[0,0,14,-5,13,-5,13,-5,12,-5,11,-5,11,-5,10,-5,9,-5,9,-6,8,-6,8,-6,7,-6,7,-7,6,-7,6,-7,5,-7,5,-7,5,-6,5,-6,5,-6,5,-6,5,-5,4,-5,4,-5,4,-5,4,-4,0,0,0,0,0,0,0,0,0,0,0,0,0,0,0,0,0,0,0,0,0,0,16,-7,17,-6,17,-5,18,-4,19,-4,19,-3,19,-2,20,-1,19,0,19,0,18,0,18,0,17,0,17,0,16,0,16,-1,16,-2,16,-2,16,-3,16,-3,16,-4,16,-4,16,-5,15,-5,15,-5,15,-5,0,0,26,2,26,0,25,0,23,1,21,-1,20,-2,20,-2,19,-3,19,-3,18,-3,17,-5,16,-6,15,-6,13,-6,14,-8,13,-6,13,-7,12,-6,13,-6,13,-5,13,-5,10,-5,10,-6,9,-5,10,-4,9,-4,8,-4,9,-2,0,0,0,0,0,0,0,0,0,0,0,0,0,0,30,-7,32,-4,32,-2,33,1,34,1,33,3,35,6,34,8,34,9,34,12,34,11,32,13,30,14,30,12,30,12,27,10,28,9,29,8,29,7,29,8,28,5,27,4,28,2,29,3,30,3,29,3,28,2,28,0]"
618035667187300,17.216338900,90453,1870662408,-50,-98,6,0,1,7,0,0,256,0,0,"[0,0,3,15,3,14,3,13,3,13,3,11,4,11,4,10,4,10,4,9,4,9,5,8,5,7,5,7,5,6,6,6,5,6,5,6,5,6,5,5,5,5,4,5,4,4,4,5,3,4,3,4,3,4,0,0,0,0,0,0,0,0,0,0,0,0,0,0,0,0,0,0,0,0,0,0,5,16,4,17,4,18,3,17,2,19,1,19,0,19,-1,19,-1,19,-2,19,-2,18,-2,18,-2,17,-2,17,-1,16,0,17,0,15,1,16,1,15,2,16,2,16,3,16,2,16,3,16,3,15,3,15,0,0,1,28,2,26,3,25,3,23,3,22,4,21,4,20,5,19,5,18,6,16,6,15,8,15,7,14,8,13,7,12,7,11,7,12,7,11,8,12,6,10,6,10,6,10,5,10,5,9,5,8,3,9,3,9,2,9,0,0,0,0,0,0,0,0,0,0,0,0,0,0,10,30,7,31,5,31,2,32,1,34,-1,33,-2,35,-3,35,-5,35,-7,35,-8,34,-8,35,-8,33,-8,32,-7,31,-7,30,-6,30,-6,29,-4,28,-4,29,-2,29,-1,29,0,30,-1,29,1,30,2,30,2,29,2,27]"
618035684137900,17.233289500,90454,1870678841,-51,-98,6,0,1,7,0,0,256,0,0,"[0,0,14,3,14,2,13,2,12,2,12,1,11,1,11,0,10,0,10,0,9,-1,9,-1,9,-2,9,-2,8,-2,8,-2,8,-2,7,-2,7,-2,7,-2,7,-2,7,-2,6,-2,6,-2,5,-1,5,-1,5,-1,0,0,0,0,0,0,0,0,0,0,0,0,0,0,0,0,0,0,0,0,0,0,17,0,17,1,17,2,17,3,18,4,18,5,17,6,17,7,17,8,16,8,16,8,15,8,15,7,15,7,15,7,14,6,14,6,15,5,15,5,15,4,15,4,15,3,15,3,15,3,15,3,15,2,0,0,27,6,26,4,25,4,24,4,22,2,21,1,21,1,20,0,19,-1,18,-1,17,-2,17,-3,16,-3,15,-4,15,-4,15,-4,15,-4,14,-4,14,-4,13,-4,12,-3,12,-3,12,-3,11,-2,10,-2,9,-2,10,-1,9,0,0,0,0,0,0,0,0,0,0,0,0,0,0,0,31,-5,32,-2,32,1,32,2,33,5,32,6,34,9,34,10,34,11,34,13,32,14,32,15,30,15,29,14,29,14,28,13,28,12,28,11,27,10,28,10,27,8,28,8,28,7,29,6,29,6,29,5,29,5,29,5]"
618035704570700,17.253722300,90455,1870697167,-51,-98,6,0,1,7,0,0,256,0,0,"[0,0,-6,13,-6,13,-5,12,-5,11,-5,11,-4,11,-4,10,-3,10,-3,9,-2,9,-1,9,-1,8,-1,8,0,8,0,8,0,8,0,7,0,7,0,7,0,7,0,6,0,6,0,6,0,5,0,5,0,4,0,0,0,0,0,0,0,0,0,0,0,0,0,0,0,0,0,0,0,0,0,0,-6,16,-7,15,-8,16,-9,15,-10,15,-11,15,-12,15,-13,14,-13,14,-13,13,-13,13,-12,12,-12,12,-11,12,-11,12,-10,12,-10,12,-9,12,-9,13,-8,13,-8,13,-8,13,-8,14,-7,14,-7,13,-7,13,0,0,-3,27,-2,26,-2,25,-1,24,-1,23,-1,21,0,21,1,19,2,18,3,17,4,16,5,16,5,15,5,14,6,14,5,13,7,13,5,13,5,12,5,12,4,11,4,11,4,10,4,10,3,9,3,9,2,9,2,9,0,0,0,0,0,0,0,0,0,0,0,0,0,0,5,30,2,31,0,32,-3,31,-5,32,-6,31,-7,33,-9,33,-13,32,-14,32,-15,32,-14,31,-12,31,-13,29,-12,29,-11,28,-11,28,-11,28,-10,27,-9,28,-7,28,-7,28,-6,29,-6,29,-4,29,-2,28,-2,28,-2,29]"
618035728192900,17.277344500,90456,1870721443,-50,-98,6,0,1,6,0,0,256,0,0,"[0,0,-11,-11,-11,-10,-11,-10,-10,-9,-10,-9,-10,-8,-10,-7,-10,-7,-9,-6,-9,-5,-9,-5,-9,-4,-9,-4,-9,-3,-9,-3,-9,-3,-8,-3,-9,-3,-8,-3,-8,-3,-7,-3,-7,-3,-7,-3,-6,-3,-6,-3,-6,-3,0,0,0,0,0,0,0,0,0,0,0,0,0,0,0,0,0,0,0,0,0,0,-15,-11,-14,-12,-14,-13,-14,-14,-13,-14,-13,-16,-12,-16,-12,-17,-11,-17,-10,-17,-10,-17,-10,-16,-9,-16,-9,-15,-10,-15,-10,-14,-10,-14,-10,-14,-11,-13,-11,-13,-11,-13,-12,-12,-12,-12,-12,-12,-12,-12,-12,-12,0,0,-14,-23,-14,-23,-14,-22,-14,-19,-14,-20,-13,-16,-13,-17,-14,-16,-12,-14,-14,-12,-14,-12,-14,-10,-15,-10,-13,-9,-14,-8,-14,-8,-12,-8,-14,-7,-13,-8,-13,-7,-11,-7,-11,-7,-10,-7,-9,-6,-9,-7,-8,-6,-8,-7,-7,-6,0,0,0,0,0,0,0,0,0,0,0,0,0,0,-24,-21,-22,-25,-21,-26,-19,-27,-18,-29,-16,-31,-15,-31,-15,-34,-13,-35,-11,-35,-10,-35,-10,-35,-9,-34,-10,-32,-9,-31,-9,-31,-9,-31,-10,-29,-11,-29,-12,-28,-12,-28,-14,-28,-14,-27,-14,-27,-15,-26,-16,-26,-17,-25,-16,-25]"
618035746879000,17.296030600,90457,1870737816,-51,-98,6,0,1,7,0,0,256,0,0,"[0,0,-7,-14,-7,-13,-7,-13,-7,-12,-6,-12,-7,-11,-6,-10,-7,-9,-7,-9,-7,-8,-7,-7,-7,-7,-8,-6,-7,-6,-7,-6,-7,-5,-7,-5,-7,-5,-7,-5,-6,-5,-6,-5,-6,-5,-5,-4,-5,-4,-5,-4,-5,-4,0,0,0,0,0,0,0,0,0,0,0,0,0,0,0,0,0,0,0,0,0,0,-9,-16,-8,-16,-8,-17,-7,-18,-6,-19,-5,-19,-4,-19,-4,-20,-3,-20,-3,-19,-3,-19,-3,-18,-3,-18,-3,-18,-3,-17,-4,-16,-4,-16,-5,-16,-5,-16,-6,-16,-6,-16,-6,-15,-7,-15,-8,-15,-8,-15,-7,-14,0,0,-17,-21,-18,-21,-17,-20,-16,-18,-16,-17,-16,-16,-16,-15,-15,-13,-15,-13,-15,-11,-15,-10,-16,-9,-15,-8,-15,-8,-15,-7,-14,-6,-14,-7,-14,-6,-13,-6,-13,-6,-12,-6,-12,-6,-11,-5,-11,-5,-10,-5,-9,-5,-9,-5,-9,-6,0,0,0,0,0,0,0,0,0,0,0,0,0,0,-25,-20,-23,-22,-22,-24,-20,-25,-19,-27,-17,-28,-17,-31,-17,-31,-15,-32,-14,-33,-12,-33,-13,-33,-12,-32,-11,-30,-12,-30,-12,-29,-12,-28,-12,-28,-13,-26,-14,-27,-15,-25,-16,-26,-17,-24,-17,-25,-18,-24,-18,-24,-19,-23,-18,-23]"
618035770061500,17.319213100,90458,1870767997,-51,-98,6,0,1,7,0,0,256,0,0,"[0,0,-10,11,-10,10,-9,10,-9,9,-8,9,-7,9,-7,9,-6,9,-6,8,-5,8,-5,8,-4,8,-3,8,-3,7,-3,8,-3,7,-2,7,-2,7,-2,7,-2,6,-3,6,-2,6,-2,5,-2,5,-3,5,-3,4,0,0,0,0,0,0,0,0,0,0,0,0,0,0,0,0,0,0,0,0,0,0,-10,14,-11,14,-12,14,-13,13,-13,13,-15,13,-16,12,-16,12,-16,11,-16,10,-16,9,-16,9,-15,9,-14,9,-14,9,-13,10,-13,9,-13,10,-12,10,-12,11,-11,11,-11,11,-12,12,-11,12,-11,11,-11,11,0,0,-23,49,-23,48,-22,46,-20,42,-18,42,-15,41,-13,39,-12,38,-9,36,-8,36,-7,34,-7,33,-5,32,-2,32,-2,31,-1,30,-1,29,0,30,-1,28,-1,27,-1,25,-2,24,-2,23,-3,21,-3,20,-3,20,-4,19,-5,18,0,0,0,0,0,0,0,0,0,0,0,0,0,0,-8,61,-17,60,-21,59,-23,59,-27,59,-30,59,-33,60,-38,60,-39,59,-43,56,-43,54,-45,51,-47,48,-46,47,-44,44,-41,44,-39,46,-37,46,-36,47,-34,47,-32,49,-29,51,-28,50,-27,52,-28,52,-27,51,-28,51,-27,50]"
618035787738200,17.336889800,90459,1870781130,-51,-98,6,0,1,7,0,0,256,0,0,"[0,0,14,1,14,1,13,1,13,1,12,0,12,-1,11,-1,11,-2,10,-2,10,-2,9,-2,8,-2,8,-3,8,-3,8,-4,7,-4,8,-4,7,-3,7,-3,7,-3,6,-3,6,-3,6,-3,5,-2,5,-2,5,-2,0,0,0,0,0,0,0,0,0,0,0,0,0,0,0,0,0,0,0,0,0,0,17,-1,17,0,18,1,17,2,19,3,18,4,19,4,18,5,18,6,18,7,16,7,16,7,16,6,15,6,15,5,15,5,15,4,16,4,15,3,16,2,15,2,16,2,16,2,16,2,15,1,15,1,0,0,27,2,27,1,25,1,24,1,23,0,22,-1,21,-1,19,-2,18,-3,17,-4,17,-5,16,-5,15,-6,15,-6,15,-6,14,-6,13,-7,13,-7,13,-6,12,-6,11,-5,12,-4,11,-5,10,-5,9,-4,9,-3,9,-3,9,-2,0,0,0,0,0,0,0,0,0,0,0,0,0,0,30,-6,31,-3,31,-1,32,2,32,2,32,4,33,6,34,8,34,10,33,12,32,13,32,13,31,12,29,12,29,12,28,10,28,10,28,9,28,8,28,8,29,6,29,6,29,5,28,4,29,3,29,2,28,2,29,2]"
618035803937500,17.353089100,90460,1870797417,-51,-98,6,0,1,7,0,0,256,0,0,"[0,0,-11,9,-11,10,-11,9,-10,8,-9,9,-8,8,-8,8,-7,8,-7,8,-6,8,-6,8,-5,8,-4,8,-3,8,-4,7,-3,7,-3,7,-3,7,-3,7,-3,7,-3,6,-3,5,-3,6,-3,5,-3,5,-3,4,0,0,0,0,0,0,0,0,0,0,0,0,0,0,0,0,0,0,0,0,0,0,-13,12,-14,12,-14,12,-15,11,-16,11,-17,10,-18,9,-18,9,-19,8,-19,8,-18,7,-17,7,-16,7,-16,7,-16,7,-15,8,-15,8,-14,8,-14,8,-14,9,-13,9,-14,10,-14,10,-12,10,-12,10,-12,10,0,0,-15,24,-14,23,-13,22,-12,22,-10,21,-9,20,-9,19,-8,19,-6,18,-5,18,-5,17,-4,17,-3,17,-2,16,-1,16,-1,16,-1,15,0,15,0,14,-1,14,-1,13,-1,12,-2,12,-1,11,-2,10,-2,9,-2,9,-3,9,0,0,0,0,0,0,0,0,0,0,0,0,0,0,-9,30,-13,29,-15,28,-17,27,-18,28,-19,27,-22,27,-24,27,-25,26,-26,24,-26,24,-27,23,-27,21,-27,21,-25,20,-24,20,-22,21,-22,21,-21,21,-21,22,-20,23,-18,24,-18,24,-17,24,-17,25,-16,25,-16,25,-15,24]"
618035822144300,17.371295900,90461,1870816547,-51,-98,6,0,1,7,0,0,256,0,0,"[0,0,7,12,7,12,6,11,7,10,6,10,6,9,6,8,6,8,6,7,7,6,7,5,6,5,6,5,7,4,6,4,7,4,6,4,6,3,6,3,6,3,6,3,5,3,5,3,4,3,4,3,4,2,0,0,0,0,0,0,0,0,0,0,0,0,0,0,0,0,0,0,0,0,0,0,9,14,9,15,8,15,7,16,7,17,6,17,5,18,5,18,4,18,3,18,3,18,3,17,3,17,3,16,3,16,4,15,4,15,5,15,6,14,6,14,6,14,7,14,7,14,7,14,7,13,7,13,0,0,21,17,21,15,20,15,19,13,19,12,18,11,18,10,17,9,16,8,16,6,16,4,16,3,16,3,16,3,15,2,15,2,14,2,14,2,13,2,13,2,12,2,11,2,11,2,10,1,10,1,9,2,9,2,9,2,0,0,0,0,0,0,0,0,0,0,0,0,0,0,28,11,27,14,26,16,25,18,24,20,24,21,24,23,23,26,22,27,21,28,19,28,19,28,19,27,19,26,18,25,18,23,17,24,18,22,19,22,19,21,20,20,20,20,20,19,21,19,22,19,23,17,24,16,23,17]"
618035843155300,17.392306900,90462,1870838712,-51,-98,6,0,1,7,0,0,256,0,0,"[0,0,4,-15,4,-14,3,-14,3,-13,3,-13,2,-12,2,-12,1,-11,1,-11,0,-11,0,-10,-1,-10,-1,-10,-2,-9,-2,-9,-2,-9,-2,-9,-2,-9,-2,-8,-1,-8,-1,-8,-1,-7,-1,-7,-1,-7,-1,-6,-1,-6,0,0,0,0,0,0,0,0,0,0,0,0,0,0,0,0,0,0,0,0,0,0,3,-17,4,-18,5,-18,6,-18,7,-18,8,-18,9,-17,10,-17,10,-17,10,-16,10,-16,10,-15,9,-15,9,-15,9,-15,8,-14,8,-15,7,-15,7,-15,6,-15,6,-15,5,-16,5,-16,4,-16,4,-16,4,-16,0,0,11,-25,11,-25,10,-24,9,-22,9,-21,7,-21,6,-20,5,-20,4,-19,3,-18,2,-17,1,-17,0,-17,0,-17,0,-17,-1,-16,-1,-15,-1,-16,-1,-15,-1,-15,-1,-13,0,-13,0,-13,0,-12,0,-11,0,-11,1,-11,1,-10,0,0,0,0,0,0,0,0,0,0,0,0,0,0,6,-31,10,-31,12,-30,13,-29,15,-30,16,-29,19,-29,20,-29,21,-28,23,-27,24,-26,24,-25,24,-24,23,-23,22,-22,21,-22,20,-23,19,-23,18,-24,18,-24,16,-25,15,-25,15,-25,14,-26,14,-26,13,-27,13,-26,13,-26]"
618035872327700,17.421479300,90463,1870868552,-50,-98,6,0,1,6,0,0,256,0,0,"[0,0,-15,-5,-15,-4,-14,-4,-14,-4,-13,-3,-13,-3,-12,-2,-12,-2,-11,-1,-11,-1,-10,0,-10,0,-10,0,-9,1,-9,1,-9,1,-9,1,-8,1,-8,1,-8,1,-8,1,-7,1,-7,1,-7,0,-6,0,-6,0,0,0,0,0,0,0,0,0,0,0,0,0,0,0,0,0,0,0,0,0,0,0,-18,-4,-18,-5,-18,-6,-18,-7,-18,-8,-18,-9,-18,-10,-17,-11,-17,-11,-16,-12,-15,-11,-15,-11,-15,-11,-15,-10,-15,-10,-15,-9,-15,-8,-15,-8,-15,-7,-15,-7,-16,-7,-16,-6,-16,-6,-16,-6,-16,-5,-16,-5,0,0,-24,-15,-25,-13,-22,-12,-22,-12,-21,-11,-20,-10,-19,-9,-19,-9,-19,-6,-18,-6,-18,-4,-16,-3,-16,-2,-16,-3,-17,-1,-15,0,-16,-1,-15,0,-15,0,-14,-2,-14,-1,-12,-2,-13,-1,-12,-1,-11,-2,-11,-2,-9,-2,-10,-2,0,0,0,0,0,0,0,0,0,0,0,0,0,0,-31,-10,-31,-12,-29,-14,-29,-17,-31,-18,-29,-20,-29,-22,-28,-24,-27,-25,-25,-27,-26,-26,-24,-27,-24,-27,-23,-26,-22,-25,-21,-23,-21,-24,-22,-21,-23,-21,-24,-21,-24,-19,-24,-18,-23,-19,-25,-17,-25,-17,-25,-16,-25,-16,-25,-15]"
618035886739800,17.435891400,90464,1870878205,-50,-98,6,0,1,7,0,0,256,0,0,"[0,0,-7,-13,-8,-13,-7,-12,-7,-12,-7,-11,-7,-10,-7,-10,-7,-9,-7,-8,-7,-8,-7,-7,-7,-7,-8,-6,-8,-6,-8,-6,-7,-5,-7,-5,-7,-5,-7,-5,-6,-5,-6,-5,-6,-5,-6,-4,-5,-4,-5,-4,-5,-4,0,0,0,0,0,0,0,0,0,0,0,0,0,0,0,0,0,0,0,0,0,0,-10,-15,-10,-15,-9,-16,-9,-16,-8,-18,-7,-18,-6,-19,-5,-19,-5,-19,-5,-19,-4,-18,-4,-18,-4,-17,-4,-17,-5,-16,-5,-16,-5,-16,-6,-16,-6,-15,-7,-15,-7,-15,-7,-15,-8,-15,-8,-14,-8,-14,-8,-14,0,0,0,-27,-1,-27,-1,-27,-2,-24,-1,-23,-3,-22,-3,-21,-4,-20,-5,-18,-5,-19,-7,-17,-6,-16,-7,-15,-7,-14,-8,-14,-7,-14,-7,-14,-8,-12,-8,-14,-7,-11,-7,-12,-6,-12,-6,-12,-5,-10,-5,-10,-4,-10,-4,-10,-4,-9,0,0,0,0,0,0,0,0,0,0,0,0,0,0,-8,-32,-5,-33,-3,-32,-1,-33,0,-34,1,-33,4,-36,5,-35,7,-35,8,-35,10,-34,12,-34,9,-32,10,-32,10,-31,9,-31,7,-29,6,-30,6,-29,5,-30,4,-29,3,-29,3,-30,2,-30,1,-31,0,-30,1,-29,0,-29]"
618035903266800,17.452418400,90465,1870897042,-50,-98,6,0,1,7,0,0,256,0,0,"[0,0,-9,12,-8,11,-8,11,-7,10,-7,10,-6,10,-6,9,-5,9,-4,9,-4,9,-3,9,-3,8,-2,8,-2,8,-2,8,-2,8,-1,7,-1,8,-1,7,-1,7,-2,6,-2,6,-2,6,-2,5,-2,5,-2,5,0,0,0,0,0,0,0,0,0,0,0,0,0,0,0,0,0,0,0,0,0,0,-8,15,-9,15,-10,14,-11,14,-11,14,-13,14,-14,13,-15,13,-15,12,-14,12,-14,11,-14,11,-13,11,-13,11,-13,11,-12,11,-12,11,-11,11,-11,12,-11,12,-10,12,-10,12,-10,13,-9,13,-9,13,-9,13,0,0,-44,34,-42,31,-40,31,-37,31,-34,30,-32,30,-28,28,-26,30,-24,28,-23,27,-20,27,-18,29,-15,27,-15,28,-12,26,-13,27,-12,26,-13,26,-12,25,-10,22,-11,21,-11,21,-10,21,-8,19,-11,17,-11,17,-11,16,-12,15,0,0,0,0,0,0,0,0,0,0,0,0,0,0,-38,50,-44,47,-47,43,-52,43,-52,40,-55,39,-58,37,-64,33,-64,33,-66,29,-66,29,-66,27,-64,22,-62,22,-61,22,-58,22,-57,24,-53,24,-56,24,-53,26,-51,29,-49,32,-50,32,-47,34,-47,33,-46,36,-48,36,-48,36]"
618035923552700,17.472704300,90466,1870916588,-51,-98,6,0,1,7,0,0,256,0,0,"[0,0,13,-4,12,-5,11,-5,11,-5,10,-5,9,-5,9,-5,8,-5,7,-5,7,-5,6,-6,6,-6,5,-6,5,-6,5,-6,5,-6,4,-5,5,-6,4,-6,4,-5,4,-5,4,-5,3,-4,3,-4,3,-4,3,-4,0,0,0,0,0,0,0,0,0,0,0,0,0,0,0,0,0,0,0,0,0,0,14,-7,15,-6,15,-6,16,-5,16,-4,17,-3,17,-3,18,-2,17,-1,16,-1,16,-1,16,-1,15,-1,15,-1,15,-1,14,-2,14,-2,14,-3,14,-3,13,-4,13,-4,14,-4,14,-5,13,-5,13,-5,13,-5,0,0,25,-8,24,-9,22,-9,22,-8,20,-9,18,-9,18,-9,16,-9,15,-10,14,-10,13,-10,12,-10,11,-11,11,-11,11,-12,10,-11,9,-10,10,-11,9,-10,9,-10,8,-9,8,-9,7,-8,7,-8,7,-7,7,-6,7,-6,8,-6,0,0,0,0,0,0,0,0,0,0,0,0,0,0,26,-17,29,-14,29,-13,30,-12,31,-11,31,-9,33,-8,33,-5,34,-5,35,-3,34,-2,33,-1,32,0,31,0,30,0,30,0,29,-2,28,-3,28,-4,28,-5,27,-5,27,-7,27,-7,28,-9,27,-8,27,-9,26,-9,27,-9]"
618035947881400,17.497033000,90467,1870941571,-51,-98,6,0,1,7,0,0,256,0,0,"[0,0,5,14,5,13,5,12,5,12,5,11,4,10,5,9,5,9,5,8,5,8,6,7,6,6,6,6,6,6,6,6,6,5,6,5,6,5,5,5,5,5,5,5,4,4,4,4,4,4,3,4,3,4,0,0,0,0,0,0,0,0,0,0,0,0,0,0,0,0,0,0,0,0,0,0,8,15,7,16,6,16,6,17,5,18,4,18,3,18,2,19,1,19,1,18,1,18,1,18,1,17,1,17,1,16,2,16,2,16,3,15,3,15,3,15,4,15,4,15,5,15,5,15,5,15,5,14,0,0,9,26,9,25,9,24,8,22,9,21,8,20,9,18,9,17,9,16,10,15,10,13,11,13,11,12,11,12,11,11,11,11,11,10,10,10,10,9,9,9,9,9,8,9,8,8,7,8,6,8,7,8,5,8,5,7,0,0,0,0,0,0,0,0,0,0,0,0,0,0,18,24,16,27,14,29,13,30,11,31,10,32,9,34,7,35,5,35,4,36,2,36,2,35,2,34,2,33,2,32,2,31,3,31,3,30,3,30,5,29,6,29,6,29,7,29,8,29,9,28,10,28,10,28,10,27]"
618035965583900,17.514735500,90468,1870956777,-51,-98,6,0,1,7,0,0,256,0,0,"[0,0,-5,-14,-5,-14,-5,-13,-5,-13,-5,-12,-5,-11,-5,-11,-5,-10,-6,-9,-6,-9,-6,-8,-6,-7,-6,-7,-6,-7,-7,-7,-6,-6,-7,-6,-6,-6,-6,-6,-6,-6,-6,-5,-5,-5,-5,-5,-5,-5,-4,-5,-4,-5,0,0,0,0,0,0,0,0,0,0,0,0,0,0,0,0,0,0,0,0,0,0,-6,-16,-6,-17,-5,-18,-4,-18,-4,-19,-3,-19,-2,-19,-1,-19,-1,-19,0,-19,0,-18,0,-18,0,-18,0,-17,-1,-17,-2,-17,-2,-16,-2,-16,-3,-16,-3,-16,-4,-16,-4,-16,-5,-16,-5,-16,-5,-15,-5,-15,0,0,-10,-26,-11,-25,-10,-24,-10,-23,-10,-22,-11,-20,-11,-19,-11,-18,-11,-16,-12,-16,-12,-14,-12,-13,-12,-12,-12,-12,-13,-11,-12,-11,-12,-10,-12,-10,-11,-10,-11,-10,-11,-9,-10,-9,-9,-9,-9,-8,-8,-8,-8,-8,-8,-7,-7,-7,0,0,0,0,0,0,0,0,0,0,0,0,0,0,-22,-23,-19,-26,-14,-29,-12,-30,-11,-32,-10,-32,-9,-34,-7,-35,-6,-35,-4,-36,-4,-36,-2,-36,-1,-34,-2,-34,-2,-32,-2,-32,-3,-31,-4,-30,-5,-29,-5,-30,-7,-29,-8,-29,-9,-29,-10,-29,-10,-29,-10,-29,-11,-28,-10,-28]"
618035983313700,17.532465300,90469,1870976574,-51,-98,6,0,1,7,0,0,256,0,0,"[0,0,-15,1,-15,1,-14,1,-13,2,-13,2,-12,2,-12,2,-11,3,-10,3,-10,3,-9,4,-9,4,-8,4,-8,4,-8,4,-8,4,-7,4,-7,4,-7,4,-7,4,-6,4,-6,3,-6,3,-6,3,-6,3,-5,2,0,0,0,0,0,0,0,0,0,0,0,0,0,0,0,0,0,0,0,0,0,0,-18,3,-18,2,-18,1,-19,0,-19,0,-20,-1,-20,-2,-20,-3,-20,-4,-19,-4,-19,-4,-18,-4,-17,-4,-17,-3,-17,-3,-16,-2,-17,-2,-16,-1,-17,-1,-16,0,-17,0,-17,0,-17,1,-16,1,-16,1,-16,1,0,0,-28,2,-28,3,-26,3,-24,3,-24,3,-22,4,-22,4,-20,5,-19,5,-18,6,-17,7,-16,7,-15,8,-15,8,-14,8,-14,8,-13,8,-13,8,-13,8,-12,7,-12,7,-11,6,-11,6,-10,6,-10,5,-9,5,-10,4,-10,3,0,0,0,0,0,0,0,0,0,0,0,0,0,0,-30,9,-32,6,-32,6,-33,4,-34,3,-34,1,-35,-1,-37,-3,-36,-4,-37,-6,-36,-7,-35,-8,-34,-7,-33,-8,-32,-7,-31,-7,-31,-6,-30,-4,-31,-4,-31,-3,-31,-2,-30,-1,-30,0,-31,1,-31,2,-30,2,-30,2,-30,3]"
618036004543200,17.553694800,90470,1870996834,-51,-98,6,0,1,7,0,0,256,0,0,"[0,0,13,-7,13,-7,12,-6,11,-6,11,-6,10,-6,9,-7,9,-7,8,-6,7,-7,7,-7,6,-7,6,-7,5,-7,5,-7,5,-7,5,-7,5,-7,4,-7,4,-6,4,-6,4,-6,4,-5,4,-5,3,-5,3,-4,0,0,0,0,0,0,0,0,0,0,0,0,0,0,0,0,0,0,0,0,0,0,14,-9,15,-8,16,-7,17,-7,17,-6,18,-6,18,-5,19,-4,19,-3,18,-3,18,-3,17,-3,17,-3,16,-3,16,-3,15,-3,15,-4,15,-4,15,-5,15,-5,15,-6,14,-6,15,-7,14,-7,14,-7,14,-7,0,0,26,-11,24,-11,24,-11,22,-10,22,-10,20,-11,18,-11,17,-11,16,-11,14,-11,14,-12,13,-12,12,-12,11,-13,11,-12,10,-12,10,-12,10,-12,9,-12,9,-11,8,-11,8,-10,8,-9,8,-9,7,-8,7,-8,8,-6,8,-6,0,0,0,0,0,0,0,0,0,0,0,0,0,0,27,-16,29,-13,29,-15,30,-14,30,-12,32,-11,33,-9,36,-8,35,-7,36,-5,35,-4,34,-3,34,-2,33,-2,32,-3,31,-3,31,-3,29,-4,30,-5,29,-6,30,-7,29,-9,28,-9,28,-10,28,-10,28,-11,27,-11,28,-12]"
618036024804000,17.573955600,90471,1871018489,-51,-98,6,0,1,7,0,0,256,0,0,"[0,0,4,14,4,13,4,12,4,12,4,12,4,11,4,10,4,9,4,9,5,8,5,7,5,7,5,6,5,6,6,6,5,5,5,5,5,5,5,5,5,5,4,5,4,4,4,4,4,4,3,4,3,4,0,0,0,0,0,0,0,0,0,0,0,0,0,0,0,0,0,0,0,0,0,0,6,15,5,16,5,17,4,17,3,18,2,19,1,19,0,19,0,19,0,18,-1,18,-1,17,0,17,0,16,0,16,1,16,1,15,1,15,2,15,2,15,3,15,3,15,3,15,4,15,4,15,4,15,0,0,7,26,7,25,7,24,7,23,7,22,7,20,7,19,8,18,8,16,9,15,10,14,10,13,10,12,10,12,11,12,10,11,10,10,10,10,9,10,9,10,8,9,8,9,7,9,7,8,6,8,6,8,5,7,4,8,0,0,0,0,0,0,0,0,0,0,0,0,0,0,14,27,11,29,11,29,9,30,8,32,7,32,5,34,4,35,2,35,0,35,-1,35,-1,35,-2,34,-2,33,-2,32,-1,31,0,30,1,30,1,29,2,29,4,29,4,29,5,29,6,29,6,29,7,29,8,28,7,28]"
618036043650100,17.592801700,90472,1871036634,-51,-98,6,0,1,7,0,0,256,0,0,"[0,0,13,-6,12,-6,11,-6,11,-6,10,-6,10,-6,9,-6,8,-6,8,-6,7,-7,6,-7,6,-7,5,-7,5,-7,5,-7,5,-7,5,-7,4,-7,4,-6,4,-6,4,-6,4,-5,4,-5,3,-5,3,-5,3,-5,0,0,0,0,0,0,0,0,0,0,0,0,0,0,0,0,0,0,0,0,0,0,14,-8,15,-8,15,-7,16,-6,17,-6,17,-5,18,-4,18,-3,18,-2,17,-2,17,-2,17,-2,16,-2,16,-2,16,-3,15,-3,15,-4,15,-4,14,-5,14,-5,14,-5,14,-6,14,-6,14,-7,14,-7,14,-7,0,0,26,-11,24,-11,23,-10,21,-10,21,-10,19,-11,18,-11,17,-11,15,-11,14,-12,13,-12,12,-12,11,-12,11,-13,10,-13,10,-13,9,-12,9,-12,9,-12,9,-11,8,-11,8,-10,7,-9,7,-9,7,-8,7,-8,8,-6,8,-6,0,0,0,0,0,0,0,0,0,0,0,0,0,0,26,-16,29,-14,28,-14,30,-13,30,-11,32,-10,33,-9,35,-8,35,-6,35,-5,35,-3,34,-3,33,-2,32,-2,31,-2,31,-3,31,-4,28,-4,29,-5,28,-6,29,-8,28,-8,28,-9,28,-9,28,-10,27,-11,27,-11,27,-11]"
618036062556900,17.611708500,90473,1871056592,-51,-98,6,0,1,7,0,0,256,0,0,"[0,0,1,14,1,14,2,13,1,12,2,12,2,11,2,10,2,10,3,9,3,9,3,8,4,8,4,7,4,7,4,7,4,7,4,6,4,6,4,6,4,6,3,6,3,5,3,5,3,5,2,5,2,4,0,0,0,0,0,0,0,0,0,0,0,0,0,0,0,0,0,0,0,0,0,0,3,16,2,17,1,17,1,17,0,18,-1,19,-2,18,-3,19,-3,18,-4,18,-4,17,-4,17,-3,17,-3,16,-3,16,-2,16,-2,15,-1,15,-1,15,0,15,0,16,1,16,1,16,1,16,1,15,1,15,0,0,3,28,3,27,3,25,3,24,4,23,4,21,4,20,5,19,6,18,6,17,7,16,7,15,8,14,8,14,8,13,8,13,8,12,8,12,8,12,7,11,6,11,6,10,5,10,5,9,5,9,4,9,4,8,3,9,0,0,0,0,0,0,0,0,0,0,0,0,0,0,11,28,7,30,6,32,5,33,3,33,2,33,0,35,-2,36,-3,35,-5,36,-6,35,-7,34,-7,33,-7,32,-7,32,-6,31,-5,31,-4,30,-3,30,-2,30,-1,30,0,30,1,30,2,30,2,30,2,30,3,30,3,29]"
618036084444500,17.633596100,90474,1871077780,-51,-98,6,0,1,7,0,0,256,0,0,"[0,0,10,-11,9,-11,8,-10,9,-10,8,-10,7,-10,6,-10,6,-10,5,-9,4,-9,4,-9,3,-9,3,-9,2,-9,2,-9,2,-9,2,-8,2,-8,2,-8,2,-8,2,-7,2,-7,2,-6,2,-6,2,-6,2,-5,0,0,0,0,0,0,0,0,0,0,0,0,0,0,0,0,0,0,0,0,0,0,10,-15,11,-14,11,-14,12,-13,13,-13,14,-13,15,-12,15,-12,15,-11,16,-10,15,-10,15,-9,15,-9,14,-9,14,-9,13,-10,12,-10,12,-11,12,-11,11,-11,11,-11,11,-12,11,-12,11,-12,10,-12,10,-12,0,0,19,-21,18,-21,16,-19,17,-19,15,-18,13,-18,12,-18,11,-18,9,-18,8,-17,7,-17,7,-16,6,-16,5,-16,5,-16,4,-16,4,-15,4,-15,3,-15,4,-14,3,-13,4,-12,3,-12,4,-11,4,-11,4,-10,4,-10,4,-8,0,0,0,0,0,0,0,0,0,0,0,0,0,0,14,-29,18,-27,19,-27,20,-26,22,-26,23,-24,26,-25,27,-23,28,-23,29,-22,30,-21,30,-19,29,-18,29,-17,28,-17,27,-17,26,-17,25,-18,24,-18,24,-19,22,-20,22,-21,21,-21,21,-22,21,-22,21,-22,20,-22,20,-22]"
618036107431100,17.656582700,90475,1871098861,-51,-98,6,0,1,7,0,0,256,0,0,"[0,0,9,-12,8,-12,7,-12,7,-12,6,-11,6,-11,5,-11,5,-10,4,-10,3,-10,3,-10,2,-10,2,-10,1,-9,1,-9,1,-9,1,-9,1,-9,1,-8,1,-8,1,-8,1,-7,1,-7,1,-7,1,-6,1,-6,0,0,0,0,0,0,0,0,0,0,0,0,0,0,0,0,0,0,0,0,0,0,9,-15,10,-15,10,-15,11,-14,13,-15,13,-14,14,-13,15,-13,15,-12,15,-12,15,-11,14,-11,14,-11,13,-11,13,-11,12,-11,12,-11,12,-12,11,-12,11,-12,10,-12,10,-13,10,-13,10,-13,9,-13,9,-13,0,0,32,-46,30,-45,29,-43,27,-40,24,-41,21,-39,19,-39,16,-37,14,-36,12,-34,10,-35,9,-35,7,-33,6,-34,4,-32,4,-32,3,-30,3,-31,3,-29,3,-27,3,-26,4,-25,3,-24,3,-22,4,-22,4,-21,5,-20,6,-18,0,0,0,0,0,0,0,0,0,0,0,0,0,0,21,-59,28,-59,33,-55,37,-55,39,-52,43,-52,46,-51,50,-51,52,-49,53,-48,55,-44,55,-42,54,-40,52,-40,50,-38,49,-38,48,-39,44,-39,45,-40,43,-41,40,-44,38,-45,37,-46,37,-49,35,-46,34,-48,35,-49,34,-49]"
618036122976100,17.672127700,90476,1871116873,-51,-98,6,0,1,7,0,0,256,0,0,"[0,0,15,0,14,-1,13,0,13,-1,12,-1,11,-1,11,-2,10,-2,10,-2,9,-3,9,-3,8,-3,8,-4,8,-4,8,-4,7,-4,7,-4,7,-4,7,-4,6,-3,6,-3,6,-3,5,-3,5,-2,5,-2,5,-2,0,0,0,0,0,0,0,0,0,0,0,0,0,0,0,0,0,0,0,0,0,0,17,-3,17,-2,17,-1,17,0,18,1,18,1,18,3,18,3,18,4,18,4,17,5,17,4,16,4,16,4,16,4,16,3,15,3,15,2,15,2,15,1,16,1,16,0,16,0,16,0,16,0,15,0,0,0,28,0,27,-1,26,-1,24,0,23,-1,22,-2,20,-2,20,-3,19,-4,17,-5,16,-6,16,-6,15,-7,15,-7,14,-7,14,-7,13,-7,14,-7,13,-7,12,-6,11,-6,11,-5,10,-5,10,-5,9,-4,9,-4,9,-3,9,-3,0,0,0,0,0,0,0,0,0,0,0,0,0,0,30,-10,31,-7,31,-4,32,-2,32,0,33,2,34,3,35,5,34,7,34,8,34,10,33,10,32,9,31,9,30,9,29,8,30,8,28,6,28,6,29,5,29,4,29,3,29,2,29,2,30,1,30,0,29,0,29,0]"
618036142927300,17.692078900,90477,1871136585,-51,-98,6,0,1,7,0,0,256,0,0,"[0,0,14,5,13,4,13,4,12,3,12,3,12,3,11,2,11,1,10,1,10,1,9,0,9,0,9,-1,9,-1,8,-1,8,-2,8,-2,8,-2,8,-1,7,-1,7,-1,7,-1,6,-1,6,-1,6,-1,5,-1,0,0,0,0,0,0,0,0,0,0,0,0,0,0,0,0,0,0,0,0,0,0,17,3,17,5,17,5,17,6,17,7,17,8,17,9,16,10,16,10,15,11,15,11,14,10,14,10,14,10,14,9,13,8,14,8,14,7,14,7,15,7,14,6,15,6,15,6,15,5,15,5,15,5,0,0,26,8,26,8,24,7,23,7,22,6,21,4,21,3,20,3,19,1,18,1,17,0,16,0,16,-1,16,-2,16,-3,15,-3,15,-3,14,-3,14,-3,13,-3,12,-2,12,-2,12,-1,11,-1,10,-1,10,-1,10,0,9,0,0,0,0,0,0,0,0,0,0,0,0,0,0,0,31,1,31,5,30,8,31,8,32,10,31,11,32,14,31,16,32,16,30,18,30,18,28,20,27,20,26,20,25,19,25,18,25,17,26,15,25,14,26,14,26,13,27,11,27,10,28,10,28,11,27,11,27,10,27,9]"
618036164435300,17.713586900,90478,1871156468,-51,-98,6,0,1,7,0,0,256,0,0,"[0,0,-11,-8,-11,-8,-10,-7,-10,-7,-10,-6,-9,-6,-9,-5,-9,-5,-9,-4,-8,-4,-8,-3,-8,-3,-8,-2,-8,-2,-8,-2,-8,-1,-8,-2,-7,-2,-7,-2,-7,-2,-7,-2,-6,-1,-6,-2,-6,-1,-6,-2,-5,-2,0,0,0,0,0,0,0,0,0,0,0,0,0,0,0,0,0,0,0,0,0,0,-13,-9,-13,-9,-13,-10,-12,-11,-12,-12,-12,-12,-11,-13,-11,-14,-10,-14,-10,-14,-10,-13,-9,-13,-9,-13,-9,-12,-9,-12,-10,-11,-10,-11,-10,-11,-10,-10,-11,-10,-11,-10,-11,-9,-12,-9,-12,-9,-11,-8,-11,-9,0,0,-32,-41,-32,-42,-29,-40,-30,-36,-28,-33,-30,-31,-27,-29,-27,-29,-25,-23,-29,-19,-27,-21,-27,-18,-28,-16,-27,-17,-30,-14,-27,-12,-27,-14,-25,-12,-24,-11,-24,-14,-21,-10,-21,-12,-21,-12,-18,-11,-19,-9,-16,-11,-18,-11,-14,-11,0,0,0,0,0,0,0,0,0,0,0,0,0,0,-50,-40,-46,-45,-42,-49,-40,-50,-39,-57,-35,-54,-34,-62,-32,-64,-29,-65,-27,-66,-24,-67,-22,-67,-20,-65,-21,-63,-19,-60,-20,-57,-20,-54,-23,-55,-23,-52,-28,-53,-27,-51,-30,-49,-28,-52,-30,-50,-35,-48,-34,-46,-33,-46,-34,-46]"
618036182344300,17.731495900,90479,1871176664,-51,-98,6,0,1,7,0,0,256,0,0,"[0,0,3,14,3,13,3,13,3,12,3,12,4,11,4,10,4,9,4,9,4,8,4,8,4,7,5,7,5,7,5,6,5,6,5,6,5,6,5,5,4,5,4,5,4,5,3,5,3,4,3,4,3,4,0,0,0,0,0,0,0,0,0,0,0,0,0,0,0,0,0,0,0,0,0,0,4,16,4,17,3,17,3,18,2,18,1,19,0,19,-1,19,-1,19,-2,18,-3,18,-3,17,-3,17,-2,16,-1,17,-1,15,0,16,0,16,1,16,2,16,2,15,3,15,2,16,2,15,3,15,3,15,0,0,8,25,8,25,8,23,7,23,8,21,9,19,8,18,9,17,9,16,9,15,10,14,10,13,10,12,10,11,11,11,10,10,11,10,10,10,10,9,9,9,9,9,8,8,8,8,7,8,6,8,6,7,6,8,5,7,0,0,0,0,0,0,0,0,0,0,0,0,0,0,16,26,13,28,11,28,10,28,9,32,8,31,6,34,4,33,4,34,2,35,1,33,-1,35,-1,34,-1,32,-1,31,0,30,0,29,2,30,2,28,3,29,4,28,6,28,7,28,8,28,8,29,8,28,8,27,8,26]"
618036207423900,17.756575500,90480,1871201105,-51,-98,6,0,1,7,0,0,256,0,0,"[0,0,7,13,7,12,6,11,6,11,6,10,6,10,6,9,6,8,6,7,6,7,7,6,7,5,7,5,6,5,7,5,7,4,6,4,6,4,6,4,5,4,5,4,5,3,5,3,4,3,4,3,4,3,0,0,0,0,0,0,0,0,0,0,0,0,0,0,0,0,0,0,0,0,0,0,10,13,9,14,9,15,8,15,8,16,7,17,6,18,5,18,5,18,4,18,5,17,4,17,4,16,4,16,4,15,4,15,5,15,5,15,6,14,6,14,6,14,7,14,7,14,8,14,8,13,8,13,0,0,12,24,14,23,12,21,12,21,12,19,12,17,12,17,12,15,12,14,13,13,13,11,13,10,13,9,12,9,13,9,12,8,12,8,12,7,12,7,11,8,10,7,9,7,9,7,8,6,8,6,7,6,7,7,6,6,0,0,0,0,0,0,0,0,0,0,0,0,0,0,22,21,19,23,18,25,16,26,16,29,14,28,13,31,12,31,11,32,9,34,8,33,7,34,7,32,7,31,6,30,7,28,7,28,8,28,9,27,9,28,10,26,11,26,12,26,12,26,13,27,14,25,14,25,14,24]"
618036225068500,17.774220100,90481,1871218154,-51,-98,6,0,1,7,0,0,256,0,0,"[0,0,2,14,2,14,3,13,2,12,3,12,3,11,3,10,3,9,4,9,4,8,4,8,4,7,4,7,5,7,5,6,5,6,5,6,5,6,4,6,4,5,4,5,4,5,3,5,3,5,3,5,3,4,0,0,0,0,0,0,0,0,0,0,0,0,0,0,0,0,0,0,0,0,0,0,5,16,4,17,3,17,3,18,2,18,1,19,0,19,-1,19,-2,19,-2,18,-2,18,-2,17,-2,17,-2,16,-1,16,-1,15,-1,16,0,15,1,16,1,15,1,15,2,15,2,15,3,15,3,15,3,15,0,0,2,28,2,27,2,25,3,24,3,22,4,21,5,20,5,19,5,18,6,17,6,16,7,15,7,15,7,14,8,13,8,13,8,12,8,12,7,12,8,12,7,11,6,11,5,10,5,9,5,9,4,9,3,9,3,9,0,0,0,0,0,0,0,0,0,0,0,0,0,0,11,29,8,30,6,32,4,32,2,33,1,32,0,36,-1,34,-3,35,-4,35,-6,35,-7,35,-8,32,-7,31,-7,32,-7,31,-6,30,-5,30,-4,29,-3,30,-1,29,0,30,1,30,1,30,1,30,2,29,2,29,2,28]"
618036247988300,17.797139900,90482,1871241395,-51,-98,6,0,1,7,0,0,256,0,0,"[0,0,0,-15,-1,-15,-1,-14,-1,-14,-1,-13,-2,-12,-2,-12,-2,-11,-3,-10,-3,-10,-3,-10,-4,-9,-4,-9,-4,-9,-4,-8,-4,-8,-4,-8,-4,-8,-4,-8,-4,-7,-4,-7,-3,-7,-3,-6,-3,-6,-3,-6,-2,-6,0,0,0,0,0,0,0,0,0,0,0,0,0,0,0,0,0,0,0,0,0,0,-2,-18,-1,-18,-1,-18,0,-19,1,-19,2,-19,3,-19,4,-19,5,-19,5,-18,5,-18,5,-17,5,-17,4,-17,4,-17,3,-16,3,-16,2,-16,2,-17,1,-16,1,-17,0,-17,0,-17,0,-16,0,-16,0,-16,0,0,-2,-28,-3,-29,-2,-26,-3,-25,-3,-23,-4,-23,-4,-22,-5,-20,-6,-20,-7,-19,-7,-17,-8,-16,-8,-16,-8,-15,-8,-16,-8,-14,-8,-14,-8,-13,-8,-13,-7,-13,-7,-12,-6,-11,-6,-11,-6,-10,-5,-10,-5,-10,-4,-10,-4,-9,0,0,0,0,0,0,0,0,0,0,0,0,0,0,-11,-31,-8,-32,-6,-32,-3,-32,-2,-35,0,-33,2,-36,3,-35,5,-35,7,-36,8,-35,8,-35,8,-33,7,-32,7,-32,6,-31,6,-30,5,-31,5,-30,4,-31,2,-29,1,-30,0,-30,0,-31,-1,-32,-2,-30,-2,-31,-2,-30]"
618036283655600,17.832807200,90483,1871274971,-51,-98,6,0,1,7,0,0,256,0,0,"[0,0,-12,10,-12,9,-11,9,-11,9,-10,8,-9,8,-8,8,-7,8,-7,8,-6,8,-6,8,-5,7,-5,8,-4,7,-4,8,-3,7,-3,7,-3,7,-3,7,-3,7,-3,6,-3,6,-3,6,-3,5,-3,5,-3,5,0,0,0,0,0,0,0,0,0,0,0,0,0,0,0,0,0,0,0,0,0,0,-13,12,-14,11,-15,11,-15,10,-17,10,-17,9,-18,9,-18,8,-18,8,-19,7,-18,6,-18,6,-17,5,-16,6,-16,6,-16,7,-15,7,-15,8,-14,8,-14,9,-14,9,-13,9,-14,10,-14,9,-13,9,-13,9,0,0,-19,20,-19,20,-17,18,-17,18,-15,17,-13,17,-13,17,-11,16,-10,16,-9,16,-8,16,-7,15,-6,15,-5,14,-5,15,-4,14,-4,15,-4,14,-4,13,-4,13,-4,12,-4,12,-4,11,-4,10,-4,10,-4,9,-4,10,-5,8,0,0,0,0,0,0,0,0,0,0,0,0,0,0,-16,27,-19,26,-21,24,-21,23,-25,23,-25,21,-28,22,-29,21,-30,21,-32,19,-31,17,-32,17,-31,16,-30,15,-29,14,-28,15,-26,15,-26,16,-25,16,-26,17,-24,18,-23,19,-23,19,-23,20,-23,21,-21,21,-21,20,-20,20]"
618036299141000,17.848292600,90484,1871276525,-51,-98,6,0,1,7,0,0,256,0,0,"[0,0,0,-16,-1,-15,-1,-14,-1,-14,-1,-13,-2,-12,-2,-12,-2,-11,-3,-11,-3,-10,-3,-10,-4,-9,-4,-9,-4,-9,-4,-8,-4,-8,-4,-8,-4,-8,-4,-8,-4,-8,-4,-7,-3,-7,-3,-6,-3,-6,-3,-6,-3,-6,0,0,0,0,0,0,0,0,0,0,0,0,0,0,0,0,0,0,0,0,0,0,-3,-18,-2,-18,-1,-19,0,-19,1,-19,2,-20,2,-20,3,-20,4,-20,5,-19,6,-18,5,-18,5,-17,5,-17,4,-17,3,-17,3,-17,2,-17,2,-17,1,-17,0,-17,0,-17,0,-17,0,-17,0,-17,0,-17,0,0,-1,-27,-3,-28,-3,-26,-3,-25,-3,-23,-4,-22,-5,-21,-5,-20,-6,-19,-6,-18,-7,-18,-8,-16,-8,-15,-8,-14,-8,-15,-8,-14,-9,-13,-9,-13,-8,-13,-8,-13,-7,-13,-7,-11,-6,-11,-5,-11,-6,-11,-4,-9,-5,-10,-3,-10,0,0,0,0,0,0,0,0,0,0,0,0,0,0,-10,-30,-6,-32,-5,-32,-3,-32,-3,-34,-1,-33,2,-36,4,-35,4,-36,7,-36,7,-35,9,-35,10,-34,10,-33,9,-31,8,-30,6,-30,5,-30,3,-30,4,-31,3,-29,0,-30,1,-30,-1,-30,0,-31,-1,-30,-1,-30,0,-30]"
618036312701000,17.861852600,90485,1871298519,-51,-98,6,0,1,7,0,0,256,0,0,"[0,0,15,1,14,1,14,0,13,0,12,0,12,-1,11,-1,11,-1,10,-2,10,-2,9,-3,9,-3,8,-3,8,-4,8,-4,8,-4,7,-4,7,-3,7,-3,7,-3,6,-3,6,-3,6,-3,5,-2,5,-2,5,-2,0,0,0,0,0,0,0,0,0,0,0,0,0,0,0,0,0,0,0,0,0,0,17,-1,17,0,18,1,18,2,18,3,18,4,18,5,18,6,18,6,17,6,16,6,16,6,16,6,16,6,16,5,15,4,15,4,15,4,15,3,16,2,16,2,16,2,16,1,16,1,16,1,15,1,0,0,27,5,26,3,25,3,23,2,23,2,21,1,21,1,19,0,19,-1,18,-2,17,-3,16,-4,16,-4,16,-4,15,-5,15,-5,14,-5,14,-5,14,-4,13,-4,12,-4,12,-3,11,-3,10,-3,10,-3,10,-3,10,-2,9,-1,0,0,0,0,0,0,0,0,0,0,0,0,0,0,30,-4,31,-1,32,1,33,4,32,4,32,7,32,9,34,10,33,12,32,14,32,14,30,15,29,14,29,14,28,14,28,13,28,13,26,11,27,10,28,10,28,8,28,8,27,8,29,6,28,6,29,5,29,4,29,5]"
618036332175000,17.881326600,90486,1871322603,-51,-98,6,0,1,7,0,0,256,0,0,"[0,0,14,2,14,2,13,2,13,2,12,1,11,1,11,0,11,0,10,-1,10,-1,9,-2,9,-2,8,-2,8,-3,8,-3,8,-3,7,-3,7,-3,7,-3,7,-2,6,-2,6,-2,6,-2,6,-2,5,-2,5,-1,0,0,0,0,0,0,0,0,0,0,0,0,0,0,0,0,0,0,0,0,0,0,17,1,17,2,17,2,17,4,17,4,18,5,18,6,18,7,17,8,16,8,16,8,15,8,15,7,15,7,15,7,14,6,15,6,15,5,15,5,15,4,15,4,15,3,15,3,15,3,15,2,15,3,0,0,26,5,25,4,25,4,23,3,23,3,21,1,20,1,19,0,19,-1,17,-2,17,-3,16,-3,16,-4,15,-4,15,-5,15,-5,14,-5,14,-5,13,-5,13,-5,12,-4,12,-4,11,-4,10,-3,10,-3,10,-3,9,-2,9,-1,0,0,0,0,0,0,0,0,0,0,0,0,0,0,30,-2,30,1,31,3,31,5,31,6,32,9,31,10,33,13,31,14,31,15,31,16,29,16,28,16,28,16,27,15,26,14,27,14,26,12,27,11,26,10,28,10,27,8,28,7,28,7,28,7,28,6,28,5,28,5]"
618036345657700,17.894809300,90487,1871340925,-51,-98,6,0,1,7,0,0,256,0,0,"[0,0,-4,14,-3,14,-3,13,-2,13,-2,12,-2,11,-1,11,-1,10,-1,10,0,10,1,9,1,8,1,8,1,8,2,8,2,8,2,7,2,7,2,7,1,7,1,6,1,6,0,6,1,5,1,5,0,5,0,0,0,0,0,0,0,0,0,0,0,0,0,0,0,0,0,0,0,0,0,0,-1,17,-2,17,-2,17,-3,17,-4,18,-6,18,-7,18,-8,17,-8,17,-9,17,-9,16,-8,15,-8,15,-8,15,-7,15,-7,15,-6,14,-6,15,-5,15,-5,15,-5,15,-4,15,-4,16,-3,15,-3,15,-3,15,0,0,-3,27,-3,25,-2,25,-1,23,-1,22,0,21,0,20,1,20,1,18,2,17,3,16,4,16,4,15,5,15,5,15,5,14,5,13,5,14,5,13,4,13,4,12,3,11,3,10,3,10,2,9,2,9,2,9,1,9,0,0,0,0,0,0,0,0,0,0,0,0,0,0,6,29,2,31,1,31,-2,31,-2,32,-4,33,-6,33,-8,34,-9,33,-12,33,-12,32,-13,31,-13,31,-13,30,-12,28,-11,28,-10,28,-9,27,-9,28,-8,28,-7,29,-6,28,-5,28,-5,29,-4,28,-3,29,-3,29,-3,28]"
618036364528400,17.913680000,90488,1871357935,-51,-98,6,0,1,7,0,0,256,0,0,"[0,0,-14,7,-13,7,-13,6,-12,6,-11,6,-11,6,-10,6,-9,6,-9,6,-8,6,-7,7,-7,7,-6,7,-6,7,-6,7,-5,7,-5,7,-5,6,-5,6,-5,6,-5,5,-5,5,-4,5,-4,5,-4,4,-4,4,0,0,0,0,0,0,0,0,0,0,0,0,0,0,0,0,0,0,0,0,0,0,-16,9,-16,8,-17,7,-17,7,-19,6,-19,5,-20,4,-20,3,-20,3,-19,3,-19,3,-18,2,-18,3,-18,3,-17,3,-17,3,-16,4,-16,4,-16,5,-16,5,-16,6,-16,6,-16,7,-15,7,-15,7,-15,7,0,0,-25,14,-23,14,-23,13,-20,13,-20,13,-18,13,-17,13,-16,13,-15,13,-13,13,-11,14,-11,14,-10,14,-9,13,-9,13,-8,13,-8,13,-8,13,-8,12,-8,11,-7,10,-8,10,-7,10,-7,9,-6,9,-7,8,-6,7,-7,7,0,0,0,0,0,0,0,0,0,0,0,0,0,0,-23,22,-25,20,-27,18,-28,16,-29,15,-30,14,-33,13,-34,12,-35,10,-36,9,-35,7,-35,7,-34,7,-33,7,-31,7,-31,8,-30,8,-29,8,-29,9,-28,10,-28,11,-28,11,-27,12,-27,13,-26,14,-26,15,-25,15,-25,15]"
618036385450700,17.934602300,90489,1871378460,-51,-98,6,0,1,7,0,0,256,0,0,"[0,0,13,7,13,6,12,6,12,5,11,5,11,4,10,4,10,3,10,2,9,2,9,1,9,0,9,0,9,0,8,0,8,0,8,-1,8,0,8,0,7,0,7,0,6,0,6,0,6,0,6,0,5,0,0,0,0,0,0,0,0,0,0,0,0,0,0,0,0,0,0,0,0,0,0,0,16,5,16,7,16,7,16,8,16,9,16,10,15,11,15,12,14,13,14,12,14,12,13,12,13,11,13,11,13,11,12,10,13,10,13,9,13,9,13,8,13,8,14,8,14,7,14,7,14,7,14,7,0,0,24,14,23,12,22,13,21,11,20,10,19,9,19,8,18,7,18,6,17,5,17,3,17,3,16,2,16,1,16,1,15,0,15,0,14,0,14,0,14,1,13,1,12,0,12,1,11,1,10,1,10,1,9,2,9,2,0,0,0,0,0,0,0,0,0,0,0,0,0,0,30,8,29,12,29,13,28,15,28,17,27,19,28,21,27,22,26,23,25,24,23,25,23,26,22,25,21,24,21,24,21,22,21,21,21,20,21,20,23,19,23,18,23,18,24,17,24,17,25,16,25,15,25,15,25,15]"
618036404150100,17.953301700,90490,1871397746,-51,-98,6,0,1,7,0,0,256,0,0,"[0,0,-15,4,-14,4,-14,4,-13,4,-13,4,-12,4,-11,4,-10,4,-10,5,-9,5,-9,5,-8,5,-7,6,-7,6,-7,5,-7,5,-7,5,-6,5,-6,5,-6,5,-6,4,-6,4,-6,4,-5,4,-5,3,-5,3,0,0,0,0,0,0,0,0,0,0,0,0,0,0,0,0,0,0,0,0,0,0,-16,7,-17,6,-18,5,-18,4,-19,4,-20,3,-20,2,-20,1,-20,0,-19,0,-19,0,-19,0,-18,0,-18,0,-17,0,-17,1,-17,1,-17,2,-17,2,-17,3,-16,3,-16,3,-16,4,-16,4,-16,5,-16,4,0,0,-27,9,-26,9,-24,9,-23,9,-22,9,-20,9,-19,9,-18,9,-16,9,-15,10,-14,11,-13,11,-13,11,-13,11,-12,11,-11,11,-11,11,-11,11,-11,10,-10,9,-10,9,-10,8,-9,8,-8,8,-8,7,-8,6,-9,6,-9,5,0,0,0,0,0,0,0,0,0,0,0,0,0,0,-25,19,-27,16,-29,14,-30,12,-31,12,-31,11,-33,8,-36,7,-36,5,-36,3,-35,2,-35,2,-35,3,-33,2,-32,2,-31,3,-31,2,-30,4,-30,4,-29,5,-30,6,-30,6,-29,7,-29,8,-28,9,-29,10,-27,10,-28,10]"
618036425441100,17.974592700,90491,1871417393,-51,-98,6,0,1,7,0,0,256,0,0,"[0,0,4,-15,3,-15,3,-14,3,-14,2,-13,2,-13,1,-12,1,-12,0,-11,0,-11,-1,-10,-1,-10,-2,-10,-2,-9,-2,-9,-2,-9,-2,-9,-2,-9,-2,-9,-2,-8,-2,-8,-2,-7,-2,-7,-1,-7,-1,-7,-1,-6,0,0,0,0,0,0,0,0,0,0,0,0,0,0,0,0,0,0,0,0,0,0,3,-18,4,-18,5,-18,6,-18,7,-18,8,-18,9,-18,10,-18,10,-17,10,-16,10,-16,9,-16,9,-15,9,-15,8,-15,8,-15,7,-15,7,-15,6,-16,6,-16,5,-16,5,-16,5,-16,4,-16,4,-16,4,-16,0,0,4,-28,4,-28,4,-26,3,-25,1,-23,1,-22,1,-22,0,-21,-1,-20,-2,-19,-3,-18,-4,-18,-5,-17,-5,-16,-5,-16,-5,-16,-5,-15,-6,-14,-5,-14,-4,-14,-4,-13,-4,-13,-4,-12,-4,-12,-3,-11,-3,-11,-2,-11,-1,-10,0,0,0,0,0,0,0,0,0,0,0,0,0,0,-3,-32,0,-33,2,-33,4,-33,6,-34,7,-33,9,-35,11,-33,13,-33,14,-33,15,-32,16,-33,16,-31,15,-30,15,-29,13,-29,13,-28,12,-29,11,-28,10,-29,9,-28,8,-29,7,-29,7,-30,6,-30,5,-30,5,-30,5,-29]"
618036442574300,17.991725900,90492,1871436604,-51,-98,6,0,1,7,0,0,256,0,0,"[0,0,-12,10,-12,9,-11,9,-10,9,-10,9,-9,8,-8,8,-8,8,-7,8,-6,8,-6,8,-5,7,-5,8,-5,8,-4,8,-4,8,-4,7,-4,7,-4,7,-4,7,-4,6,-4,6,-3,5,-3,5,-3,4,-4,4,0,0,0,0,0,0,0,0,0,0,0,0,0,0,0,0,0,0,0,0,0,0,-12,13,-13,13,-14,12,-15,12,-15,11,-17,11,-18,10,-18,9,-18,8,-18,8,-18,8,-17,7,-16,7,-16,7,-16,7,-15,8,-15,8,-15,8,-14,8,-14,9,-14,9,-13,10,-14,10,-13,10,-13,10,-13,10,0,0,-22,19,-21,18,-19,17,-18,17,-17,16,-15,15,-15,15,-14,15,-12,16,-11,14,-9,14,-9,14,-8,15,-8,15,-6,14,-7,14,-6,14,-6,14,-6,13,-6,13,-6,12,-6,11,-5,10,-4,9,-5,9,-6,9,-4,9,-6,7,0,0,0,0,0,0,0,0,0,0,0,0,0,0,-17,26,-20,25,-22,24,-24,23,-25,22,-26,21,-28,20,-30,19,-31,18,-33,17,-33,15,-32,14,-31,13,-31,13,-30,13,-29,13,-28,13,-27,14,-27,14,-26,15,-25,16,-24,17,-25,17,-25,19,-24,18,-22,19,-23,19,-23,19]"
618036467153300,18.016304900,90493,1871459560,-51,-98,6,0,1,7,0,0,256,0,0,"[0,0,2,-15,1,-15,1,-14,1,-14,0,-13,0,-12,-1,-12,-1,-11,-1,-11,-2,-10,-2,-10,-3,-10,-3,-9,-3,-9,-3,-9,-4,-9,-3,-8,-4,-8,-3,-8,-3,-8,-3,-7,-3,-7,-2,-7,-2,-6,-2,-6,-2,-6,0,0,0,0,0,0,0,0,0,0,0,0,0,0,0,0,0,0,0,0,0,0,1,-17,2,-18,2,-18,3,-18,4,-19,5,-19,6,-19,7,-18,7,-18,7,-18,7,-17,7,-17,7,-16,7,-16,6,-16,5,-16,5,-16,5,-16,4,-16,3,-16,3,-16,3,-16,2,-17,2,-16,2,-16,2,-16,0,0,5,-27,4,-28,4,-25,4,-25,2,-22,2,-22,1,-21,0,-21,-1,-19,-2,-19,-3,-18,-4,-17,-4,-17,-4,-16,-5,-17,-5,-15,-6,-15,-5,-14,-5,-14,-4,-14,-4,-13,-3,-12,-4,-12,-3,-11,-3,-11,-2,-10,-2,-11,-1,-10,0,0,0,0,0,0,0,0,0,0,0,0,0,0,-2,-31,1,-32,4,-32,5,-31,7,-34,8,-31,10,-34,11,-32,13,-32,15,-32,16,-31,17,-32,16,-29,16,-28,14,-27,14,-27,13,-27,13,-29,12,-26,11,-29,9,-27,9,-28,8,-29,7,-29,7,-30,6,-29,6,-29,6,-28]"
618036493444600,18.042596200,90494,1871481781,-51,-98,6,0,1,7,0,0,256,0,0,"[0,0,-10,11,-10,11,-9,10,-8,10,-8,10,-7,9,-6,9,-6,9,-5,9,-5,9,-4,9,-4,8,-3,8,-3,8,-3,8,-2,8,-2,8,-2,8,-2,7,-2,7,-2,6,-2,6,-2,6,-2,5,-2,5,-2,5,0,0,0,0,0,0,0,0,0,0,0,0,0,0,0,0,0,0,0,0,0,0,-10,14,-11,14,-11,14,-12,13,-13,13,-14,13,-15,12,-16,12,-16,11,-16,11,-15,10,-15,10,-15,10,-14,9,-14,10,-13,10,-13,10,-13,11,-12,11,-11,11,-12,11,-11,12,-11,12,-11,12,-10,12,-10,12,0,0,-34,44,-33,42,-30,39,-29,40,-27,37,-23,37,-22,36,-20,34,-17,33,-15,33,-14,32,-11,32,-10,31,-9,30,-7,31,-6,31,-5,30,-6,29,-5,28,-5,27,-6,25,-5,24,-6,22,-6,21,-7,20,-6,20,-7,19,-8,17,0,0,0,0,0,0,0,0,0,0,0,0,0,0,-27,56,-33,53,-37,51,-40,50,-42,51,-44,48,-49,48,-53,47,-54,45,-57,42,-56,40,-59,38,-57,36,-57,34,-54,33,-51,33,-49,35,-47,37,-46,37,-45,39,-43,39,-41,41,-41,41,-39,45,-40,45,-38,44,-37,45,-37,44]"
618036506504400,18.055656000,90495,1871496708,-51,-98,6,0,1,7,0,0,256,0,0,"[0,0,-1,-16,-1,-15,-1,-14,-1,-14,-2,-13,-2,-12,-3,-12,-3,-11,-3,-11,-3,-10,-4,-10,-4,-9,-4,-9,-5,-8,-5,-8,-5,-8,-5,-8,-5,-8,-5,-7,-4,-7,-4,-7,-4,-7,-4,-6,-3,-6,-3,-6,-3,-6,0,0,0,0,0,0,0,0,0,0,0,0,0,0,0,0,0,0,0,0,0,0,-2,-18,-1,-18,0,-19,1,-19,2,-20,3,-20,3,-20,4,-20,5,-19,5,-19,6,-18,5,-17,5,-17,5,-17,4,-17,3,-16,3,-16,2,-17,2,-17,1,-17,0,-17,0,-17,0,-17,0,-16,0,-16,0,-16,0,0,-4,-27,-5,-28,-5,-26,-5,-24,-5,-22,-6,-22,-6,-21,-7,-20,-7,-18,-8,-18,-8,-17,-8,-16,-9,-15,-9,-14,-10,-14,-10,-13,-10,-12,-9,-12,-10,-12,-9,-12,-8,-12,-8,-10,-7,-11,-7,-10,-6,-10,-6,-9,-5,-9,-5,-9,0,0,0,0,0,0,0,0,0,0,0,0,0,0,-11,-30,-7,-31,-6,-32,-4,-32,-4,-34,-2,-33,0,-36,2,-35,2,-36,5,-36,5,-35,7,-36,8,-33,8,-32,7,-31,6,-30,5,-30,3,-31,2,-30,1,-31,0,-29,-2,-30,-2,-30,-3,-30,-3,-31,-3,-30,-3,-30,-3,-30]"
618036524284800,18.073436400,90496,1871517492,-51,-98,6,0,1,7,0,0,256,0,0,"[0,0,-7,-14,-7,-13,-7,-13,-6,-12,-7,-12,-7,-11,-7,-10,-7,-9,-7,-9,-7,-8,-7,-8,-7,-7,-7,-7,-8,-6,-7,-6,-7,-6,-7,-5,-7,-5,-7,-5,-6,-5,-6,-5,-6,-5,-6,-4,-5,-4,-5,-4,-5,-4,0,0,0,0,0,0,0,0,0,0,0,0,0,0,0,0,0,0,0,0,0,0,-10,-15,-10,-16,-9,-16,-8,-17,-7,-18,-7,-19,-5,-19,-5,-20,-4,-19,-4,-19,-3,-18,-3,-18,-3,-18,-4,-17,-4,-17,-4,-16,-4,-16,-5,-16,-6,-16,-6,-15,-7,-15,-7,-16,-7,-15,-7,-15,-8,-15,-8,-15,0,0,-11,-25,-11,-25,-10,-25,-10,-22,-11,-22,-10,-19,-10,-18,-11,-18,-11,-16,-11,-15,-11,-14,-11,-13,-12,-13,-12,-12,-12,-11,-12,-11,-12,-10,-12,-10,-12,-10,-11,-9,-10,-9,-10,-9,-9,-8,-9,-9,-8,-8,-7,-8,-7,-8,-6,-8,0,0,0,0,0,0,0,0,0,0,0,0,0,0,-18,-25,-15,-28,-13,-28,-14,-31,-11,-31,-11,-33,-9,-33,-7,-36,-7,-34,-5,-35,-3,-35,-3,-34,-2,-34,-1,-33,-1,-32,-2,-31,-4,-31,-4,-29,-5,-30,-6,-29,-7,-30,-9,-29,-10,-28,-10,-29,-9,-28,-10,-28,-10,-28,-10,-28]"
618036545290500,18.094442100,90497,1871536683,-51,-98,6,0,1,7,0,0,256,0,0,"[0,0,-7,14,-6,12,-6,12,-5,11,-5,11,-5,11,-4,10,-3,10,-3,10,-2,9,-2,9,-1,9,-1,9,0,9,-1,8,0,8,0,8,0,8,0,8,0,7,0,7,-1,6,-1,6,-1,6,-1,6,-1,5,0,0,0,0,0,0,0,0,0,0,0,0,0,0,0,0,0,0,0,0,0,0,-6,16,-7,16,-8,15,-9,16,-10,15,-11,16,-12,15,-13,15,-13,14,-12,13,-12,14,-12,13,-12,12,-11,12,-11,13,-10,12,-10,13,-9,12,-9,13,-9,13,-9,13,-8,14,-8,14,-7,14,-7,14,-7,14,0,0,-16,22,-15,21,-15,21,-13,19,-12,19,-10,19,-10,19,-8,18,-7,18,-6,17,-6,16,-4,16,-4,16,-3,16,-3,15,-2,15,-2,14,-2,15,-2,14,-2,14,-2,13,-2,12,-2,11,-3,11,-3,11,-3,9,-3,9,-4,8,0,0,0,0,0,0,0,0,0,0,0,0,0,0,-11,28,-14,27,-17,27,-18,26,-20,25,-22,25,-24,24,-25,24,-26,23,-27,23,-27,20,-27,21,-27,19,-26,19,-25,19,-25,18,-24,19,-23,19,-22,19,-22,20,-21,21,-19,22,-18,22,-19,23,-17,23,-18,23,-17,23,-18,23]"
618036564904400,18.114056000,90498,1871556418,-51,-98,6,0,1,7,0,0,256,0,0,"[0,0,-9,12,-8,12,-8,11,-8,11,-7,10,-6,10,-5,10,-5,9,-4,9,-4,9,-3,9,-3,8,-2,9,-2,8,-2,8,-1,8,-1,8,-1,8,-1,7,-1,7,-1,7,-1,6,-2,6,-1,6,-1,5,-2,5,0,0,0,0,0,0,0,0,0,0,0,0,0,0,0,0,0,0,0,0,0,0,-9,14,-10,14,-11,14,-12,14,-13,13,-14,13,-14,12,-15,12,-15,12,-15,11,-15,10,-15,10,-14,10,-14,10,-13,10,-13,10,-12,10,-12,11,-11,11,-10,11,-11,12,-11,12,-10,13,-10,12,-9,13,-9,13,0,0,-37,41,-35,39,-34,38,-31,36,-29,36,-26,34,-24,33,-22,33,-19,33,-16,32,-14,32,-13,32,-12,30,-10,31,-8,31,-8,31,-6,29,-7,29,-7,27,-8,26,-8,25,-8,24,-7,23,-7,21,-8,20,-8,19,-8,18,-9,17,0,0,0,0,0,0,0,0,0,0,0,0,0,0,-31,53,-36,51,-41,48,-44,47,-46,46,-48,44,-53,43,-56,41,-57,39,-60,36,-60,34,-60,34,-60,32,-59,30,-55,29,-53,29,-51,31,-50,32,-49,32,-47,34,-46,36,-44,38,-43,39,-43,41,-41,42,-40,42,-40,42,-39,42]"
618036595859000,18.145010600,90499,1871584771,-50,-98,6,0,1,7,0,0,256,0,0,"[0,0,-13,-9,-13,-9,-12,-8,-12,-8,-11,-7,-11,-7,-11,-6,-10,-5,-10,-5,-10,-4,-10,-4,-9,-3,-9,-3,-9,-2,-9,-2,-9,-2,-9,-2,-9,-2,-8,-2,-8,-2,-8,-2,-7,-2,-7,-2,-7,-2,-6,-2,-6,-2,0,0,0,0,0,0,0,0,0,0,0,0,0,0,0,0,0,0,0,0,0,0,-16,-9,-16,-10,-15,-11,-15,-12,-15,-12,-15,-14,-14,-14,-13,-15,-13,-15,-12,-15,-12,-15,-11,-15,-11,-14,-11,-14,-11,-14,-12,-12,-12,-12,-12,-12,-12,-12,-13,-11,-13,-11,-13,-10,-13,-11,-13,-10,-13,-10,-13,-10,0,0,-47,-28,-48,-27,-45,-26,-43,-23,-42,-21,-41,-19,-39,-17,-40,-16,-36,-12,-36,-10,-35,-7,-33,-6,-34,-5,-33,-4,-33,-2,-33,-1,-31,-1,-30,-1,-30,-1,-28,-3,-27,-3,-25,-3,-26,-3,-23,-2,-22,-3,-20,-4,-22,-5,-20,-5,0,0,0,0,0,0,0,0,0,0,0,0,0,0,-61,-16,-58,-24,-57,-28,-55,-31,-58,-34,-55,-36,-56,-42,-54,-45,-53,-46,-51,-51,-48,-50,-48,-53,-46,-52,-44,-50,-41,-48,-41,-45,-41,-43,-44,-42,-44,-40,-45,-40,-45,-37,-48,-35,-49,-36,-50,-33,-51,-34,-51,-32,-51,-30,-49,-30]"
618036609164900,18.158316500,90500,1871600123,-51,-98,6,0,1,7,0,0,256,0,0,"[0,0,-4,-15,-5,-15,-4,-14,-4,-14,-4,-13,-5,-12,-5,-11,-5,-11,-5,-10,-5,-10,-6,-9,-6,-8,-6,-8,-6,-8,-6,-8,-6,-7,-6,-7,-6,-7,-6,-7,-5,-6,-5,-6,-5,-6,-5,-6,-4,-6,-4,-6,-4,-5,0,0,0,0,0,0,0,0,0,0,0,0,0,0,0,0,0,0,0,0,0,0,-7,-17,-6,-17,-6,-18,-5,-18,-4,-19,-3,-20,-2,-20,-1,-20,-1,-20,0,-20,0,-19,0,-18,0,-18,0,-18,-1,-17,-1,-17,-1,-16,-2,-17,-2,-16,-3,-17,-3,-17,-4,-16,-4,-17,-5,-16,-4,-16,-4,-16,0,0,-9,-26,-10,-26,-10,-25,-9,-23,-10,-22,-10,-21,-10,-20,-10,-19,-10,-17,-11,-16,-12,-15,-12,-14,-12,-13,-12,-12,-12,-12,-12,-11,-12,-11,-12,-11,-11,-11,-10,-10,-10,-10,-10,-10,-9,-9,-9,-8,-8,-8,-7,-9,-7,-9,-6,-9,0,0,0,0,0,0,0,0,0,0,0,0,0,0,-18,-26,-16,-28,-14,-29,-11,-31,-11,-32,-9,-32,-8,-34,-6,-35,-4,-35,-2,-36,-2,-35,-1,-36,-2,-34,-1,-33,-2,-32,-2,-31,-2,-31,-4,-31,-4,-30,-5,-30,-6,-29,-7,-29,-7,-29,-8,-29,-9,-29,-10,-29,-10,-29,-10,-28]"
618036625439700,18.174591300,90501,1871619574,-51,-98,6,0,1,7,0,0,256,0,0,"[0,0,-10,-10,-10,-9,-9,-9,-9,-9,-9,-8,-9,-8,-9,-7,-8,-6,-8,-6,-8,-5,-8,-4,-8,-4,-8,-4,-8,-3,-8,-3,-8,-3,-8,-3,-7,-3,-7,-3,-7,-3,-7,-3,-6,-3,-6,-3,-6,-2,-6,-2,-5,-3,0,0,0,0,0,0,0,0,0,0,0,0,0,0,0,0,0,0,0,0,0,0,-13,-11,-12,-11,-12,-12,-11,-13,-11,-14,-11,-15,-9,-15,-9,-16,-8,-16,-8,-15,-8,-15,-8,-14,-8,-14,-8,-14,-8,-14,-8,-13,-8,-13,-8,-12,-9,-12,-9,-12,-9,-12,-10,-12,-10,-11,-11,-10,-11,-10,-10,-11,0,0,-20,-55,-19,-50,-19,-49,-18,-45,-19,-43,-19,-37,-20,-37,-21,-33,-21,-33,-23,-30,-23,-28,-22,-27,-22,-26,-22,-24,-21,-22,-23,-21,-23,-20,-23,-20,-22,-21,-22,-20,-19,-17,-17,-17,-16,-15,-18,-17,-17,-15,-13,-15,-12,-16,-12,-15,0,0,0,0,0,0,0,0,0,0,0,0,0,0,-37,-50,-31,-56,-28,-61,-25,-64,-21,-66,-15,-64,-18,-68,-16,-69,-10,-70,-10,-71,-6,-70,-5,-71,-2,-65,-1,-67,-3,-64,-1,-63,-5,-64,-5,-58,-6,-60,-10,-57,-12,-56,-14,-57,-16,-56,-18,-57,-17,-53,-18,-55,-19,-56,-20,-52]"
618036647917600,18.197069200,90502,1871640676,-51,-98,6,0,1,7,0,0,256,0,0,"[0,0,-15,-5,-14,-5,-14,-5,-13,-4,-13,-4,-12,-4,-12,-3,-11,-2,-11,-2,-10,-1,-10,-1,-10,0,-10,0,-10,0,-9,0,-9,0,-8,1,-9,1,-8,0,-8,0,-8,0,-7,0,-7,0,-7,0,-6,0,-6,0,0,0,0,0,0,0,0,0,0,0,0,0,0,0,0,0,0,0,0,0,0,0,-17,-4,-18,-5,-17,-6,-18,-7,-18,-8,-18,-9,-18,-10,-17,-11,-16,-11,-16,-11,-16,-11,-15,-11,-15,-10,-14,-10,-15,-10,-14,-9,-15,-9,-14,-8,-15,-8,-15,-7,-15,-7,-15,-7,-15,-6,-16,-6,-16,-6,-15,-5,0,0,-26,-11,-25,-11,-24,-11,-22,-9,-22,-8,-21,-6,-21,-5,-20,-5,-19,-4,-18,-2,-18,-2,-18,-1,-18,-1,-17,0,-16,0,-16,1,-16,1,-15,1,-15,1,-15,1,-13,0,-13,0,-13,0,-12,-1,-11,-1,-11,-1,-11,-2,-11,-2,0,0,0,0,0,0,0,0,0,0,0,0,0,0,-31,-5,-31,-9,-31,-11,-31,-12,-30,-14,-30,-16,-30,-17,-31,-19,-29,-20,-30,-21,-28,-23,-27,-22,-25,-23,-24,-22,-24,-21,-24,-21,-25,-20,-24,-19,-24,-18,-25,-17,-25,-15,-26,-15,-27,-14,-28,-14,-27,-13,-26,-13,-26,-13,-27,-13]"
618036673415400,18.222567000,90503,1871665525,-50,-98,6,0,1,7,0,0,256,0,0,"[0,0,-6,14,-6,13,-5,12,-5,12,-4,12,-4,11,-3,11,-3,10,-2,10,-1,10,-1,9,-1,9,0,9,0,8,0,8,0,8,1,8,1,8,1,7,0,7,0,7,0,6,0,6,0,6,0,5,-1,5,0,0,0,0,0,0,0,0,0,0,0,0,0,0,0,0,0,0,0,0,0,0,-5,16,-6,16,-7,17,-8,16,-9,16,-10,16,-11,16,-12,16,-12,15,-12,14,-12,14,-12,13,-12,13,-11,13,-10,13,-10,13,-9,13,-9,14,-8,13,-8,14,-8,14,-7,14,-7,15,-7,15,-6,15,-6,14,0,0,-10,26,-8,25,-8,25,-7,23,-6,22,-6,21,-5,20,-4,19,-3,19,-1,17,1,18,1,16,2,16,2,16,2,16,2,15,3,14,2,15,2,14,1,14,1,13,1,12,1,11,1,11,1,10,1,10,0,10,0,9,0,0,0,0,0,0,0,0,0,0,0,0,0,0,-1,31,-4,31,-6,31,-9,31,-10,31,-12,31,-14,31,-17,31,-18,30,-20,29,-21,28,-20,28,-18,29,-19,27,-18,26,-16,26,-17,26,-15,25,-15,26,-14,25,-13,27,-13,26,-12,26,-12,27,-10,27,-8,28,-8,28,-9,27]"
618036687907700,18.237059300,90504,1871683516,-51,-98,6,0,1,7,0,0,256,0,0,"[0,0,-15,-4,-15,-3,-14,-3,-13,-3,-13,-2,-12,-2,-12,-2,-11,-1,-11,-1,-10,0,-10,1,-10,1,-9,1,-9,2,-9,2,-9,2,-8,2,-9,2,-8,2,-8,1,-8,1,-7,1,-7,1,-7,1,-6,1,-6,1,0,0,0,0,0,0,0,0,0,0,0,0,0,0,0,0,0,0,0,0,0,0,-18,-3,-18,-4,-18,-5,-18,-6,-18,-6,-19,-8,-18,-9,-18,-9,-17,-10,-17,-10,-17,-10,-16,-9,-16,-9,-15,-9,-15,-9,-15,-8,-15,-7,-15,-7,-16,-6,-16,-6,-16,-5,-16,-5,-16,-5,-16,-4,-16,-4,-16,-4,0,0,-27,-8,-27,-8,-25,-7,-24,-6,-22,-5,-23,-4,-21,-4,-20,-3,-19,-1,-18,0,-18,0,-18,1,-17,2,-16,2,-16,3,-16,3,-16,3,-15,3,-14,3,-15,2,-13,2,-13,2,-12,2,-12,2,-11,1,-11,1,-11,0,-11,0,0,0,0,0,0,0,0,0,0,0,0,0,0,0,-32,-1,-31,-5,-32,-7,-32,-8,-33,-10,-31,-11,-33,-14,-32,-15,-32,-17,-32,-19,-30,-19,-30,-20,-28,-19,-28,-19,-26,-19,-26,-18,-26,-16,-27,-15,-26,-14,-28,-14,-27,-12,-28,-12,-28,-11,-29,-10,-29,-9,-28,-9,-28,-9,-28,-9]"
618036702859700,18.252011300,90505,1871697042,-51,-98,6,0,1,7,0,0,256,0,0,"[0,0,10,11,10,10,9,9,9,9,9,8,8,8,8,7,8,6,8,6,8,5,8,4,8,4,8,3,8,3,8,3,7,3,7,2,7,3,7,3,7,3,6,2,6,2,6,2,5,2,5,2,5,2,0,0,0,0,0,0,0,0,0,0,0,0,0,0,0,0,0,0,0,0,0,0,13,11,12,12,12,13,11,13,11,14,10,15,9,16,9,17,8,17,8,17,7,16,7,16,7,15,7,15,7,14,8,14,8,13,8,13,9,13,9,12,9,12,10,12,10,12,10,12,10,11,10,11,0,0,17,21,18,20,16,18,16,17,15,16,15,15,15,14,15,12,14,11,15,10,15,9,15,8,14,7,14,6,14,7,14,6,14,5,14,5,13,5,12,5,11,6,11,5,10,5,10,4,9,5,8,5,8,5,7,5,0,0,0,0,0,0,0,0,0,0,0,0,0,0,26,16,24,19,23,21,21,22,21,25,19,25,19,28,18,29,17,30,16,31,15,31,14,32,13,30,13,29,12,28,12,27,13,27,13,26,14,25,14,25,15,24,16,23,17,23,18,23,18,23,19,22,19,22,18,21]"
618036722093900,18.271245500,90506,1871717485,-51,-98,6,0,1,7,0,0,256,0,0,"[0,0,13,6,13,5,12,5,12,5,12,4,11,4,11,3,10,2,10,2,9,1,9,1,9,0,9,0,9,0,8,-1,8,-1,8,-1,8,-1,7,-1,7,0,7,0,7,0,6,0,6,0,5,0,5,0,0,0,0,0,0,0,0,0,0,0,0,0,0,0,0,0,0,0,0,0,0,0,16,5,16,6,16,7,16,8,16,9,16,10,15,11,15,11,14,12,14,12,13,12,13,11,13,11,12,11,13,10,12,9,13,9,13,9,13,8,13,8,13,7,14,7,14,7,14,6,14,6,14,6,0,0,23,14,24,13,21,11,22,11,20,10,20,9,19,8,19,7,17,5,18,5,17,3,16,3,16,2,15,1,16,0,15,1,16,0,14,1,14,0,14,1,13,0,12,0,12,1,11,1,10,2,9,1,10,2,9,2,0,0,0,0,0,0,0,0,0,0,0,0,0,0,30,7,28,10,28,12,27,14,29,16,26,16,28,20,26,21,27,22,25,24,24,23,24,25,22,24,21,24,20,23,20,22,20,20,22,20,21,18,22,19,22,17,24,16,24,17,25,16,26,16,25,15,25,15,24,14]"
618036745710300,18.294861900,90507,1871737110,-51,-98,6,0,1,7,0,0,256,0,0,"[0,0,-15,4,-14,5,-13,4,-13,5,-12,5,-11,5,-11,5,-10,5,-9,5,-9,5,-8,6,-8,6,-7,6,-7,6,-7,6,-6,6,-6,6,-6,6,-6,5,-6,5,-6,5,-5,5,-6,4,-5,4,-5,4,-5,3,0,0,0,0,0,0,0,0,0,0,0,0,0,0,0,0,0,0,0,0,0,0,-16,7,-17,6,-18,6,-17,5,-19,4,-19,3,-20,2,-20,1,-20,1,-20,0,-19,0,-18,0,-18,0,-17,0,-17,1,-17,2,-16,2,-17,2,-16,3,-16,3,-16,4,-16,4,-16,4,-16,5,-15,5,-15,5,0,0,-25,13,-24,13,-22,13,-21,13,-20,13,-18,12,-17,12,-16,11,-15,12,-13,13,-12,13,-11,13,-10,13,-10,13,-9,13,-9,13,-9,13,-8,12,-8,12,-9,11,-8,11,-8,10,-8,10,-6,9,-7,9,-7,7,-7,7,-8,7,0,0,0,0,0,0,0,0,0,0,0,0,0,0,-23,21,-24,20,-26,18,-28,16,-29,16,-30,14,-32,13,-33,11,-34,10,-35,7,-34,7,-35,7,-33,7,-33,6,-31,6,-30,7,-29,6,-29,8,-28,9,-29,10,-27,10,-27,11,-27,11,-27,12,-28,13,-26,14,-25,14,-26,14]"
618036766362000,18.315513600,90508,1871757392,-51,-98,6,0,1,7,0,0,256,0,0,"[0,0,8,-13,8,-13,7,-12,7,-12,6,-11,5,-11,5,-11,4,-10,3,-10,3,-10,2,-10,2,-10,2,-9,1,-9,1,-9,1,-9,1,-9,1,-9,0,-8,0,-8,0,-8,1,-7,1,-7,1,-7,1,-6,1,-6,0,0,0,0,0,0,0,0,0,0,0,0,0,0,0,0,0,0,0,0,0,0,8,-15,9,-15,10,-15,11,-15,12,-15,13,-14,13,-14,14,-13,14,-13,14,-12,14,-11,14,-11,14,-11,13,-11,13,-11,12,-11,11,-11,11,-12,11,-12,10,-13,10,-13,9,-13,10,-13,9,-13,9,-13,9,-13,0,0,23,-51,20,-49,19,-48,18,-45,16,-44,13,-40,12,-41,9,-40,8,-37,5,-36,2,-35,1,-35,-1,-34,-1,-33,-2,-32,-3,-33,-3,-31,-3,-31,-2,-30,-2,-30,-1,-27,-1,-26,0,-24,-3,-23,-1,-22,0,-22,2,-20,1,-21,0,0,0,0,0,0,0,0,0,0,0,0,0,0,8,-61,15,-61,20,-60,24,-60,26,-59,30,-58,33,-59,38,-59,41,-56,45,-55,45,-53,45,-52,44,-51,43,-49,41,-47,39,-48,38,-49,35,-47,34,-48,32,-48,30,-50,29,-50,28,-52,27,-53,25,-53,24,-55,23,-53,24,-54]"
618036783877300,18.333028900,90509,1871776570,-51,-98,6,0,1,7,0,0,256,0,0,"[0,0,-15,-3,-15,-3,-14,-2,-14,-2,-13,-2,-13,-1,-12,-1,-11,0,-11,0,-11,1,-10,1,-9,2,-9,2,-9,2,-9,2,-9,2,-9,3,-8,3,-8,2,-8,2,-8,2,-7,2,-7,1,-6,1,-6,1,-6,1,0,0,0,0,0,0,0,0,0,0,0,0,0,0,0,0,0,0,0,0,0,0,-18,-2,-18,-3,-18,-4,-18,-5,-18,-6,-19,-6,-19,-7,-19,-8,-18,-8,-17,-9,-17,-9,-16,-8,-16,-8,-16,-8,-15,-7,-16,-7,-15,-6,-16,-6,-16,-5,-16,-5,-16,-4,-16,-4,-17,-3,-16,-3,-16,-3,-16,-3,0,0,-28,-3,-28,-3,-26,-2,-25,-1,-25,-1,-23,0,-23,0,-21,1,-19,2,-18,3,-19,4,-17,4,-17,5,-15,5,-16,7,-16,6,-15,7,-14,6,-14,6,-14,6,-13,5,-13,5,-13,4,-12,4,-11,4,-11,3,-11,2,-11,2,0,0,0,0,0,0,0,0,0,0,0,0,0,0,-32,3,-32,-1,-33,-3,-33,-4,-34,-6,-33,-6,-34,-9,-35,-11,-34,-12,-34,-14,-33,-15,-32,-16,-32,-16,-31,-15,-29,-15,-29,-13,-28,-12,-29,-11,-29,-10,-30,-10,-29,-8,-30,-7,-31,-6,-30,-6,-30,-5,-30,-4,-30,-4,-30,-5]"
618036807471100,18.356622700,90510,1871805703,-51,-98,6,0,1,7,0,0,256,0,0,"[0,0,-15,2,-15,2,-14,2,-13,3,-13,3,-12,3,-11,3,-11,3,-10,3,-9,4,-9,4,-8,4,-8,5,-8,5,-7,5,-7,5,-7,5,-7,5,-7,4,-7,4,-6,4,-6,4,-6,3,-6,3,-6,3,-5,3,0,0,0,0,0,0,0,0,0,0,0,0,0,0,0,0,0,0,0,0,0,0,-17,4,-17,3,-18,3,-18,2,-19,1,-20,0,-20,-1,-20,-2,-20,-2,-19,-3,-19,-2,-18,-2,-18,-2,-17,-2,-17,-2,-17,-1,-17,-1,-17,0,-17,0,-16,1,-16,1,-16,1,-17,2,-16,2,-16,3,-16,2,0,0,-27,7,-26,8,-24,7,-23,7,-22,7,-21,8,-19,8,-18,8,-17,8,-16,9,-15,9,-14,10,-14,10,-12,10,-13,11,-12,10,-12,10,-11,10,-11,10,-11,9,-10,9,-10,8,-10,8,-9,7,-9,6,-8,6,-9,6,-9,5,0,0,0,0,0,0,0,0,0,0,0,0,0,0,-27,15,-29,12,-30,10,-31,8,-32,8,-32,7,-34,5,-35,3,-36,3,-36,0,-35,0,-35,-2,-34,-2,-33,-3,-32,-2,-31,-2,-30,0,-30,1,-30,2,-30,1,-29,3,-29,5,-29,5,-29,6,-29,6,-30,7,-28,7,-28,7]"
618036824083500,18.373235100,90511,1871816655,-51,-98,6,0,1,7,0,0,256,0,0,"[0,0,3,-15,3,-14,3,-14,2,-13,2,-13,1,-12,1,-12,0,-11,0,-11,-1,-11,-1,-10,-1,-10,-2,-10,-2,-10,-2,-9,-2,-9,-2,-9,-2,-9,-2,-9,-2,-8,-2,-8,-2,-8,-2,-7,-1,-7,-1,-7,-1,-7,0,0,0,0,0,0,0,0,0,0,0,0,0,0,0,0,0,0,0,0,0,0,2,-18,3,-18,3,-17,4,-18,5,-18,7,-19,7,-18,8,-18,9,-17,9,-16,9,-16,8,-16,8,-15,8,-15,7,-16,7,-15,7,-16,6,-15,6,-16,5,-16,4,-16,4,-16,4,-16,3,-16,3,-16,4,-16,0,0,5,-26,5,-28,4,-25,4,-25,3,-23,2,-22,1,-21,0,-21,0,-20,-2,-20,-3,-19,-3,-18,-4,-17,-4,-16,-4,-17,-5,-16,-5,-15,-5,-15,-5,-15,-4,-14,-4,-14,-3,-13,-3,-13,-3,-12,-3,-12,-2,-10,-2,-11,-1,-10,0,0,0,0,0,0,0,0,0,0,0,0,0,0,-2,-32,2,-32,4,-31,6,-31,7,-33,8,-31,11,-34,12,-32,13,-32,15,-32,16,-30,18,-31,17,-29,16,-29,15,-27,15,-27,13,-26,13,-29,11,-27,12,-29,10,-27,8,-28,8,-29,7,-29,8,-30,7,-29,7,-29,6,-28]"
618036844441200,18.393592800,90512,1871838949,-50,-98,6,0,1,7,0,0,256,0,0,"[0,0,4,14,4,13,4,12,4,12,4,11,4,11,5,10,5,9,5,8,5,8,5,7,5,7,5,6,6,6,6,6,6,5,6,5,6,5,5,5,5,5,5,5,4,5,4,4,4,4,4,4,3,4,0,0,0,0,0,0,0,0,0,0,0,0,0,0,0,0,0,0,0,0,0,0,6,15,5,16,5,16,4,17,3,18,2,18,2,18,1,19,0,18,0,18,-1,17,-1,17,0,17,0,16,0,16,0,15,1,15,1,15,2,15,3,15,3,15,3,15,4,15,4,15,4,15,4,14,0,0,1,25,0,26,-1,27,0,24,1,23,2,22,3,20,3,20,5,17,4,17,6,16,6,16,7,14,6,14,7,13,7,13,7,14,6,12,7,12,7,12,7,10,7,11,5,10,5,10,5,9,4,9,3,10,2,10,0,0,0,0,0,0,0,0,0,0,0,0,0,0,6,31,2,31,1,31,-1,32,-2,33,-3,33,-6,33,-9,35,-8,34,-10,34,-11,32,-12,32,-13,31,-12,30,-12,29,-11,29,-10,28,-7,27,-7,28,-7,29,-6,29,-3,29,-3,29,-2,29,-2,30,-2,29,-2,29,-1,29]"
618036862667900,18.411819500,90513,1871856752,-50,-98,6,0,1,7,0,0,256,0,0,"[0,0,14,2,14,1,13,1,13,0,12,0,11,0,11,-1,11,-1,10,-1,9,-2,9,-2,9,-2,8,-3,8,-3,8,-3,8,-3,8,-3,7,-3,7,-3,7,-3,7,-3,6,-3,6,-2,6,-2,5,-2,5,-1,0,0,0,0,0,0,0,0,0,0,0,0,0,0,0,0,0,0,0,0,0,0,16,-2,17,-1,17,0,17,1,18,2,18,3,18,4,18,5,17,5,17,6,16,6,16,6,15,6,15,5,15,5,15,4,15,4,15,4,15,3,15,2,15,2,15,2,16,2,16,2,15,1,15,1,0,0,25,10,25,9,23,8,22,8,21,6,20,5,19,5,18,4,18,3,17,2,18,0,16,0,17,0,15,-2,16,-2,16,-2,14,-2,14,-2,14,-3,13,-1,13,-2,11,-2,12,-1,10,-1,10,0,10,-1,11,0,10,0,0,0,0,0,0,0,0,0,0,0,0,0,0,0,31,1,31,5,31,6,30,9,31,10,31,13,31,13,30,16,31,18,28,20,28,19,27,21,27,20,25,20,25,19,24,17,24,18,25,14,25,14,26,15,25,14,26,13,25,13,26,12,27,12,27,10,27,11,27,11]"
618036881980600,18.431132200,90514,1871877530,-51,-98,6,0,1,7,0,0,256,0,0,"[0,0,14,1,13,0,13,0,13,0,12,0,11,-1,11,0,10,-2,10,-2,9,-2,9,-3,8,-3,8,-3,8,-3,8,-4,8,-4,7,-4,7,-4,7,-4,7,-3,7,-3,6,-3,6,-3,5,-2,6,-3,5,-2,0,0,0,0,0,0,0,0,0,0,0,0,0,0,0,0,0,0,0,0,0,0,17,-2,17,-1,18,0,18,1,18,2,19,3,18,4,18,5,18,5,17,6,17,6,16,6,16,5,15,5,15,5,15,4,15,4,15,3,15,2,15,2,15,2,16,2,16,1,16,1,15,0,15,0,0,0,26,-7,25,-8,25,-8,22,-8,22,-7,21,-8,19,-8,18,-8,16,-9,15,-10,14,-10,13,-10,12,-11,13,-11,12,-12,12,-12,11,-11,11,-11,11,-10,10,-10,10,-10,9,-9,9,-8,9,-8,8,-7,8,-7,9,-6,9,-6,0,0,0,0,0,0,0,0,0,0,0,0,0,0,26,-16,27,-13,29,-11,29,-9,30,-9,31,-8,33,-6,34,-4,35,-3,35,0,34,0,33,2,33,1,31,2,31,1,30,1,30,0,29,-2,29,-3,28,-3,29,-4,28,-5,29,-5,28,-6,28,-6,28,-8,28,-7,28,-9]"
618036903346300,18.452497900,90515,1871899352,-51,-98,6,0,1,7,0,0,256,0,0,"[0,0,6,-14,5,-14,4,-13,5,-13,4,-12,3,-12,3,-12,2,-11,2,-11,1,-10,1,-10,0,-10,0,-10,-1,-10,-1,-9,-1,-9,-2,-9,-1,-9,-1,-9,-1,-8,-1,-8,-1,-8,0,-7,-1,-7,0,-7,0,-6,0,0,0,0,0,0,0,0,0,0,0,0,0,0,0,0,0,0,0,0,0,0,6,-17,7,-16,8,-16,9,-16,10,-17,11,-16,12,-16,12,-15,12,-15,13,-14,12,-13,12,-13,12,-13,11,-13,10,-13,10,-13,9,-13,9,-14,8,-14,8,-14,7,-14,7,-15,7,-15,6,-15,7,-15,7,-15,0,0,0,-27,-1,-27,0,-26,-1,-25,-1,-24,-2,-23,-3,-22,-3,-21,-4,-19,-6,-19,-6,-18,-7,-17,-7,-16,-7,-15,-8,-16,-8,-15,-8,-14,-8,-14,-7,-14,-6,-14,-7,-13,-6,-12,-6,-12,-5,-12,-5,-11,-4,-11,-4,-11,-3,-11,0,0,0,0,0,0,0,0,0,0,0,0,0,0,-6,-31,-2,-32,0,-31,1,-31,2,-33,4,-33,6,-33,8,-34,9,-34,11,-34,11,-32,13,-32,13,-31,12,-30,12,-29,11,-28,9,-28,8,-29,7,-29,6,-29,5,-29,4,-29,3,-30,2,-29,3,-30,2,-30,1,-29,2,-29]"
618036924582500,18.473734100,90516,1871917923,-51,-98,6,0,1,7,0,0,256,0,0,"[0,0,-13,10,-11,9,-11,9,-10,9,-9,9,-9,8,-8,8,-7,8,-7,8,-6,8,-6,8,-5,8,-5,8,-4,8,-4,7,-4,8,-3,8,-3,8,-4,7,-3,7,-3,7,-3,7,-3,6,-3,6,-4,5,-3,5,0,0,0,0,0,0,0,0,0,0,0,0,0,0,0,0,0,0,0,0,0,0,-13,13,-14,12,-14,12,-15,11,-16,10,-17,10,-18,9,-19,9,-18,8,-18,7,-18,7,-17,7,-17,7,-16,7,-16,7,-15,8,-15,7,-15,8,-14,9,-14,10,-14,10,-14,10,-14,11,-13,10,-12,10,-13,10,0,0,-16,22,-15,21,-14,20,-14,20,-13,19,-11,18,-11,18,-9,18,-8,18,-7,17,-6,17,-5,16,-4,16,-4,16,-3,16,-3,16,-3,15,-3,15,-2,14,-3,14,-2,13,-2,12,-3,12,-3,11,-3,10,-3,10,-4,9,-5,9,0,0,0,0,0,0,0,0,0,0,0,0,0,0,-11,28,-14,27,-16,26,-18,25,-20,26,-21,24,-23,24,-24,24,-26,23,-27,22,-28,21,-28,20,-27,19,-27,18,-26,18,-25,18,-24,19,-23,19,-22,19,-22,20,-21,20,-20,21,-19,22,-19,22,-19,23,-18,23,-17,23,-17,23]"
618036946342700,18.495494300,90517,1871936574,-51,-98,6,0,1,7,0,0,256,0,0,"[0,0,-4,-14,-5,-14,-5,-14,-4,-13,-5,-13,-5,-12,-5,-11,-5,-11,-5,-10,-6,-9,-6,-8,-6,-8,-7,-8,-6,-7,-6,-7,-6,-7,-6,-7,-6,-6,-6,-6,-6,-6,-5,-6,-5,-6,-5,-6,-5,-5,-4,-5,-4,-5,0,0,0,0,0,0,0,0,0,0,0,0,0,0,0,0,0,0,0,0,0,0,-7,-16,-7,-17,-6,-18,-5,-18,-5,-19,-3,-20,-2,-20,-1,-20,-1,-20,0,-19,0,-19,0,-18,0,-18,-1,-18,-1,-17,-2,-17,-2,-17,-2,-17,-3,-17,-4,-16,-4,-16,-4,-17,-4,-16,-5,-16,-5,-16,-5,-16,0,0,-16,-22,-17,-22,-16,-21,-16,-20,-15,-18,-15,-17,-14,-16,-15,-15,-14,-14,-15,-12,-15,-11,-15,-9,-15,-9,-15,-8,-16,-8,-14,-8,-14,-7,-14,-8,-13,-7,-13,-7,-13,-8,-12,-8,-12,-7,-11,-7,-10,-6,-9,-7,-10,-7,-9,-7,0,0,0,0,0,0,0,0,0,0,0,0,0,0,-26,-19,-24,-21,-22,-22,-20,-23,-20,-27,-18,-27,-18,-30,-17,-30,-15,-32,-14,-32,-12,-32,-13,-33,-12,-32,-12,-31,-11,-30,-12,-29,-12,-28,-13,-28,-12,-26,-13,-27,-14,-26,-15,-26,-15,-25,-16,-26,-17,-25,-19,-24,-18,-24,-18,-23]"
618036966735500,18.515887100,90518,1871959124,-51,-98,6,0,1,7,0,0,256,0,0,"[0,0,-10,11,-10,11,-9,10,-9,10,-8,9,-8,10,-7,9,-6,9,-5,8,-5,9,-4,8,-4,8,-3,8,-2,8,-3,8,-3,8,-2,8,-2,8,-3,7,-3,7,-3,7,-2,6,-2,6,-3,6,-2,6,-3,5,0,0,0,0,0,0,0,0,0,0,0,0,0,0,0,0,0,0,0,0,0,0,-10,14,-11,14,-12,14,-12,13,-14,13,-14,13,-16,12,-16,11,-16,10,-16,10,-16,10,-15,9,-15,9,-14,9,-14,9,-13,10,-13,9,-13,10,-12,10,-12,11,-12,11,-11,11,-11,12,-11,12,-10,12,-10,11,0,0,-24,51,-20,47,-19,48,-17,44,-17,45,-14,41,-12,40,-11,38,-9,38,-6,35,-3,36,-1,35,-1,35,0,33,2,32,2,33,2,29,2,33,2,29,1,29,1,28,0,26,0,24,-1,24,-1,22,-2,22,-3,20,-4,21,0,0,0,0,0,0,0,0,0,0,0,0,0,0,-9,59,-15,59,-19,58,-25,59,-25,57,-30,59,-33,57,-38,60,-40,57,-43,54,-44,53,-44,51,-45,49,-44,48,-41,47,-39,46,-40,48,-34,45,-35,48,-32,47,-30,51,-29,50,-28,51,-27,52,-25,52,-23,53,-22,53,-24,54]"
618036981721600,18.530873200,90519,1871976647,-51,-98,6,0,1,7,0,0,256,0,0,"[0,0,14,3,13,4,12,3,12,3,12,2,11,2,10,1,10,1,10,0,9,-1,9,-1,8,-1,8,-2,8,-2,8,-2,8,-2,7,-3,7,-3,7,-3,7,-2,7,-2,6,-2,6,-2,6,-2,6,-2,5,-1,0,0,0,0,0,0,0,0,0,0,0,0,0,0,0,0,0,0,0,0,0,0,16,4,16,5,16,6,16,8,16,8,16,9,16,9,15,10,15,10,14,10,13,11,13,10,13,10,13,10,13,9,13,8,13,8,13,6,13,6,14,6,14,5,14,5,14,5,14,5,14,5,14,4,0,0,27,3,25,2,26,2,23,1,24,0,22,-1,21,-1,20,-2,19,-3,18,-4,17,-4,17,-5,16,-5,16,-6,14,-7,15,-7,14,-6,14,-7,13,-7,13,-6,13,-6,12,-5,11,-5,11,-4,11,-4,10,-4,10,-3,10,-2,0,0,0,0,0,0,0,0,0,0,0,0,0,0,30,-2,31,1,31,2,33,4,31,5,32,6,32,8,33,11,33,10,32,13,32,13,30,15,30,15,28,15,27,14,27,13,27,12,27,9,28,10,27,8,28,8,28,6,28,6,28,4,28,5,29,4,28,4,29,3]"
618037004407200,18.553558800,90520,1871996505,-51,-98,6,0,1,7,0,0,256,0,0,"[0,0,-1,-15,-1,-15,-1,-14,-1,-14,-1,-13,-2,-12,-2,-12,-2,-11,-2,-10,-3,-10,-4,-10,-4,-10,-4,-9,-4,-9,-4,-9,-4,-8,-5,-8,-4,-8,-4,-8,-4,-7,-4,-7,-4,-7,-3,-7,-3,-7,-3,-6,-2,-6,0,0,0,0,0,0,0,0,0,0,0,0,0,0,0,0,0,0,0,0,0,0,-2,-18,-2,-18,-1,-19,0,-18,1,-20,2,-19,3,-20,4,-20,5,-19,5,-19,5,-18,5,-17,5,-17,4,-17,4,-16,3,-17,3,-16,2,-17,2,-16,1,-17,0,-17,0,-17,0,-17,0,-17,-1,-17,0,-16,0,0,-9,-26,-9,-26,-9,-25,-9,-23,-9,-23,-10,-21,-10,-20,-10,-18,-10,-17,-11,-16,-11,-15,-12,-14,-12,-13,-12,-12,-12,-12,-12,-12,-12,-12,-12,-11,-11,-11,-11,-11,-10,-11,-10,-10,-10,-9,-9,-9,-8,-9,-7,-9,-7,-9,-7,-9,0,0,0,0,0,0,0,0,0,0,0,0,0,0,-17,-27,-15,-29,-13,-29,-11,-30,-9,-31,-8,-32,-7,-34,-6,-35,-4,-35,-2,-36,-1,-35,-1,-34,-1,-34,0,-33,-1,-32,-1,-31,-1,-30,-2,-30,-3,-30,-4,-30,-6,-30,-7,-30,-7,-29,-8,-29,-9,-29,-9,-29,-10,-28,-9,-29]"
618037024199500,18.573351100,90521,1872016501,-51,-98,6,0,1,7,0,0,256,0,0,"[0,0,13,7,12,6,12,6,11,5,11,5,11,4,10,4,10,3,10,2,9,2,9,1,9,1,9,0,8,0,8,-1,8,-1,8,-1,8,-1,8,-1,8,-1,7,0,7,0,6,0,6,0,6,0,6,0,0,0,0,0,0,0,0,0,0,0,0,0,0,0,0,0,0,0,0,0,0,0,15,7,15,8,14,9,15,10,14,11,14,12,14,12,13,13,12,13,12,13,12,13,12,13,11,12,11,12,11,12,11,10,12,10,12,10,12,10,12,9,13,9,13,9,13,8,13,8,13,7,14,7,0,0,54,10,51,10,50,9,47,7,45,5,44,3,42,2,40,0,38,-3,36,-3,35,-5,34,-6,33,-8,32,-8,32,-10,31,-10,30,-10,29,-10,28,-10,28,-8,27,-8,26,-8,25,-7,24,-6,22,-6,21,-5,22,-4,20,-2,0,0,0,0,0,0,0,0,0,0,0,0,0,0,60,-1,61,5,60,8,61,13,61,15,60,18,63,23,63,26,63,28,61,32,60,33,58,33,56,35,55,34,53,32,52,30,52,28,52,24,52,23,54,22,53,20,55,17,54,17,57,15,57,14,57,13,56,13,57,11]"
618037047104800,18.596256400,90522,1872038669,-51,-98,6,0,1,7,0,0,256,0,0,"[0,0,12,-10,11,-9,10,-9,10,-8,9,-9,8,-8,8,-9,7,-8,6,-8,6,-9,5,-8,5,-8,4,-9,4,-8,4,-9,3,-9,2,-8,3,-8,3,-8,3,-7,3,-8,2,-7,2,-7,3,-6,2,-6,3,-6,0,0,0,0,0,0,0,0,0,0,0,0,0,0,0,0,0,0,0,0,0,0,13,-11,14,-11,15,-10,16,-10,16,-9,17,-8,17,-8,18,-7,18,-7,18,-5,17,-5,17,-5,16,-5,16,-5,16,-6,15,-6,14,-7,14,-7,14,-7,13,-8,13,-9,13,-9,14,-9,13,-9,13,-9,13,-10,0,0,15,-23,14,-24,13,-23,12,-22,11,-21,9,-20,8,-20,7,-20,6,-19,5,-19,3,-18,3,-17,2,-17,1,-17,1,-17,0,-17,0,-16,0,-16,0,-16,0,-15,1,-14,1,-14,1,-13,0,-12,1,-12,1,-11,2,-11,2,-11,0,0,0,0,0,0,0,0,0,0,0,0,0,0,11,-29,14,-28,16,-27,17,-26,19,-27,19,-26,22,-26,24,-24,25,-24,27,-23,27,-22,27,-22,26,-21,26,-19,25,-19,23,-19,22,-19,22,-21,20,-21,21,-22,19,-22,18,-23,18,-23,17,-25,18,-25,17,-25,16,-24,16,-25]"
618037065392200,18.614543800,90523,1872056552,-51,-98,6,0,1,7,0,0,256,0,0,"[0,0,-16,-2,-15,-2,-14,-2,-14,-1,-13,-1,-13,-1,-12,0,-11,0,-11,1,-10,1,-10,2,-9,2,-9,2,-9,3,-9,3,-8,3,-8,3,-8,3,-8,3,-8,3,-8,3,-7,2,-7,2,-6,2,-7,2,-6,1,0,0,0,0,0,0,0,0,0,0,0,0,0,0,0,0,0,0,0,0,0,0,-18,-2,-18,-3,-18,-4,-19,-5,-19,-5,-19,-7,-19,-7,-19,-8,-18,-8,-17,-9,-17,-9,-16,-8,-16,-8,-16,-8,-15,-7,-15,-6,-16,-5,-16,-5,-16,-5,-16,-4,-16,-4,-16,-4,-17,-3,-16,-3,-16,-3,-16,-3,0,0,-28,5,-27,5,-26,4,-24,5,-23,5,-22,6,-20,6,-20,7,-18,7,-18,8,-16,9,-15,9,-15,9,-14,10,-14,10,-13,10,-12,10,-12,10,-11,9,-11,9,-11,9,-11,8,-11,7,-10,7,-9,6,-10,6,-10,5,-10,5,0,0,0,0,0,0,0,0,0,0,0,0,0,0,-29,11,-30,7,-31,5,-32,4,-33,3,-33,2,-34,0,-35,-2,-35,-3,-36,-5,-34,-6,-34,-7,-34,-7,-32,-7,-31,-7,-30,-5,-30,-4,-30,-3,-30,-2,-30,-2,-29,-1,-29,1,-30,1,-30,3,-30,3,-29,3,-29,4,-29,4]"
618037083667700,18.632819300,90524,1872076793,-51,-98,6,0,1,7,0,0,256,0,0,"[0,0,14,5,13,4,12,4,13,3,12,3,11,2,11,2,10,1,10,1,10,0,9,0,9,-1,9,-1,9,-1,8,-2,8,-2,8,-2,8,-2,8,-2,8,-2,7,-2,7,-2,6,-1,6,-1,6,-1,6,-1,0,0,0,0,0,0,0,0,0,0,0,0,0,0,0,0,0,0,0,0,0,0,16,5,16,6,16,7,16,8,16,8,16,10,16,10,15,11,15,12,14,11,13,11,13,11,12,11,13,10,13,9,13,8,13,8,14,8,13,8,14,7,14,6,14,6,15,6,15,6,14,6,14,5,0,0,27,-1,25,-2,26,-2,23,-2,23,-3,21,-3,20,-4,19,-5,18,-5,16,-6,16,-7,15,-8,15,-9,15,-9,13,-9,14,-9,13,-9,13,-10,13,-9,12,-8,12,-8,11,-7,11,-7,10,-6,10,-6,10,-5,9,-5,10,-4,0,0,0,0,0,0,0,0,0,0,0,0,0,0,29,-8,30,-5,31,-3,32,0,31,1,32,3,32,5,34,6,33,8,33,9,32,10,31,10,31,10,30,9,29,9,28,8,29,8,27,6,28,6,27,5,29,4,28,3,28,2,29,1,29,0,29,-1,29,-1,29,-1]"
618037102535700,18.651687300,90525,1872096522,-51,-98,6,0,1,7,0,0,256,0,0,"[0,0,9,12,8,11,8,10,8,9,8,9,8,8,7,8,7,7,7,6,8,5,8,4,8,5,8,4,8,4,8,3,8,3,7,3,7,3,7,2,6,3,6,3,6,3,6,3,5,2,5,2,5,2,0,0,0,0,0,0,0,0,0,0,0,0,0,0,0,0,0,0,0,0,0,0,12,12,11,13,11,14,10,15,9,16,9,16,8,17,7,18,6,17,6,17,6,16,6,16,6,16,6,15,6,15,7,14,7,14,7,14,8,13,8,13,8,13,8,13,9,13,9,12,10,12,9,12,0,0,22,16,22,14,21,14,20,13,20,12,19,10,18,9,18,8,17,6,17,6,17,5,17,4,16,3,16,3,16,2,16,2,16,2,15,1,15,1,14,2,13,1,13,2,12,2,11,1,11,2,10,2,10,3,10,3,0,0,0,0,0,0,0,0,0,0,0,0,0,0,28,11,27,14,26,15,25,17,25,18,25,20,23,22,25,25,24,25,22,27,21,26,20,27,19,27,18,26,18,25,17,24,18,23,19,21,20,21,19,21,21,21,22,19,22,19,23,18,23,18,24,18,23,17,24,17]"
618037122932000,18.672083600,90526,1872118210,-51,-98,6,0,1,7,0,0,256,0,0,"[0,0,-14,6,-13,6,-13,6,-12,6,-11,6,-11,6,-10,6,-9,6,-9,6,-8,6,-8,7,-6,7,-6,7,-6,7,-6,7,-5,7,-5,7,-5,7,-5,6,-5,6,-5,6,-5,6,-4,5,-4,5,-4,5,-5,4,0,0,0,0,0,0,0,0,0,0,0,0,0,0,0,0,0,0,0,0,0,0,-16,8,-17,6,-17,6,-18,5,-18,5,-20,4,-20,3,-20,2,-20,1,-19,1,-19,1,-18,1,-18,1,-17,1,-17,2,-16,2,-17,3,-16,3,-16,4,-15,4,-15,5,-15,5,-16,6,-15,6,-15,6,-15,6,0,0,-21,17,-21,17,-19,16,-19,17,-17,16,-16,16,-15,15,-13,15,-12,15,-11,15,-9,15,-8,15,-7,15,-7,15,-7,16,-6,15,-6,15,-5,14,-5,14,-6,14,-5,13,-5,12,-6,12,-5,11,-5,11,-5,10,-6,9,-6,9,0,0,0,0,0,0,0,0,0,0,0,0,0,0,-19,24,-22,22,-23,21,-24,19,-27,19,-27,17,-30,17,-31,16,-32,15,-33,13,-33,12,-33,12,-32,12,-31,11,-30,11,-28,12,-27,12,-27,12,-26,12,-27,14,-25,15,-25,15,-25,16,-25,16,-24,18,-23,18,-22,19,-22,18]"
618037145007000,18.694158600,90527,1872136517,-51,-98,6,0,1,7,0,0,256,0,0,"[0,0,5,-15,4,-14,4,-14,4,-13,3,-13,2,-12,2,-12,2,-11,1,-10,1,-11,0,-10,0,-10,-1,-10,-2,-10,-1,-10,-1,-9,-2,-9,-2,-9,-2,-9,-1,-8,-2,-8,-1,-8,-2,-8,-1,-8,-1,-7,-1,-6,0,0,0,0,0,0,0,0,0,0,0,0,0,0,0,0,0,0,0,0,0,0,5,-17,6,-17,7,-17,8,-17,9,-18,9,-17,11,-17,11,-16,11,-16,12,-15,11,-14,12,-14,11,-14,11,-14,10,-14,9,-14,8,-14,8,-14,8,-14,7,-15,6,-16,6,-15,7,-15,6,-15,5,-15,6,-15,0,0,-1,-28,-2,-28,-2,-27,-2,-24,-3,-24,-3,-22,-4,-22,-4,-21,-5,-20,-6,-18,-7,-18,-7,-17,-8,-16,-9,-15,-8,-15,-9,-15,-9,-14,-8,-14,-8,-14,-7,-13,-7,-13,-7,-12,-7,-12,-6,-11,-6,-12,-5,-11,-5,-10,-4,-12,0,0,0,0,0,0,0,0,0,0,0,0,0,0,-8,-30,-5,-31,-3,-32,-1,-33,0,-32,2,-33,4,-34,5,-36,7,-34,9,-34,10,-34,10,-33,10,-32,10,-31,10,-30,8,-29,8,-30,6,-29,6,-29,5,-29,4,-30,2,-29,2,-30,1,-30,1,-29,-1,-30,0,-30,0,-30]"
618037163326000,18.712477600,90528,1872157640,-51,-98,6,0,1,7,0,0,256,0,0,"[0,0,0,-16,0,-15,0,-14,0,-14,-1,-14,-1,-13,-2,-12,-2,-12,-2,-11,-3,-11,-3,-10,-4,-10,-4,-9,-4,-9,-4,-8,-4,-8,-5,-8,-4,-8,-4,-8,-4,-7,-3,-7,-3,-7,-3,-7,-3,-7,-3,-6,-2,-6,0,0,0,0,0,0,0,0,0,0,0,0,0,0,0,0,0,0,0,0,0,0,-2,-18,0,-18,0,-19,1,-19,2,-19,3,-19,4,-19,5,-19,6,-19,6,-19,6,-18,6,-17,5,-17,5,-17,4,-17,4,-16,4,-16,3,-17,2,-17,2,-17,2,-17,1,-17,1,-17,0,-17,0,-16,0,-16,0,0,-7,-27,-8,-27,-7,-26,-8,-24,-8,-23,-8,-21,-8,-21,-9,-19,-9,-18,-10,-17,-11,-15,-11,-15,-12,-14,-11,-14,-11,-13,-11,-12,-12,-12,-12,-12,-11,-12,-10,-12,-9,-11,-9,-12,-9,-11,-8,-10,-8,-10,-8,-10,-7,-10,-6,-10,0,0,0,0,0,0,0,0,0,0,0,0,0,0,-16,-27,-13,-29,-11,-30,-8,-31,-8,-32,-6,-32,-5,-35,-3,-35,-2,-35,0,-37,1,-35,2,-36,2,-34,2,-33,2,-32,1,-31,0,-30,-1,-30,-2,-30,-2,-30,-3,-29,-4,-30,-5,-30,-6,-30,-6,-30,-7,-29,-8,-28,-7,-29]"
618037185178900,18.734330500,90529,1872177732,-51,-98,6,0,1,7,0,0,256,0,0,"[0,0,1,-15,1,-15,1,-14,1,-14,0,-13,-1,-13,-1,-12,-2,-11,-2,-11,-2,-11,-2,-10,-3,-10,-4,-9,-4,-9,-4,-9,-4,-8,-4,-8,-4,-8,-4,-8,-4,-8,-4,-7,-4,-7,-3,-7,-3,-7,-3,-7,-2,-6,0,0,0,0,0,0,0,0,0,0,0,0,0,0,0,0,0,0,0,0,0,0,1,-18,2,-18,3,-19,3,-18,5,-19,6,-19,7,-19,8,-18,8,-18,9,-17,9,-17,8,-16,7,-16,7,-16,6,-15,5,-16,5,-16,5,-16,4,-16,3,-16,3,-16,3,-17,3,-16,2,-17,2,-16,2,-16,0,0,-10,-26,-11,-26,-10,-24,-10,-23,-10,-21,-10,-20,-10,-19,-11,-18,-11,-17,-12,-16,-13,-14,-13,-13,-13,-13,-13,-12,-13,-12,-13,-11,-13,-10,-13,-10,-12,-11,-12,-10,-11,-11,-11,-10,-11,-9,-10,-9,-9,-9,-8,-9,-8,-9,-7,-9,0,0,0,0,0,0,0,0,0,0,0,0,0,0,-18,-26,-15,-28,-13,-29,-11,-30,-11,-32,-10,-32,-8,-34,-6,-34,-5,-35,-3,-36,-2,-35,-2,-36,-2,-34,-1,-33,-2,-32,-2,-30,-2,-31,-4,-30,-4,-30,-5,-30,-6,-29,-8,-29,-8,-29,-9,-29,-9,-29,-10,-28,-11,-29,-10,-28]"
618037205800100,18.754951700,90530,1872197785,-51,-98,6,0,1,7,0,0,256,0,0,"[0,0,13,-8,11,-8,11,-8,11,-8,10,-8,9,-8,9,-7,8,-8,7,-7,6,-8,6,-8,5,-8,4,-9,4,-8,4,-8,4,-8,3,-8,4,-8,4,-8,4,-7,3,-7,3,-6,3,-6,2,-6,3,-6,3,-5,0,0,0,0,0,0,0,0,0,0,0,0,0,0,0,0,0,0,0,0,0,0,14,-11,16,-10,15,-9,17,-9,17,-8,18,-7,18,-6,19,-5,19,-4,18,-4,18,-4,17,-5,17,-4,16,-4,16,-5,15,-5,15,-5,14,-6,15,-6,14,-6,14,-7,14,-7,14,-8,13,-9,13,-9,13,-9,0,0,19,-19,19,-20,17,-19,17,-18,15,-17,14,-18,13,-17,11,-17,10,-17,8,-16,7,-17,7,-16,6,-17,5,-16,5,-17,5,-16,4,-16,3,-16,4,-15,4,-15,4,-14,4,-13,4,-13,4,-12,3,-12,4,-11,4,-11,4,-10,0,0,0,0,0,0,0,0,0,0,0,0,0,0,16,-26,20,-25,22,-23,23,-22,25,-22,25,-20,28,-20,29,-19,31,-18,31,-17,31,-15,31,-15,30,-14,29,-14,28,-13,28,-14,26,-14,26,-15,25,-15,25,-16,23,-17,24,-18,22,-19,22,-19,23,-20,21,-20,21,-20,22,-21]"
618037225881000,18.775032600,90531,1872217549,-51,-98,6,0,1,7,0,0,256,0,0,"[0,0,14,-6,13,-6,12,-5,12,-5,11,-6,11,-6,10,-6,9,-6,9,-6,8,-6,8,-6,7,-6,6,-6,6,-7,6,-7,6,-7,5,-7,5,-7,5,-7,5,-7,5,-6,5,-5,4,-5,4,-5,4,-5,4,-4,0,0,0,0,0,0,0,0,0,0,0,0,0,0,0,0,0,0,0,0,0,0,16,-8,16,-7,17,-6,17,-5,18,-5,19,-4,19,-3,19,-2,19,-2,19,-1,18,0,18,0,17,0,16,-1,16,-1,16,-2,16,-2,16,-3,15,-4,15,-4,15,-5,15,-5,16,-5,15,-5,15,-6,15,-5,0,0,22,-16,21,-16,20,-17,19,-15,17,-15,16,-15,16,-15,14,-15,13,-15,11,-15,10,-15,9,-15,9,-16,8,-15,8,-15,8,-15,7,-15,7,-15,6,-14,7,-14,6,-13,6,-13,6,-12,6,-10,6,-11,6,-10,6,-10,7,-9,0,0,0,0,0,0,0,0,0,0,0,0,0,0,19,-24,22,-22,24,-20,25,-19,26,-19,27,-18,29,-17,31,-15,31,-14,33,-13,32,-12,33,-11,31,-10,31,-9,30,-9,29,-10,28,-11,27,-11,27,-12,26,-13,26,-13,25,-15,25,-15,25,-16,25,-16,25,-17,24,-17,24,-17]"
618037252568000,18.801719600,90532,1872247241,-51,-98,6,0,1,7,0,0,256,0,0,"[0,0,-9,12,-9,11,-8,11,-8,10,-7,10,-6,10,-6,10,-5,9,-5,9,-4,9,-4,9,-3,9,-2,8,-2,8,-2,8,-2,8,-1,8,-1,7,-2,8,-2,7,-2,7,-2,7,-2,6,-2,6,-2,6,-2,5,0,0,0,0,0,0,0,0,0,0,0,0,0,0,0,0,0,0,0,0,0,0,-10,14,-11,14,-12,14,-13,14,-13,14,-15,13,-15,12,-16,12,-16,11,-16,10,-16,10,-15,10,-15,10,-14,10,-14,10,-13,10,-13,10,-12,11,-12,11,-11,11,-11,12,-11,12,-11,12,-10,12,-10,13,-10,12,0,0,-23,51,-22,50,-20,47,-18,45,-16,44,-13,41,-11,41,-9,39,-7,38,-7,37,-4,36,-3,34,-2,33,0,33,1,34,2,32,2,32,2,31,2,30,2,29,1,29,0,27,0,25,-1,23,-1,24,-1,22,-2,21,-4,21,0,0,0,0,0,0,0,0,0,0,0,0,0,0,-9,60,-16,59,-22,59,-23,58,-25,59,-28,58,-34,59,-37,58,-38,57,-43,56,-42,55,-46,53,-46,49,-45,47,-43,45,-40,45,-38,46,-35,47,-34,48,-34,48,-31,49,-26,51,-27,52,-26,54,-26,53,-26,52,-25,53,-24,53]"
618037267716200,18.816867800,90533,1872260587,-51,-98,6,0,1,7,0,0,256,0,0,"[0,0,-15,-4,-14,-4,-14,-3,-13,-3,-13,-3,-12,-2,-11,-2,-11,-1,-11,-1,-10,0,-10,1,-10,1,-10,1,-9,1,-9,2,-9,2,-8,2,-9,2,-9,1,-8,1,-8,1,-8,1,-7,1,-7,1,-7,1,-7,1,0,0,0,0,0,0,0,0,0,0,0,0,0,0,0,0,0,0,0,0,0,0,-17,-2,-18,-4,-17,-4,-18,-5,-18,-6,-18,-7,-18,-8,-18,-9,-17,-9,-16,-10,-16,-9,-16,-9,-15,-9,-15,-9,-15,-8,-15,-7,-15,-7,-15,-7,-15,-6,-15,-6,-15,-6,-15,-5,-16,-5,-16,-4,-15,-4,-15,-4,0,0,-28,2,-28,1,-26,1,-24,2,-23,2,-22,3,-21,3,-21,4,-19,5,-19,6,-18,7,-17,7,-16,7,-15,7,-15,8,-15,8,-14,8,-14,8,-13,7,-14,7,-13,7,-13,6,-12,6,-12,5,-11,5,-11,5,-11,4,-11,3,0,0,0,0,0,0,0,0,0,0,0,0,0,0,-29,10,-30,7,-31,4,-32,2,-33,1,-33,0,-34,-3,-36,-4,-35,-5,-35,-7,-34,-8,-34,-8,-33,-9,-32,-9,-31,-8,-30,-7,-30,-7,-30,-6,-30,-5,-30,-4,-30,-3,-30,-2,-30,-1,-30,-1,-30,0,-30,1,-29,1,-29,1]"
618037284598900,18.833750500,90534,1872277182,-51,-98,6,0,1,7,0,0,256,0,0,"[0,0,15,-1,14,-1,13,-1,13,-1,12,-1,11,-2,11,-2,11,-2,10,-3,10,-4,9,-3,9,-4,8,-4,8,-4,8,-5,8,-5,7,-5,7,-5,7,-5,7,-4,6,-4,6,-4,6,-3,6,-3,6,-3,6,-2,0,0,0,0,0,0,0,0,0,0,0,0,0,0,0,0,0,0,0,0,0,0,17,-2,17,-1,18,-1,18,0,18,1,19,2,19,3,19,4,18,4,18,5,17,5,17,5,16,5,16,5,16,4,16,3,16,2,16,2,16,2,15,1,16,1,15,0,16,0,15,0,16,0,16,-1,0,0,25,-10,26,-11,24,-10,23,-10,21,-9,20,-11,18,-11,17,-11,16,-12,15,-12,14,-12,13,-12,12,-12,12,-13,11,-14,11,-13,11,-13,10,-12,9,-13,10,-11,9,-11,9,-10,9,-10,9,-9,9,-8,8,-8,9,-8,9,-6,0,0,0,0,0,0,0,0,0,0,0,0,0,0,24,-19,27,-16,28,-14,28,-12,31,-13,30,-11,33,-9,34,-8,34,-7,35,-5,34,-4,35,-3,34,-1,32,-1,31,-1,30,-2,28,-3,30,-5,29,-5,29,-6,28,-6,28,-9,28,-9,27,-10,29,-10,28,-10,27,-10,27,-10]"
618037304172600,18.853324200,90535,1872298202,-51,-98,6,0,1,7,0,0,256,0,0,"[0,0,-3,14,-2,13,-2,13,-2,12,-1,12,-1,11,0,11,0,10,0,9,1,9,1,9,2,9,2,8,2,8,3,8,3,8,3,7,2,7,2,7,2,7,3,6,2,6,2,6,1,6,1,5,1,5,0,0,0,0,0,0,0,0,0,0,0,0,0,0,0,0,0,0,0,0,0,0,-1,16,-3,17,-3,17,-4,17,-5,17,-6,18,-7,17,-8,17,-8,17,-9,16,-9,15,-8,15,-8,15,-7,14,-7,15,-6,14,-6,14,-6,14,-5,14,-4,15,-4,15,-3,15,-3,15,-3,15,-2,15,-3,14,0,0,4,27,5,26,4,25,5,24,5,22,6,21,6,20,6,19,7,17,8,16,8,16,9,14,9,14,9,14,10,13,10,13,10,12,10,12,9,11,8,11,9,11,8,10,7,11,6,10,6,10,5,10,5,9,4,10,0,0,0,0,0,0,0,0,0,0,0,0,0,0,12,27,9,29,7,30,6,30,5,32,4,32,2,33,0,34,0,34,-3,35,-4,35,-6,34,-6,32,-5,31,-6,31,-5,30,-4,30,-2,29,-2,28,-1,29,0,29,2,29,3,29,3,29,3,29,4,29,3,29,4,28]"
618037323356700,18.872508300,90536,1872316672,-51,-98,6,0,1,7,0,0,256,0,0,"[0,0,9,11,9,11,8,10,9,10,8,9,8,8,8,7,8,7,8,6,8,5,8,4,8,4,7,4,8,3,8,3,8,3,7,3,7,2,7,3,7,3,7,3,6,3,6,3,6,3,5,2,5,3,0,0,0,0,0,0,0,0,0,0,0,0,0,0,0,0,0,0,0,0,0,0,13,11,11,12,11,14,10,14,10,15,10,16,9,16,8,17,7,17,7,17,6,16,6,16,6,16,6,15,6,15,7,14,7,13,8,14,8,13,9,13,9,13,9,12,10,13,10,12,10,12,10,12,0,0,22,16,22,14,21,13,20,12,20,11,18,10,19,9,18,8,17,7,17,5,17,4,17,2,16,2,17,2,16,1,16,1,15,1,15,1,15,1,14,2,14,2,14,1,13,1,12,1,12,1,11,2,10,2,10,3,0,0,0,0,0,0,0,0,0,0,0,0,0,0,28,10,28,12,27,14,26,17,26,18,25,20,25,22,24,24,22,26,21,28,20,27,20,27,20,25,19,25,19,24,19,23,19,23,20,21,19,20,20,20,21,20,21,19,21,18,22,18,23,17,24,16,24,16,23,16]"
618037345182700,18.894334300,90537,1872336649,-51,-98,6,0,1,7,0,0,256,0,0,"[0,0,-15,-4,-14,-4,-14,-4,-13,-3,-13,-3,-12,-3,-12,-2,-11,-1,-11,-1,-10,-1,-10,0,-10,0,-10,1,-9,1,-9,2,-9,2,-8,2,-9,2,-9,2,-8,1,-8,1,-7,1,-7,1,-7,0,-7,1,-7,0,0,0,0,0,0,0,0,0,0,0,0,0,0,0,0,0,0,0,0,0,0,0,-17,-4,-18,-5,-17,-6,-17,-7,-17,-8,-18,-9,-18,-10,-17,-10,-17,-11,-15,-11,-15,-11,-15,-11,-14,-11,-14,-10,-15,-9,-14,-8,-15,-8,-14,-7,-15,-7,-15,-6,-15,-6,-15,-5,-15,-5,-15,-5,-15,-5,-16,-5,0,0,-28,0,-28,0,-26,0,-25,1,-24,2,-23,3,-22,4,-21,4,-20,5,-19,6,-18,5,-18,6,-16,7,-16,8,-16,8,-15,8,-14,8,-14,8,-13,8,-13,7,-13,7,-13,7,-13,6,-12,5,-11,4,-12,4,-11,3,-12,3,0,0,0,0,0,0,0,0,0,0,0,0,0,0,-31,6,-32,3,-33,0,-32,0,-33,-1,-33,-3,-35,-5,-35,-7,-34,-7,-35,-10,-34,-9,-33,-12,-31,-12,-31,-12,-30,-12,-30,-11,-30,-8,-29,-7,-29,-6,-30,-6,-29,-5,-30,-3,-30,-2,-31,-1,-30,-2,-30,-1,-30,-1,-30,-1]"
618037367090800,18.916242400,90538,1872364471,-51,-98,6,0,1,7,0,0,256,0,0,"[0,0,-16,-2,-15,-2,-15,-2,-14,-2,-13,-1,-13,-1,-12,-1,-12,0,-11,1,-11,1,-10,2,-10,2,-10,2,-9,3,-9,3,-9,3,-8,3,-9,3,-8,2,-8,2,-8,3,-8,2,-7,2,-7,2,-7,2,-6,1,0,0,0,0,0,0,0,0,0,0,0,0,0,0,0,0,0,0,0,0,0,0,-18,-1,-19,-2,-18,-3,-19,-4,-19,-5,-20,-6,-19,-7,-19,-7,-19,-8,-18,-8,-17,-8,-17,-8,-16,-7,-16,-7,-16,-7,-15,-6,-16,-6,-16,-5,-16,-5,-16,-4,-17,-4,-16,-3,-17,-2,-17,-2,-16,-2,-17,-2,0,0,-29,4,-27,3,-26,3,-24,4,-24,4,-22,5,-21,5,-20,6,-19,6,-17,7,-17,7,-17,8,-16,9,-15,9,-14,8,-14,9,-13,9,-13,9,-13,9,-13,8,-12,8,-12,8,-11,6,-11,6,-11,6,-11,5,-10,4,-11,4,0,0,0,0,0,0,0,0,0,0,0,0,0,0,-28,11,-30,8,-31,6,-33,5,-31,2,-34,1,-33,0,-36,-1,-35,-4,-35,-4,-35,-6,-33,-6,-33,-6,-33,-6,-32,-6,-31,-6,-32,-4,-29,-4,-30,-4,-29,-1,-30,0,-30,0,-29,1,-31,2,-29,2,-30,3,-30,3,-30,4]"
618037387384200,18.936535800,90539,1872379123,-51,-98,6,0,1,7,0,0,256,0,0,"[0,0,3,-15,2,-15,2,-14,2,-14,1,-13,1,-13,1,-12,0,-12,0,-11,-1,-11,-1,-10,-2,-10,-2,-10,-3,-9,-3,-10,-2,-9,-3,-9,-3,-8,-3,-9,-2,-8,-2,-8,-2,-8,-2,-7,-2,-7,-2,-7,-1,-7,0,0,0,0,0,0,0,0,0,0,0,0,0,0,0,0,0,0,0,0,0,0,1,-18,2,-18,3,-18,4,-19,5,-19,6,-19,8,-18,9,-18,9,-18,9,-17,9,-16,8,-16,8,-16,8,-16,7,-16,7,-15,6,-15,6,-16,5,-16,5,-16,4,-16,4,-16,4,-16,3,-16,3,-16,3,-16,0,0,-1,-28,-1,-28,-1,-26,-2,-25,-2,-24,-3,-23,-4,-22,-5,-21,-5,-20,-6,-18,-6,-18,-7,-17,-8,-16,-8,-16,-9,-16,-8,-15,-9,-15,-9,-14,-8,-14,-8,-14,-7,-13,-7,-13,-6,-12,-6,-12,-5,-12,-5,-11,-5,-11,-4,-11,0,0,0,0,0,0,0,0,0,0,0,0,0,0,-8,-30,-4,-32,-3,-32,-1,-32,1,-33,2,-32,3,-35,6,-34,7,-35,8,-35,10,-34,10,-34,10,-32,11,-31,10,-30,9,-30,7,-30,7,-29,6,-28,5,-30,3,-29,2,-30,2,-30,1,-30,1,-31,1,-31,1,-30,0,-29]"
618037408046100,18.957197700,90540,1872400716,-51,-98,6,0,1,7,0,0,256,0,0,"[0,0,-8,12,-8,12,-8,12,-7,10,-6,11,-6,10,-5,10,-4,9,-4,9,-3,9,-3,9,-2,9,-2,9,-2,8,-1,8,-1,8,-1,8,-1,8,-1,7,-1,7,-1,7,-1,7,-1,6,-2,6,-2,6,-2,5,0,0,0,0,0,0,0,0,0,0,0,0,0,0,0,0,0,0,0,0,0,0,-7,15,-9,15,-9,15,-10,15,-11,14,-12,14,-13,14,-14,13,-14,13,-14,12,-14,11,-14,11,-13,11,-13,10,-12,11,-12,11,-12,11,-11,11,-11,12,-10,12,-10,13,-9,12,-9,13,-9,13,-9,13,-9,13,0,0,-17,54,-16,49,-16,51,-14,46,-12,47,-9,43,-6,43,-6,40,-4,38,-1,36,-1,36,2,35,2,35,4,34,4,31,4,34,5,31,5,33,5,30,4,30,4,28,3,26,2,25,2,26,1,23,0,23,-1,22,-2,20,0,0,0,0,0,0,0,0,0,0,0,0,0,0,1,60,-7,62,-12,61,-16,64,-20,58,-24,63,-27,61,-30,65,-33,61,-34,62,-39,57,-35,56,-38,54,-37,54,-37,52,-34,51,-33,53,-30,48,-32,52,-28,49,-25,55,-23,54,-21,56,-22,56,-19,55,-18,55,-18,56,-18,57]"
618037427884200,18.977035800,90541,1872422315,-51,-98,6,0,1,7,0,0,256,0,0,"[0,0,11,-10,10,-11,9,-10,9,-10,8,-10,7,-9,7,-9,6,-9,6,-9,5,-10,4,-9,4,-9,3,-9,3,-8,3,-9,3,-9,2,-9,2,-8,3,-8,2,-8,2,-8,2,-7,2,-7,2,-6,3,-6,2,-6,0,0,0,0,0,0,0,0,0,0,0,0,0,0,0,0,0,0,0,0,0,0,10,-14,11,-13,12,-14,13,-12,14,-13,15,-12,16,-11,16,-10,16,-10,17,-9,16,-9,16,-8,15,-8,15,-8,14,-8,13,-9,13,-9,13,-9,13,-10,12,-10,12,-10,12,-11,12,-12,11,-12,11,-11,11,-11,0,0,9,-26,8,-26,8,-25,7,-24,6,-22,6,-22,5,-21,4,-20,3,-20,1,-19,0,-18,0,-18,-1,-17,-2,-17,-2,-17,-2,-17,-2,-16,-2,-16,-2,-16,-2,-15,-1,-15,-1,-14,-1,-13,-1,-13,-1,-12,0,-12,0,-12,1,-12,0,0,0,0,0,0,0,0,0,0,0,0,0,0,1,-31,4,-31,7,-31,9,-30,10,-31,12,-30,14,-31,16,-31,18,-30,20,-29,20,-28,20,-28,19,-27,20,-26,18,-26,17,-26,16,-25,16,-26,15,-26,14,-26,13,-26,13,-27,13,-27,12,-27,11,-28,10,-28,10,-28,10,-28]"
618037445078100,18.994229700,90542,1872437519,-51,-98,6,0,1,7,0,0,256,0,0,"[0,0,-16,-2,-15,-2,-15,-2,-13,-1,-13,-1,-12,-1,-12,0,-12,0,-11,1,-10,1,-10,2,-9,2,-9,3,-9,3,-9,3,-9,3,-8,3,-9,3,-8,3,-8,2,-8,3,-7,2,-7,2,-6,2,-7,2,-7,2,0,0,0,0,0,0,0,0,0,0,0,0,0,0,0,0,0,0,0,0,0,0,-18,-1,-19,-2,-19,-3,-19,-4,-19,-5,-20,-6,-19,-7,-19,-8,-18,-8,-17,-9,-17,-8,-17,-8,-16,-8,-16,-7,-17,-7,-16,-6,-17,-6,-16,-5,-17,-5,-16,-4,-16,-4,-16,-4,-16,-3,-17,-2,-17,-2,-16,-2,0,0,-28,5,-26,6,-26,5,-24,6,-23,6,-22,6,-21,6,-20,7,-18,8,-17,8,-16,10,-15,10,-14,10,-14,11,-13,10,-13,11,-12,10,-13,10,-12,9,-13,9,-11,9,-11,9,-11,8,-10,7,-10,8,-10,6,-10,6,-10,6,0,0,0,0,0,0,0,0,0,0,0,0,0,0,-29,13,-30,10,-31,9,-32,6,-32,5,-33,4,-34,2,-36,0,-35,-2,-36,-4,-35,-5,-34,-4,-34,-4,-33,-4,-32,-4,-31,-3,-31,-3,-30,-1,-31,-1,-29,0,-30,1,-31,2,-30,2,-30,3,-30,4,-29,6,-29,6,-29,6]"
618037464776700,19.013928300,90543,1872456500,-51,-98,6,0,1,7,0,0,256,0,0,"[0,0,9,-12,8,-12,7,-11,7,-11,6,-11,6,-10,5,-10,5,-10,5,-10,4,-10,3,-9,2,-9,2,-9,2,-9,2,-9,1,-9,1,-9,1,-9,2,-9,1,-8,2,-8,1,-7,1,-7,1,-7,1,-7,2,-6,0,0,0,0,0,0,0,0,0,0,0,0,0,0,0,0,0,0,0,0,0,0,8,-15,9,-15,10,-15,11,-14,12,-14,13,-14,14,-13,14,-12,14,-12,14,-12,14,-11,13,-11,13,-11,12,-10,13,-10,12,-11,11,-11,11,-11,11,-12,11,-12,10,-12,10,-12,10,-13,9,-13,9,-13,9,-13,0,0,24,-49,23,-50,21,-48,20,-44,17,-43,16,-43,14,-41,12,-40,10,-38,6,-37,5,-37,3,-36,1,-35,1,-34,0,-35,-1,-34,-2,-32,-1,-34,-1,-31,-1,-32,0,-30,0,-28,-1,-27,1,-26,1,-25,2,-23,3,-24,4,-22,0,0,0,0,0,0,0,0,0,0,0,0,0,0,11,-61,18,-61,22,-59,26,-57,29,-59,31,-57,38,-57,40,-58,43,-56,46,-53,47,-51,48,-50,48,-49,45,-46,44,-45,41,-45,40,-45,38,-46,36,-47,36,-48,33,-49,32,-50,32,-50,30,-52,29,-53,27,-53,26,-53,27,-53]"
618037488128600,19.037280200,90544,1872477603,-51,-98,6,0,1,7,0,0,256,0,0,"[0,0,10,-12,9,-12,8,-11,8,-10,7,-10,7,-10,6,-10,6,-10,5,-10,4,-10,3,-10,2,-9,2,-9,2,-9,2,-9,2,-9,1,-9,1,-9,2,-9,2,-8,2,-8,1,-8,1,-7,2,-7,2,-7,2,-6,0,0,0,0,0,0,0,0,0,0,0,0,0,0,0,0,0,0,0,0,0,0,10,-15,11,-14,11,-14,12,-14,14,-14,15,-13,15,-12,16,-11,17,-11,16,-11,15,-10,15,-9,15,-9,14,-10,14,-10,13,-10,13,-10,12,-11,12,-11,11,-12,11,-11,11,-12,11,-12,10,-12,10,-13,10,-13,0,0,12,-26,10,-25,10,-25,9,-22,9,-22,7,-21,7,-21,5,-20,4,-20,3,-19,1,-19,0,-18,0,-18,-1,-18,-1,-17,-1,-18,-2,-16,-2,-17,-2,-16,-1,-16,0,-15,-1,-14,0,-13,-1,-13,0,-13,0,-13,1,-11,1,-12,0,0,0,0,0,0,0,0,0,0,0,0,0,0,4,-31,7,-30,9,-31,12,-30,13,-30,16,-30,17,-29,20,-30,21,-28,22,-27,23,-26,23,-25,22,-25,22,-24,21,-24,19,-23,20,-24,18,-23,18,-24,17,-24,16,-25,15,-25,15,-26,14,-27,14,-27,12,-27,12,-27,12,-27]"
618037509550600,19.058702200,90545,1872503266,-51,-98,6,0,1,7,0,0,256,0,0,"[0,0,-2,14,-2,14,-2,14,-2,13,-1,12,-1,12,0,11,0,11,0,10,1,9,2,9,2,9,3,8,3,8,3,8,3,8,3,7,2,7,3,7,2,7,2,7,2,6,2,6,2,6,1,5,1,6,0,0,0,0,0,0,0,0,0,0,0,0,0,0,0,0,0,0,0,0,0,0,-1,17,-2,17,-2,18,-3,18,-5,18,-6,18,-6,18,-8,18,-8,17,-8,17,-8,16,-8,16,-8,16,-7,15,-7,15,-6,15,-6,15,-5,15,-5,15,-4,15,-4,15,-4,16,-3,16,-3,16,-2,16,-2,15,0,0,3,27,4,26,4,24,4,24,4,22,5,21,6,20,6,19,7,17,8,17,7,16,8,15,8,14,9,13,9,13,9,12,9,13,9,12,9,12,8,12,8,11,7,10,7,10,6,10,6,10,5,9,5,10,4,10,0,0,0,0,0,0,0,0,0,0,0,0,0,0,11,28,8,29,6,30,5,30,5,33,2,31,0,34,-2,34,-2,34,-5,34,-5,33,-7,34,-7,33,-7,31,-6,31,-6,29,-5,29,-3,30,-3,28,-2,29,-1,29,1,29,1,29,3,29,2,30,3,29,3,29,3,28]"
618037529234900,19.078386500,90546,1872520673,-50,-98,6,0,1,7,0,0,256,0,0,"[0,0,-2,15,-2,14,-2,13,-2,13,-1,12,-1,11,0,11,0,10,0,10,1,10,1,9,2,9,2,8,2,8,3,8,3,8,3,8,3,8,2,7,2,7,2,7,2,7,2,6,1,6,1,6,1,6,0,0,0,0,0,0,0,0,0,0,0,0,0,0,0,0,0,0,0,0,0,0,-1,16,-2,17,-2,17,-3,17,-4,17,-5,17,-6,18,-7,17,-7,17,-8,16,-8,16,-8,15,-7,15,-7,15,-7,15,-6,15,-6,14,-5,15,-5,15,-4,15,-3,15,-3,15,-3,16,-3,15,-3,15,-3,15,0,0,-13,23,-12,24,-10,22,-10,21,-11,22,-9,20,-9,20,-7,19,-5,18,-5,18,-3,17,-3,17,0,16,-2,15,-1,15,0,16,0,15,-1,14,-1,14,-1,14,-1,13,-1,13,-1,12,-1,12,0,10,-1,10,-2,11,-3,10,0,0,0,0,0,0,0,0,0,0,0,0,0,0,-5,30,-9,30,-10,29,-13,28,-15,29,-16,29,-19,29,-21,28,-23,26,-24,26,-24,25,-24,25,-22,24,-22,23,-22,22,-21,22,-20,22,-19,23,-17,23,-18,22,-18,24,-16,25,-17,24,-16,25,-15,25,-14,26,-13,27,-13,26]"
618037544623200,19.093774800,90547,1872536679,-51,-98,6,0,1,7,0,0,256,0,0,"[0,0,-14,-7,-14,-8,-13,-7,-12,-6,-12,-6,-12,-5,-11,-5,-11,-4,-11,-3,-11,-3,-10,-2,-10,-2,-10,-2,-9,-1,-10,-1,-10,0,-9,-1,-9,0,-9,0,-9,-1,-9,-1,-8,-1,-7,-1,-7,-1,-7,-1,-7,-1,0,0,0,0,0,0,0,0,0,0,0,0,0,0,0,0,0,0,0,0,0,0,-16,-8,-17,-9,-16,-10,-16,-11,-15,-12,-16,-13,-15,-13,-15,-14,-14,-14,-13,-15,-13,-14,-13,-14,-12,-13,-12,-13,-12,-12,-12,-12,-13,-11,-13,-11,-14,-10,-13,-9,-14,-10,-14,-9,-14,-9,-14,-9,-14,-9,-14,-8,0,0,-27,-7,-28,-7,-25,-6,-26,-5,-23,-4,-22,-4,-22,-3,-21,-2,-20,-1,-20,1,-19,1,-19,2,-18,3,-17,3,-18,4,-16,4,-17,4,-16,4,-15,4,-16,3,-14,3,-14,2,-14,3,-13,3,-13,2,-12,1,-13,1,-12,0,0,0,0,0,0,0,0,0,0,0,0,0,0,0,-32,0,-32,-4,-32,-6,-31,-7,-33,-10,-30,-10,-33,-14,-31,-14,-32,-16,-31,-18,-31,-19,-31,-19,-29,-18,-28,-18,-27,-18,-27,-16,-25,-15,-28,-15,-26,-13,-28,-13,-27,-11,-28,-10,-28,-10,-29,-10,-30,-9,-28,-8,-29,-7,-28,-7]"
618037558235000,19.107386600,90548,1872557605,-51,-98,6,0,1,7,0,0,256,0,0,"[0,0,7,13,7,12,7,11,7,10,7,10,7,9,7,8,7,8,7,7,7,6,7,6,7,5,7,5,7,4,7,4,7,4,8,4,7,3,7,3,6,3,6,4,6,4,6,4,5,4,5,3,5,3,0,0,0,0,0,0,0,0,0,0,0,0,0,0,0,0,0,0,0,0,0,0,11,13,10,14,10,15,9,16,9,16,8,17,7,18,6,18,5,18,5,18,4,17,4,17,4,17,5,16,5,16,5,15,5,15,6,14,6,14,7,14,7,14,7,14,8,14,9,14,8,13,8,12,0,0,20,19,18,18,18,17,17,16,17,15,17,13,17,12,17,11,16,9,16,8,16,8,16,7,16,6,15,5,15,5,15,4,15,4,15,4,15,4,14,4,13,3,13,4,12,4,11,4,11,4,10,4,10,5,9,5,0,0,0,0,0,0,0,0,0,0,0,0,0,0,27,13,25,17,24,19,24,20,22,22,22,24,21,25,21,27,20,27,19,28,18,30,17,29,15,29,15,28,14,27,14,27,15,26,14,24,15,24,16,24,17,22,18,22,20,21,20,22,20,20,20,21,20,21,20,21]"
618037589066800,19.138218400,90549,1872579900,-51,-98,6,0,1,7,0,0,256,0,0,"[0,0,-8,-12,-9,-12,-8,-12,-8,-11,-8,-11,-8,-10,-8,-9,-8,-8,-8,-7,-8,-7,-8,-7,-8,-6,-8,-6,-8,-6,-8,-5,-8,-4,-8,-5,-8,-4,-8,-4,-8,-4,-7,-4,-7,-4,-6,-4,-6,-4,-6,-4,-5,-4,0,0,0,0,0,0,0,0,0,0,0,0,0,0,0,0,0,0,0,0,0,0,-11,-14,-10,-14,-10,-15,-9,-16,-9,-17,-8,-17,-7,-18,-6,-19,-6,-18,-5,-18,-5,-18,-4,-17,-5,-17,-5,-17,-5,-16,-6,-16,-6,-15,-6,-15,-7,-15,-8,-15,-8,-14,-8,-14,-8,-14,-9,-15,-8,-13,-8,-13,0,0,-22,-17,-23,-16,-22,-16,-21,-14,-21,-14,-20,-13,-19,-12,-19,-11,-18,-9,-18,-7,-18,-5,-18,-5,-18,-4,-18,-4,-17,-3,-17,-3,-17,-2,-17,-2,-16,-3,-15,-4,-14,-4,-14,-3,-13,-3,-13,-2,-13,-3,-12,-3,-12,-4,-11,-4,0,0,0,0,0,0,0,0,0,0,0,0,0,0,-29,-11,-29,-14,-27,-16,-26,-19,-26,-20,-26,-21,-25,-24,-25,-26,-23,-27,-22,-29,-20,-28,-20,-28,-21,-27,-20,-26,-19,-25,-19,-24,-19,-24,-20,-23,-20,-23,-21,-22,-22,-22,-22,-21,-22,-21,-23,-21,-23,-19,-25,-18,-25,-17,-24,-18]"
618037604889800,19.154041400,90550,1872597209,-51,-98,6,0,1,7,0,0,256,0,0,"[0,0,14,1,13,1,13,0,13,-1,12,0,11,0,11,-1,10,-2,10,-2,9,-2,9,-3,8,-3,8,-3,8,-4,8,-4,8,-4,7,-4,7,-4,7,-4,7,-3,7,-4,6,-3,6,-3,6,-3,6,-3,6,-2,0,0,0,0,0,0,0,0,0,0,0,0,0,0,0,0,0,0,0,0,0,0,17,-2,17,0,17,1,17,2,18,2,18,3,18,5,18,5,17,6,17,6,16,6,16,6,15,5,15,5,15,5,15,4,15,4,15,3,15,3,15,2,15,2,15,2,15,1,15,1,15,0,15,0,0,0,25,-11,24,-11,24,-11,21,-10,21,-11,19,-12,18,-11,17,-12,16,-12,13,-13,13,-13,13,-12,12,-13,11,-13,11,-14,10,-14,9,-13,10,-13,9,-13,9,-12,9,-12,9,-11,9,-10,8,-10,8,-9,8,-9,8,-8,9,-8,0,0,0,0,0,0,0,0,0,0,0,0,0,0,24,-18,27,-16,28,-14,30,-13,30,-12,31,-11,32,-9,34,-8,34,-6,35,-4,34,-4,33,-2,33,-2,32,-2,31,-1,30,-2,29,-4,28,-5,29,-6,28,-6,29,-7,27,-9,28,-9,27,-10,28,-10,28,-11,27,-11,27,-11]"
618037622825600,19.171977200,90551,1872616566,-51,-98,6,0,1,7,0,0,256,0,0,"[0,0,0,14,1,14,1,13,1,12,1,12,1,11,2,11,2,10,2,9,3,9,3,8,4,8,3,8,4,8,4,7,4,7,4,6,4,6,3,6,3,6,3,6,3,6,3,6,2,5,2,5,2,5,0,0,0,0,0,0,0,0,0,0,0,0,0,0,0,0,0,0,0,0,0,0,2,16,1,17,1,17,0,17,-1,18,-2,18,-3,18,-4,18,-5,18,-5,17,-5,17,-5,16,-4,16,-4,16,-4,16,-3,15,-3,15,-3,15,-2,15,-1,15,-1,15,-1,16,0,16,0,15,1,15,1,15,0,0,8,26,9,25,9,24,9,23,9,22,8,20,9,19,9,18,9,16,10,15,11,15,11,14,11,12,11,11,12,11,12,11,12,10,11,11,12,10,10,10,10,9,9,9,9,9,8,9,8,8,7,8,7,8,6,9,0,0,0,0,0,0,0,0,0,0,0,0,0,0,16,26,13,28,11,28,9,29,9,31,8,32,6,33,4,34,4,34,0,35,0,34,-1,35,-2,34,-2,33,-2,31,0,30,0,29,2,29,3,29,3,29,4,30,6,29,5,29,7,28,8,29,9,28,8,28,8,28]"
618037645027600,19.194179200,90552,1872638130,-51,-98,6,0,1,7,0,0,256,0,0,"[0,0,14,-6,13,-5,13,-6,12,-6,11,-6,11,-6,9,-6,9,-6,9,-6,8,-6,7,-7,7,-7,6,-7,6,-7,6,-7,6,-7,5,-7,6,-7,5,-7,6,-6,5,-6,5,-6,5,-5,5,-5,5,-5,5,-4,0,0,0,0,0,0,0,0,0,0,0,0,0,0,0,0,0,0,0,0,0,0,15,-8,16,-8,16,-7,17,-7,17,-5,19,-5,19,-4,19,-3,19,-2,18,-2,18,-2,18,-2,17,-2,17,-2,16,-2,16,-3,16,-3,15,-3,15,-4,15,-5,15,-5,15,-5,15,-5,15,-6,14,-6,15,-6,0,0,23,-16,21,-17,21,-16,20,-15,18,-15,17,-15,16,-14,14,-14,13,-15,12,-15,10,-15,10,-15,9,-15,8,-15,8,-16,8,-15,7,-16,7,-15,7,-14,7,-14,7,-14,7,-13,7,-12,6,-11,6,-11,6,-10,7,-10,7,-9,0,0,0,0,0,0,0,0,0,0,0,0,0,0,19,-25,21,-23,23,-21,25,-20,26,-19,26,-17,29,-17,31,-16,32,-15,33,-13,33,-12,32,-12,31,-11,31,-10,30,-10,29,-11,28,-11,27,-12,26,-12,27,-12,25,-13,25,-15,25,-15,25,-17,25,-17,24,-17,24,-17,24,-17]"
618037663058800,19.212210400,90553,1872656514,-51,-98,6,0,1,7,0,0,256,0,0,"[0,0,12,7,12,6,11,6,11,5,11,5,10,5,10,4,10,3,9,2,9,1,9,1,9,1,9,0,9,0,8,-1,8,-1,8,0,8,-1,8,-1,7,0,7,-1,7,0,6,0,6,0,6,0,6,0,0,0,0,0,0,0,0,0,0,0,0,0,0,0,0,0,0,0,0,0,0,0,15,6,15,8,15,8,14,10,15,11,14,11,14,12,13,13,12,13,12,13,12,13,11,12,11,12,11,12,10,11,11,10,12,10,11,9,12,9,12,9,12,9,13,8,13,8,13,8,13,7,14,7,0,0,53,6,56,5,49,5,50,4,46,2,45,0,43,-1,41,-2,39,-5,37,-8,35,-10,33,-11,34,-13,30,-11,33,-14,29,-13,31,-14,28,-14,29,-13,29,-12,27,-10,27,-10,26,-9,23,-9,23,-8,22,-7,24,-6,22,-4,0,0,0,0,0,0,0,0,0,0,0,0,0,0,62,-11,62,-2,61,1,61,5,67,9,61,12,67,18,65,18,66,21,67,27,63,29,65,30,59,28,59,26,56,26,56,24,53,22,58,21,52,19,59,20,53,14,57,13,58,14,59,10,61,8,59,6,58,5,56,7]"
618037687105500,19.236257100,90554,1872678417,-51,-98,6,0,1,7,0,0,256,0,0,"[0,0,-2,-15,-3,-15,-3,-14,-3,-14,-3,-13,-3,-12,-4,-12,-4,-11,-4,-10,-5,-10,-5,-9,-5,-9,-6,-9,-6,-8,-6,-8,-6,-8,-6,-8,-6,-7,-5,-7,-5,-7,-5,-7,-5,-7,-5,-7,-4,-6,-4,-6,-4,-6,0,0,0,0,0,0,0,0,0,0,0,0,0,0,0,0,0,0,0,0,0,0,-4,-18,-3,-18,-3,-19,-2,-18,-1,-20,0,-20,1,-20,2,-20,3,-20,4,-20,4,-18,4,-18,3,-18,2,-17,3,-17,1,-17,1,-16,0,-17,0,-17,-1,-17,-1,-17,-2,-17,-2,-17,-2,-17,-2,-16,-2,-16,0,0,-17,-23,-18,-23,-16,-21,-16,-20,-16,-18,-15,-17,-15,-16,-15,-15,-15,-14,-16,-12,-15,-11,-16,-10,-16,-9,-16,-8,-16,-8,-15,-7,-16,-7,-15,-7,-14,-7,-14,-7,-13,-7,-13,-7,-13,-7,-12,-6,-11,-6,-10,-7,-10,-7,-9,-7,0,0,0,0,0,0,0,0,0,0,0,0,0,0,-24,-20,-23,-23,-21,-24,-19,-26,-19,-28,-17,-28,-17,-31,-16,-31,-14,-33,-12,-34,-12,-34,-12,-34,-11,-32,-11,-32,-10,-31,-11,-30,-11,-28,-12,-28,-12,-27,-14,-28,-14,-26,-15,-27,-15,-26,-16,-27,-17,-26,-18,-25,-18,-24,-18,-25]"
618037704897900,19.254049500,90555,1872696554,-51,-98,6,0,1,7,0,0,256,0,0,"[0,0,-12,-10,-12,-9,-11,-9,-11,-8,-11,-8,-11,-7,-10,-6,-10,-6,-10,-5,-10,-4,-10,-4,-9,-3,-10,-3,-9,-3,-9,-2,-9,-2,-9,-2,-9,-1,-8,-2,-8,-2,-8,-2,-8,-2,-7,-3,-7,-2,-6,-2,-6,-2,0,0,0,0,0,0,0,0,0,0,0,0,0,0,0,0,0,0,0,0,0,0,-16,-9,-15,-10,-15,-11,-14,-12,-14,-13,-14,-14,-13,-14,-13,-15,-12,-15,-12,-15,-11,-15,-11,-14,-11,-14,-10,-13,-10,-13,-11,-12,-11,-12,-11,-12,-12,-12,-12,-11,-12,-11,-13,-11,-13,-10,-13,-10,-13,-10,-13,-9,0,0,-53,-18,-53,-17,-50,-15,-49,-14,-47,-11,-45,-11,-43,-9,-41,-8,-39,-6,-38,-2,-38,0,-37,0,-36,3,-34,3,-35,5,-33,5,-33,7,-32,6,-31,5,-31,4,-30,2,-28,2,-27,2,-27,2,-25,2,-24,0,-24,-1,-24,-2,0,0,0,0,0,0,0,0,0,0,0,0,0,0,-61,-4,-62,-11,-61,-15,-61,-19,-62,-22,-61,-24,-62,-29,-62,-34,-61,-36,-59,-42,-56,-41,-56,-42,-55,-41,-52,-40,-51,-39,-50,-35,-50,-34,-52,-32,-52,-30,-53,-29,-53,-28,-54,-26,-55,-26,-56,-23,-56,-23,-57,-21,-55,-20,-55,-21]"
618037723652900,19.272804500,90556,1872717522,-51,-98,6,0,1,7,0,0,256,0,0,"[0,0,14,3,14,3,13,3,13,2,12,2,12,2,11,1,11,1,10,0,10,-1,9,-1,9,-2,9,-2,8,-3,9,-3,8,-3,8,-3,8,-3,8,-3,8,-3,7,-2,7,-2,6,-2,6,-2,6,-2,6,-2,0,0,0,0,0,0,0,0,0,0,0,0,0,0,0,0,0,0,0,0,0,0,17,2,17,3,17,4,17,5,18,6,17,7,17,8,17,9,16,9,16,9,16,9,15,9,15,8,14,8,14,8,15,7,14,6,15,6,14,6,15,5,15,5,15,5,16,4,16,4,15,3,15,4,0,0,28,-2,26,-3,26,-3,24,-4,23,-4,22,-4,21,-4,19,-5,18,-6,17,-7,17,-8,16,-8,15,-9,15,-9,14,-9,14,-9,13,-9,13,-9,13,-9,13,-8,11,-8,12,-7,11,-6,11,-7,10,-6,11,-6,10,-5,10,-4,0,0,0,0,0,0,0,0,0,0,0,0,0,0,28,-11,30,-8,30,-6,32,-4,31,-2,32,-1,33,1,35,3,35,4,34,6,33,7,32,8,32,7,31,8,30,8,29,6,30,6,28,4,29,4,29,3,29,2,29,1,29,0,29,-1,29,-1,29,-2,29,-2,29,-3]"
618037747097700,19.296249300,90557,1872740844,-51,-98,6,0,1,7,0,0,256,0,0,"[0,0,-15,0,-15,-1,-14,0,-14,0,-13,0,-12,1,-12,1,-11,1,-11,2,-10,2,-10,3,-10,3,-9,3,-9,3,-9,4,-8,4,-7,4,-8,4,-8,3,-7,3,-8,3,-7,3,-7,3,-7,3,-6,2,-7,2,0,0,0,0,0,0,0,0,0,0,0,0,0,0,0,0,0,0,0,0,0,0,-18,1,-18,0,-18,0,-19,-1,-19,-2,-20,-3,-20,-4,-19,-6,-19,-6,-18,-6,-18,-6,-18,-6,-17,-6,-17,-5,-17,-5,-16,-4,-17,-4,-16,-3,-16,-3,-16,-2,-16,-2,-16,-1,-17,-1,-16,0,-16,-1,-17,-1,0,0,-27,8,-26,7,-25,7,-22,7,-22,7,-21,8,-20,8,-18,9,-18,9,-16,10,-15,10,-14,10,-14,10,-13,11,-13,11,-12,11,-12,11,-12,11,-11,11,-11,10,-11,10,-11,8,-10,8,-10,8,-9,7,-10,7,-10,6,-10,5,0,0,0,0,0,0,0,0,0,0,0,0,0,0,-26,15,-28,12,-30,10,-32,9,-31,7,-32,6,-33,4,-35,3,-34,2,-36,1,-35,-1,-34,-1,-33,-2,-32,-2,-32,-2,-30,-1,-31,0,-30,0,-30,1,-30,2,-29,3,-29,4,-29,5,-30,5,-29,7,-29,7,-28,8,-29,8]"
618037765153600,19.314305200,90558,1872758122,-51,-98,6,0,1,7,0,0,256,0,0,"[0,0,15,-4,13,-4,13,-4,13,-4,12,-4,11,-4,10,-4,10,-4,9,-5,9,-5,9,-6,8,-6,7,-5,7,-6,7,-7,7,-6,6,-6,6,-6,6,-6,6,-6,6,-6,5,-5,5,-5,5,-4,5,-4,5,-4,0,0,0,0,0,0,0,0,0,0,0,0,0,0,0,0,0,0,0,0,0,0,16,-6,17,-5,17,-5,17,-4,18,-3,19,-2,19,-1,19,0,19,1,18,1,18,1,18,1,17,1,16,1,16,0,16,0,16,-1,16,-1,15,-2,16,-2,15,-3,15,-3,16,-3,15,-4,15,-4,15,-4,0,0,26,-12,24,-12,24,-11,21,-10,21,-11,19,-12,18,-11,17,-12,16,-12,13,-12,13,-13,13,-13,12,-13,12,-14,10,-13,10,-14,10,-13,10,-13,9,-13,9,-12,9,-12,9,-11,9,-10,8,-9,9,-10,8,-9,8,-8,9,-7,0,0,0,0,0,0,0,0,0,0,0,0,0,0,22,-20,25,-18,27,-16,29,-15,28,-13,30,-12,31,-11,34,-10,34,-8,35,-7,34,-5,32,-5,32,-4,31,-4,31,-4,31,-4,31,-5,28,-5,29,-6,27,-7,28,-9,28,-9,28,-10,28,-11,26,-11,27,-11,27,-12,28,-12]"
618037782914000,19.332065600,90559,1872777784,-50,-98,6,0,1,7,0,0,256,0,0,"[0,0,-2,14,-1,13,-1,13,-1,12,-1,11,0,11,0,10,1,10,1,9,1,9,2,8,2,8,2,8,3,8,3,8,3,7,3,7,3,7,3,7,3,6,3,6,2,6,2,6,2,6,1,6,1,5,0,0,0,0,0,0,0,0,0,0,0,0,0,0,0,0,0,0,0,0,0,0,-1,15,-1,16,-2,16,-3,16,-4,16,-5,17,-6,16,-6,16,-7,16,-7,15,-7,15,-7,14,-7,14,-7,14,-6,14,-5,14,-5,14,-4,14,-4,14,-3,14,-3,14,-2,14,-3,15,-2,15,-2,14,-2,14,0,0,-14,23,-13,22,-12,21,-11,20,-11,20,-10,19,-8,18,-9,19,-6,17,-5,16,-4,17,-3,17,-3,17,-3,16,-1,15,0,15,0,15,0,14,0,14,-1,14,-1,13,-1,13,-2,13,-1,12,-2,10,-2,9,-3,10,-4,9,0,0,0,0,0,0,0,0,0,0,0,0,0,0,-8,29,-12,29,-13,28,-16,27,-17,26,-18,26,-21,26,-24,26,-24,25,-25,24,-25,22,-27,22,-25,21,-25,20,-24,19,-23,19,-22,20,-20,20,-20,20,-19,19,-19,22,-18,23,-17,23,-16,22,-16,24,-16,24,-15,24,-14,25]"
618037801736600,19.350888200,90560,1872796593,-51,-98,6,0,1,7,0,0,256,0,0,"[0,0,7,13,6,13,6,12,6,11,6,11,6,10,7,9,6,8,6,8,7,7,7,6,7,6,7,6,7,6,7,5,7,5,7,4,6,4,6,4,6,4,6,4,6,4,5,4,5,4,5,3,4,4,0,0,0,0,0,0,0,0,0,0,0,0,0,0,0,0,0,0,0,0,0,0,10,13,9,14,8,16,7,16,7,17,6,18,5,18,4,19,3,18,4,18,3,17,3,17,4,16,4,16,3,16,4,15,4,15,5,15,5,15,6,14,6,15,7,15,7,14,8,14,8,14,7,14,0,0,20,18,21,18,19,16,19,16,18,14,18,13,17,11,17,10,17,9,17,8,16,7,16,6,16,6,16,4,16,4,15,4,15,4,15,3,15,3,14,4,13,4,13,4,13,4,12,3,11,4,10,4,10,4,10,5,0,0,0,0,0,0,0,0,0,0,0,0,0,0,27,13,27,18,24,19,23,19,25,21,22,22,23,26,21,26,21,27,20,28,18,28,18,30,16,29,15,28,15,27,15,26,15,24,17,25,16,23,18,24,18,21,20,21,20,21,21,20,22,21,21,20,21,20,21,19]"
618037823041700,19.372193300,90561,1872816671,-51,-98,6,0,1,7,0,0,256,0,0,"[0,0,-1,14,-1,14,-1,13,0,12,0,12,0,12,1,11,1,10,1,9,2,9,2,9,2,9,3,8,3,8,3,8,3,7,4,7,3,7,3,7,3,7,3,6,2,6,2,6,2,6,2,5,1,5,0,0,0,0,0,0,0,0,0,0,0,0,0,0,0,0,0,0,0,0,0,0,1,16,0,16,0,17,-1,17,-2,18,-3,18,-5,18,-5,18,-6,18,-7,17,-6,16,-6,16,-6,15,-6,15,-5,15,-5,15,-4,15,-3,15,-3,15,-2,15,-2,15,-2,15,-2,16,-1,15,-1,15,-1,14,0,0,7,27,7,26,7,24,7,23,7,21,8,20,8,19,9,18,9,16,9,16,10,15,10,14,11,13,11,12,11,12,11,12,11,11,11,11,11,11,10,11,9,10,9,10,9,9,8,9,7,9,7,9,6,9,5,9,0,0,0,0,0,0,0,0,0,0,0,0,0,0,14,26,12,28,10,29,8,30,8,31,6,31,4,33,3,34,2,34,0,35,-1,34,-2,34,-3,33,-3,32,-3,31,-2,30,-1,30,1,29,1,29,2,29,3,29,5,28,5,28,6,29,6,29,7,29,7,28,7,28]"
618037847244300,19.396395900,90562,1872840638,-51,-98,6,0,1,7,0,0,256,0,0,"[0,0,3,-15,2,-15,2,-14,2,-14,1,-13,1,-13,0,-12,0,-11,0,-11,-1,-11,-2,-10,-2,-10,-3,-9,-3,-9,-3,-9,-3,-9,-3,-9,-3,-8,-2,-8,-2,-8,-2,-8,-2,-8,-2,-8,-2,-7,-2,-7,-1,-7,0,0,0,0,0,0,0,0,0,0,0,0,0,0,0,0,0,0,0,0,0,0,0,-18,2,-18,2,-18,3,-18,5,-19,6,-18,7,-18,8,-18,8,-18,8,-18,8,-17,8,-16,7,-16,7,-16,7,-15,6,-16,5,-15,5,-15,5,-16,5,-16,4,-16,3,-17,3,-16,3,-16,2,-16,3,-16,0,0,-5,-27,-6,-28,-5,-26,-5,-25,-6,-23,-7,-22,-7,-21,-8,-20,-8,-18,-9,-18,-9,-17,-10,-16,-10,-15,-10,-14,-11,-14,-10,-14,-11,-13,-11,-13,-10,-13,-10,-12,-9,-12,-8,-11,-8,-11,-8,-11,-7,-11,-7,-11,-6,-11,-5,-11,0,0,0,0,0,0,0,0,0,0,0,0,0,0,-14,-28,-11,-30,-8,-31,-7,-31,-5,-33,-4,-33,-3,-35,-1,-35,1,-36,2,-36,4,-35,4,-35,4,-34,4,-32,4,-31,3,-30,2,-30,2,-31,1,-30,0,-30,-1,-30,-2,-29,-4,-30,-4,-31,-5,-30,-4,-30,-5,-29,-5,-29]"
618037873207800,19.422359400,90563,1872869143,-51,-98,6,0,1,7,0,0,256,0,0,"[0,0,1,-15,-1,-15,-1,-14,-1,-14,-1,-13,-1,-12,-2,-12,-2,-12,-2,-11,-3,-10,-3,-10,-4,-10,-4,-9,-4,-9,-4,-9,-4,-8,-5,-8,-4,-8,-4,-7,-4,-8,-4,-7,-4,-7,-4,-7,-3,-7,-3,-7,-2,-6,0,0,0,0,0,0,0,0,0,0,0,0,0,0,0,0,0,0,0,0,0,0,-2,-18,-1,-18,-1,-19,0,-19,1,-19,3,-19,3,-19,5,-20,5,-19,5,-18,6,-18,5,-17,5,-17,5,-17,4,-16,3,-16,3,-16,2,-17,2,-16,1,-17,1,-16,0,-17,1,-16,0,-16,0,-16,0,-16,0,0,-11,-25,-13,-25,-13,-24,-12,-22,-12,-21,-12,-20,-12,-19,-12,-18,-12,-17,-13,-15,-14,-13,-14,-12,-14,-11,-13,-12,-14,-11,-14,-11,-14,-10,-14,-10,-13,-10,-12,-10,-12,-10,-11,-9,-11,-9,-11,-9,-10,-8,-8,-9,-8,-9,-8,-9,0,0,0,0,0,0,0,0,0,0,0,0,0,0,-22,-22,-20,-25,-18,-26,-16,-28,-15,-29,-14,-30,-13,-32,-11,-34,-8,-35,-6,-35,-5,-35,-6,-35,-7,-33,-6,-32,-6,-31,-7,-30,-6,-30,-7,-29,-8,-29,-8,-29,-10,-29,-10,-29,-10,-29,-11,-29,-12,-28,-14,-27,-14,-26,-14,-27]"
618037885652700,19.434804300,90564,1872878749,-51,-98,6,0,1,7,0,0,256,0,0,"[0,0,13,7,12,7,11,6,12,6,11,5,11,5,10,4,10,4,10,3,9,2,9,1,9,1,9,1,9,1,8,0,9,0,8,0,8,0,8,0,8,0,7,0,7,1,7,1,6,1,6,1,6,1,0,0,0,0,0,0,0,0,0,0,0,0,0,0,0,0,0,0,0,0,0,0,15,6,16,7,15,8,15,8,16,10,15,11,14,11,14,12,14,13,13,13,12,13,12,12,11,12,11,12,11,11,12,10,12,10,12,10,12,9,13,9,13,9,13,8,14,8,13,8,13,8,13,8,0,0,27,6,25,5,25,4,24,4,23,4,21,2,21,2,20,1,19,-1,18,-1,18,-2,17,-2,17,-4,17,-4,16,-5,16,-5,15,-5,15,-5,14,-4,14,-4,14,-4,13,-3,12,-3,12,-2,11,-3,12,-2,11,-1,11,-1,0,0,0,0,0,0,0,0,0,0,0,0,0,0,30,-2,31,2,30,4,31,5,31,6,31,8,31,10,31,13,32,13,31,16,30,16,29,17,28,17,27,17,26,17,26,15,25,14,26,12,26,11,26,11,26,10,27,9,27,9,27,8,27,8,27,8,28,7,28,7]"
618037906215900,19.455367500,90565,1872898782,-51,-98,6,0,1,7,0,0,256,0,0,"[0,0,-7,13,-7,13,-7,12,-6,12,-6,11,-5,11,-4,11,-4,10,-3,10,-3,9,-2,9,-2,9,-1,9,-1,9,-1,9,-1,8,0,8,-1,8,-1,8,0,7,-1,7,0,7,-1,7,-1,6,-1,6,-1,5,0,0,0,0,0,0,0,0,0,0,0,0,0,0,0,0,0,0,0,0,0,0,-7,16,-8,15,-9,15,-10,15,-11,16,-12,15,-13,14,-13,14,-14,14,-14,13,-14,12,-13,12,-13,12,-13,12,-12,12,-11,12,-10,12,-11,12,-10,12,-9,13,-9,13,-9,14,-9,14,-8,14,-8,14,-8,13,0,0,-5,27,-3,26,-3,25,-3,24,-2,23,-2,22,-1,21,0,20,1,19,2,18,3,17,4,17,4,17,4,16,5,15,5,15,6,15,5,15,5,14,4,14,4,13,4,13,3,12,3,11,3,11,2,11,2,11,2,11,0,0,0,0,0,0,0,0,0,0,0,0,0,0,5,30,0,31,-1,31,-4,31,-5,33,-6,31,-9,33,-10,33,-12,32,-14,31,-15,31,-15,31,-15,29,-14,29,-13,28,-13,28,-12,27,-11,27,-11,27,-10,28,-9,28,-8,28,-8,28,-6,29,-5,29,-4,29,-4,29,-4,29]"
618037923008000,19.472159600,90566,1872917277,-51,-98,6,0,1,7,0,0,256,0,0,"[0,0,9,12,9,11,8,10,9,9,8,9,8,9,8,8,8,7,7,6,8,6,8,5,8,5,8,4,8,4,8,3,8,3,7,3,7,3,7,3,7,3,6,3,6,3,6,3,5,3,5,3,5,3,0,0,0,0,0,0,0,0,0,0,0,0,0,0,0,0,0,0,0,0,0,0,13,11,12,13,12,13,11,14,11,15,10,16,9,16,8,17,8,17,7,17,7,16,6,16,6,16,6,15,7,15,7,14,7,14,7,14,8,13,9,13,8,13,10,13,9,13,10,12,10,12,9,12,0,0,23,14,23,13,23,12,21,11,21,10,20,9,19,8,19,7,18,6,18,4,17,4,17,2,17,2,17,1,17,0,17,0,16,0,16,1,15,0,15,0,14,1,14,1,13,1,12,2,12,2,11,2,11,3,10,3,0,0,0,0,0,0,0,0,0,0,0,0,0,0,29,6,29,9,28,12,28,13,28,14,28,16,27,18,27,21,27,21,26,23,24,23,23,24,23,25,21,23,21,23,20,22,21,21,22,19,23,19,22,18,23,18,24,17,24,17,24,15,24,16,25,15,25,15,25,15]"
618037943168700,19.492320300,90567,1872936640,-51,-98,6,0,1,7,0,0,256,0,0,"[0,0,-13,9,-12,8,-12,8,-11,8,-10,8,-10,8,-9,7,-8,8,-7,7,-7,7,-6,8,-5,8,-5,7,-5,8,-5,7,-5,8,-4,8,-4,7,-4,7,-4,7,-4,6,-4,6,-4,6,-4,5,-4,5,-4,5,0,0,0,0,0,0,0,0,0,0,0,0,0,0,0,0,0,0,0,0,0,0,-13,11,-14,11,-15,10,-16,10,-16,9,-18,9,-18,8,-19,7,-19,7,-18,6,-18,6,-17,5,-17,6,-17,6,-16,6,-15,6,-16,6,-15,7,-15,7,-14,8,-14,8,-14,8,-14,9,-14,9,-13,9,-13,9,0,0,-17,23,-16,22,-15,21,-14,20,-12,19,-11,18,-10,18,-10,18,-8,18,-7,17,-6,17,-4,17,-4,17,-3,17,-2,16,-3,16,-2,16,-1,16,-2,15,-2,15,-2,14,-3,13,-3,12,-3,12,-3,12,-3,11,-4,11,-4,10,0,0,0,0,0,0,0,0,0,0,0,0,0,0,-11,28,-14,27,-16,26,-19,26,-20,26,-21,25,-24,25,-25,24,-26,23,-28,22,-28,21,-28,20,-27,19,-27,19,-26,18,-25,18,-24,19,-23,19,-22,19,-22,20,-20,20,-20,21,-19,21,-20,24,-19,23,-18,23,-18,23,-17,23]"
618037967586500,19.516738100,90568,1872959975,-51,-98,6,0,1,7,0,0,256,0,0,"[0,0,3,-15,2,-14,2,-15,2,-14,2,-14,1,-13,0,-12,0,-12,0,-11,-1,-11,-2,-10,-2,-10,-3,-10,-3,-10,-2,-9,-2,-9,-3,-9,-3,-8,-3,-9,-2,-8,-2,-8,-2,-8,-2,-8,-2,-7,-2,-7,-1,-7,0,0,0,0,0,0,0,0,0,0,0,0,0,0,0,0,0,0,0,0,0,0,2,-18,2,-18,3,-18,4,-18,5,-19,7,-18,7,-18,8,-18,9,-18,8,-17,8,-16,8,-16,8,-16,8,-15,7,-16,7,-15,6,-15,6,-15,5,-16,4,-16,4,-16,4,-16,4,-16,3,-16,3,-16,3,-16,0,0,-4,-27,-4,-27,-3,-26,-4,-25,-4,-23,-5,-23,-6,-21,-7,-20,-7,-19,-8,-18,-7,-18,-8,-17,-8,-16,-9,-16,-10,-15,-9,-14,-10,-14,-9,-14,-9,-13,-9,-13,-9,-12,-9,-12,-8,-12,-7,-12,-6,-12,-5,-11,-5,-11,-4,-11,0,0,0,0,0,0,0,0,0,0,0,0,0,0,-11,-29,-8,-31,-5,-31,-5,-32,-3,-32,-2,-33,0,-35,2,-35,2,-36,4,-35,5,-35,6,-34,8,-33,8,-32,7,-31,7,-30,5,-30,4,-30,3,-30,2,-30,1,-30,-1,-30,-2,-30,-3,-31,-2,-30,-2,-30,-2,-29,-3,-30]"
618037984836100,19.533987700,90569,1872976824,-51,-98,6,0,1,7,0,0,256,0,0,"[0,0,-15,-5,-14,-4,-14,-4,-13,-3,-12,-3,-12,-3,-11,-2,-11,-2,-11,-1,-10,0,-10,0,-10,0,-9,1,-9,1,-9,1,-9,1,-9,1,-9,1,-9,1,-8,1,-8,1,-7,0,-7,0,-7,0,-7,0,-6,0,0,0,0,0,0,0,0,0,0,0,0,0,0,0,0,0,0,0,0,0,0,0,-17,-2,-18,-3,-18,-3,-18,-5,-18,-6,-19,-7,-18,-8,-18,-8,-17,-9,-16,-9,-16,-9,-16,-9,-15,-8,-15,-8,-15,-8,-15,-7,-15,-7,-15,-6,-15,-6,-15,-6,-15,-6,-16,-5,-16,-4,-15,-4,-15,-4,-15,-4,0,0,-28,-1,-28,0,-27,0,-25,1,-25,1,-23,2,-21,2,-21,3,-19,4,-19,5,-18,5,-17,6,-16,6,-16,7,-15,7,-15,7,-15,7,-15,7,-15,6,-14,6,-14,6,-13,6,-13,5,-12,4,-12,4,-11,3,-12,3,-11,2,0,0,0,0,0,0,0,0,0,0,0,0,0,0,-29,8,-31,5,-31,4,-32,2,-32,1,-33,-1,-34,-3,-35,-5,-35,-6,-35,-9,-34,-9,-33,-11,-32,-10,-31,-10,-30,-10,-30,-9,-30,-8,-29,-6,-30,-6,-29,-5,-30,-4,-30,-3,-30,-3,-31,-2,-30,-2,-30,-1,-30,-1,-30,-1]"
618038002123400,19.551275000,90570,1872997733,-51,-98,6,0,1,7,0,0,256,0,0,"[0,0,8,12,7,12,7,11,7,11,7,10,6,9,7,9,7,8,6,7,7,7,7,6,7,5,7,5,7,5,7,4,7,4,7,4,7,4,6,4,7,4,6,3,6,4,5,4,5,3,5,3,4,3,0,0,0,0,0,0,0,0,0,0,0,0,0,0,0,0,0,0,0,0,0,0,11,13,10,14,9,15,8,15,8,16,8,17,7,17,5,18,5,18,5,17,4,17,4,16,5,17,4,16,4,16,5,15,5,15,6,15,6,15,7,14,7,14,7,14,8,14,8,13,8,13,8,13,0,0,19,19,19,18,19,16,17,15,18,15,16,13,17,13,16,12,16,10,16,8,16,7,16,6,16,5,16,5,15,4,16,4,15,4,15,4,15,3,14,4,13,5,13,4,12,4,11,3,11,4,10,4,10,4,9,4,0,0,0,0,0,0,0,0,0,0,0,0,0,0,26,14,25,17,24,18,23,21,22,22,21,23,21,25,20,27,19,29,17,30,16,29,16,29,16,29,15,28,14,27,15,25,15,26,15,24,16,24,16,23,18,23,18,22,18,22,19,22,20,21,21,20,21,19,20,19]"
618038027680200,19.576831800,90571,1873019281,-51,-98,6,0,1,7,0,0,256,0,0,"[0,0,12,-10,10,-10,10,-10,9,-9,9,-9,8,-9,7,-9,7,-9,6,-9,6,-9,5,-8,4,-9,4,-9,3,-9,4,-9,3,-9,3,-8,3,-8,3,-8,3,-8,3,-8,2,-7,3,-7,3,-6,2,-6,3,-6,0,0,0,0,0,0,0,0,0,0,0,0,0,0,0,0,0,0,0,0,0,0,11,-13,12,-13,13,-13,13,-12,15,-12,16,-11,16,-10,17,-9,17,-9,17,-9,16,-8,16,-7,15,-8,15,-8,14,-8,14,-8,13,-8,14,-9,12,-9,12,-10,12,-10,12,-10,13,-10,12,-11,12,-10,12,-11,0,0,11,-26,9,-26,8,-24,9,-24,7,-22,6,-22,6,-21,4,-20,4,-20,2,-20,1,-19,0,-18,0,-18,-1,-17,-1,-18,-2,-17,-2,-17,-2,-16,-1,-16,-2,-16,-1,-15,-1,-14,-1,-14,-1,-13,0,-13,0,-12,0,-12,1,-11,0,0,0,0,0,0,0,0,0,0,0,0,0,0,3,-31,6,-30,9,-30,11,-29,12,-31,13,-29,16,-31,17,-29,19,-29,21,-28,21,-28,22,-27,21,-25,21,-24,20,-24,19,-24,18,-24,17,-25,16,-24,16,-26,14,-25,13,-26,13,-26,13,-27,13,-28,11,-27,11,-28,12,-27]"
618038044896500,19.594048100,90572,1873036544,-51,-98,6,0,1,7,0,0,256,0,0,"[0,0,-13,7,-13,8,-12,8,-12,7,-11,7,-10,7,-9,7,-9,7,-8,7,-8,7,-7,7,-6,7,-6,7,-6,7,-5,7,-5,7,-4,7,-5,7,-4,7,-4,6,-5,6,-4,5,-4,5,-4,5,-4,5,-4,4,0,0,0,0,0,0,0,0,0,0,0,0,0,0,0,0,0,0,0,0,0,0,-14,11,-15,9,-16,9,-16,9,-17,8,-18,7,-19,6,-19,6,-19,5,-19,4,-19,4,-18,4,-17,4,-17,4,-16,4,-16,5,-15,5,-16,6,-15,6,-15,6,-15,7,-14,7,-15,8,-14,8,-14,8,-13,8,0,0,-17,21,-16,21,-15,20,-14,20,-13,19,-11,19,-11,18,-9,18,-8,17,-7,17,-6,17,-5,16,-4,16,-4,16,-3,16,-3,16,-3,15,-2,15,-2,14,-3,14,-3,14,-3,13,-3,12,-3,11,-3,11,-3,10,-4,10,-5,10,0,0,0,0,0,0,0,0,0,0,0,0,0,0,-11,28,-14,27,-17,26,-18,26,-19,26,-20,25,-23,24,-25,24,-26,23,-28,22,-27,20,-29,20,-28,19,-27,18,-26,17,-25,17,-24,18,-23,19,-22,19,-22,19,-21,20,-20,21,-20,22,-19,22,-19,23,-19,22,-18,22,-18,22]"
618038064577900,19.613729500,90573,1873057178,-51,-98,6,0,1,7,0,0,256,0,0,"[0,0,12,-8,11,-9,11,-8,10,-8,10,-8,9,-8,8,-8,8,-8,7,-8,6,-8,6,-8,5,-9,4,-8,4,-8,4,-9,4,-8,3,-8,4,-8,4,-8,4,-8,3,-8,3,-7,3,-6,3,-6,3,-6,3,-6,0,0,0,0,0,0,0,0,0,0,0,0,0,0,0,0,0,0,0,0,0,0,13,-11,14,-11,14,-11,16,-10,16,-9,17,-9,17,-7,18,-6,18,-6,17,-5,17,-5,17,-5,16,-5,16,-5,16,-6,15,-6,15,-6,14,-7,15,-8,13,-8,13,-8,14,-8,13,-9,13,-9,13,-9,13,-9,0,0,19,-20,18,-21,17,-20,16,-18,15,-18,14,-18,13,-17,12,-17,10,-17,9,-17,7,-17,6,-17,5,-17,5,-17,4,-17,4,-17,3,-16,3,-16,4,-16,4,-15,4,-14,4,-14,4,-13,4,-12,4,-12,4,-12,4,-11,5,-10,0,0,0,0,0,0,0,0,0,0,0,0,0,0,14,-27,17,-26,19,-25,21,-23,22,-23,23,-22,25,-21,28,-21,29,-19,30,-18,30,-17,30,-17,29,-16,28,-15,27,-15,26,-15,26,-15,24,-16,24,-17,24,-17,22,-18,22,-19,22,-19,22,-20,21,-21,20,-21,20,-21,20,-21]"
618038085009400,19.634161000,90574,1873076714,-50,-98,6,0,1,7,0,0,256,0,0,"[0,0,-12,-7,-12,-7,-11,-6,-10,-6,-10,-6,-10,-5,-10,-5,-9,-4,-9,-4,-9,-3,-9,-2,-9,-2,-9,-2,-9,-1,-8,-1,-8,-1,-8,-1,-8,-1,-8,-1,-8,-1,-7,-1,-7,-1,-7,-1,-6,-1,-6,-2,-6,-2,0,0,0,0,0,0,0,0,0,0,0,0,0,0,0,0,0,0,0,0,0,0,-14,-6,-14,-7,-14,-7,-14,-8,-14,-9,-14,-10,-13,-11,-13,-12,-12,-12,-12,-12,-11,-12,-11,-11,-11,-11,-11,-11,-11,-11,-11,-10,-11,-10,-11,-9,-12,-9,-12,-9,-12,-8,-12,-8,-13,-8,-13,-8,-13,-7,-12,-7,0,0,-38,-40,-35,-39,-34,-37,-34,-34,-34,-34,-35,-32,-33,-28,-33,-23,-34,-22,-32,-19,-32,-19,-31,-15,-31,-15,-32,-15,-31,-11,-32,-12,-30,-12,-30,-10,-29,-8,-30,-9,-27,-7,-25,-11,-23,-9,-22,-11,-21,-12,-22,-10,-18,-11,-18,-10,0,0,0,0,0,0,0,0,0,0,0,0,0,0,-53,-33,-50,-38,-50,-44,-49,-46,-44,-46,-42,-53,-42,-55,-42,-56,-38,-58,-38,-60,-35,-62,-31,-61,-29,-59,-28,-59,-27,-58,-29,-55,-30,-54,-29,-52,-30,-52,-32,-51,-34,-47,-35,-44,-37,-47,-39,-45,-41,-46,-37,-44,-39,-43,-40,-43]"
618038103463200,19.652614800,90575,1873097634,-51,-98,6,0,1,7,0,0,256,0,0,"[0,0,-1,14,0,14,0,13,0,12,0,12,0,12,1,11,1,10,1,9,2,9,2,9,2,9,3,8,3,8,3,8,3,7,3,8,3,7,3,7,3,7,3,6,3,6,2,6,2,6,2,6,2,5,0,0,0,0,0,0,0,0,0,0,0,0,0,0,0,0,0,0,0,0,0,0,1,17,0,17,-1,17,-2,18,-3,18,-3,19,-4,18,-5,18,-6,18,-6,18,-7,17,-6,16,-6,16,-6,15,-5,16,-4,15,-4,15,-4,15,-3,16,-2,16,-2,16,-2,16,-1,16,-1,16,-1,16,-1,15,0,0,10,25,10,24,10,23,9,22,10,21,11,19,10,18,11,17,11,15,11,14,11,13,12,12,12,11,12,11,12,10,12,10,12,10,12,10,12,9,11,9,10,9,10,8,9,8,9,8,8,8,8,8,7,8,7,8,0,0,0,0,0,0,0,0,0,0,0,0,0,0,18,25,15,26,14,27,12,28,11,29,10,30,8,32,7,34,6,34,4,35,3,34,2,34,1,33,2,32,1,31,2,30,3,29,4,28,4,28,5,29,7,28,8,28,8,28,9,27,10,27,10,28,10,27,11,27]"
618038124639000,19.673790600,90576,1873117282,-51,-98,6,0,1,7,0,0,256,0,0,"[0,0,-7,-14,-7,-14,-6,-13,-7,-12,-7,-12,-6,-11,-7,-10,-7,-10,-7,-9,-7,-8,-7,-8,-7,-7,-7,-7,-8,-7,-8,-6,-8,-6,-8,-6,-7,-5,-7,-6,-7,-5,-7,-5,-6,-6,-6,-5,-6,-5,-6,-5,-5,-5,0,0,0,0,0,0,0,0,0,0,0,0,0,0,0,0,0,0,0,0,0,0,-9,-15,-9,-17,-8,-17,-7,-18,-6,-18,-5,-19,-4,-19,-4,-20,-3,-19,-3,-19,-2,-19,-2,-18,-2,-18,-2,-17,-3,-17,-3,-16,-3,-16,-4,-16,-5,-16,-6,-16,-6,-16,-6,-16,-7,-15,-7,-16,-7,-15,-7,-15,0,0,-19,-21,-19,-20,-18,-19,-18,-18,-17,-17,-17,-15,-17,-14,-17,-13,-16,-12,-16,-11,-16,-10,-16,-9,-16,-8,-16,-7,-17,-7,-16,-6,-17,-6,-15,-6,-15,-6,-15,-5,-14,-5,-14,-5,-13,-6,-12,-6,-11,-6,-11,-6,-11,-6,-10,-7,0,0,0,0,0,0,0,0,0,0,0,0,0,0,-26,-18,-24,-21,-22,-22,-21,-24,-21,-26,-20,-26,-20,-29,-18,-30,-18,-30,-17,-32,-15,-31,-14,-32,-13,-31,-12,-30,-12,-29,-11,-28,-13,-27,-14,-27,-15,-26,-15,-26,-16,-25,-17,-24,-18,-24,-20,-23,-19,-24,-19,-23,-19,-23,-19,-22]"
618038143914600,19.693066200,90577,1873137878,-51,-98,6,0,1,7,0,0,256,0,0,"[0,0,-2,15,-2,15,-2,13,-1,13,-1,12,0,12,0,11,1,10,1,10,1,10,1,9,2,8,2,8,3,8,3,8,3,7,3,8,3,7,3,7,3,7,3,6,2,6,2,7,2,6,2,6,1,5,0,0,0,0,0,0,0,0,0,0,0,0,0,0,0,0,0,0,0,0,0,0,-1,17,-2,17,-2,18,-3,17,-5,18,-5,18,-6,18,-7,18,-7,18,-8,17,-8,16,-8,15,-8,15,-7,15,-7,15,-6,15,-5,14,-5,15,-4,15,-3,15,-3,15,-3,16,-3,16,-2,15,-3,16,-2,15,0,0,7,27,7,25,7,24,7,22,8,22,9,20,9,19,9,17,9,17,9,16,9,15,10,14,10,13,11,12,11,12,11,12,10,11,10,11,10,11,10,10,10,10,9,9,8,9,7,9,6,9,6,9,6,9,5,9,0,0,0,0,0,0,0,0,0,0,0,0,0,0,16,25,12,28,11,29,9,29,9,30,7,31,5,33,4,33,3,33,2,35,1,34,-1,34,-2,33,-2,31,-2,30,-2,30,-1,30,1,28,2,28,3,29,4,28,6,28,6,28,7,28,6,28,7,28,6,28,8,28]"
618038163358900,19.712510500,90578,1873156808,-51,-98,6,0,1,7,0,0,256,0,0,"[0,0,10,-11,9,-11,9,-11,8,-10,8,-10,7,-10,6,-10,6,-10,5,-9,4,-9,3,-9,3,-9,2,-10,2,-9,2,-9,2,-9,1,-9,2,-9,2,-8,2,-8,2,-8,2,-8,1,-7,1,-7,2,-7,2,-6,0,0,0,0,0,0,0,0,0,0,0,0,0,0,0,0,0,0,0,0,0,0,10,-14,11,-15,12,-14,13,-13,14,-13,15,-12,16,-11,17,-11,17,-10,16,-10,15,-10,15,-9,14,-10,14,-10,14,-9,13,-9,13,-10,12,-10,12,-11,12,-11,11,-11,11,-11,11,-12,10,-12,10,-13,11,-12,0,0,15,-23,13,-24,13,-23,12,-21,11,-22,10,-20,9,-20,8,-19,7,-19,5,-18,4,-18,2,-18,2,-18,2,-17,1,-17,1,-17,0,-17,0,-17,1,-16,1,-15,1,-14,1,-14,1,-13,0,-13,1,-13,2,-12,2,-11,3,-11,0,0,0,0,0,0,0,0,0,0,0,0,0,0,7,-30,11,-29,13,-29,16,-27,18,-27,19,-27,21,-26,24,-27,24,-25,25,-23,26,-23,25,-22,25,-23,24,-21,23,-21,22,-20,22,-21,20,-21,20,-21,19,-21,19,-23,18,-23,18,-24,17,-25,16,-25,16,-26,14,-25,15,-25]"
618038185018400,19.734170000,90579,1873176616,-50,-98,6,0,1,7,0,0,256,0,0,"[0,0,0,-14,-1,-13,-1,-13,-1,-12,-1,-12,-2,-11,-2,-11,-2,-10,-3,-10,-3,-9,-3,-9,-3,-9,-4,-9,-4,-8,-4,-8,-4,-8,-4,-7,-4,-7,-4,-7,-4,-7,-4,-7,-3,-6,-3,-6,-3,-6,-3,-6,-2,-6,0,0,0,0,0,0,0,0,0,0,0,0,0,0,0,0,0,0,0,0,0,0,-2,-15,-2,-16,-1,-16,0,-17,1,-17,2,-17,2,-17,3,-17,4,-17,4,-16,4,-16,5,-15,4,-15,4,-15,3,-15,3,-14,2,-15,2,-14,1,-15,1,-15,0,-15,0,-15,0,-15,0,-15,0,-15,0,-15,0,0,9,-25,8,-25,7,-26,7,-23,5,-23,4,-21,4,-21,3,-20,2,-19,0,-19,0,-19,-1,-18,-2,-17,-3,-17,-2,-16,-4,-16,-4,-17,-3,-15,-3,-15,-2,-15,-2,-14,-2,-14,-1,-14,-2,-13,-1,-12,-2,-10,0,-12,1,-12,0,0,0,0,0,0,0,0,0,0,0,0,0,0,0,-32,3,-32,6,-32,7,-31,8,-33,10,-31,12,-32,15,-31,15,-31,19,-29,18,-29,21,-29,20,-28,19,-25,18,-25,17,-25,16,-24,14,-26,14,-25,14,-27,12,-26,11,-27,11,-29,9,-28,11,-28,9,-29,9,-29,8,-28]"
618038206941400,19.756093000,90580,1873198404,-51,-98,6,0,1,7,0,0,256,0,0,"[0,0,6,-14,5,-14,5,-13,5,-13,4,-12,4,-12,3,-11,3,-11,2,-11,1,-10,1,-10,0,-10,0,-10,0,-10,0,-9,-1,-9,-1,-9,-1,-9,-1,-9,0,-8,0,-8,0,-8,-1,-8,-1,-7,0,-7,0,-6,0,0,0,0,0,0,0,0,0,0,0,0,0,0,0,0,0,0,0,0,0,0,5,-17,6,-17,7,-17,8,-17,9,-17,10,-17,11,-16,12,-16,12,-15,12,-15,12,-14,12,-14,11,-13,10,-13,10,-13,10,-13,9,-13,9,-14,8,-14,8,-15,7,-15,7,-15,7,-15,6,-15,6,-15,6,-15,0,0,2,-28,1,-28,2,-26,1,-25,0,-24,-1,-23,-1,-22,-2,-21,-3,-21,-4,-19,-5,-18,-6,-17,-6,-17,-6,-17,-7,-16,-7,-15,-7,-15,-7,-15,-7,-15,-6,-15,-6,-14,-6,-13,-6,-13,-5,-13,-5,-12,-4,-11,-3,-12,-2,-11,0,0,0,0,0,0,0,0,0,0,0,0,0,0,-6,-31,-3,-31,-1,-32,1,-32,3,-33,5,-32,6,-34,8,-34,10,-33,11,-33,13,-33,12,-32,12,-30,12,-30,11,-29,11,-30,11,-29,9,-28,8,-28,8,-29,6,-29,5,-29,4,-29,4,-31,3,-30,2,-30,2,-30,2,-30]"
618038226549600,19.775701200,90581,1873219799,-51,-98,6,0,1,7,0,0,256,0,0,"[0,0,14,0,13,0,12,-1,12,-1,12,-1,11,-2,11,-2,10,-2,9,-3,9,-3,8,-3,8,-4,8,-4,7,-4,7,-5,7,-5,6,-4,7,-5,7,-5,6,-4,6,-4,6,-4,5,-4,5,-3,5,-3,5,-3,0,0,0,0,0,0,0,0,0,0,0,0,0,0,0,0,0,0,0,0,0,0,16,-1,17,0,17,0,17,1,17,2,18,3,18,4,17,5,18,5,16,6,16,6,16,6,15,5,15,5,15,5,15,4,15,3,15,2,15,2,15,1,15,1,15,0,15,0,15,0,15,0,15,0,0,0,26,-8,25,-9,24,-7,23,-8,22,-8,20,-9,19,-9,18,-10,17,-10,15,-11,14,-11,14,-12,13,-11,12,-12,11,-12,12,-13,11,-12,10,-12,10,-12,10,-11,10,-11,9,-10,9,-10,9,-9,9,-8,8,-8,9,-7,9,-7,0,0,0,0,0,0,0,0,0,0,0,0,0,0,26,-15,28,-12,30,-10,30,-9,31,-8,32,-6,33,-4,34,-3,34,-3,35,-1,34,0,34,1,33,2,32,2,31,2,30,1,30,0,29,-1,29,-2,29,-2,28,-4,28,-5,28,-7,28,-7,28,-7,28,-7,28,-8,28,-8]"
618038244702200,19.793853800,90582,1873237961,-51,-98,6,0,1,7,0,0,256,0,0,"[0,0,8,-13,7,-13,6,-12,6,-12,6,-12,5,-11,4,-11,3,-10,3,-10,2,-10,2,-10,1,-10,1,-9,0,-10,0,-10,0,-9,0,-9,0,-9,0,-9,0,-8,0,-8,0,-8,0,-7,0,-7,1,-7,1,-6,0,0,0,0,0,0,0,0,0,0,0,0,0,0,0,0,0,0,0,0,0,0,9,-15,9,-15,10,-15,11,-15,12,-15,13,-14,13,-13,14,-13,14,-13,14,-12,15,-11,13,-11,13,-11,13,-11,12,-11,12,-11,11,-11,11,-12,10,-12,10,-13,9,-13,9,-14,9,-13,9,-14,8,-13,9,-13,0,0,12,-53,12,-52,10,-51,10,-48,7,-45,5,-44,4,-43,1,-40,1,-40,-2,-37,-4,-36,-6,-36,-7,-35,-7,-33,-8,-33,-8,-32,-8,-31,-9,-32,-10,-29,-8,-31,-7,-28,-6,-27,-5,-26,-5,-24,-5,-24,-4,-24,-2,-22,-1,-22,0,0,0,0,0,0,0,0,0,0,0,0,0,0,-1,-60,5,-62,9,-62,13,-62,16,-61,20,-62,23,-63,27,-64,30,-62,31,-62,35,-60,33,-59,34,-56,34,-55,31,-54,30,-53,29,-53,27,-51,26,-52,24,-53,21,-53,20,-55,18,-57,18,-58,16,-56,15,-56,14,-57,14,-57]"
618038265192000,19.814343600,90583,1873257929,-51,-98,6,0,1,7,0,0,256,0,0,"[0,0,-8,13,-7,13,-6,12,-7,12,-6,12,-5,11,-5,10,-4,10,-4,10,-3,9,-3,9,-2,9,-1,9,-1,9,-1,8,-1,8,-1,8,-1,8,-1,8,-1,8,-2,7,-2,7,-1,7,-1,7,-1,6,-2,5,0,0,0,0,0,0,0,0,0,0,0,0,0,0,0,0,0,0,0,0,0,0,-6,16,-7,16,-8,16,-9,16,-10,16,-12,16,-12,15,-13,14,-13,14,-13,13,-14,13,-13,12,-12,12,-12,12,-12,12,-11,12,-11,12,-11,12,-10,13,-9,13,-9,13,-9,13,-9,14,-8,14,-7,14,-8,14,0,0,-3,27,-3,26,-3,26,-3,24,-2,24,0,21,0,21,1,20,2,20,2,18,2,18,3,17,4,17,5,16,5,15,5,15,5,15,5,15,6,14,5,14,5,13,4,13,3,12,3,12,2,11,2,11,1,11,1,10,0,0,0,0,0,0,0,0,0,0,0,0,0,0,4,29,1,30,-2,30,-3,32,-4,31,-5,32,-7,32,-10,33,-10,33,-10,33,-13,32,-14,31,-14,30,-15,28,-14,28,-13,27,-11,28,-10,27,-11,27,-9,28,-7,28,-7,28,-5,28,-5,29,-5,28,-5,28,-5,29,-5,29]"
618038285647800,19.834799400,90584,1873284496,-51,-98,6,0,1,7,0,0,256,0,0,"[0,0,12,8,12,7,11,7,11,7,11,6,10,5,10,5,10,4,10,3,9,3,9,2,9,1,8,1,9,1,9,0,9,0,8,0,8,0,8,0,8,0,7,0,7,0,7,0,6,1,6,1,6,0,0,0,0,0,0,0,0,0,0,0,0,0,0,0,0,0,0,0,0,0,0,0,15,7,15,9,15,9,14,10,14,11,15,12,14,13,13,14,12,14,12,14,11,14,11,13,11,13,11,12,11,12,11,11,11,11,11,10,12,10,12,10,12,10,13,9,13,9,13,8,13,8,13,7,0,0,50,23,49,21,48,19,45,18,44,17,42,13,42,11,39,9,39,7,36,5,35,4,35,3,34,1,33,0,33,-2,33,-4,32,-3,32,-3,30,-4,29,-2,28,-2,28,-2,27,-1,25,-1,24,1,23,1,23,1,21,3,0,0,0,0,0,0,0,0,0,0,0,0,0,0,60,10,59,18,58,22,58,24,58,26,57,30,58,34,57,38,58,39,55,43,53,43,49,45,48,47,45,45,44,44,44,42,46,40,46,36,47,34,47,35,49,32,51,28,51,27,53,26,53,27,52,26,53,26,53,25]"
618038305849000,19.855000600,90585,1873296977,-51,-98,6,0,1,7,0,0,256,0,0,"[0,0,9,-12,8,-12,8,-11,8,-11,7,-11,6,-10,5,-11,5,-10,5,-10,4,-10,3,-9,2,-10,2,-10,1,-9,1,-9,1,-9,1,-9,1,-9,1,-9,1,-8,1,-8,1,-8,1,-7,1,-7,1,-7,1,-6,0,0,0,0,0,0,0,0,0,0,0,0,0,0,0,0,0,0,0,0,0,0,10,-14,12,-14,12,-14,13,-13,14,-13,15,-12,16,-12,16,-11,16,-10,16,-10,16,-9,15,-9,15,-9,14,-9,14,-9,13,-10,13,-10,13,-10,12,-11,12,-11,11,-11,11,-12,11,-12,10,-13,10,-13,10,-12,0,0,7,-27,7,-25,6,-26,5,-24,5,-24,3,-22,3,-22,1,-21,0,-20,0,-19,-1,-19,-2,-18,-2,-18,-4,-18,-4,-17,-4,-17,-4,-16,-4,-16,-5,-15,-4,-16,-4,-14,-4,-14,-3,-13,-2,-13,-2,-12,-2,-12,-2,-11,-1,-12,0,0,0,0,0,0,0,0,0,0,0,0,0,0,3,-31,7,-31,9,-30,10,-31,11,-30,13,-31,14,-30,17,-32,18,-30,19,-30,20,-29,20,-27,20,-26,20,-26,19,-25,18,-25,18,-26,16,-25,15,-26,14,-26,13,-27,12,-28,11,-28,11,-28,10,-28,10,-28,10,-28,10,-29]"
618038329665900,19.878817500,90586,1873322709,-51,-98,6,0,1,7,0,0,256,0,0,"[0,0,13,8,12,8,11,7,11,6,11,6,10,5,10,4,10,4,10,3,9,2,9,2,9,2,9,1,8,1,8,0,9,0,8,0,8,0,8,0,8,0,7,0,7,1,7,0,6,1,6,1,6,1,0,0,0,0,0,0,0,0,0,0,0,0,0,0,0,0,0,0,0,0,0,0,15,8,15,9,14,10,14,10,14,12,14,12,13,13,13,14,12,14,11,14,11,14,10,14,11,13,10,13,11,12,10,11,11,11,11,10,12,10,12,10,12,10,13,9,13,9,13,9,13,9,13,8,0,0,53,14,53,12,50,10,49,10,45,9,44,6,43,4,41,2,39,-1,38,-1,37,-3,35,-5,34,-5,32,-6,34,-9,32,-9,31,-9,31,-8,30,-8,29,-7,28,-7,27,-6,26,-6,24,-5,23,-4,23,-3,22,-2,22,0,0,0,0,0,0,0,0,0,0,0,0,0,0,0,60,-1,60,5,61,9,60,14,63,15,62,18,64,23,64,27,63,28,62,33,60,33,59,37,56,36,54,36,52,35,51,32,51,30,53,26,53,24,53,25,54,22,55,19,56,19,57,16,58,17,56,17,57,16,57,15]"
618038345367100,19.894518700,90587,1873342680,-51,-98,6,0,1,7,0,0,256,0,0,"[0,0,-14,-6,-14,-6,-13,-6,-13,-5,-13,-5,-12,-4,-12,-3,-11,-2,-11,-2,-11,-2,-10,-1,-10,-1,-10,-1,-9,0,-10,1,-10,1,-9,1,-9,1,-9,1,-9,1,-9,1,-8,0,-7,0,-7,0,-7,0,-7,0,0,0,0,0,0,0,0,0,0,0,0,0,0,0,0,0,0,0,0,0,0,0,-17,-7,-17,-8,-17,-8,-17,-9,-17,-10,-17,-12,-16,-12,-16,-13,-16,-13,-14,-13,-14,-14,-13,-13,-13,-13,-13,-12,-13,-11,-13,-10,-14,-10,-14,-9,-14,-9,-15,-8,-15,-8,-15,-7,-16,-8,-15,-8,-15,-7,-15,-7,0,0,-28,1,-27,2,-26,2,-25,2,-24,3,-23,3,-22,3,-21,4,-19,5,-18,6,-17,7,-16,8,-15,8,-16,8,-15,9,-14,9,-14,8,-14,8,-13,8,-13,8,-13,7,-13,7,-12,7,-11,7,-11,5,-11,5,-11,5,-11,4,0,0,0,0,0,0,0,0,0,0,0,0,0,0,-30,8,-31,5,-31,3,-32,1,-33,0,-33,-2,-34,-4,-35,-5,-35,-8,-35,-10,-34,-10,-33,-10,-33,-9,-32,-9,-30,-9,-30,-8,-30,-8,-29,-5,-30,-5,-30,-4,-30,-3,-30,-3,-30,-3,-30,-2,-30,0,-30,1,-29,2,-29,1]"
618038363584300,19.912735900,90588,1873357548,-51,-98,6,0,1,7,0,0,256,0,0,"[0,0,-1,15,0,15,0,13,0,13,0,12,1,12,1,11,2,10,2,10,2,10,2,9,3,8,3,8,3,8,4,8,4,7,4,8,4,7,3,6,3,6,3,6,3,6,3,6,3,6,2,5,2,5,0,0,0,0,0,0,0,0,0,0,0,0,0,0,0,0,0,0,0,0,0,0,0,17,0,17,-1,18,-2,17,-3,19,-4,18,-5,19,-6,19,-6,18,-7,18,-7,17,-7,16,-7,16,-6,15,-6,15,-5,16,-4,15,-4,16,-3,15,-2,16,-2,16,-1,16,-2,16,-2,16,-1,16,-1,15,0,0,8,26,9,24,8,24,8,23,9,22,8,20,9,20,9,18,9,17,10,15,11,14,11,13,12,12,12,12,12,11,11,11,12,10,12,11,11,10,10,10,10,10,9,9,9,8,9,8,8,8,7,8,7,9,6,9,0,0,0,0,0,0,0,0,0,0,0,0,0,0,16,25,14,27,12,28,10,29,9,31,7,31,6,33,5,34,3,35,0,35,-1,34,-1,34,0,33,0,32,0,31,1,30,1,30,2,29,2,28,3,29,5,29,5,29,6,29,7,28,8,28,9,29,9,27,9,27]"
618038386922800,19.936074400,90589,1873380560,-51,-98,6,0,1,7,0,0,256,0,0,"[0,0,-11,-12,-11,-11,-10,-11,-11,-10,-10,-9,-10,-9,-9,-8,-10,-8,-9,-6,-10,-6,-9,-5,-9,-5,-9,-4,-9,-4,-9,-3,-9,-3,-9,-3,-9,-3,-8,-3,-8,-3,-8,-3,-7,-3,-7,-3,-7,-3,-7,-3,-6,-3,0,0,0,0,0,0,0,0,0,0,0,0,0,0,0,0,0,0,0,0,0,0,-14,-12,-13,-13,-13,-14,-12,-14,-12,-16,-12,-16,-11,-17,-10,-18,-10,-18,-9,-18,-8,-17,-8,-17,-8,-16,-8,-16,-8,-15,-9,-15,-9,-14,-10,-14,-10,-14,-10,-14,-10,-13,-11,-13,-12,-13,-11,-12,-12,-12,-11,-12,0,0,-27,-9,-27,-9,-25,-8,-25,-7,-23,-6,-23,-5,-22,-4,-21,-3,-20,-2,-20,-1,-19,0,-19,1,-18,1,-17,2,-18,2,-16,2,-17,3,-16,3,-16,3,-16,2,-15,1,-15,2,-14,2,-13,1,-12,1,-12,1,-12,0,-11,-1,0,0,0,0,0,0,0,0,0,0,0,0,0,0,-31,-2,-31,-6,-31,-8,-31,-10,-31,-12,-29,-13,-32,-15,-31,-16,-30,-18,-30,-20,-29,-21,-29,-21,-28,-20,-27,-19,-26,-19,-26,-18,-26,-17,-26,-16,-25,-16,-27,-15,-26,-13,-27,-13,-28,-12,-29,-12,-29,-11,-28,-10,-29,-9,-28,-10]"
618038404314800,19.953466400,90590,1873400108,-51,-98,6,0,1,7,0,0,256,0,0,"[0,0,-7,13,-6,13,-6,13,-6,12,-5,11,-5,11,-4,10,-3,10,-3,10,-2,10,-1,9,-1,9,0,9,0,9,0,9,0,8,1,8,0,8,0,8,0,7,0,7,0,7,0,7,0,6,0,6,-1,6,0,0,0,0,0,0,0,0,0,0,0,0,0,0,0,0,0,0,0,0,0,0,-7,16,-8,16,-9,16,-10,16,-11,16,-12,15,-13,14,-14,14,-14,13,-14,13,-13,12,-13,12,-13,12,-12,12,-12,12,-11,12,-11,12,-10,13,-9,13,-9,13,-9,13,-8,14,-8,14,-7,14,-7,14,-8,14,0,0,-6,27,-4,26,-4,25,-4,24,-3,23,-2,22,-1,21,0,20,1,19,1,18,2,17,3,17,3,16,4,16,4,16,5,15,5,15,5,15,5,14,4,14,4,13,4,13,3,12,3,11,2,12,2,11,1,10,1,11,0,0,0,0,0,0,0,0,0,0,0,0,0,0,2,30,-2,31,-4,31,-5,31,-6,32,-8,31,-10,32,-12,32,-13,32,-15,32,-15,31,-17,30,-17,29,-17,28,-16,27,-15,26,-14,27,-12,27,-12,27,-11,27,-10,28,-8,28,-8,28,-7,29,-7,29,-6,28,-6,28,-6,28]"
618038425647800,19.974799400,90591,1873416717,-51,-98,6,0,1,7,0,0,256,0,0,"[0,0,2,-16,1,-15,1,-14,1,-13,1,-14,0,-12,-1,-12,-1,-11,-1,-11,-2,-10,-2,-10,-2,-10,-3,-10,-4,-10,-3,-9,-3,-9,-4,-9,-3,-8,-3,-8,-3,-8,-3,-7,-3,-7,-3,-8,-2,-7,-2,-7,-2,-7,0,0,0,0,0,0,0,0,0,0,0,0,0,0,0,0,0,0,0,0,0,0,0,-18,1,-18,1,-18,3,-19,4,-19,5,-19,5,-19,6,-19,7,-19,7,-18,7,-17,8,-16,7,-16,7,-16,6,-16,5,-15,5,-16,4,-16,4,-16,3,-16,2,-16,3,-17,2,-16,2,-16,2,-16,2,-16,0,0,-3,-28,-4,-27,-4,-26,-4,-24,-5,-24,-5,-23,-6,-22,-7,-20,-7,-19,-8,-17,-8,-17,-9,-16,-10,-16,-10,-15,-10,-14,-10,-14,-10,-14,-10,-14,-10,-14,-9,-13,-9,-12,-9,-12,-8,-11,-7,-11,-7,-12,-6,-11,-5,-10,-5,-11,0,0,0,0,0,0,0,0,0,0,0,0,0,0,-12,-29,-8,-31,-7,-32,-5,-32,-3,-33,-2,-33,-1,-34,1,-35,3,-35,4,-35,6,-35,6,-34,7,-33,6,-32,7,-32,5,-31,5,-31,4,-30,3,-30,2,-30,0,-30,0,-30,-2,-30,-2,-31,-2,-30,-3,-30,-3,-30,-3,-30]"
618038444562900,19.993714500,90592,1873437092,-51,-98,6,0,1,7,0,0,256,0,0,"[0,0,15,0,14,0,14,0,13,-1,12,-1,12,-1,11,-2,10,-2,10,-2,10,-3,9,-3,8,-4,8,-4,8,-4,8,-5,8,-4,7,-4,7,-5,7,-5,7,-4,6,-4,6,-3,6,-3,6,-3,6,-3,6,-3,0,0,0,0,0,0,0,0,0,0,0,0,0,0,0,0,0,0,0,0,0,0,17,-3,18,-1,18,0,18,1,18,1,19,2,18,3,18,4,18,5,18,5,17,5,17,5,17,5,16,4,16,4,15,3,15,3,15,2,15,2,16,1,15,0,16,0,16,0,16,0,16,0,16,-1,0,0,26,-9,25,-9,24,-9,23,-9,22,-9,20,-9,19,-9,18,-10,17,-11,15,-11,14,-12,14,-12,13,-12,13,-12,11,-12,12,-12,11,-12,11,-12,10,-11,10,-11,10,-10,10,-10,10,-9,9,-9,9,-8,9,-8,9,-7,9,-6,0,0,0,0,0,0,0,0,0,0,0,0,0,0,24,-19,26,-16,28,-14,30,-12,30,-11,31,-10,32,-8,34,-7,34,-5,35,-3,34,-2,33,-1,33,-1,32,-1,31,-1,30,-2,30,-2,29,-3,29,-4,29,-5,29,-5,29,-7,28,-7,28,-8,28,-8,28,-10,28,-9,28,-10]"
618038464946200,20.014097800,90593,1873456725,-51,-98,6,0,1,7,0,0,256,0,0,"[0,0,-16,0,-15,0,-15,0,-14,0,-13,1,-12,1,-12,1,-11,2,-11,2,-10,3,-10,3,-9,3,-9,3,-9,4,-8,4,-8,4,-8,4,-8,4,-8,4,-7,3,-8,3,-7,3,-7,3,-6,2,-7,2,-6,2,0,0,0,0,0,0,0,0,0,0,0,0,0,0,0,0,0,0,0,0,0,0,-18,2,-19,1,-18,0,-19,-1,-19,-2,-20,-3,-20,-4,-20,-5,-20,-6,-19,-6,-18,-6,-18,-5,-17,-5,-17,-5,-17,-5,-16,-4,-17,-3,-16,-3,-16,-2,-16,-2,-17,-1,-17,-1,-17,0,-17,0,-16,0,-16,0,0,0,-26,9,-27,9,-24,8,-23,9,-21,8,-20,10,-19,9,-18,10,-17,10,-17,11,-15,11,-14,10,-14,11,-12,11,-12,13,-12,11,-11,12,-11,11,-10,11,-11,10,-10,10,-10,10,-10,9,-10,8,-9,8,-9,7,-10,7,-10,5,0,0,0,0,0,0,0,0,0,0,0,0,0,0,-27,16,-28,13,-30,11,-30,10,-32,11,-31,9,-34,7,-34,5,-35,5,-36,2,-35,2,-36,0,-34,-1,-33,-1,-32,-1,-30,-1,-30,1,-31,3,-29,3,-31,3,-28,5,-29,7,-28,7,-29,8,-30,8,-29,8,-28,8,-28,8]"
618038485640200,20.034791800,90594,1873477295,-51,-98,6,0,1,7,0,0,256,0,0,"[0,0,9,11,9,11,9,10,8,9,8,9,8,9,8,8,8,7,8,6,8,5,8,4,8,5,7,4,8,4,8,3,8,2,8,3,7,2,7,3,7,3,7,3,6,3,6,2,6,2,5,3,5,3,0,0,0,0,0,0,0,0,0,0,0,0,0,0,0,0,0,0,0,0,0,0,12,12,11,13,11,14,10,15,10,15,9,17,8,17,7,18,7,17,6,17,6,17,5,16,5,16,6,15,6,15,7,14,7,14,7,14,7,13,8,13,8,13,9,13,9,13,9,13,9,13,9,12,0,0,22,15,22,14,21,13,20,13,20,11,20,10,19,9,18,8,17,6,17,5,17,4,17,4,16,3,16,2,17,1,17,1,16,1,16,1,15,0,14,1,14,1,13,1,13,1,12,1,11,1,11,2,11,2,11,2,0,0,0,0,0,0,0,0,0,0,0,0,0,0,29,9,28,13,26,15,26,16,26,18,25,19,25,22,25,24,24,24,23,26,22,26,21,27,20,26,19,26,18,25,18,23,19,23,20,21,20,21,20,21,21,20,22,18,22,18,23,18,23,17,24,17,23,17,24,16]"
618038502619200,20.051770800,90595,1873496711,-51,-98,6,0,1,7,0,0,256,0,0,"[0,0,1,15,1,14,1,14,1,12,2,12,2,12,2,11,3,10,3,9,3,9,4,8,4,8,4,8,5,7,4,7,4,7,4,7,4,6,4,6,4,6,4,6,3,6,3,6,3,5,3,5,2,5,0,0,0,0,0,0,0,0,0,0,0,0,0,0,0,0,0,0,0,0,0,0,2,17,1,18,1,17,0,18,-1,18,-2,19,-3,19,-3,19,-4,18,-5,18,-5,17,-5,16,-4,16,-4,16,-3,16,-3,15,-3,15,-2,16,-1,16,0,16,0,16,0,16,0,16,1,16,1,16,1,15,0,0,10,26,10,24,9,23,10,23,10,21,10,19,10,19,10,17,11,16,11,14,12,13,12,12,12,12,12,11,13,10,12,10,12,10,12,10,11,9,11,9,10,9,10,9,9,8,9,8,8,8,8,8,7,8,7,8,0,0,0,0,0,0,0,0,0,0,0,0,0,0,18,25,15,26,14,28,11,29,11,30,9,30,8,33,7,33,4,34,4,34,2,34,2,34,2,32,1,32,1,31,2,30,3,29,4,28,4,28,5,29,7,28,7,28,8,28,9,29,9,28,10,27,11,27,10,26]"
618038522807100,20.071958700,90596,1873516530,-51,-98,6,0,1,7,0,0,256,0,0,"[0,0,11,9,11,9,10,8,11,7,10,7,9,6,9,5,9,5,9,4,9,3,9,3,9,3,9,2,9,2,8,1,8,1,8,1,8,1,8,1,8,1,7,1,7,1,6,1,6,1,6,1,6,1,0,0,0,0,0,0,0,0,0,0,0,0,0,0,0,0,0,0,0,0,0,0,14,9,14,10,14,11,13,12,13,13,13,14,12,14,11,15,11,15,10,16,10,15,9,15,9,14,9,13,9,13,10,13,9,12,10,12,11,11,11,11,11,11,12,10,12,11,12,10,12,10,12,9,0,0,24,11,24,10,23,10,22,9,21,8,21,6,20,5,19,4,19,3,18,2,18,2,17,1,17,0,16,-1,17,-1,16,-2,16,-2,15,-1,15,-2,15,-1,14,-1,13,-1,13,0,12,0,12,0,11,0,11,1,11,2,0,0,0,0,0,0,0,0,0,0,0,0,0,0,30,4,30,8,29,10,28,11,29,13,28,15,29,17,28,18,28,19,27,21,26,21,25,23,24,23,23,22,22,22,22,20,22,18,23,17,23,17,24,17,24,15,25,14,25,14,26,13,26,13,26,13,26,12,26,12]"
618038545247900,20.094399500,90597,1873536922,-51,-98,6,0,1,7,0,0,256,0,0,"[0,0,-6,13,-6,13,-6,12,-5,12,-5,12,-4,11,-3,11,-3,10,-3,10,-2,10,-2,9,-1,9,0,9,0,8,0,8,0,8,1,8,0,8,0,7,0,8,0,7,0,7,0,7,-1,7,-1,6,-1,6,0,0,0,0,0,0,0,0,0,0,0,0,0,0,0,0,0,0,0,0,0,0,-6,16,-7,16,-7,16,-8,16,-9,16,-10,16,-11,16,-12,15,-12,15,-13,14,-13,13,-12,13,-12,13,-12,12,-11,13,-10,13,-10,13,-10,13,-9,13,-8,14,-7,14,-8,14,-8,14,-8,14,-7,14,-7,13,0,0,-1,27,0,26,1,26,1,24,1,24,2,22,2,21,3,20,3,18,4,17,5,16,6,16,7,15,7,15,7,14,8,14,8,14,7,13,7,13,7,13,6,12,6,12,5,12,5,11,4,11,4,11,4,10,3,10,0,0,0,0,0,0,0,0,0,0,0,0,0,0,8,28,6,30,3,31,1,32,0,31,-2,33,-3,32,-5,35,-7,34,-9,34,-10,33,-10,32,-11,31,-11,30,-10,30,-9,29,-8,30,-7,28,-6,29,-5,28,-4,29,-3,28,-3,29,-2,30,-1,29,-1,29,-1,29,0,29]"
618038562239600,20.111391200,90598,1873556745,-51,-98,6,0,1,7,0,0,256,0,0,"[0,0,-1,14,0,14,0,13,0,13,0,12,1,12,1,11,2,11,2,10,3,9,3,9,3,8,4,8,3,8,4,8,4,7,4,7,4,7,4,7,4,6,3,6,3,6,3,6,3,6,2,6,2,5,0,0,0,0,0,0,0,0,0,0,0,0,0,0,0,0,0,0,0,0,0,0,1,17,0,17,-1,18,-2,17,-3,19,-4,18,-5,18,-6,18,-6,18,-7,18,-6,17,-7,16,-6,16,-5,16,-5,15,-5,16,-4,15,-4,16,-3,15,-2,16,-2,16,-2,16,-2,16,-1,16,-1,16,0,15,0,0,11,24,12,24,11,22,11,22,11,20,11,19,12,17,11,16,11,15,13,14,12,13,12,12,13,11,12,10,14,11,13,9,13,10,13,9,12,9,12,9,11,8,10,8,11,8,10,8,8,8,8,8,8,8,7,8,0,0,0,0,0,0,0,0,0,0,0,0,0,0,20,23,18,25,15,26,14,26,14,30,12,28,11,32,10,32,10,33,7,34,6,33,5,34,4,33,4,32,4,31,5,29,5,28,6,29,6,27,7,29,8,27,10,27,11,27,11,27,12,28,12,27,12,26,12,26]"
618038584522700,20.133674300,90599,1873576570,-51,-98,6,0,1,7,0,0,256,0,0,"[0,0,8,12,7,12,7,11,7,10,7,10,7,9,7,8,7,7,7,7,7,6,7,6,7,5,7,5,8,4,8,4,7,4,7,4,7,4,7,4,7,4,6,3,6,4,6,4,5,3,5,3,5,3,0,0,0,0,0,0,0,0,0,0,0,0,0,0,0,0,0,0,0,0,0,0,10,13,10,14,9,15,8,16,8,17,7,17,7,18,5,18,5,18,4,18,4,17,4,17,4,16,4,16,4,16,5,15,5,14,6,14,6,14,7,14,7,14,7,14,8,14,8,13,8,13,8,13,0,0,21,17,20,15,20,15,19,14,19,14,19,11,18,11,18,9,17,8,17,7,17,6,16,5,16,4,16,3,16,3,16,2,15,2,16,2,15,2,14,2,14,2,13,2,12,2,12,3,11,3,11,3,11,3,10,4,0,0,0,0,0,0,0,0,0,0,0,0,0,0,28,11,27,15,26,16,25,18,24,19,24,21,24,23,24,25,22,26,21,27,20,27,19,27,18,28,18,27,17,25,16,24,18,24,17,22,19,22,18,21,20,21,21,20,21,19,22,19,22,19,23,18,23,18,23,18]"
618038603344400,20.152496000,90600,1873597008,-51,-98,6,0,1,7,0,0,256,0,0,"[0,0,2,14,2,14,2,13,2,12,3,12,3,11,3,10,4,9,3,9,3,8,4,8,4,7,5,7,5,6,5,6,5,6,5,6,5,6,5,6,4,6,4,5,4,5,4,5,3,5,3,4,3,4,0,0,0,0,0,0,0,0,0,0,0,0,0,0,0,0,0,0,0,0,0,0,5,16,4,16,3,17,2,17,1,18,0,18,0,18,-2,18,-2,18,-2,18,-3,17,-3,16,-3,16,-3,16,-2,15,-1,15,-1,15,0,15,0,15,1,15,1,15,2,15,2,15,2,15,2,15,2,15,0,0,12,24,13,23,12,22,12,21,11,20,12,18,12,17,12,16,12,14,12,13,12,12,12,12,13,11,13,10,14,10,13,9,13,9,13,9,13,8,12,9,11,7,11,7,10,8,9,8,9,8,8,7,8,8,7,8,0,0,0,0,0,0,0,0,0,0,0,0,0,0,20,23,18,25,15,26,15,26,15,29,13,29,12,31,11,32,10,33,8,34,7,33,6,34,4,33,4,31,3,31,5,30,5,28,6,29,7,27,8,28,9,27,11,27,11,27,12,26,12,27,12,27,12,26,12,25]"
618038623914800,20.173066400,90601,1873616894,-51,-98,6,0,1,7,0,0,256,0,0,"[0,0,13,-7,12,-8,11,-8,11,-8,10,-7,10,-7,9,-7,8,-7,8,-7,7,-8,6,-8,6,-8,5,-8,5,-8,5,-8,5,-8,4,-8,4,-7,4,-8,4,-7,4,-7,4,-6,4,-7,4,-6,4,-6,4,-5,0,0,0,0,0,0,0,0,0,0,0,0,0,0,0,0,0,0,0,0,0,0,14,-11,14,-10,15,-10,15,-9,17,-9,17,-8,18,-7,18,-6,18,-5,18,-5,17,-4,17,-4,16,-4,16,-5,15,-5,15,-5,14,-6,15,-6,14,-7,14,-7,14,-7,14,-8,15,-8,14,-8,13,-8,14,-8,0,0,21,-18,20,-18,19,-18,18,-17,17,-17,15,-16,14,-16,13,-16,12,-16,10,-16,9,-16,8,-16,7,-16,7,-16,6,-16,6,-16,6,-15,6,-16,5,-15,6,-15,5,-13,6,-13,5,-13,5,-12,6,-11,6,-11,6,-10,7,-9,0,0,0,0,0,0,0,0,0,0,0,0,0,0,15,-26,18,-25,20,-24,22,-23,23,-22,24,-21,26,-21,29,-20,30,-18,31,-16,31,-16,30,-15,30,-14,30,-14,28,-14,27,-14,28,-14,26,-14,25,-15,25,-16,24,-16,24,-17,24,-17,23,-18,23,-19,22,-19,21,-19,23,-20]"
618038645516600,20.194668200,90602,1873638508,-51,-98,6,0,1,7,0,0,256,0,0,"[0,0,-15,2,-15,2,-14,2,-14,2,-13,3,-12,3,-11,3,-11,3,-11,3,-10,4,-9,4,-8,4,-8,5,-8,5,-8,5,-8,5,-7,5,-7,5,-7,5,-7,4,-7,4,-7,4,-7,3,-6,3,-6,3,-6,2,0,0,0,0,0,0,0,0,0,0,0,0,0,0,0,0,0,0,0,0,0,0,-17,5,-18,4,-18,3,-19,3,-19,2,-20,1,-20,0,-21,-2,-20,-2,-19,-2,-19,-2,-19,-2,-18,-2,-17,-2,-17,-2,-17,-1,-17,-1,-17,0,-17,0,-16,1,-16,1,-16,1,-17,2,-16,2,-16,2,-16,2,0,0,-25,12,-24,12,-23,12,-22,12,-21,12,-19,12,-18,12,-17,12,-15,12,-14,12,-13,13,-13,13,-12,13,-11,13,-10,14,-10,13,-10,13,-9,13,-9,13,-9,12,-9,12,-9,10,-8,10,-8,10,-8,9,-8,8,-9,8,-9,8,0,0,0,0,0,0,0,0,0,0,0,0,0,0,-23,20,-26,18,-27,16,-28,15,-29,15,-30,14,-32,12,-34,10,-34,10,-35,7,-34,7,-35,5,-34,5,-33,4,-31,4,-30,5,-30,6,-29,7,-29,8,-29,8,-28,9,-27,11,-28,10,-27,12,-28,12,-27,13,-26,13,-27,12]"
618038665225200,20.214376800,90603,1873662078,-51,-98,6,0,1,7,0,0,256,0,0,"[0,0,-1,15,-1,14,0,13,0,13,0,12,0,12,1,11,1,11,1,10,2,10,3,8,3,8,3,8,3,8,3,8,3,7,4,8,3,7,3,7,3,7,3,6,3,6,3,6,2,6,2,5,2,5,0,0,0,0,0,0,0,0,0,0,0,0,0,0,0,0,0,0,0,0,0,0,1,17,0,17,0,18,-2,18,-3,19,-3,18,-5,18,-6,19,-6,18,-6,18,-6,17,-6,17,-6,16,-5,16,-5,15,-5,15,-4,15,-4,16,-3,15,-2,16,-2,16,-2,16,-2,16,-1,16,-1,16,-1,15,0,0,5,28,6,26,5,25,5,23,6,22,6,20,7,20,6,18,7,17,8,16,9,15,9,14,10,14,10,13,10,13,10,13,10,11,10,12,9,12,9,11,9,11,8,10,7,10,7,10,6,10,6,9,6,9,5,10,0,0,0,0,0,0,0,0,0,0,0,0,0,0,14,26,11,28,9,29,7,30,6,31,5,32,3,33,2,35,0,35,-2,35,-3,34,-4,33,-4,33,-4,32,-3,31,-3,30,-2,30,-1,29,0,29,0,29,1,30,2,29,3,29,4,29,4,29,5,29,5,29,5,29]"
618038686036600,20.235188200,90604,1873677099,-51,-98,6,0,1,7,0,0,256,0,0,"[0,0,-15,2,-16,2,-14,2,-14,2,-13,2,-12,2,-12,2,-11,3,-11,3,-10,4,-9,4,-9,4,-9,4,-8,4,-9,5,-8,5,-7,5,-7,4,-7,5,-7,4,-7,4,-7,4,-7,3,-6,3,-6,3,-7,2,0,0,0,0,0,0,0,0,0,0,0,0,0,0,0,0,0,0,0,0,0,0,-18,4,-18,4,-18,3,-18,2,-20,1,-20,0,-20,-1,-20,-2,-20,-3,-19,-3,-19,-3,-18,-3,-18,-3,-18,-3,-17,-2,-17,-1,-17,-1,-17,-1,-17,0,-17,0,-17,1,-17,1,-17,1,-16,1,-16,1,-16,2,0,0,-26,12,-25,12,-24,11,-22,11,-21,11,-19,12,-18,12,-17,12,-15,12,-15,12,-14,12,-13,12,-13,11,-11,12,-12,14,-11,13,-11,13,-10,12,-9,13,-9,12,-9,11,-9,10,-9,10,-9,9,-9,8,-9,8,-9,7,-10,6,0,0,0,0,0,0,0,0,0,0,0,0,0,0,-23,20,-26,16,-28,15,-28,14,-29,15,-30,13,-32,11,-33,10,-33,10,-35,8,-34,8,-35,5,-34,3,-33,3,-32,3,-31,3,-30,5,-30,7,-29,7,-29,7,-28,9,-27,11,-28,11,-27,13,-28,12,-28,11,-27,11,-27,11]"
618038704797200,20.253948800,90605,1873696933,-51,-98,6,0,1,7,0,0,256,0,0,"[0,0,-10,11,-9,11,-9,11,-8,10,-7,10,-7,10,-6,10,-6,9,-5,9,-4,9,-4,9,-3,9,-2,8,-3,9,-2,9,-2,8,-2,8,-2,8,-2,8,-2,8,-2,7,-2,7,-2,7,-2,7,-2,6,-2,6,0,0,0,0,0,0,0,0,0,0,0,0,0,0,0,0,0,0,0,0,0,0,-10,15,-11,14,-12,14,-12,13,-14,14,-15,13,-16,12,-16,12,-16,11,-16,10,-16,10,-16,9,-15,9,-14,9,-14,9,-13,10,-13,9,-13,11,-12,11,-12,11,-11,11,-11,12,-11,12,-11,12,-10,12,-10,12,0,0,-12,55,-13,51,-10,49,-8,48,-8,46,-6,44,-4,43,-3,41,-1,39,1,37,4,36,7,34,8,34,8,32,9,33,8,31,9,31,9,30,7,30,7,30,8,28,5,27,6,26,6,24,5,24,4,23,2,23,1,21,0,0,0,0,0,0,0,0,0,0,0,0,0,0,4,61,-4,62,-8,62,-12,61,-16,63,-19,60,-23,63,-27,64,-32,62,-33,62,-36,59,-35,59,-33,57,-33,56,-30,54,-29,54,-29,52,-27,51,-26,52,-23,55,-20,54,-22,55,-18,55,-19,57,-16,57,-12,57,-12,57,-13,57]"
618038722861000,20.272012600,90606,1873716799,-51,-98,6,0,1,7,0,0,256,0,0,"[0,0,7,11,8,11,7,10,7,9,7,9,7,8,7,8,7,7,7,6,7,5,7,5,7,4,7,4,7,4,7,4,7,3,7,3,7,3,7,3,6,3,6,3,5,3,5,3,5,3,5,3,5,3,0,0,0,0,0,0,0,0,0,0,0,0,0,0,0,0,0,0,0,0,0,0,11,11,10,12,10,14,10,13,9,11,8,15,7,17,6,16,6,17,5,16,5,16,5,16,5,15,5,15,5,14,6,14,6,14,7,13,7,13,7,13,7,13,8,13,8,13,9,12,8,12,8,11,0,0,18,21,16,20,15,18,16,17,15,16,15,15,15,14,13,12,16,11,15,10,14,9,14,8,14,8,15,7,15,6,14,5,15,6,14,6,14,5,15,5,12,5,12,4,11,5,11,5,10,5,10,5,9,5,8,6,0,0,0,0,0,0,0,0,0,0,0,0,0,0,25,19,22,21,22,22,20,24,20,27,18,26,19,28,17,30,16,32,16,32,13,32,13,31,11,31,11,30,11,29,11,29,12,27,13,27,12,26,13,25,15,25,17,24,16,24,17,24,18,24,17,24,17,23,18,23]"
618038745337000,20.294488600,90607,1873738417,-51,-98,6,0,1,7,0,0,256,0,0,"[0,0,-8,-14,-8,-13,-7,-12,-7,-12,-7,-11,-8,-11,-7,-10,-7,-10,-7,-8,-8,-8,-8,-7,-8,-7,-8,-7,-8,-6,-8,-6,-8,-5,-8,-6,-8,-5,-8,-5,-7,-5,-7,-5,-6,-5,-6,-5,-6,-5,-6,-5,-5,-5,0,0,0,0,0,0,0,0,0,0,0,0,0,0,0,0,0,0,0,0,0,0,-11,-15,-10,-15,-10,-16,-9,-16,-8,-18,-8,-18,-7,-19,-6,-19,-5,-19,-5,-19,-4,-18,-4,-18,-4,-18,-4,-17,-4,-16,-5,-16,-5,-16,-6,-16,-6,-16,-7,-16,-7,-15,-7,-15,-8,-15,-9,-15,-8,-14,-8,-14,0,0,-24,-16,-24,-15,-23,-15,-21,-14,-21,-13,-20,-11,-19,-10,-19,-9,-19,-7,-18,-7,-18,-6,-18,-5,-17,-4,-17,-4,-18,-3,-17,-3,-17,-2,-17,-3,-16,-3,-16,-3,-15,-2,-14,-3,-14,-3,-13,-4,-12,-3,-12,-4,-12,-4,-11,-5,0,0,0,0,0,0,0,0,0,0,0,0,0,0,-30,-10,-29,-13,-28,-15,-28,-17,-27,-18,-27,-20,-26,-22,-27,-23,-26,-24,-25,-26,-24,-26,-22,-27,-21,-27,-20,-26,-19,-25,-20,-24,-20,-24,-21,-21,-21,-21,-22,-21,-23,-20,-23,-19,-24,-18,-24,-18,-24,-18,-24,-18,-25,-18,-24,-18]"
618038765493700,20.314645300,90608,1873756778,-51,-98,6,0,1,7,0,0,256,0,0,"[0,0,14,-5,13,-5,12,-5,12,-6,11,-5,10,-6,9,-5,9,-6,8,-6,8,-6,7,-6,7,-6,6,-7,6,-6,6,-7,5,-7,5,-7,5,-7,5,-7,5,-6,5,-6,5,-6,4,-5,4,-5,4,-5,4,-4,0,0,0,0,0,0,0,0,0,0,0,0,0,0,0,0,0,0,0,0,0,0,15,-8,15,-7,16,-6,16,-6,18,-5,18,-4,18,-3,18,-2,18,-2,18,-1,18,-1,17,-1,17,-1,16,-1,15,-2,15,-2,14,-3,15,-3,14,-4,15,-4,14,-5,14,-5,15,-5,14,-5,14,-5,14,-5,0,0,19,-20,18,-21,16,-20,16,-19,14,-19,13,-18,12,-18,11,-18,10,-18,8,-18,7,-17,6,-17,5,-17,5,-17,5,-17,4,-16,4,-16,3,-17,3,-16,4,-15,4,-14,4,-14,4,-14,3,-13,3,-12,4,-12,5,-11,5,-11,0,0,0,0,0,0,0,0,0,0,0,0,0,0,14,-28,16,-26,19,-26,21,-25,22,-24,22,-23,26,-23,27,-22,29,-20,30,-20,30,-18,30,-18,29,-16,28,-16,27,-16,26,-16,26,-16,24,-17,24,-17,23,-18,22,-18,22,-20,21,-20,21,-21,21,-21,20,-21,20,-22,20,-22]"
618038787880500,20.337032100,90609,1873779486,-51,-98,6,0,1,7,0,0,256,0,0,"[0,0,-2,14,-2,14,-1,13,-1,12,-1,12,0,12,0,11,1,10,1,10,1,9,1,9,2,9,2,8,3,8,3,8,3,7,3,7,3,7,3,7,3,7,2,7,2,6,2,6,2,6,1,5,1,5,0,0,0,0,0,0,0,0,0,0,0,0,0,0,0,0,0,0,0,0,0,0,0,16,0,17,-1,17,-2,17,-3,18,-4,18,-5,18,-6,18,-7,17,-7,17,-7,16,-6,16,-6,15,-6,15,-6,15,-6,14,-5,14,-4,15,-4,15,-3,15,-3,15,-2,15,-2,15,-1,15,-1,15,-2,15,0,0,7,26,8,26,7,24,7,23,8,22,9,20,9,19,9,18,10,17,10,16,9,15,10,14,11,13,11,12,11,12,11,12,11,11,11,11,10,10,10,10,10,10,9,10,9,10,8,9,7,9,7,9,6,9,5,9,0,0,0,0,0,0,0,0,0,0,0,0,0,0,16,25,14,27,11,29,10,29,9,31,8,31,6,33,5,33,4,34,3,35,1,34,0,34,-1,33,-1,32,-2,31,-1,30,1,30,2,29,2,29,3,29,4,28,6,28,6,28,7,29,8,29,7,28,8,28,8,27]"
618038804364800,20.353516400,90610,1873796504,-51,-98,6,0,1,7,0,0,256,0,0,"[0,0,-16,-1,-15,-1,-15,-1,-14,-1,-13,-1,-13,0,-12,0,-12,1,-12,1,-11,2,-10,2,-10,3,-10,2,-9,3,-9,4,-9,4,-8,3,-9,3,-8,3,-8,3,-8,3,-7,3,-7,2,-7,2,-7,2,-6,2,0,0,0,0,0,0,0,0,0,0,0,0,0,0,0,0,0,0,0,0,0,0,-18,0,-19,-1,-19,-2,-19,-3,-20,-4,-20,-5,-19,-5,-19,-7,-19,-7,-18,-7,-18,-7,-17,-7,-17,-7,-17,-6,-16,-6,-17,-5,-16,-5,-16,-4,-16,-3,-16,-3,-16,-3,-17,-2,-17,-2,-17,-2,-17,-1,-17,-1,0,0,-28,3,-28,3,-25,3,-26,4,-23,4,-23,5,-21,5,-20,6,-19,7,-18,7,-17,8,-17,8,-16,9,-15,9,-15,10,-14,9,-14,10,-13,8,-13,9,-13,9,-13,8,-13,7,-13,7,-12,6,-11,6,-10,5,-12,5,-11,4,0,0,0,0,0,0,0,0,0,0,0,0,0,0,-29,11,-30,8,-31,6,-31,4,-33,3,-32,2,-35,0,-35,-2,-35,-3,-35,-5,-34,-6,-35,-7,-34,-7,-33,-7,-31,-6,-31,-5,-30,-5,-30,-4,-29,-3,-31,-2,-29,-1,-30,0,-30,1,-30,1,-31,2,-31,3,-30,3,-29,2]"
618038824769400,20.373921000,90611,1873818753,-51,-98,6,0,1,7,0,0,256,0,0,"[0,0,6,13,5,13,5,12,5,11,5,11,5,10,5,10,6,9,5,8,5,7,6,7,6,6,6,6,6,5,6,5,6,5,6,5,6,5,6,5,5,4,5,4,5,5,4,5,4,5,4,4,4,4,0,0,0,0,0,0,0,0,0,0,0,0,0,0,0,0,0,0,0,0,0,0,8,14,8,15,7,15,6,16,6,17,5,18,4,18,3,18,3,18,2,18,2,18,2,17,2,16,2,16,2,15,2,15,3,15,4,15,4,15,5,15,5,15,5,14,5,14,6,14,6,14,6,14,0,0,15,22,15,20,15,20,14,19,15,18,15,16,14,14,14,13,14,12,14,11,14,10,15,9,14,9,15,8,14,7,14,7,13,7,14,7,14,6,13,7,12,6,12,6,11,6,10,6,10,6,9,6,9,6,8,7,0,0,0,0,0,0,0,0,0,0,0,0,0,0,24,17,22,20,21,22,20,23,18,24,17,26,17,28,17,30,16,30,14,31,12,31,11,30,11,31,10,29,10,29,10,27,11,27,11,25,11,26,12,25,14,26,15,24,15,24,16,24,16,23,16,24,16,22,17,23]"
618038844536100,20.393687700,90612,1873836789,-51,-98,6,0,1,7,0,0,256,0,0,"[0,0,-12,9,-12,8,-11,8,-11,8,-10,8,-9,8,-8,8,-8,8,-7,7,-7,7,-6,7,-6,7,-5,7,-4,7,-4,8,-4,8,-4,7,-4,7,-4,7,-4,6,-4,7,-4,6,-3,6,-4,5,-4,5,-4,5,0,0,0,0,0,0,0,0,0,0,0,0,0,0,0,0,0,0,0,0,0,0,-12,12,-13,11,-14,11,-15,10,-16,10,-17,9,-17,9,-18,7,-17,7,-18,6,-18,6,-17,6,-16,6,-16,6,-15,6,-15,7,-14,7,-14,7,-14,7,-14,8,-13,9,-13,9,-14,9,-13,9,-13,10,-13,10,0,0,-16,23,-14,22,-14,22,-13,20,-12,20,-11,19,-10,19,-9,18,-7,18,-6,17,-5,17,-3,17,-3,17,-3,17,-3,16,-2,16,-2,15,-2,16,-2,15,-3,15,-3,14,-3,13,-2,12,-3,12,-2,11,-3,11,-4,10,-4,10,0,0,0,0,0,0,0,0,0,0,0,0,0,0,-7,28,-11,29,-13,27,-16,26,-17,26,-19,25,-20,25,-23,26,-25,24,-25,23,-26,22,-25,21,-25,21,-24,21,-23,21,-22,20,-23,20,-21,19,-21,20,-20,20,-19,22,-19,22,-18,23,-18,23,-16,23,-16,24,-15,25,-16,25]"
618038864242300,20.413393900,90613,1873857625,-51,-98,6,0,1,7,0,0,256,0,0,"[0,0,-7,13,-6,13,-6,12,-6,13,-5,12,-4,12,-3,11,-3,11,-3,10,-2,10,-1,9,-1,10,0,9,0,9,0,9,1,9,1,9,0,8,0,8,0,8,0,8,0,7,0,7,0,7,-1,7,-1,6,0,0,0,0,0,0,0,0,0,0,0,0,0,0,0,0,0,0,0,0,0,0,-6,16,-7,16,-7,16,-9,16,-10,16,-11,16,-12,16,-13,15,-13,14,-13,14,-12,13,-12,13,-12,13,-11,13,-11,13,-10,13,-10,13,-10,13,-9,13,-9,14,-8,14,-8,14,-8,15,-7,15,-7,15,-7,14,0,0,-3,27,-2,26,-2,24,-1,24,-1,22,0,21,0,21,1,19,2,19,4,18,4,17,5,17,5,16,6,15,6,15,6,14,7,14,7,14,5,14,6,14,5,13,5,12,4,12,4,11,4,12,3,11,3,11,1,11,0,0,0,0,0,0,0,0,0,0,0,0,0,0,6,29,2,30,0,30,-2,30,-3,31,-4,31,-7,32,-8,32,-10,32,-12,32,-13,31,-13,31,-13,29,-13,29,-12,28,-12,27,-10,28,-10,27,-9,27,-8,28,-7,27,-6,28,-5,28,-5,29,-4,29,-3,28,-3,28,-3,28]"
618038884927200,20.434078800,90614,1873876527,-51,-98,6,0,1,7,0,0,256,0,0,"[0,0,14,-2,13,-2,13,-2,13,-2,12,-2,11,-3,10,-3,10,-3,9,-4,9,-4,9,-4,8,-5,8,-5,7,-5,7,-5,7,-5,6,-5,7,-5,7,-5,6,-5,6,-5,6,-4,5,-4,5,-4,5,-4,6,-3,0,0,0,0,0,0,0,0,0,0,0,0,0,0,0,0,0,0,0,0,0,0,16,-4,17,-3,17,-3,17,-2,18,-1,19,0,19,1,18,2,18,3,18,3,17,3,17,3,16,3,16,2,15,2,15,2,15,1,15,0,15,0,15,0,15,-1,16,-1,16,-1,15,-2,15,-2,15,-3,0,0,24,-12,24,-12,22,-12,22,-11,20,-11,19,-12,18,-12,16,-12,15,-12,14,-13,12,-13,12,-13,11,-13,10,-13,10,-14,10,-14,10,-14,10,-13,9,-13,9,-12,9,-11,9,-11,8,-11,8,-10,8,-9,7,-9,9,-8,9,-7,0,0,0,0,0,0,0,0,0,0,0,0,0,0,22,-20,24,-18,25,-16,27,-14,29,-14,29,-13,31,-12,32,-10,33,-9,34,-8,33,-6,34,-5,32,-4,31,-4,30,-4,29,-5,28,-5,28,-7,27,-7,29,-8,27,-9,27,-10,27,-10,27,-11,27,-12,27,-12,26,-12,26,-12]"
618038905409900,20.454561500,90615,1873897401,-51,-98,6,0,1,7,0,0,256,0,0,"[0,0,-1,-15,-2,-15,-2,-15,-1,-13,-2,-13,-3,-12,-3,-12,-4,-11,-3,-10,-4,-10,-4,-10,-5,-9,-5,-9,-5,-9,-5,-8,-5,-8,-5,-8,-5,-8,-5,-8,-5,-7,-4,-7,-4,-7,-4,-7,-4,-7,-3,-6,-3,-6,0,0,0,0,0,0,0,0,0,0,0,0,0,0,0,0,0,0,0,0,0,0,-3,-17,-2,-18,-2,-18,-1,-19,0,-19,1,-20,2,-19,3,-20,3,-19,4,-19,4,-18,4,-17,3,-17,3,-17,3,-17,2,-16,2,-16,2,-16,1,-17,0,-17,0,-16,-1,-17,-1,-16,-1,-16,-1,-16,-1,-16,0,0,-9,-26,-10,-26,-10,-25,-9,-23,-9,-22,-10,-21,-11,-20,-10,-19,-10,-17,-11,-16,-12,-15,-12,-14,-12,-14,-12,-13,-13,-13,-13,-12,-13,-11,-13,-12,-12,-11,-11,-11,-11,-11,-10,-10,-10,-10,-9,-10,-8,-10,-8,-9,-8,-10,-7,-10,0,0,0,0,0,0,0,0,0,0,0,0,0,0,-16,-26,-14,-28,-12,-29,-11,-30,-10,-31,-9,-31,-7,-33,-6,-34,-5,-34,-3,-35,-2,-34,-1,-34,0,-33,0,-32,0,-31,-1,-31,-2,-30,-3,-30,-3,-29,-4,-29,-6,-29,-7,-29,-7,-29,-8,-29,-8,-29,-9,-29,-9,-28,-9,-28]"
618038925202300,20.474353900,90616,1873919380,-51,-98,6,0,1,7,0,0,256,0,0,"[0,0,5,14,5,13,5,12,5,12,5,11,5,10,5,9,5,9,5,8,6,7,6,7,6,6,6,6,6,6,6,6,6,5,6,5,6,5,6,5,6,5,5,4,5,5,5,4,5,5,5,4,4,4,0,0,0,0,0,0,0,0,0,0,0,0,0,0,0,0,0,0,0,0,0,0,7,15,6,15,6,16,5,17,5,17,3,18,3,18,2,19,1,18,1,18,0,18,0,17,1,17,0,16,1,16,2,15,2,15,3,15,3,15,4,15,4,15,5,15,5,15,5,15,5,15,5,14,0,0,17,21,17,20,16,19,16,18,15,16,16,14,16,14,15,13,15,11,15,10,15,9,15,9,15,8,16,7,16,6,15,6,15,5,14,6,14,5,14,5,13,5,13,5,12,5,11,5,10,6,10,5,9,6,9,6,0,0,0,0,0,0,0,0,0,0,0,0,0,0,23,18,21,21,20,23,20,23,19,25,17,26,17,28,16,29,15,29,14,31,13,31,11,31,10,30,10,30,10,29,10,28,11,27,12,26,13,25,13,25,14,24,16,24,16,23,17,24,17,23,17,23,17,23,18,22]"
618038944343100,20.493494700,90617,1873936762,-51,-98,6,0,1,7,0,0,256,0,0,"[0,0,-9,12,-9,11,-8,11,-8,11,-7,10,-6,10,-6,10,-5,10,-5,9,-4,9,-4,9,-3,9,-2,9,-2,8,-2,8,-2,8,-1,9,-2,8,-2,8,-2,7,-2,7,-2,7,-2,7,-2,6,-2,6,-2,5,0,0,0,0,0,0,0,0,0,0,0,0,0,0,0,0,0,0,0,0,0,0,-9,14,-10,15,-10,14,-11,14,-12,14,-14,13,-14,12,-15,12,-15,11,-15,11,-15,10,-14,10,-14,10,-13,10,-13,10,-13,10,-13,10,-12,11,-12,11,-11,12,-11,12,-10,12,-11,12,-10,13,-9,13,-10,12,0,0,-25,50,-24,48,-22,47,-21,45,-19,43,-15,41,-14,39,-13,39,-9,38,-8,37,-6,35,-6,35,-3,35,-2,34,0,34,1,32,1,33,-1,31,1,31,0,30,0,30,-1,28,-1,27,-3,25,-3,24,-3,24,-5,22,-6,21,0,0,0,0,0,0,0,0,0,0,0,0,0,0,-11,59,-19,58,-23,57,-25,56,-29,57,-31,56,-36,57,-40,56,-41,54,-45,53,-46,50,-48,49,-47,45,-47,44,-44,42,-42,42,-40,44,-38,44,-37,45,-36,47,-33,46,-30,49,-29,50,-28,52,-29,51,-28,50,-28,52,-26,50]"
618038970386500,20.519538100,90618,1873967581,-51,-98,6,0,1,7,0,0,256,0,0,"[0,0,-16,3,-15,3,-14,2,-14,3,-12,3,-12,3,-11,3,-10,4,-10,4,-9,4,-9,4,-8,5,-8,5,-8,5,-8,5,-7,5,-7,5,-7,5,-7,5,-7,5,-7,4,-6,4,-6,4,-6,4,-6,3,-6,3,0,0,0,0,0,0,0,0,0,0,0,0,0,0,0,0,0,0,0,0,0,0,-17,4,-18,4,-18,3,-18,2,-19,1,-20,1,-20,0,-19,-1,-20,-2,-19,-2,-19,-3,-18,-3,-17,-2,-17,-2,-17,-2,-17,-1,-17,0,-17,0,-16,1,-16,1,-16,2,-17,2,-17,2,-16,2,-16,3,-16,3,0,0,-24,15,-22,14,-22,14,-20,14,-19,14,-18,14,-17,13,-15,13,-14,14,-12,13,-11,14,-11,14,-10,14,-10,14,-8,14,-9,15,-8,14,-8,14,-8,14,-8,13,-8,12,-8,11,-8,11,-8,10,-8,10,-7,9,-8,8,-9,8,0,0,0,0,0,0,0,0,0,0,0,0,0,0,-20,23,-22,21,-24,19,-26,19,-26,18,-28,17,-29,15,-32,15,-32,14,-33,12,-33,11,-33,9,-33,8,-32,8,-30,8,-29,9,-29,9,-27,10,-27,11,-27,11,-27,12,-26,13,-26,13,-25,15,-26,14,-25,15,-25,15,-25,15]"
618038986178600,20.535330200,90619,1873977606,-51,-98,6,0,1,7,0,0,256,0,0,"[0,0,-14,-7,-13,-7,-13,-7,-12,-6,-12,-6,-11,-5,-11,-5,-11,-4,-11,-3,-10,-3,-10,-2,-10,-2,-9,-1,-9,-1,-10,0,-10,0,-9,-1,-9,0,-9,0,-9,0,-8,-1,-8,-1,-7,-1,-7,-1,-7,-1,-7,-1,0,0,0,0,0,0,0,0,0,0,0,0,0,0,0,0,0,0,0,0,0,0,-16,-7,-17,-8,-16,-8,-16,-9,-16,-10,-16,-12,-15,-12,-15,-14,-14,-13,-13,-13,-13,-14,-13,-13,-12,-12,-13,-12,-12,-12,-12,-11,-13,-11,-13,-10,-13,-10,-14,-10,-14,-9,-14,-9,-14,-8,-14,-8,-14,-8,-14,-8,0,0,-27,-4,-27,-4,-26,-4,-24,-2,-24,-2,-23,-1,-22,-1,-21,0,-20,2,-19,3,-19,3,-18,4,-17,4,-17,5,-17,5,-16,5,-16,5,-15,5,-15,5,-15,4,-14,4,-13,4,-13,3,-13,3,-12,3,-12,2,-12,1,-12,1,0,0,0,0,0,0,0,0,0,0,0,0,0,0,-30,4,-31,1,-31,-2,-31,-3,-32,-5,-32,-6,-33,-8,-33,-10,-33,-11,-33,-14,-31,-14,-32,-15,-30,-15,-30,-15,-28,-14,-28,-13,-28,-12,-28,-11,-28,-10,-28,-9,-28,-8,-29,-7,-29,-7,-29,-6,-30,-6,-29,-5,-29,-5,-29,-5]"
618039004981700,20.554133300,90620,1873998249,-51,-98,6,0,1,7,0,0,256,0,0,"[0,0,14,2,14,1,13,1,13,1,12,0,11,0,11,0,11,-1,10,-1,10,-2,9,-2,9,-3,9,-3,8,-3,9,-4,8,-4,8,-3,8,-4,7,-3,7,-3,7,-3,7,-2,6,-3,6,-2,6,-2,6,-2,0,0,0,0,0,0,0,0,0,0,0,0,0,0,0,0,0,0,0,0,0,0,17,0,17,1,17,2,17,3,18,4,18,5,18,6,17,7,17,7,16,8,16,8,15,7,15,7,14,7,14,6,14,5,14,5,15,5,15,4,15,3,15,3,15,3,15,3,15,2,15,2,15,2,0,0,27,-7,25,-7,24,-8,23,-7,22,-7,20,-8,19,-8,18,-8,17,-9,15,-10,15,-11,14,-11,14,-11,13,-11,12,-11,12,-12,11,-12,12,-11,11,-11,11,-11,10,-10,11,-10,10,-8,10,-8,9,-8,9,-7,9,-7,10,-6,0,0,0,0,0,0,0,0,0,0,0,0,0,0,26,-16,27,-12,29,-11,30,-9,30,-8,31,-6,33,-5,34,-4,34,-1,34,0,34,2,33,2,32,1,32,2,30,2,30,1,29,1,28,-1,29,-1,29,-2,28,-4,28,-4,28,-4,29,-6,28,-6,28,-7,28,-7,28,-7]"
618039028502800,20.577654400,90621,1874018173,-51,-98,6,0,1,7,0,0,256,0,0,"[0,0,-12,-10,-12,-9,-12,-9,-11,-8,-11,-8,-11,-7,-10,-6,-10,-6,-10,-4,-10,-4,-10,-4,-10,-3,-9,-3,-10,-2,-10,-1,-9,-2,-9,-2,-9,-1,-9,-1,-8,-2,-8,-1,-8,-2,-8,-2,-7,-2,-7,-2,-7,-2,0,0,0,0,0,0,0,0,0,0,0,0,0,0,0,0,0,0,0,0,0,0,-15,-10,-14,-11,-14,-12,-14,-13,-14,-14,-13,-15,-12,-15,-12,-16,-11,-17,-10,-16,-10,-16,-10,-15,-10,-15,-10,-15,-10,-14,-11,-13,-11,-12,-11,-12,-11,-12,-12,-11,-12,-11,-13,-11,-13,-11,-12,-10,-13,-10,-13,-10,0,0,-27,-10,-25,-10,-25,-10,-23,-8,-23,-8,-21,-7,-21,-5,-20,-4,-20,-3,-19,-2,-18,-1,-19,0,-18,1,-18,1,-17,1,-17,1,-16,1,-16,2,-16,2,-16,2,-15,1,-15,1,-13,1,-13,1,-13,0,-13,0,-12,-1,-12,-1,0,0,0,0,0,0,0,0,0,0,0,0,0,0,-29,-5,-30,-8,-30,-10,-30,-13,-28,-14,-29,-17,-28,-17,-30,-20,-28,-21,-28,-23,-26,-23,-25,-21,-25,-22,-24,-21,-24,-21,-24,-20,-25,-20,-23,-18,-25,-18,-24,-16,-26,-16,-25,-15,-27,-14,-27,-14,-27,-12,-27,-12,-27,-12,-28,-11]"
618039049231700,20.598383300,90622,1874039488,-51,-98,6,0,1,7,0,0,256,0,0,"[0,0,14,0,14,-1,13,-1,13,-1,12,-1,11,-2,11,-2,10,-3,9,-3,9,-3,9,-4,8,-4,8,-4,8,-5,7,-5,7,-5,7,-5,7,-5,7,-5,6,-5,6,-4,6,-4,6,-4,5,-4,6,-3,6,-3,0,0,0,0,0,0,0,0,0,0,0,0,0,0,0,0,0,0,0,0,0,0,17,-2,17,-1,17,0,17,0,18,1,18,3,18,4,18,4,18,5,17,5,17,6,16,5,16,5,15,5,15,4,15,3,15,3,15,2,15,2,15,1,15,0,15,0,16,0,15,0,15,0,15,0,0,0,24,-12,24,-13,21,-13,21,-12,19,-12,19,-12,18,-11,16,-12,15,-12,14,-14,12,-14,11,-14,10,-14,10,-14,10,-15,9,-14,9,-15,9,-13,9,-14,9,-13,8,-13,8,-12,8,-11,8,-10,8,-10,7,-9,8,-9,8,-7,0,0,0,0,0,0,0,0,0,0,0,0,0,0,23,-20,25,-18,26,-16,27,-13,29,-13,29,-12,32,-11,32,-8,33,-7,34,-6,33,-4,34,-5,32,-5,31,-4,30,-5,29,-5,28,-5,29,-6,27,-7,28,-8,26,-8,27,-9,27,-10,27,-10,27,-12,26,-13,26,-13,26,-13]"
618039063985800,20.613137400,90623,1874057625,-51,-98,6,0,1,7,0,0,256,0,0,"[0,0,12,-8,11,-9,10,-8,11,-8,9,-8,9,-7,8,-8,8,-7,7,-8,7,-8,6,-8,5,-8,4,-8,4,-8,5,-8,4,-8,4,-8,4,-8,4,-7,4,-7,4,-7,3,-7,4,-7,3,-6,3,-6,3,-6,0,0,0,0,0,0,0,0,0,0,0,0,0,0,0,0,0,0,0,0,0,0,13,-12,13,-11,14,-11,14,-10,16,-9,16,-8,17,-7,18,-7,18,-6,17,-5,17,-5,16,-5,16,-5,15,-5,15,-6,15,-6,14,-6,14,-7,14,-7,14,-8,13,-8,13,-8,14,-9,13,-9,13,-9,13,-9,0,0,18,-21,17,-21,16,-20,15,-19,14,-19,13,-18,12,-18,10,-18,10,-17,7,-17,6,-18,6,-17,5,-17,4,-17,3,-17,3,-16,3,-16,3,-17,3,-15,4,-15,3,-14,4,-14,3,-13,3,-12,3,-12,3,-12,4,-11,5,-11,0,0,0,0,0,0,0,0,0,0,0,0,0,0,12,-27,15,-27,17,-26,19,-24,21,-24,22,-23,23,-23,26,-22,28,-21,28,-20,29,-18,28,-18,27,-18,27,-17,25,-17,25,-17,25,-17,23,-17,23,-17,22,-18,22,-19,21,-20,21,-20,20,-21,19,-21,19,-22,18,-22,19,-22]"
618039083393800,20.632545400,90624,1874076559,-51,-98,6,0,1,7,0,0,256,0,0,"[0,0,-15,1,-14,0,-14,0,-14,1,-13,1,-12,2,-12,2,-11,2,-11,2,-10,3,-10,3,-9,3,-8,4,-9,4,-8,4,-8,5,-7,4,-8,4,-7,5,-8,4,-7,4,-7,3,-7,3,-7,3,-6,2,-6,2,0,0,0,0,0,0,0,0,0,0,0,0,0,0,0,0,0,0,0,0,0,0,-17,2,-18,1,-18,0,-19,-1,-19,-1,-20,-2,-19,-3,-20,-4,-19,-5,-18,-5,-18,-5,-17,-5,-17,-5,-17,-5,-17,-4,-16,-3,-16,-3,-16,-3,-17,-2,-17,-1,-17,-1,-17,-1,-17,0,-16,0,-16,0,-16,0,0,0,-26,11,-25,10,-24,11,-22,10,-22,11,-20,11,-19,11,-18,11,-16,11,-15,11,-14,12,-13,12,-12,12,-11,12,-11,13,-11,13,-10,13,-10,12,-10,12,-10,11,-9,11,-9,11,-9,10,-9,9,-8,8,-9,8,-9,8,-10,7,0,0,0,0,0,0,0,0,0,0,0,0,0,0,-24,17,-27,15,-28,13,-29,12,-29,12,-31,10,-32,8,-35,7,-35,7,-35,4,-34,3,-34,2,-33,2,-33,1,-32,1,-30,2,-30,3,-29,5,-29,5,-28,6,-29,7,-28,8,-28,9,-28,10,-28,10,-28,10,-27,10,-27,10]"
618039104545100,20.653696700,90625,1874098479,-51,-98,6,0,1,7,0,0,256,0,0,"[0,0,8,12,8,11,8,11,8,9,8,9,8,9,8,8,7,7,7,6,7,5,8,5,8,5,8,4,8,4,8,3,8,3,7,3,8,3,7,3,7,3,7,3,6,3,6,3,6,3,5,2,5,2,0,0,0,0,0,0,0,0,0,0,0,0,0,0,0,0,0,0,0,0,0,0,11,12,11,14,9,14,9,15,8,15,8,17,7,17,6,18,6,17,5,17,5,16,5,16,5,16,5,15,5,15,5,14,6,14,6,13,7,14,7,13,7,13,8,13,9,13,9,12,9,12,9,12,0,0,19,19,19,19,18,17,18,17,17,15,17,14,17,12,17,11,17,11,16,9,16,8,16,7,16,7,16,6,16,5,16,5,16,4,15,5,15,4,15,4,14,4,13,4,13,4,12,4,11,4,10,5,10,5,9,6,0,0,0,0,0,0,0,0,0,0,0,0,0,0,26,15,25,18,23,20,23,22,22,24,20,24,21,27,19,28,19,29,18,30,16,30,16,30,14,30,14,29,14,28,13,27,14,26,15,26,14,24,16,25,17,23,18,23,19,22,19,23,21,22,20,21,21,21,20,20]"
618039127799400,20.676951000,90626,1874119994,-51,-98,6,0,1,7,0,0,256,0,0,"[0,0,15,-2,14,-3,13,-3,13,-3,12,-3,11,-3,10,-4,10,-4,9,-4,9,-5,9,-5,8,-5,8,-5,7,-5,7,-6,7,-6,6,-6,7,-6,6,-6,6,-6,6,-5,5,-5,6,-5,5,-5,5,-4,5,-4,0,0,0,0,0,0,0,0,0,0,0,0,0,0,0,0,0,0,0,0,0,0,17,-4,17,-3,17,-2,17,-1,18,-1,19,1,19,1,19,2,18,3,18,3,18,4,17,4,16,3,16,3,15,2,16,2,15,1,16,0,15,0,16,-1,16,-1,15,-2,16,-2,16,-2,15,-2,15,-2,0,0,23,-14,22,-14,21,-14,20,-13,19,-14,18,-14,16,-14,15,-13,14,-14,13,-14,11,-15,10,-14,9,-15,9,-15,8,-15,8,-15,8,-15,8,-14,8,-14,7,-14,7,-13,8,-12,6,-12,7,-11,6,-11,7,-10,8,-10,7,-9,0,0,0,0,0,0,0,0,0,0,0,0,0,0,21,-22,24,-20,25,-18,27,-16,28,-16,28,-14,30,-13,32,-12,33,-11,33,-9,33,-7,33,-7,32,-7,31,-7,30,-7,29,-7,28,-7,27,-8,28,-9,27,-9,27,-11,26,-12,26,-12,26,-13,26,-14,26,-15,25,-15,26,-15]"
618039149400600,20.698552200,90627,1874142639,-51,-98,6,0,1,7,0,0,256,0,0,"[0,0,-14,5,-14,5,-14,5,-13,5,-12,5,-11,4,-10,5,-10,5,-9,5,-9,5,-8,6,-8,6,-7,6,-7,6,-7,6,-7,6,-6,6,-6,6,-6,6,-6,6,-6,6,-5,5,-5,5,-5,5,-5,4,-6,4,0,0,0,0,0,0,0,0,0,0,0,0,0,0,0,0,0,0,0,0,0,0,-16,7,-17,6,-17,6,-18,5,-18,4,-20,3,-20,3,-20,1,-19,1,-19,0,-19,1,-19,0,-18,1,-17,0,-17,1,-16,2,-17,2,-16,2,-16,3,-16,4,-16,4,-16,4,-17,5,-15,5,-15,5,-15,5,0,0,-22,17,-21,16,-20,16,-18,16,-18,16,-16,15,-15,15,-13,15,-13,15,-11,15,-10,15,-9,16,-8,15,-8,16,-7,15,-7,16,-6,15,-6,15,-6,14,-6,14,-6,13,-6,13,-6,12,-6,11,-6,11,-6,10,-7,10,-7,9,0,0,0,0,0,0,0,0,0,0,0,0,0,0,-18,24,-21,22,-23,20,-25,20,-25,19,-27,18,-28,17,-31,17,-31,15,-32,14,-32,12,-32,12,-32,11,-31,11,-30,11,-28,11,-29,12,-26,12,-27,13,-26,13,-26,15,-25,15,-24,16,-25,17,-24,17,-23,18,-23,18,-23,18]"
618039166413600,20.715565200,90628,1874159868,-51,-98,6,0,1,7,0,0,256,0,0,"[0,0,12,8,12,7,12,6,11,5,11,5,10,5,10,4,9,3,9,3,9,2,9,2,9,2,9,1,9,1,9,0,8,0,8,0,8,0,8,0,8,0,7,0,7,0,6,1,6,0,6,1,6,1,0,0,0,0,0,0,0,0,0,0,0,0,0,0,0,0,0,0,0,0,0,0,15,6,15,8,15,8,15,9,14,10,15,11,14,12,14,13,13,13,12,13,11,13,11,13,11,12,11,12,11,11,11,10,12,10,12,10,12,10,12,9,12,9,13,8,13,8,13,8,13,8,13,7,0,0,54,14,52,11,52,10,47,9,48,9,44,6,43,5,42,3,39,0,37,-1,37,-4,36,-5,34,-6,35,-7,33,-9,33,-9,31,-8,32,-9,30,-10,29,-8,29,-7,28,-7,27,-5,26,-5,25,-5,24,-3,24,-3,22,-1,0,0,0,0,0,0,0,0,0,0,0,0,0,0,61,-1,61,6,62,11,63,14,62,16,63,20,62,22,64,28,63,30,61,35,59,35,57,36,56,36,53,36,52,34,52,32,52,31,52,27,53,25,53,25,54,23,55,21,55,20,57,18,56,18,57,16,57,16,57,16]"
618039183042800,20.732194400,90629,1874176623,-51,-98,6,0,1,7,0,0,256,0,0,"[0,0,7,12,8,12,7,11,7,11,7,10,7,9,7,9,7,8,7,7,7,6,7,6,7,5,7,5,7,5,7,4,7,4,7,4,7,4,6,3,6,4,6,4,5,3,5,4,5,4,5,3,5,3,0,0,0,0,0,0,0,0,0,0,0,0,0,0,0,0,0,0,0,0,0,0,11,13,10,13,10,15,9,15,9,16,7,17,7,17,6,18,5,18,4,18,5,17,4,17,4,16,4,16,4,15,5,14,5,14,6,14,6,14,6,14,7,14,7,14,7,14,8,14,8,13,8,13,0,0,21,17,21,16,20,15,20,14,18,13,18,12,18,11,17,10,17,9,17,7,17,6,16,5,17,4,16,4,17,3,15,3,16,3,15,3,15,2,14,3,13,3,13,3,13,3,12,2,11,3,10,3,11,4,9,4,0,0,0,0,0,0,0,0,0,0,0,0,0,0,28,10,27,13,26,15,24,17,26,19,23,20,25,23,23,24,22,26,21,27,19,27,20,28,19,26,18,25,18,25,18,24,17,23,19,23,17,21,20,22,19,20,20,21,21,20,21,20,22,19,23,18,22,17,23,17]"
618039204607500,20.753759100,90630,1874196585,-51,-98,6,0,1,7,0,0,256,0,0,"[0,0,-10,-13,-10,-12,-10,-12,-10,-10,-10,-11,-9,-9,-9,-9,-9,-8,-9,-7,-9,-6,-9,-5,-9,-5,-9,-5,-9,-4,-9,-4,-9,-4,-9,-4,-9,-3,-8,-3,-8,-3,-8,-3,-7,-4,-7,-3,-7,-3,-7,-3,-6,-4,0,0,0,0,0,0,0,0,0,0,0,0,0,0,0,0,0,0,0,0,0,0,-13,-13,-13,-14,-12,-15,-11,-16,-11,-17,-10,-18,-9,-18,-9,-18,-8,-19,-8,-18,-7,-17,-8,-17,-7,-17,-7,-16,-7,-16,-8,-15,-8,-15,-9,-15,-9,-15,-9,-15,-10,-14,-10,-14,-11,-13,-11,-13,-11,-13,-11,-13,0,0,-23,-17,-22,-16,-21,-15,-21,-14,-20,-13,-20,-11,-19,-11,-19,-9,-19,-8,-18,-6,-18,-6,-18,-5,-17,-4,-18,-3,-17,-3,-16,-2,-17,-2,-17,-2,-16,-2,-15,-2,-15,-2,-14,-3,-14,-2,-13,-3,-13,-3,-12,-3,-12,-3,-11,-4,0,0,0,0,0,0,0,0,0,0,0,0,0,0,-28,-12,-27,-15,-27,-17,-26,-19,-25,-20,-24,-21,-24,-23,-24,-26,-23,-26,-22,-27,-20,-28,-20,-28,-19,-27,-18,-27,-18,-26,-18,-25,-19,-24,-19,-23,-19,-22,-19,-22,-21,-21,-22,-20,-23,-20,-23,-19,-23,-19,-23,-19,-24,-18,-23,-18]"
618039227759400,20.776911000,90631,1874221979,-51,-98,6,0,1,7,0,0,256,0,0,"[0,0,12,-9,11,-8,11,-9,11,-8,10,-9,9,-8,8,-9,8,-8,7,-8,6,-8,6,-8,5,-8,4,-8,4,-9,4,-8,4,-9,3,-8,3,-8,4,-8,4,-8,4,-7,3,-7,3,-7,3,-6,3,-6,4,-6,0,0,0,0,0,0,0,0,0,0,0,0,0,0,0,0,0,0,0,0,0,0,13,-11,14,-10,14,-10,15,-9,16,-9,17,-8,18,-7,18,-6,18,-6,17,-5,17,-5,17,-5,16,-5,15,-5,15,-5,15,-5,15,-6,14,-7,14,-7,14,-8,13,-7,13,-9,14,-9,13,-9,13,-9,13,-9,0,0,18,-20,17,-21,16,-21,14,-19,14,-20,13,-19,11,-18,10,-18,9,-17,7,-17,6,-17,5,-18,5,-18,4,-17,4,-17,3,-17,2,-16,3,-17,3,-16,3,-16,4,-15,3,-14,3,-13,3,-13,3,-12,4,-12,4,-11,5,-10,0,0,0,0,0,0,0,0,0,0,0,0,0,0,13,-28,17,-26,18,-25,21,-24,21,-23,23,-23,25,-22,27,-21,28,-20,29,-19,29,-17,28,-17,28,-16,28,-16,26,-15,26,-16,25,-16,23,-16,24,-17,23,-18,22,-19,21,-20,21,-20,21,-21,20,-21,19,-22,19,-22,19,-23]"
618039250904900,20.800056500,90632,1874243729,-51,-98,6,0,1,7,0,0,256,0,0,"[0,0,14,3,14,2,12,2,13,1,12,1,11,1,11,0,10,0,10,-1,10,-1,9,-2,9,-2,8,-2,8,-3,8,-3,8,-3,8,-3,8,-3,8,-3,8,-3,7,-3,6,-2,6,-2,6,-2,6,-2,6,-1,0,0,0,0,0,0,0,0,0,0,0,0,0,0,0,0,0,0,0,0,0,0,17,0,17,1,18,2,17,2,18,4,18,5,18,5,17,7,17,7,16,8,16,8,16,7,15,7,14,6,14,6,15,5,14,5,15,4,15,4,15,4,15,4,15,3,16,3,15,3,15,2,15,2,0,0,26,-7,25,-7,24,-8,23,-8,22,-7,20,-8,19,-9,18,-9,17,-10,16,-10,15,-10,14,-11,13,-11,12,-12,12,-11,12,-12,11,-11,11,-12,11,-11,10,-11,11,-10,10,-10,10,-8,10,-9,9,-8,9,-7,9,-7,10,-6,0,0,0,0,0,0,0,0,0,0,0,0,0,0,25,-16,28,-13,28,-11,29,-10,30,-9,31,-8,32,-6,34,-4,34,-3,34,-2,34,0,33,1,33,2,32,2,30,1,29,1,29,0,29,-1,29,-2,29,-3,29,-4,28,-5,28,-6,28,-7,28,-7,28,-7,29,-7,28,-8]"
618039265511000,20.814662600,90633,1874256517,-51,-98,6,0,1,7,0,0,256,0,0,"[0,0,12,-10,11,-10,10,-9,10,-9,9,-9,9,-9,8,-9,7,-9,7,-9,6,-9,5,-9,4,-9,3,-9,3,-9,3,-9,3,-9,3,-8,3,-9,3,-9,3,-8,3,-8,2,-8,2,-7,2,-7,2,-7,3,-6,0,0,0,0,0,0,0,0,0,0,0,0,0,0,0,0,0,0,0,0,0,0,12,-13,14,-12,14,-12,15,-11,16,-10,17,-10,18,-8,18,-8,18,-7,17,-7,17,-7,17,-7,16,-7,15,-7,15,-7,15,-7,14,-7,14,-8,14,-8,13,-9,13,-9,13,-10,14,-10,12,-10,12,-11,13,-10,0,0,13,-24,12,-24,12,-23,10,-22,10,-21,8,-21,7,-21,6,-20,5,-19,4,-19,3,-18,2,-18,2,-18,1,-18,0,-18,0,-17,0,-17,-1,-17,-1,-16,0,-15,0,-15,0,-14,0,-14,0,-14,1,-12,1,-12,1,-12,3,-11,0,0,0,0,0,0,0,0,0,0,0,0,0,0,8,-30,12,-29,14,-28,15,-28,17,-27,18,-27,20,-27,22,-27,22,-26,24,-26,24,-24,25,-23,25,-21,24,-21,23,-20,22,-20,21,-21,20,-21,20,-21,20,-22,18,-23,16,-24,16,-24,15,-26,16,-25,16,-25,15,-25,15,-26]"
618039283481900,20.832633500,90634,1874276922,-51,-98,6,0,1,7,0,0,256,0,0,"[0,0,13,6,13,6,12,6,12,5,11,4,11,4,11,3,10,3,10,2,9,1,9,1,9,0,9,0,9,0,8,-1,9,-1,8,0,8,-1,8,-1,8,0,7,-1,7,0,6,0,6,0,6,0,6,0,0,0,0,0,0,0,0,0,0,0,0,0,0,0,0,0,0,0,0,0,0,0,16,4,16,5,16,6,15,7,15,8,16,10,15,10,15,11,14,12,14,11,13,11,13,11,13,10,12,11,12,10,12,9,12,9,12,9,13,8,13,8,13,8,14,7,14,7,14,6,14,6,14,6,0,0,27,5,26,4,24,3,24,3,23,2,21,1,21,1,20,0,19,-2,18,-2,17,-4,17,-4,17,-4,16,-5,15,-6,15,-6,15,-6,14,-6,14,-6,14,-5,13,-4,13,-5,13,-4,12,-4,12,-3,11,-3,11,-2,11,-1,0,0,0,0,0,0,0,0,0,0,0,0,0,0,29,-4,30,-1,31,2,31,3,30,5,30,7,32,8,32,10,31,11,32,13,31,14,30,15,28,14,28,14,27,14,26,13,27,12,26,11,26,11,27,9,27,8,27,7,28,7,28,6,28,5,28,5,28,4,29,5]"
618039305178600,20.854330200,90635,1874297391,-51,-98,6,0,1,7,0,0,256,0,0,"[0,0,14,4,14,4,12,3,13,3,11,2,11,1,11,1,10,0,10,0,10,-1,10,-1,9,-1,9,-2,8,-2,8,-2,8,-3,8,-3,8,-2,7,-3,7,-3,7,-2,6,-2,6,-2,6,-2,6,-1,6,-1,0,0,0,0,0,0,0,0,0,0,0,0,0,0,0,0,0,0,0,0,0,0,16,3,16,4,17,4,16,5,17,6,17,7,16,8,16,9,16,9,15,10,14,10,14,10,13,9,13,9,13,8,14,7,13,7,14,6,14,6,14,5,14,5,15,5,15,5,14,4,14,4,14,4,0,0,26,-7,26,-7,24,-8,23,-8,21,-7,20,-8,19,-8,18,-9,17,-9,16,-10,15,-11,14,-10,13,-11,12,-11,12,-12,11,-12,12,-12,11,-11,11,-12,10,-11,10,-10,10,-10,10,-9,9,-9,9,-8,8,-7,9,-7,9,-6,0,0,0,0,0,0,0,0,0,0,0,0,0,0,26,-14,28,-11,28,-9,29,-8,31,-8,30,-6,34,-5,33,-3,34,-2,34,0,34,1,34,2,32,3,32,3,30,3,29,2,28,1,29,-1,28,-2,29,-2,27,-3,28,-5,28,-5,28,-6,30,-7,28,-6,29,-6,27,-7]"
618039324897100,20.874048700,90636,1874316503,-51,-98,6,0,1,7,0,0,256,0,0,"[0,0,14,6,13,4,13,4,13,4,12,4,11,3,11,2,11,2,10,1,10,0,10,0,9,0,9,-1,9,-1,9,-2,8,-2,8,-2,8,-2,8,-2,8,-2,8,-2,7,-1,7,-1,7,-1,6,-1,6,-1,0,0,0,0,0,0,0,0,0,0,0,0,0,0,0,0,0,0,0,0,0,0,17,5,16,6,17,6,16,8,17,8,16,10,15,10,15,11,15,11,14,12,14,12,13,11,13,11,12,10,13,10,13,9,13,8,14,8,14,8,14,7,14,7,14,6,15,6,14,6,14,6,15,6,0,0,27,1,26,0,25,0,24,0,22,-1,22,-2,21,-2,20,-3,19,-4,18,-6,17,-7,16,-7,15,-7,14,-7,15,-8,14,-8,14,-8,13,-8,13,-8,13,-7,13,-7,12,-6,12,-6,12,-6,11,-5,10,-5,11,-4,11,-3,0,0,0,0,0,0,0,0,0,0,0,0,0,0,29,-7,30,-5,30,-2,30,0,32,2,30,3,33,5,32,6,32,9,32,10,31,12,32,11,31,11,30,10,29,10,28,9,28,9,28,8,27,7,28,6,27,5,28,5,28,4,28,4,29,2,28,0,29,0,28,0]"
618039344261000,20.893412600,90637,1874336586,-51,-98,6,0,1,7,0,0,256,0,0,"[0,0,7,12,7,12,7,11,7,11,6,10,7,9,6,9,6,8,6,7,7,6,7,5,7,5,7,5,7,4,7,4,7,4,7,4,7,4,6,4,6,4,6,4,6,3,5,4,5,4,5,3,5,3,0,0,0,0,0,0,0,0,0,0,0,0,0,0,0,0,0,0,0,0,0,0,10,13,9,14,8,15,8,15,7,16,6,17,5,18,4,18,4,18,4,18,3,17,3,16,4,16,4,16,4,15,4,15,4,14,5,15,5,14,6,14,6,14,7,14,7,14,8,14,8,13,8,12,0,0,20,18,20,17,19,16,18,15,18,14,17,12,18,12,16,10,17,9,16,7,16,7,15,6,16,5,16,4,16,3,15,4,16,3,15,3,15,3,14,3,13,3,13,3,13,3,12,3,11,3,10,4,10,4,9,4,0,0,0,0,0,0,0,0,0,0,0,0,0,0,27,13,25,16,25,18,23,19,23,21,22,22,22,24,21,26,20,27,20,28,18,28,17,29,16,28,15,27,15,27,15,25,15,24,17,24,16,23,17,23,18,22,19,21,20,21,21,20,21,20,21,20,21,19,21,19]"
618039370083900,20.919235500,90638,1874358942,-51,-98,6,0,1,7,0,0,256,0,0,"[0,0,-15,0,-15,1,-14,0,-14,1,-13,1,-13,1,-12,1,-11,2,-10,2,-10,3,-10,3,-9,3,-9,3,-9,4,-8,4,-8,4,-8,4,-8,4,-8,4,-8,3,-8,3,-7,3,-7,3,-6,3,-7,2,-7,2,0,0,0,0,0,0,0,0,0,0,0,0,0,0,0,0,0,0,0,0,0,0,-18,3,-18,2,-18,1,-18,0,-19,-1,-20,-2,-19,-3,-20,-4,-19,-4,-18,-5,-18,-5,-17,-5,-18,-5,-17,-4,-17,-4,-16,-3,-16,-3,-16,-2,-16,-2,-16,-1,-16,-1,-17,0,-17,0,-16,0,-16,0,-16,0,0,0,-27,9,-25,10,-25,10,-23,9,-22,9,-21,9,-19,10,-19,9,-17,10,-15,11,-14,12,-13,12,-13,12,-12,12,-12,12,-11,13,-11,12,-11,12,-11,11,-11,11,-10,10,-10,10,-9,9,-9,8,-9,9,-9,8,-10,7,-9,6,0,0,0,0,0,0,0,0,0,0,0,0,0,0,-24,18,-26,16,-28,14,-30,11,-30,10,-31,9,-32,8,-35,7,-35,4,-35,3,-35,1,-34,2,-34,3,-32,2,-31,3,-31,3,-31,3,-30,3,-29,4,-29,4,-29,6,-29,6,-29,7,-29,8,-28,9,-28,11,-27,11,-28,10]"
618039388161900,20.937313500,90639,1874377567,-51,-98,6,0,1,7,0,0,256,0,0,"[0,0,15,-1,14,-2,13,-2,13,-2,13,-2,12,-3,11,-3,10,-3,10,-4,9,-4,9,-5,8,-5,8,-5,7,-5,7,-6,7,-5,7,-5,7,-5,7,-5,7,-5,6,-5,6,-5,6,-4,5,-4,6,-4,6,-3,0,0,0,0,0,0,0,0,0,0,0,0,0,0,0,0,0,0,0,0,0,0,17,-3,18,-3,17,-2,18,-1,19,0,19,1,19,2,19,2,19,3,18,4,18,4,17,4,16,4,16,3,16,3,16,2,16,2,16,1,16,1,16,-1,16,0,16,-1,16,-1,16,-1,15,-1,16,-2,0,0,25,-10,25,-11,23,-10,21,-10,20,-10,19,-11,18,-11,17,-11,16,-11,14,-12,13,-12,13,-12,12,-12,11,-13,11,-14,10,-13,10,-13,9,-12,9,-13,9,-12,9,-11,9,-11,8,-10,8,-10,8,-9,8,-8,9,-8,9,-7,0,0,0,0,0,0,0,0,0,0,0,0,0,0,24,-19,26,-16,27,-13,28,-12,30,-12,29,-10,33,-9,33,-7,33,-7,34,-5,33,-4,34,-3,33,-1,32,-1,30,-2,29,-2,28,-3,29,-5,28,-4,29,-6,27,-6,27,-8,27,-9,27,-10,28,-10,28,-9,27,-10,26,-11]"
618039407187500,20.956339100,90640,1874396791,-51,-98,6,0,1,7,0,0,256,0,0,"[0,0,-6,-14,-6,-13,-7,-13,-6,-13,-6,-12,-6,-11,-6,-10,-6,-10,-7,-9,-7,-8,-7,-8,-7,-7,-8,-7,-7,-7,-8,-6,-7,-5,-7,-6,-8,-6,-7,-5,-7,-5,-7,-5,-6,-6,-6,-5,-6,-5,-5,-5,-5,-5,0,0,0,0,0,0,0,0,0,0,0,0,0,0,0,0,0,0,0,0,0,0,-8,-15,-8,-16,-8,-17,-7,-17,-6,-18,-5,-19,-4,-19,-4,-20,-3,-19,-2,-19,-2,-18,-2,-17,-2,-18,-2,-17,-3,-17,-3,-16,-3,-16,-4,-16,-5,-16,-5,-16,-6,-16,-6,-16,-6,-15,-6,-15,-7,-15,-6,-15,0,0,-20,-20,-20,-19,-19,-18,-18,-16,-18,-16,-18,-15,-18,-13,-17,-12,-17,-11,-17,-9,-17,-9,-17,-8,-16,-7,-17,-6,-17,-6,-16,-5,-16,-4,-16,-5,-16,-4,-15,-4,-14,-5,-14,-5,-13,-5,-12,-5,-11,-5,-11,-5,-11,-5,-10,-6,0,0,0,0,0,0,0,0,0,0,0,0,0,0,-27,-15,-25,-18,-24,-20,-23,-22,-23,-24,-21,-24,-21,-27,-21,-28,-20,-29,-19,-30,-17,-30,-16,-31,-16,-30,-14,-29,-15,-28,-14,-27,-15,-27,-16,-26,-16,-25,-17,-24,-18,-24,-19,-23,-19,-23,-20,-23,-21,-22,-20,-22,-21,-21,-21,-21]"
618039429560400,20.978712000,90641,1874417754,-51,-98,6,0,1,7,0,0,256,0,0,"[0,0,6,13,6,13,6,12,6,11,6,11,6,10,6,10,6,9,6,8,6,7,6,7,6,6,6,6,7,5,7,5,7,5,7,5,6,4,6,4,6,5,6,4,5,4,5,4,5,4,4,4,4,4,0,0,0,0,0,0,0,0,0,0,0,0,0,0,0,0,0,0,0,0,0,0,9,14,8,15,8,15,7,16,6,17,6,17,5,18,4,18,3,18,3,18,2,18,2,17,2,17,2,16,3,16,3,15,4,15,4,15,5,15,5,15,5,14,6,14,6,14,6,15,6,14,6,14,0,0,18,20,19,20,17,18,17,17,16,16,16,15,16,13,16,12,15,11,16,10,16,8,16,8,16,7,15,6,16,5,15,5,15,5,15,5,14,5,14,5,13,5,12,5,12,5,11,4,10,5,9,5,10,6,9,6,0,0,0,0,0,0,0,0,0,0,0,0,0,0,26,14,25,18,23,19,22,21,22,23,20,23,20,26,19,27,18,28,17,30,16,30,15,30,14,29,14,28,13,27,13,26,13,25,14,25,14,24,15,25,16,23,17,22,18,22,19,22,20,23,20,21,20,21,20,21]"
618039449202700,20.998354300,90642,1874440780,-51,-98,6,0,1,7,0,0,256,0,0,"[0,0,-16,0,-15,0,-14,0,-14,0,-13,0,-12,0,-12,1,-11,1,-11,1,-10,2,-10,3,-9,3,-9,3,-9,3,-9,3,-8,4,-8,3,-8,4,-8,4,-8,3,-8,3,-7,3,-7,3,-6,2,-7,2,-7,2,0,0,0,0,0,0,0,0,0,0,0,0,0,0,0,0,0,0,0,0,0,0,-18,2,-18,1,-18,0,-18,-1,-19,-2,-19,-3,-19,-4,-19,-5,-19,-6,-18,-6,-18,-6,-17,-6,-17,-5,-17,-5,-16,-5,-16,-4,-16,-4,-16,-4,-16,-3,-16,-2,-16,-2,-16,-2,-17,-1,-16,-1,-16,-1,-16,0,0,0,-27,7,-27,6,-25,6,-24,7,-22,6,-21,7,-20,7,-19,8,-18,8,-17,9,-16,10,-15,10,-14,10,-13,10,-13,11,-12,11,-13,11,-12,11,-12,10,-12,10,-11,9,-11,9,-11,9,-10,7,-10,7,-10,6,-10,6,-11,5,0,0,0,0,0,0,0,0,0,0,0,0,0,0,-27,15,-29,11,-29,10,-30,8,-32,7,-32,5,-34,4,-35,2,-35,1,-35,-1,-35,-2,-35,-3,-34,-3,-33,-3,-31,-3,-30,-2,-30,-1,-30,0,-29,0,-30,1,-29,2,-29,3,-29,4,-30,5,-30,6,-29,5,-29,7,-28,6]"
618039463066800,21.012218400,90643,1874456646,-51,-98,6,0,1,7,0,0,256,0,0,"[0,0,7,12,7,12,7,11,7,10,7,10,7,9,6,9,7,8,6,7,7,6,7,5,7,5,7,5,7,5,7,4,7,4,7,4,7,4,7,4,6,4,6,3,6,4,5,4,5,3,5,3,5,3,0,0,0,0,0,0,0,0,0,0,0,0,0,0,0,0,0,0,0,0,0,0,10,13,9,14,9,14,8,15,7,16,7,17,6,17,5,18,4,18,4,18,4,17,4,16,4,16,4,16,4,15,4,15,5,14,5,14,6,14,6,14,6,14,7,14,7,14,7,13,8,13,8,13,0,0,21,17,21,15,20,14,19,14,18,12,18,11,18,11,17,9,17,8,17,6,17,5,17,4,16,3,16,3,17,3,15,2,16,2,15,2,14,2,14,2,14,3,13,2,12,2,12,2,12,2,11,2,10,3,10,4,0,0,0,0,0,0,0,0,0,0,0,0,0,0,28,11,27,13,26,15,25,17,25,19,23,20,24,23,23,24,21,26,20,27,19,28,19,28,19,26,18,25,17,25,18,23,17,23,18,22,18,21,19,22,19,20,20,20,20,20,22,19,22,18,23,18,23,17,22,17]"
618039487442200,21.036593800,90644,1874478391,-51,-98,6,0,1,7,0,0,256,0,0,"[0,0,-10,12,-9,11,-9,11,-9,10,-8,10,-7,10,-7,10,-6,9,-5,9,-5,9,-4,9,-3,9,-3,9,-2,8,-3,9,-2,8,-2,8,-3,8,-2,8,-2,8,-2,7,-2,7,-2,7,-2,7,-2,6,-3,6,0,0,0,0,0,0,0,0,0,0,0,0,0,0,0,0,0,0,0,0,0,0,-10,14,-12,14,-12,14,-13,13,-14,13,-15,13,-16,12,-17,11,-17,11,-16,10,-16,10,-16,9,-15,9,-15,9,-14,10,-14,9,-13,10,-13,10,-13,11,-12,11,-12,12,-12,12,-12,12,-11,12,-11,12,-11,12,0,0,-12,25,-11,24,-10,23,-10,22,-9,22,-7,21,-6,20,-5,19,-4,19,-3,18,-3,18,-2,17,-1,17,0,17,1,16,1,17,1,16,1,16,1,15,1,15,0,14,1,13,0,12,-1,12,-1,11,-1,11,-1,11,-3,11,0,0,0,0,0,0,0,0,0,0,0,0,0,0,-6,29,-9,29,-12,28,-13,28,-14,28,-15,29,-18,28,-20,28,-20,27,-22,27,-22,26,-23,24,-24,23,-23,22,-22,21,-21,21,-20,22,-18,23,-17,23,-17,23,-17,24,-14,25,-15,25,-13,26,-14,25,-14,26,-13,25,-13,26]"
618039506982000,21.056133600,90645,1874498445,-51,-98,6,0,1,7,0,0,256,0,0,"[0,0,-14,-7,-14,-6,-13,-6,-13,-6,-12,-5,-12,-4,-11,-4,-11,-4,-11,-2,-10,-2,-10,-1,-10,-1,-9,-1,-9,0,-10,0,-9,1,-9,0,-9,1,-9,0,-9,0,-8,0,-8,0,-8,-1,-7,0,-7,0,-7,-1,0,0,0,0,0,0,0,0,0,0,0,0,0,0,0,0,0,0,0,0,0,0,-16,-7,-17,-8,-16,-9,-16,-10,-16,-11,-16,-12,-15,-13,-15,-14,-14,-13,-13,-14,-13,-14,-13,-13,-12,-13,-12,-12,-12,-12,-13,-11,-13,-10,-13,-10,-13,-10,-14,-9,-14,-9,-14,-8,-15,-8,-15,-8,-14,-7,-14,-8,0,0,-28,-2,-27,-1,-26,0,-25,0,-24,1,-23,0,-22,1,-20,2,-20,3,-18,5,-17,6,-17,6,-16,7,-16,6,-15,7,-15,7,-14,7,-15,7,-14,7,-14,6,-13,6,-13,5,-12,5,-11,5,-11,5,-12,4,-12,3,-12,3,0,0,0,0,0,0,0,0,0,0,0,0,0,0,-29,6,-31,4,-31,2,-32,-1,-32,-2,-33,-4,-33,-5,-34,-8,-34,-10,-33,-12,-32,-12,-32,-12,-32,-11,-31,-12,-30,-11,-29,-9,-29,-9,-29,-8,-29,-8,-28,-6,-30,-6,-29,-6,-29,-5,-29,-4,-29,-3,-30,-1,-29,-1,-29,-1]"
618039528008200,21.077159800,90646,1874519961,-50,-98,6,0,1,7,0,0,256,0,0,"[0,0,-9,12,-8,12,-7,11,-7,11,-6,11,-6,10,-5,10,-5,10,-4,10,-3,9,-2,9,-2,9,-2,9,-1,9,-1,9,-1,9,-1,8,-1,8,-1,8,-1,8,-1,8,-1,7,-1,7,-1,6,-1,6,-2,6,0,0,0,0,0,0,0,0,0,0,0,0,0,0,0,0,0,0,0,0,0,0,-8,15,-8,15,-9,15,-10,14,-11,15,-12,14,-13,14,-14,13,-14,13,-14,12,-14,11,-14,11,-13,11,-13,11,-13,11,-12,11,-11,11,-11,12,-11,12,-10,12,-10,12,-10,13,-10,13,-9,13,-9,13,-9,13,0,0,-43,31,-40,33,-38,30,-37,30,-32,31,-32,32,-29,30,-28,30,-28,28,-22,28,-20,30,-19,31,-16,30,-16,29,-15,31,-15,30,-12,28,-13,30,-13,27,-13,27,-12,25,-13,24,-14,22,-13,22,-12,19,-12,19,-15,20,-15,19,0,0,0,0,0,0,0,0,0,0,0,0,0,0,-31,51,-39,51,-42,46,-47,45,-47,44,-48,42,-54,40,-58,38,-61,35,-65,31,-63,30,-63,28,-60,25,-58,23,-57,23,-54,24,-54,25,-53,26,-50,26,-51,29,-50,31,-47,33,-48,35,-46,35,-47,36,-46,37,-45,36,-45,38]"
618039544201700,21.093353300,90647,1874536548,-51,-98,6,0,1,7,0,0,256,0,0,"[0,0,12,-10,11,-9,10,-9,10,-9,9,-9,8,-8,8,-8,7,-8,7,-8,6,-8,6,-8,5,-8,5,-8,4,-8,4,-8,4,-8,3,-8,4,-8,3,-8,4,-8,3,-7,3,-7,3,-7,3,-6,3,-6,3,-6,0,0,0,0,0,0,0,0,0,0,0,0,0,0,0,0,0,0,0,0,0,0,12,-12,13,-11,14,-11,14,-10,15,-10,16,-9,17,-9,17,-8,18,-8,17,-6,17,-6,16,-6,16,-6,16,-5,15,-6,14,-7,14,-7,14,-7,13,-8,13,-9,13,-9,13,-9,13,-9,13,-9,12,-9,13,-9,0,0,13,-24,12,-25,11,-23,11,-23,9,-21,8,-21,8,-20,6,-20,5,-19,4,-19,3,-19,1,-18,1,-18,1,-17,0,-18,0,-17,0,-17,-1,-16,0,-16,0,-16,0,-15,1,-14,1,-14,1,-13,1,-13,1,-12,2,-12,3,-11,0,0,0,0,0,0,0,0,0,0,0,0,0,0,5,-31,8,-29,12,-29,14,-27,14,-29,15,-27,18,-30,19,-27,20,-27,22,-26,23,-25,24,-25,23,-24,22,-23,21,-22,21,-22,20,-22,20,-23,18,-22,18,-24,15,-23,16,-24,15,-25,15,-26,15,-27,14,-26,13,-26,14,-26]"
618039566372900,21.115524500,90648,1874558406,-51,-98,6,0,1,7,0,0,256,0,0,"[0,0,-5,-14,-6,-14,-6,-14,-5,-13,-5,-12,-5,-11,-6,-11,-6,-10,-6,-9,-6,-9,-6,-8,-7,-8,-7,-7,-7,-7,-7,-7,-7,-6,-7,-6,-7,-6,-6,-6,-6,-6,-6,-6,-6,-6,-6,-6,-5,-5,-5,-5,-5,-5,0,0,0,0,0,0,0,0,0,0,0,0,0,0,0,0,0,0,0,0,0,0,-8,-16,-8,-16,-7,-17,-6,-17,-5,-19,-4,-19,-4,-19,-3,-20,-2,-19,-1,-20,-2,-19,-1,-18,-2,-18,-2,-17,-2,-17,-3,-17,-3,-16,-3,-16,-4,-16,-5,-16,-4,-16,-5,-17,-5,-16,-6,-15,-6,-15,-6,-15,0,0,-18,-21,-19,-21,-18,-19,-18,-19,-16,-16,-16,-16,-16,-15,-16,-14,-16,-12,-16,-11,-16,-9,-16,-9,-17,-7,-16,-7,-17,-7,-16,-6,-17,-6,-15,-6,-15,-6,-15,-6,-14,-6,-13,-6,-13,-5,-12,-5,-12,-5,-11,-5,-11,-6,-10,-7,0,0,0,0,0,0,0,0,0,0,0,0,0,0,-26,-18,-24,-20,-23,-22,-21,-23,-22,-26,-19,-26,-20,-29,-18,-30,-17,-31,-15,-32,-14,-32,-14,-33,-13,-31,-13,-30,-12,-29,-13,-28,-13,-27,-14,-26,-14,-26,-15,-26,-15,-24,-17,-24,-17,-24,-18,-24,-18,-24,-20,-23,-19,-22,-19,-22]"
618039586392000,21.135543600,90649,1874580426,-51,-98,6,0,1,7,0,0,256,0,0,"[0,0,14,4,13,3,13,3,12,2,12,2,11,2,11,1,10,1,10,0,9,0,9,-1,9,-1,9,-2,9,-2,8,-3,8,-3,8,-2,8,-3,8,-3,8,-2,7,-2,7,-2,6,-2,6,-2,6,-1,6,-1,0,0,0,0,0,0,0,0,0,0,0,0,0,0,0,0,0,0,0,0,0,0,16,2,17,4,16,5,17,6,17,6,18,8,16,9,16,9,16,10,15,10,14,10,14,9,14,9,13,9,14,8,13,7,14,7,14,6,14,6,14,5,14,5,14,5,15,5,14,4,14,4,15,4,0,0,27,1,26,0,25,-1,24,-1,22,-1,21,-2,20,-2,19,-3,18,-4,18,-5,17,-6,16,-6,16,-7,15,-7,15,-8,14,-8,14,-9,14,-8,13,-8,13,-7,13,-7,12,-6,12,-6,12,-5,11,-5,10,-5,11,-4,11,-3,0,0,0,0,0,0,0,0,0,0,0,0,0,0,29,-8,30,-4,30,-2,31,-1,31,0,31,2,33,4,33,6,33,7,33,10,32,10,32,11,30,10,30,11,28,10,28,9,27,9,28,7,28,6,29,6,28,5,28,4,28,3,29,2,29,2,29,1,29,1,29,1]"
618039603901700,21.153053300,90650,1874596556,-51,-98,6,0,1,7,0,0,256,0,0,"[0,0,12,-8,12,-8,10,-8,11,-8,10,-8,9,-8,8,-8,8,-8,7,-8,7,-8,6,-8,5,-8,5,-8,4,-8,4,-9,4,-9,3,-8,4,-8,3,-8,4,-8,4,-7,3,-7,3,-6,3,-7,3,-6,3,-6,0,0,0,0,0,0,0,0,0,0,0,0,0,0,0,0,0,0,0,0,0,0,14,-11,14,-10,15,-9,15,-8,16,-8,17,-7,18,-7,18,-6,18,-5,18,-4,17,-4,17,-4,16,-4,16,-4,15,-4,15,-5,15,-6,15,-6,14,-6,14,-7,14,-8,13,-8,14,-8,14,-8,13,-8,13,-8,0,0,14,-23,13,-24,13,-22,12,-22,10,-21,10,-21,9,-20,8,-19,6,-19,5,-19,4,-19,2,-18,2,-18,1,-17,1,-18,1,-17,0,-16,0,-17,1,-17,1,-16,1,-15,1,-15,1,-13,1,-12,1,-13,2,-12,2,-12,2,-11,0,0,0,0,0,0,0,0,0,0,0,0,0,0,9,-29,12,-29,13,-28,16,-27,17,-27,18,-26,21,-26,23,-26,24,-25,26,-24,26,-23,26,-22,25,-22,25,-21,24,-20,22,-20,21,-20,21,-21,20,-21,20,-21,19,-22,18,-23,18,-23,17,-25,17,-25,16,-25,16,-25,16,-25]"
618039622768300,21.171919900,90651,1874616503,-51,-98,6,0,1,7,0,0,256,0,0,"[0,0,-14,7,-13,7,-12,7,-12,7,-11,7,-10,7,-10,7,-9,7,-8,7,-8,7,-7,7,-6,7,-6,7,-6,7,-5,7,-5,7,-5,7,-5,7,-5,7,-5,6,-5,6,-4,6,-4,5,-4,5,-4,5,-5,5,0,0,0,0,0,0,0,0,0,0,0,0,0,0,0,0,0,0,0,0,0,0,-14,10,-15,9,-16,8,-17,7,-17,7,-19,6,-19,5,-19,4,-19,4,-19,4,-18,3,-18,3,-17,3,-17,3,-16,4,-16,4,-16,5,-15,5,-15,6,-15,6,-15,6,-15,6,-15,7,-14,7,-14,7,-14,8,0,0,-22,17,-21,17,-20,16,-19,16,-17,16,-15,16,-15,15,-13,15,-12,16,-11,15,-10,15,-9,15,-9,15,-8,15,-7,15,-6,15,-7,15,-6,15,-6,14,-6,14,-6,13,-6,13,-6,12,-6,11,-6,11,-6,10,-7,10,-7,9,0,0,0,0,0,0,0,0,0,0,0,0,0,0,-19,24,-21,21,-23,20,-25,20,-26,19,-27,18,-29,17,-30,16,-31,15,-32,14,-32,13,-32,12,-31,10,-31,10,-29,10,-28,11,-28,11,-27,12,-27,13,-26,13,-25,14,-25,15,-25,16,-24,17,-24,17,-23,17,-23,18,-23,18]"
618039644870100,21.194021700,90652,1874638666,-51,-98,6,0,1,7,0,0,256,0,0,"[0,0,-6,14,-5,13,-4,13,-5,12,-3,12,-3,11,-3,11,-2,11,-2,9,-1,9,-1,9,0,9,0,9,1,8,1,8,1,8,1,8,1,8,1,8,0,8,0,7,0,7,0,7,0,6,0,6,0,6,0,0,0,0,0,0,0,0,0,0,0,0,0,0,0,0,0,0,0,0,0,0,-4,17,-5,16,-6,17,-7,17,-8,17,-9,16,-10,16,-11,16,-11,15,-11,15,-11,14,-11,14,-10,14,-10,14,-9,13,-9,13,-8,13,-8,14,-7,14,-7,14,-7,14,-6,15,-6,15,-6,15,-5,15,-6,15,0,0,-1,28,1,27,1,25,1,24,1,23,2,21,3,21,3,19,4,18,5,17,5,16,6,16,7,15,7,15,7,15,8,14,8,14,7,14,7,13,7,13,6,12,5,12,6,12,5,11,5,11,4,10,4,11,3,10,0,0,0,0,0,0,0,0,0,0,0,0,0,0,9,29,7,28,4,30,2,30,1,33,0,32,-3,34,-4,33,-7,33,-9,34,-9,33,-10,33,-9,32,-9,30,-9,30,-8,29,-8,29,-6,28,-6,28,-5,29,-4,28,-3,28,-3,28,-2,29,-1,29,0,29,0,28,0,28]"
618039666327600,21.215479200,90653,1874657636,-51,-98,6,0,1,7,0,0,256,0,0,"[0,0,-7,-14,-7,-14,-7,-13,-6,-12,-7,-12,-6,-11,-7,-10,-7,-9,-7,-9,-7,-8,-7,-8,-7,-8,-7,-7,-7,-7,-8,-6,-7,-6,-8,-6,-7,-6,-7,-6,-7,-5,-7,-5,-6,-6,-6,-6,-6,-6,-5,-5,-5,-5,0,0,0,0,0,0,0,0,0,0,0,0,0,0,0,0,0,0,0,0,0,0,-10,-15,-9,-16,-9,-16,-8,-17,-7,-18,-6,-19,-6,-19,-5,-19,-4,-19,-3,-19,-3,-19,-2,-18,-3,-18,-3,-17,-3,-17,-4,-16,-4,-16,-5,-16,-5,-16,-6,-16,-6,-15,-7,-15,-7,-16,-7,-15,-7,-15,-7,-15,0,0,-20,-19,-21,-19,-20,-18,-19,-17,-19,-16,-19,-14,-18,-13,-18,-12,-17,-10,-18,-10,-17,-9,-17,-8,-16,-6,-16,-6,-17,-5,-16,-4,-17,-5,-16,-4,-16,-5,-15,-5,-15,-5,-14,-4,-13,-5,-13,-5,-12,-5,-11,-5,-12,-6,-11,-6,0,0,0,0,0,0,0,0,0,0,0,0,0,0,-28,-15,-25,-19,-24,-20,-23,-21,-24,-23,-23,-24,-23,-26,-21,-28,-21,-28,-19,-30,-18,-29,-17,-31,-16,-30,-15,-30,-14,-28,-14,-27,-15,-25,-17,-26,-18,-24,-18,-24,-18,-24,-20,-23,-20,-22,-21,-21,-21,-23,-21,-22,-21,-21,-20,-21]"
618039683936300,21.233087900,90654,1874678255,-51,-98,6,0,1,7,0,0,256,0,0,"[0,0,6,13,6,12,5,11,6,11,6,10,6,10,6,9,6,8,6,7,6,7,6,6,7,6,6,6,6,5,7,5,6,4,7,5,6,4,6,4,6,4,6,4,5,4,5,4,5,4,4,4,4,3,0,0,0,0,0,0,0,0,0,0,0,0,0,0,0,0,0,0,0,0,0,0,9,14,8,14,8,15,7,15,7,17,5,16,5,18,4,18,4,18,2,18,2,17,2,17,2,16,2,16,3,15,4,15,4,14,4,15,5,14,5,14,6,14,6,14,6,14,6,14,6,14,6,13,0,0,21,17,21,16,20,15,19,14,19,13,18,11,18,10,18,10,17,8,16,7,17,6,16,5,16,4,16,4,16,3,16,2,15,2,16,3,15,2,14,3,14,3,13,2,13,2,12,2,11,3,11,3,10,4,10,5,0,0,0,0,0,0,0,0,0,0,0,0,0,0,28,11,27,14,25,16,25,18,25,19,24,20,24,22,23,25,22,25,21,27,20,27,19,27,18,27,17,26,17,26,16,24,17,23,18,23,18,22,18,21,20,21,20,20,21,19,21,19,22,18,22,18,22,18,23,17]"
618039708779600,21.257931200,90655,1874701920,-51,-98,6,0,1,7,0,0,256,0,0,"[0,0,-13,-8,-13,-8,-12,-8,-12,-7,-11,-7,-11,-6,-11,-5,-11,-5,-10,-4,-11,-3,-10,-3,-10,-3,-10,-2,-10,-2,-10,-1,-10,-2,-9,-2,-9,-1,-9,-1,-9,-1,-9,-1,-8,-2,-8,-2,-7,-2,-7,-2,-7,-2,0,0,0,0,0,0,0,0,0,0,0,0,0,0,0,0,0,0,0,0,0,0,-16,-7,-16,-8,-16,-9,-16,-10,-16,-11,-15,-12,-15,-13,-15,-14,-14,-14,-14,-14,-13,-14,-13,-13,-12,-13,-13,-13,-12,-12,-12,-12,-12,-11,-13,-11,-13,-11,-13,-10,-13,-10,-14,-9,-14,-10,-14,-9,-14,-8,-14,-8,0,0,-50,-19,-53,-19,-48,-18,-48,-16,-43,-14,-45,-11,-42,-10,-41,-8,-38,-6,-40,-4,-37,-3,-36,-2,-35,0,-34,2,-36,3,-33,4,-34,5,-32,3,-31,4,-31,3,-30,4,-29,2,-29,1,-27,1,-26,0,-24,-1,-25,-1,-24,-3,0,0,0,0,0,0,0,0,0,0,0,0,0,0,-62,-5,-61,-12,-60,-17,-58,-18,-63,-22,-58,-23,-63,-30,-59,-32,-61,-34,-59,-39,-56,-39,-57,-43,-52,-42,-51,-42,-48,-41,-48,-38,-47,-34,-51,-33,-49,-30,-53,-32,-50,-27,-54,-25,-54,-25,-56,-23,-56,-24,-54,-24,-55,-23,-53,-23]"
618039722250500,21.271402100,90656,1874716481,-51,-98,6,0,1,7,0,0,256,0,0,"[0,0,9,12,8,11,8,10,8,10,8,9,8,9,8,8,7,7,7,7,8,5,8,5,8,4,8,4,8,4,8,4,8,3,8,3,7,3,7,3,7,3,7,3,6,3,6,3,6,3,5,3,5,3,0,0,0,0,0,0,0,0,0,0,0,0,0,0,0,0,0,0,0,0,0,0,12,11,11,12,11,14,10,14,10,15,9,16,8,17,7,17,7,17,7,17,7,16,7,16,6,16,6,15,6,15,7,14,6,14,7,14,8,13,8,13,8,13,9,13,9,13,9,12,9,12,10,11,0,0,22,16,21,15,21,14,20,14,20,12,18,11,18,10,18,9,18,7,17,6,17,5,17,5,16,4,17,4,16,2,16,2,15,2,16,2,15,2,15,3,14,2,13,3,12,3,12,3,11,3,11,3,10,4,10,4,0,0,0,0,0,0,0,0,0,0,0,0,0,0,28,9,27,13,26,15,26,17,25,18,25,20,24,21,24,23,23,24,22,26,21,26,20,26,19,26,19,25,18,25,18,23,19,23,18,21,19,22,19,20,21,20,21,19,22,19,22,19,22,18,23,17,23,17,23,17]"
618039745700600,21.294852200,90657,1874736429,-51,-98,6,0,1,7,0,0,256,0,0,"[0,0,-12,-9,-12,-9,-11,-8,-11,-8,-11,-7,-10,-7,-10,-6,-10,-5,-10,-5,-10,-4,-10,-3,-10,-3,-10,-3,-9,-3,-10,-2,-9,-2,-9,-2,-9,-2,-9,-2,-9,-2,-8,-1,-8,-2,-7,-2,-7,-2,-7,-2,-7,-2,0,0,0,0,0,0,0,0,0,0,0,0,0,0,0,0,0,0,0,0,0,0,-15,-10,-15,-11,-14,-12,-13,-12,-13,-14,-13,-14,-13,-15,-12,-16,-12,-16,-11,-16,-10,-15,-10,-15,-9,-15,-10,-14,-10,-13,-10,-13,-10,-12,-11,-12,-11,-12,-12,-11,-12,-11,-12,-11,-13,-11,-12,-10,-12,-10,-13,-10,0,0,-53,-11,-54,-11,-50,-10,-50,-9,-45,-8,-46,-5,-43,-5,-42,-3,-40,0,-40,2,-37,4,-36,5,-35,6,-33,7,-34,9,-32,8,-33,10,-31,9,-31,9,-31,8,-29,7,-28,7,-28,6,-27,5,-26,4,-24,3,-25,3,-24,1,0,0,0,0,0,0,0,0,0,0,0,0,0,0,-62,1,-62,-6,-62,-11,-59,-14,-65,-17,-60,-19,-65,-24,-63,-26,-64,-29,-62,-33,-59,-35,-61,-38,-57,-36,-55,-34,-53,-34,-53,-31,-50,-28,-54,-29,-51,-25,-56,-25,-53,-22,-56,-20,-56,-19,-58,-17,-59,-17,-58,-16,-56,-15,-55,-15]"
618039762617600,21.311769200,90658,1874757344,-51,-98,6,0,1,7,0,0,256,0,0,"[0,0,5,14,5,13,5,12,5,12,5,11,5,10,5,10,5,9,5,9,5,8,6,7,6,7,6,6,6,6,6,6,6,5,6,6,6,5,6,5,5,5,5,5,5,5,5,5,4,5,4,4,4,4,0,0,0,0,0,0,0,0,0,0,0,0,0,0,0,0,0,0,0,0,0,0,8,15,7,15,6,16,6,17,5,18,4,18,3,18,2,19,1,19,1,18,1,18,1,17,1,17,1,16,1,16,2,15,2,15,3,15,3,15,4,15,4,15,4,15,5,15,5,15,5,15,6,14,0,0,16,22,16,21,15,20,15,19,15,18,15,16,15,15,14,14,14,13,14,11,15,10,15,9,15,8,15,8,15,7,14,7,15,6,14,7,14,6,13,6,13,6,12,6,12,6,11,6,10,6,10,6,9,6,9,7,0,0,0,0,0,0,0,0,0,0,0,0,0,0,23,18,21,21,20,23,19,24,18,25,16,26,17,29,15,30,14,31,13,32,11,32,10,32,10,31,10,30,9,30,9,29,10,28,11,27,11,26,13,27,13,25,14,25,15,24,16,25,16,24,17,24,17,24,17,24]"
618039789944400,21.339096000,90659,1874779616,-51,-98,6,0,1,7,0,0,256,0,0,"[0,0,-1,-15,-1,-15,-1,-14,-1,-14,-1,-14,-2,-13,-3,-12,-3,-12,-3,-11,-3,-10,-3,-10,-4,-10,-4,-9,-5,-9,-5,-8,-5,-8,-5,-8,-5,-8,-5,-8,-4,-8,-4,-7,-4,-8,-4,-7,-3,-7,-3,-7,-3,-6,0,0,0,0,0,0,0,0,0,0,0,0,0,0,0,0,0,0,0,0,0,0,-2,-18,-1,-18,-1,-18,0,-19,1,-19,3,-19,3,-19,4,-19,4,-19,5,-18,5,-18,5,-17,5,-17,5,-17,4,-16,3,-16,3,-16,2,-17,2,-17,1,-16,1,-16,0,-17,0,-17,0,-17,0,-17,0,-16,0,0,-14,-24,-15,-25,-14,-22,-13,-22,-13,-20,-14,-19,-14,-18,-14,-16,-13,-15,-14,-14,-14,-13,-14,-13,-14,-11,-15,-10,-15,-10,-14,-10,-15,-9,-14,-9,-14,-9,-13,-9,-13,-9,-13,-8,-12,-9,-10,-8,-10,-8,-10,-8,-10,-9,-9,-9,0,0,0,0,0,0,0,0,0,0,0,0,0,0,-22,-23,-18,-25,-17,-27,-16,-27,-16,-29,-14,-29,-14,-33,-12,-32,-11,-33,-10,-34,-9,-34,-7,-35,-6,-33,-6,-33,-5,-31,-6,-30,-7,-29,-9,-29,-9,-28,-10,-29,-10,-27,-13,-27,-13,-28,-14,-27,-14,-28,-13,-27,-14,-26,-14,-26]"
618039805873900,21.355025500,90660,1874797335,-51,-98,6,0,1,7,0,0,256,0,0,"[0,0,12,-10,11,-10,10,-9,10,-9,9,-9,8,-8,7,-9,7,-9,6,-9,6,-9,5,-9,4,-9,4,-9,3,-9,3,-9,3,-9,3,-9,3,-9,3,-8,3,-8,3,-8,3,-8,3,-7,3,-7,3,-6,3,-6,0,0,0,0,0,0,0,0,0,0,0,0,0,0,0,0,0,0,0,0,0,0,12,-13,13,-12,14,-12,14,-11,15,-11,16,-9,17,-9,17,-8,17,-7,17,-7,17,-7,16,-7,16,-6,15,-6,15,-6,14,-7,14,-7,14,-8,13,-8,13,-9,13,-9,13,-10,13,-10,12,-10,12,-10,12,-10,0,0,15,-23,15,-23,14,-22,13,-21,11,-20,10,-21,9,-20,8,-19,7,-19,6,-18,6,-18,4,-18,4,-18,2,-18,2,-18,2,-17,1,-17,1,-16,1,-17,1,-16,1,-16,2,-14,2,-14,2,-13,3,-13,3,-13,3,-12,4,-12,0,0,0,0,0,0,0,0,0,0,0,0,0,0,10,-29,14,-28,16,-26,17,-27,19,-27,19,-26,22,-26,24,-24,24,-25,25,-24,26,-23,27,-21,27,-19,26,-19,25,-18,24,-18,22,-19,22,-19,21,-20,20,-21,19,-21,18,-23,18,-23,17,-24,18,-24,18,-24,17,-23,17,-23]"
618039828454100,21.377605700,90661,1874825884,-51,-98,6,0,1,7,0,0,256,0,0,"[0,0,-3,-14,-3,-14,-3,-13,-3,-12,-3,-12,-3,-11,-4,-11,-4,-10,-4,-10,-5,-9,-5,-8,-5,-8,-6,-8,-5,-8,-5,-7,-5,-7,-6,-7,-5,-7,-5,-6,-5,-6,-5,-6,-5,-6,-4,-6,-4,-6,-4,-5,-4,-6,0,0,0,0,0,0,0,0,0,0,0,0,0,0,0,0,0,0,0,0,0,0,-5,-16,-4,-16,-3,-17,-2,-17,-1,-18,-1,-18,1,-18,1,-18,2,-18,2,-17,2,-17,2,-16,2,-17,1,-16,1,-16,0,-15,0,-15,0,-15,-1,-16,-1,-15,-2,-15,-2,-15,-2,-15,-3,-15,-3,-15,-3,-15,0,0,-5,-27,-6,-27,-7,-26,-6,-23,-6,-23,-7,-21,-7,-20,-8,-19,-7,-18,-9,-16,-9,-16,-10,-15,-10,-14,-10,-14,-11,-13,-11,-13,-11,-13,-10,-12,-10,-12,-10,-12,-9,-11,-8,-12,-8,-11,-8,-11,-7,-10,-7,-10,-7,-10,-6,-10,0,0,0,0,0,0,0,0,0,0,0,0,0,0,-17,-26,-15,-29,-10,-30,-8,-31,-7,-32,-5,-33,-3,-34,-2,-35,-1,-35,1,-35,3,-34,3,-34,3,-34,3,-32,3,-31,3,-30,1,-31,0,-29,0,-29,0,-29,-2,-30,-3,-28,-4,-30,-4,-30,-5,-29,-5,-29,-6,-28,-6,-28]"
618039845802500,21.394954100,90662,1874838020,-51,-98,6,0,1,7,0,0,256,0,0,"[0,0,-15,2,-14,3,-13,2,-13,2,-13,2,-12,2,-11,3,-11,3,-10,4,-10,4,-9,4,-9,4,-9,4,-8,4,-8,5,-8,5,-8,5,-7,5,-7,5,-7,4,-7,4,-6,4,-7,4,-6,3,-6,3,-6,3,0,0,0,0,0,0,0,0,0,0,0,0,0,0,0,0,0,0,0,0,0,0,-17,5,-17,4,-18,3,-17,2,-19,1,-19,0,-19,-1,-19,-2,-19,-2,-19,-3,-18,-3,-18,-3,-17,-3,-17,-3,-16,-2,-17,-1,-16,-1,-17,-1,-16,0,-16,0,-16,1,-16,2,-17,1,-16,2,-16,2,-15,2,0,0,-23,15,-22,15,-21,15,-20,14,-19,14,-18,13,-17,13,-16,14,-14,13,-13,14,-11,15,-11,15,-9,15,-9,14,-9,15,-8,15,-8,15,-8,15,-8,14,-8,13,-8,12,-8,12,-8,11,-8,11,-7,10,-7,9,-8,9,-8,8,0,0,0,0,0,0,0,0,0,0,0,0,0,0,-20,23,-22,22,-24,20,-25,18,-27,18,-27,17,-30,16,-32,15,-33,13,-34,11,-33,10,-34,9,-32,10,-31,10,-30,9,-29,9,-29,9,-28,10,-28,11,-28,12,-27,13,-27,13,-27,13,-26,15,-26,15,-25,17,-24,16,-25,16]"
618039866699000,21.415850600,90663,1874862817,-50,-98,6,0,1,7,0,0,256,0,0,"[0,0,-14,7,-14,7,-13,6,-12,7,-11,6,-11,6,-10,6,-9,6,-9,6,-9,7,-7,7,-7,7,-6,7,-6,7,-6,7,-5,7,-5,7,-5,7,-5,7,-5,6,-5,6,-5,6,-5,5,-5,5,-5,5,-5,5,0,0,0,0,0,0,0,0,0,0,0,0,0,0,0,0,0,0,0,0,0,0,-15,9,-15,8,-16,7,-17,6,-18,6,-18,5,-19,4,-19,3,-19,3,-19,2,-18,2,-18,2,-18,2,-17,2,-17,3,-16,4,-16,4,-16,4,-16,5,-15,5,-16,5,-15,6,-16,6,-15,7,-15,7,-15,6,0,0,-28,6,-27,6,-25,6,-23,5,-22,7,-21,7,-20,7,-19,8,-18,8,-17,9,-15,9,-13,10,-13,11,-13,11,-13,11,-13,9,-13,11,-13,10,-12,10,-12,10,-12,8,-11,8,-10,9,-10,7,-10,7,-11,7,-10,6,-10,5,0,0,0,0,0,0,0,0,0,0,0,0,0,0,-28,15,-29,12,-30,10,-31,8,-33,7,-32,5,-35,5,-36,3,-36,0,-36,-1,-35,-2,-36,-2,-34,-3,-33,-2,-32,-3,-30,-1,-29,-1,-30,0,-30,0,-30,1,-29,3,-29,4,-28,3,-29,5,-29,5,-29,7,-28,7,-28,7]"
618039883291600,21.432443200,90664,1874877035,-51,-98,6,0,1,7,0,0,256,0,0,"[0,0,13,7,13,6,12,6,12,6,11,5,11,4,11,3,10,3,10,2,10,2,9,1,9,1,9,1,9,0,9,0,8,-1,8,0,8,-1,8,-1,8,0,8,0,7,0,7,1,6,1,6,0,6,1,0,0,0,0,0,0,0,0,0,0,0,0,0,0,0,0,0,0,0,0,0,0,16,6,16,6,16,7,15,8,16,9,15,10,15,11,15,11,14,12,13,13,13,12,12,12,11,11,12,11,12,11,12,10,12,9,13,9,12,9,13,8,13,8,13,8,14,8,14,7,13,7,14,7,0,0,27,2,26,1,26,1,24,0,23,0,22,-1,21,-2,20,-2,19,-3,18,-5,17,-5,17,-6,16,-6,16,-7,15,-7,15,-8,14,-7,15,-7,14,-7,14,-7,14,-6,13,-6,12,-5,12,-5,12,-4,11,-4,11,-3,11,-2,0,0,0,0,0,0,0,0,0,0,0,0,0,0,28,-7,30,-4,30,-2,31,1,31,2,31,4,32,5,33,7,33,9,33,10,32,12,31,12,30,12,29,11,28,11,28,10,28,10,27,8,28,8,28,7,28,6,28,5,28,4,29,4,29,3,29,2,29,2,29,2]"
618039910147800,21.459299400,90665,1874905853,-51,-98,6,0,1,7,0,0,256,0,0,"[0,0,8,11,8,11,8,10,8,10,8,9,8,8,7,8,7,7,7,6,7,6,7,5,7,5,7,5,7,4,7,3,7,3,7,3,7,3,7,3,7,3,6,3,6,3,6,3,5,3,5,3,5,3,0,0,0,0,0,0,0,0,0,0,0,0,0,0,0,0,0,0,0,0,0,0,11,12,10,13,10,14,9,14,9,15,8,16,8,17,7,17,6,17,5,17,5,17,5,16,5,16,5,15,5,15,6,14,6,14,7,13,7,13,7,13,8,13,8,13,9,13,9,12,9,12,9,12,0,0,23,15,22,15,21,14,21,13,20,12,19,10,20,10,18,8,18,7,18,6,17,5,18,4,18,3,17,3,17,2,16,1,17,1,16,1,15,2,15,2,14,2,14,2,13,2,12,2,12,2,11,3,11,3,10,4,0,0,0,0,0,0,0,0,0,0,0,0,0,0,28,9,28,12,27,14,26,16,26,18,24,19,25,22,24,23,23,24,23,25,22,27,21,26,20,25,19,25,19,24,19,23,19,23,20,21,19,20,20,21,21,19,22,18,22,18,23,19,24,17,24,17,24,17,24,16]"
618039927882700,21.477034300,90666,1874921216,-51,-98,6,0,1,7,0,0,256,0,0,"[0,0,-8,12,-7,12,-7,12,-7,11,-6,11,-6,11,-5,10,-4,10,-4,10,-3,9,-3,9,-2,9,-2,9,-1,9,-1,8,-1,8,0,8,-1,8,-1,8,-1,8,-1,7,-1,8,-1,7,-1,6,-2,6,-2,6,0,0,0,0,0,0,0,0,0,0,0,0,0,0,0,0,0,0,0,0,0,0,-8,15,-9,15,-9,15,-10,15,-11,15,-13,15,-13,14,-14,13,-14,13,-14,12,-14,12,-14,11,-13,11,-13,11,-12,11,-11,11,-11,11,-11,12,-10,12,-9,12,-10,13,-9,13,-9,13,-9,14,-8,14,-9,14,0,0,-17,54,-16,52,-14,48,-13,48,-11,45,-8,44,-7,43,-4,41,-3,40,0,38,0,36,2,36,3,35,5,34,6,34,5,33,6,32,7,32,7,30,6,30,5,28,5,28,3,27,3,25,2,25,1,24,0,23,-2,22,0,0,0,0,0,0,0,0,0,0,0,0,0,0,-2,61,-9,61,-13,60,-17,60,-20,61,-23,59,-29,62,-30,61,-32,61,-36,60,-38,57,-39,57,-39,53,-39,52,-37,51,-36,50,-33,50,-32,51,-29,49,-29,52,-25,51,-23,54,-20,54,-20,56,-21,57,-19,56,-19,56,-17,55]"
618039944569700,21.493721300,90667,1874938803,-51,-98,6,0,1,7,0,0,256,0,0,"[0,0,10,-12,9,-12,8,-11,8,-11,7,-10,6,-10,6,-10,5,-10,4,-9,4,-9,4,-10,3,-9,2,-10,2,-9,2,-9,2,-9,2,-9,1,-9,2,-9,2,-8,2,-8,1,-7,2,-8,2,-7,2,-7,2,-6,0,0,0,0,0,0,0,0,0,0,0,0,0,0,0,0,0,0,0,0,0,0,10,-15,11,-14,11,-14,12,-13,13,-13,14,-13,15,-12,15,-11,15,-11,15,-10,15,-9,15,-9,14,-9,14,-9,13,-9,12,-10,12,-10,12,-10,12,-11,11,-11,11,-12,10,-12,11,-12,10,-12,10,-13,10,-12,0,0,18,-53,17,-53,16,-51,15,-48,13,-46,9,-43,9,-43,6,-42,5,-40,3,-39,1,-38,0,-37,-1,-36,-4,-35,-5,-36,-5,-34,-6,-34,-6,-33,-6,-32,-5,-31,-4,-31,-4,-29,-3,-29,-1,-27,0,-26,0,-24,1,-25,3,-24,0,0,0,0,0,0,0,0,0,0,0,0,0,0,4,-63,12,-61,17,-60,19,-60,21,-62,24,-60,29,-62,33,-62,33,-61,38,-59,40,-57,42,-56,42,-51,41,-50,40,-49,37,-48,34,-49,32,-51,30,-51,30,-52,28,-52,23,-54,23,-55,22,-56,24,-56,22,-55,22,-55,23,-55]"
618039967157900,21.516309500,90668,1874960543,-51,-98,6,0,1,7,0,0,256,0,0,"[0,0,14,2,13,1,13,2,13,1,12,1,12,1,11,0,10,0,10,-1,10,-2,9,-2,9,-2,9,-3,8,-3,8,-3,8,-4,8,-3,8,-3,8,-3,7,-3,7,-3,7,-2,7,-2,6,-2,7,-2,6,-2,0,0,0,0,0,0,0,0,0,0,0,0,0,0,0,0,0,0,0,0,0,0,16,0,17,1,17,2,17,3,17,4,17,5,17,6,17,7,17,7,16,8,15,8,15,7,15,7,14,7,15,7,14,5,15,5,14,5,15,4,15,4,14,4,15,3,15,3,15,3,15,2,15,2,0,0,27,-3,27,-4,25,-5,24,-5,23,-5,22,-5,21,-6,20,-6,18,-8,17,-8,17,-9,16,-9,15,-9,14,-10,14,-10,14,-10,14,-10,14,-10,13,-10,13,-9,12,-9,12,-8,12,-8,11,-7,11,-6,11,-6,11,-5,11,-4,0,0,0,0,0,0,0,0,0,0,0,0,0,0,28,-12,29,-9,30,-7,30,-5,31,-5,31,-3,33,-1,34,1,34,2,35,4,34,5,33,6,33,6,31,6,30,6,29,5,29,4,29,2,29,2,29,1,29,1,29,-1,29,-1,29,-3,30,-3,30,-3,29,-4,29,-3]"
618039985817400,21.534969000,90669,1874978004,-51,-98,6,0,1,7,0,0,256,0,0,"[0,0,14,-5,13,-6,12,-6,12,-6,11,-6,10,-6,10,-6,9,-7,8,-7,8,-7,7,-7,7,-7,6,-7,5,-7,6,-8,5,-8,5,-7,5,-8,5,-7,5,-7,5,-6,4,-6,5,-6,4,-6,4,-5,5,-5,0,0,0,0,0,0,0,0,0,0,0,0,0,0,0,0,0,0,0,0,0,0,15,-8,16,-7,16,-6,17,-6,18,-5,18,-4,19,-3,19,-2,19,-2,18,-1,18,-1,17,0,16,-1,16,-1,16,-2,16,-3,15,-3,16,-4,15,-4,15,-5,15,-4,15,-5,16,-5,15,-6,14,-6,14,-6,0,0,19,-19,18,-20,17,-19,16,-19,15,-18,13,-18,12,-17,11,-18,9,-17,9,-17,8,-18,6,-17,5,-17,5,-17,4,-17,4,-17,4,-17,4,-17,4,-16,4,-15,4,-15,4,-14,4,-14,4,-13,4,-12,4,-12,5,-12,5,-10,0,0,0,0,0,0,0,0,0,0,0,0,0,0,16,-27,18,-25,20,-24,21,-22,23,-23,24,-21,26,-21,28,-19,29,-19,30,-17,30,-16,31,-15,30,-15,29,-14,27,-13,26,-14,25,-14,25,-16,24,-16,24,-17,23,-18,22,-19,23,-18,22,-20,22,-20,21,-21,21,-21,21,-21]"
618040003031200,21.552182800,90670,1874996677,-51,-98,6,0,1,7,0,0,256,0,0,"[0,0,-4,14,-3,14,-3,14,-3,13,-3,12,-2,12,-1,11,-1,11,-1,10,0,10,1,10,1,10,2,9,2,9,2,8,2,8,2,8,2,8,2,8,1,8,1,7,2,7,1,7,1,7,1,6,0,6,0,0,0,0,0,0,0,0,0,0,0,0,0,0,0,0,0,0,0,0,0,0,-3,17,-4,17,-5,17,-5,17,-7,18,-8,18,-9,17,-10,16,-10,16,-10,16,-10,15,-10,15,-9,15,-8,15,-9,14,-8,14,-7,14,-7,14,-6,15,-6,15,-5,15,-5,15,-5,16,-4,15,-4,16,-4,15,0,0,1,28,1,25,1,26,1,23,3,23,3,20,4,21,4,19,5,18,5,17,6,16,6,16,7,16,7,15,8,13,8,14,8,13,8,13,7,13,7,13,7,13,6,12,5,11,5,11,5,11,4,11,3,10,3,11,0,0,0,0,0,0,0,0,0,0,0,0,0,0,9,27,5,29,3,30,2,31,0,30,-2,31,-3,32,-4,33,-5,32,-7,33,-9,32,-9,31,-9,30,-9,30,-9,29,-8,28,-7,30,-7,26,-6,28,-5,27,-3,28,-3,28,-1,28,-2,29,0,28,0,28,-1,28,0,29]"
618040023737100,21.572888700,90671,1875017829,-51,-98,6,0,1,7,0,0,256,0,0,"[0,0,5,14,5,13,5,12,5,11,5,11,5,10,5,9,6,9,5,8,6,7,5,7,6,7,6,6,6,6,6,5,7,5,6,5,6,5,6,5,6,5,6,5,5,5,5,5,4,4,4,4,4,5,0,0,0,0,0,0,0,0,0,0,0,0,0,0,0,0,0,0,0,0,0,0,8,14,7,15,7,16,6,16,5,17,4,18,3,18,3,18,2,18,1,17,1,17,1,17,1,16,1,16,2,16,2,15,2,15,3,15,3,15,4,15,4,14,5,15,5,14,5,14,5,14,5,14,0,0,16,22,16,22,16,20,15,19,15,18,15,16,15,15,15,14,15,13,15,11,15,11,15,10,15,9,14,7,16,8,15,7,15,7,14,7,14,6,13,6,13,7,13,6,12,7,11,6,10,7,9,7,10,7,8,7,0,0,0,0,0,0,0,0,0,0,0,0,0,0,24,18,21,21,19,23,19,24,19,26,18,26,17,29,16,30,16,30,14,32,13,32,11,33,9,31,9,31,8,29,9,28,10,28,12,27,11,26,13,26,13,26,15,25,16,25,16,24,16,25,16,24,16,24,16,23]"
618040045245000,21.594396600,90672,1875037644,-51,-98,6,0,1,7,0,0,256,0,0,"[0,0,12,7,12,6,11,6,12,6,11,5,11,5,10,4,10,3,10,2,9,2,9,1,9,1,9,1,8,1,9,0,8,-1,9,0,8,-1,8,0,8,0,7,0,7,0,7,0,6,1,6,1,6,1,0,0,0,0,0,0,0,0,0,0,0,0,0,0,0,0,0,0,0,0,0,0,15,7,15,8,15,9,14,9,14,11,14,11,14,13,13,13,13,13,12,14,11,13,11,13,11,13,10,12,11,11,11,11,11,10,12,10,12,10,12,9,13,9,13,8,13,9,13,8,13,8,13,8,0,0,55,5,54,2,52,1,50,1,46,0,45,-2,44,-3,40,-5,40,-6,37,-9,35,-10,35,-11,33,-12,33,-13,32,-15,31,-15,31,-16,29,-14,29,-13,29,-12,28,-13,27,-10,26,-9,24,-10,23,-9,24,-8,24,-6,24,-4,0,0,0,0,0,0,0,0,0,0,0,0,0,0,59,-14,61,-9,62,-3,62,0,65,3,63,6,67,11,67,13,67,17,68,21,66,22,65,23,62,24,60,23,58,22,57,21,55,19,57,17,56,14,58,14,56,12,58,10,58,9,59,6,60,5,59,4,59,3,59,2]"
618040065234800,21.614386400,90673,1875062640,-51,-98,6,0,1,7,0,0,256,0,0,"[0,0,-16,-2,-14,-2,-14,-2,-13,-1,-13,-1,-12,0,-12,0,-11,0,-11,1,-10,1,-10,1,-10,1,-9,2,-9,2,-9,3,-9,3,-8,3,-9,3,-8,3,-8,3,-8,3,-7,2,-7,2,-7,1,-7,1,-7,1,0,0,0,0,0,0,0,0,0,0,0,0,0,0,0,0,0,0,0,0,0,0,-18,0,-18,-1,-18,-2,-18,-3,-18,-4,-19,-5,-19,-5,-19,-6,-19,-7,-18,-8,-17,-8,-16,-8,-16,-8,-16,-7,-16,-7,-16,-6,-16,-5,-16,-5,-16,-4,-16,-3,-16,-3,-16,-3,-16,-3,-16,-3,-16,-3,-16,-2,0,0,-28,3,-27,3,-27,3,-25,4,-24,4,-22,5,-21,5,-20,5,-19,7,-18,7,-18,7,-17,8,-16,9,-16,9,-14,10,-14,9,-14,9,-15,10,-14,9,-13,8,-13,8,-12,8,-12,7,-12,6,-12,6,-11,6,-11,5,-12,4,0,0,0,0,0,0,0,0,0,0,0,0,0,0,-29,10,-30,7,-31,5,-32,3,-32,2,-33,1,-34,-1,-36,-3,-35,-3,-35,-6,-35,-7,-34,-8,-33,-8,-32,-8,-31,-8,-30,-7,-31,-6,-29,-4,-31,-4,-29,-3,-30,-2,-30,0,-30,0,-30,1,-30,1,-30,2,-30,2,-30,2]"
618040085885000,21.635036600,90674,1875079536,-51,-98,6,0,1,7,0,0,256,0,0,"[0,0,12,9,12,7,11,7,11,6,10,6,10,6,10,5,10,5,9,4,9,3,9,2,9,2,9,2,9,2,9,0,8,0,9,1,8,0,8,0,8,1,7,1,7,1,7,1,6,1,6,1,6,1,0,0,0,0,0,0,0,0,0,0,0,0,0,0,0,0,0,0,0,0,0,0,15,8,14,9,14,10,13,11,14,12,13,12,12,13,12,14,11,15,11,15,10,14,10,13,10,13,10,13,9,12,10,12,10,11,11,11,11,10,11,10,11,10,12,10,12,10,12,9,12,9,12,9,0,0,53,11,52,8,50,8,48,6,47,5,44,4,42,3,40,1,39,-1,36,-4,35,-8,35,-9,33,-10,33,-10,33,-11,32,-11,31,-11,31,-11,30,-10,29,-8,29,-8,28,-7,27,-7,26,-7,24,-6,23,-4,24,-3,23,-2,0,0,0,0,0,0,0,0,0,0,0,0,0,0,59,-6,61,0,60,5,60,9,62,12,61,15,63,20,64,23,62,27,61,31,59,33,59,31,58,30,56,29,55,28,52,26,52,26,52,23,53,21,53,21,55,19,55,18,55,17,56,16,56,12,58,10,58,9,57,9]"
618040103546100,21.652697700,90675,1875096675,-51,-98,6,0,1,7,0,0,256,0,0,"[0,0,14,0,14,0,13,0,13,0,12,0,12,-1,11,-2,11,-2,10,-3,10,-3,10,-3,9,-3,8,-4,8,-4,8,-4,8,-5,8,-4,7,-4,7,-5,7,-5,7,-4,6,-4,6,-3,6,-3,6,-3,6,-2,0,0,0,0,0,0,0,0,0,0,0,0,0,0,0,0,0,0,0,0,0,0,17,0,17,0,17,1,17,2,18,3,18,4,18,5,18,6,17,6,16,7,16,7,16,7,15,7,14,6,15,5,15,4,15,4,15,4,15,3,15,2,15,2,15,1,16,1,16,2,15,2,15,1,0,0,25,-10,24,-11,24,-11,22,-10,21,-11,19,-11,18,-11,17,-12,16,-12,14,-13,13,-13,12,-13,12,-13,11,-13,10,-14,11,-14,10,-13,10,-13,9,-13,10,-12,9,-12,9,-11,9,-11,9,-10,8,-10,8,-9,9,-8,9,-7,0,0,0,0,0,0,0,0,0,0,0,0,0,0,23,-17,26,-15,27,-14,29,-12,29,-11,30,-9,31,-7,34,-7,34,-5,34,-4,34,-2,32,-3,32,-1,31,-2,30,-2,29,-2,29,-3,28,-4,29,-5,28,-5,28,-7,28,-8,28,-8,28,-9,27,-10,27,-10,27,-11,27,-11]"
618040128229900,21.677381500,90676,1875124892,-51,-98,6,0,1,7,0,0,256,0,0,"[0,0,8,-12,8,-12,7,-12,7,-11,7,-11,5,-11,5,-11,4,-11,4,-10,3,-10,3,-10,1,-10,2,-10,1,-10,1,-10,1,-9,0,-9,1,-9,1,-9,1,-8,1,-8,1,-8,1,-8,1,-7,1,-7,1,-7,0,0,0,0,0,0,0,0,0,0,0,0,0,0,0,0,0,0,0,0,0,0,9,-15,10,-14,11,-14,11,-14,12,-14,14,-13,14,-13,15,-12,15,-11,15,-11,15,-10,14,-10,13,-10,13,-10,13,-10,12,-10,12,-11,11,-11,11,-12,10,-12,10,-12,10,-12,10,-13,10,-13,10,-13,9,-13,0,0,23,-51,21,-51,19,-49,17,-47,15,-45,13,-44,12,-42,10,-41,6,-40,5,-38,2,-38,2,-37,-1,-36,-2,-36,-4,-36,-4,-35,-5,-34,-5,-34,-5,-33,-3,-32,-2,-31,-2,-30,-2,-28,-1,-26,-1,-26,-1,-25,1,-25,3,-23,0,0,0,0,0,0,0,0,0,0,0,0,0,0,12,-61,18,-60,22,-58,27,-57,29,-59,31,-56,36,-58,39,-58,42,-56,46,-54,47,-52,48,-51,46,-49,46,-47,44,-45,41,-45,40,-46,36,-47,35,-47,35,-49,32,-49,30,-52,30,-52,27,-54,28,-54,26,-54,25,-54,25,-54]"
618040142625000,21.691776600,90677,1875136481,-51,-98,6,0,1,7,0,0,256,0,0,"[0,0,-3,14,-2,14,-3,13,-2,13,-1,12,-1,12,-1,11,0,11,0,10,1,9,1,9,2,9,2,9,2,8,3,8,2,8,3,8,2,8,3,7,2,7,2,7,2,7,2,7,1,6,1,6,1,6,0,0,0,0,0,0,0,0,0,0,0,0,0,0,0,0,0,0,0,0,0,0,-3,16,-4,17,-4,17,-6,17,-7,17,-8,17,-8,17,-9,17,-9,16,-10,16,-9,15,-9,15,-9,15,-9,14,-8,14,-7,14,-7,14,-6,14,-6,14,-5,15,-4,15,-4,15,-4,15,-3,15,-3,15,-3,15,0,0,4,26,4,26,4,24,4,23,4,22,5,21,6,20,6,19,7,18,7,17,8,16,8,15,9,15,9,14,10,13,10,13,10,13,10,12,9,12,9,12,8,12,8,11,8,11,7,10,6,10,5,10,5,10,4,10,0,0,0,0,0,0,0,0,0,0,0,0,0,0,11,27,8,28,6,29,4,29,4,31,2,31,1,33,-1,33,-2,33,-5,34,-5,33,-7,34,-6,32,-7,30,-6,30,-5,28,-4,28,-2,29,-2,28,-2,28,0,28,1,28,1,28,3,29,2,29,3,28,3,28,3,28]"
618040164302500,21.713454100,90678,1875158334,-51,-98,6,0,1,7,0,0,256,0,0,"[0,0,13,6,13,6,12,6,12,5,11,5,11,5,10,4,10,3,10,2,10,2,9,1,9,1,9,1,8,0,9,0,9,-1,8,-1,8,-1,8,-1,8,0,8,0,7,0,7,0,7,0,6,0,6,0,0,0,0,0,0,0,0,0,0,0,0,0,0,0,0,0,0,0,0,0,0,0,16,5,15,6,16,8,15,8,15,10,15,10,14,11,14,12,14,12,13,12,13,12,13,12,12,12,12,11,11,10,12,10,12,9,13,9,12,9,13,8,13,8,13,7,14,8,14,7,14,7,14,7,0,0,26,5,26,4,24,4,24,4,22,3,22,1,21,1,19,-1,19,-1,18,-2,18,-3,17,-3,17,-4,16,-4,16,-5,16,-6,16,-5,15,-5,15,-5,14,-4,14,-4,14,-4,13,-3,12,-3,11,-2,11,-2,12,-2,11,-1,0,0,0,0,0,0,0,0,0,0,0,0,0,0,29,-4,30,0,29,2,30,3,31,5,30,7,32,9,31,10,31,12,31,13,30,14,30,15,28,15,28,15,26,14,26,14,26,12,26,12,25,10,27,10,26,10,27,8,27,7,28,6,29,6,28,6,28,6,28,5]"
618040182836200,21.731987800,90679,1875176713,-51,-98,6,0,1,7,0,0,256,0,0,"[0,0,1,15,1,14,1,14,1,13,2,13,2,12,2,11,3,10,3,10,3,9,4,8,4,8,5,8,4,8,4,7,5,7,5,7,4,7,4,6,4,7,4,6,3,6,3,6,3,6,3,5,2,6,0,0,0,0,0,0,0,0,0,0,0,0,0,0,0,0,0,0,0,0,0,0,3,16,2,17,1,17,0,17,-1,18,-2,19,-2,18,-4,19,-4,18,-4,17,-4,17,-4,16,-4,16,-4,16,-3,16,-3,15,-2,15,-2,15,-1,16,-1,16,0,15,0,16,0,16,1,16,1,15,1,15,0,0,8,25,9,25,9,23,8,23,8,21,10,20,9,19,10,17,10,16,10,15,11,14,11,13,11,12,11,11,12,11,12,10,12,11,12,10,11,10,11,10,10,10,10,9,9,9,8,9,8,9,7,9,7,9,6,9,0,0,0,0,0,0,0,0,0,0,0,0,0,0,16,25,13,27,11,27,9,28,10,30,8,29,6,33,5,32,4,33,2,34,2,33,0,34,-1,33,-1,31,-1,30,0,29,1,28,2,29,3,27,3,29,4,28,6,28,7,27,7,28,8,28,8,28,8,27,9,27]"
618040202866200,21.752017800,90680,1875197198,-51,-98,6,0,1,7,0,0,256,0,0,"[0,0,4,13,4,13,4,12,4,11,4,11,4,10,4,9,5,9,4,8,5,7,5,7,5,7,6,6,5,6,5,6,5,5,5,5,5,5,5,5,5,5,4,5,4,5,4,5,4,5,4,5,3,5,0,0,0,0,0,0,0,0,0,0,0,0,0,0,0,0,0,0,0,0,0,0,7,13,7,14,6,15,5,16,4,16,3,17,2,17,2,17,1,17,1,17,1,16,1,16,1,16,1,15,1,15,1,14,1,14,2,14,3,14,3,14,3,14,3,14,4,14,4,14,4,14,5,13,0,0,16,22,15,20,15,20,14,18,14,18,14,16,14,15,14,14,14,12,14,11,14,10,14,10,14,9,15,8,14,7,15,7,14,7,14,7,14,7,13,7,13,7,12,7,11,7,10,6,10,7,9,7,8,7,8,7,0,0,0,0,0,0,0,0,0,0,0,0,0,0,23,17,21,21,20,22,19,24,18,25,17,26,16,27,16,30,14,30,13,31,11,31,10,30,10,31,9,30,9,29,9,27,11,28,10,25,11,26,12,25,13,26,14,25,14,24,15,24,15,23,16,23,17,23,16,23]"
618040225628300,21.774779900,90681,1875219902,-51,-98,6,0,1,7,0,0,256,0,0,"[0,0,-16,0,-15,0,-15,0,-14,1,-13,1,-12,1,-12,1,-12,2,-11,3,-11,3,-10,3,-9,3,-9,4,-9,4,-9,4,-9,4,-8,4,-8,4,-8,4,-8,4,-8,3,-7,3,-7,3,-6,2,-7,2,-7,2,0,0,0,0,0,0,0,0,0,0,0,0,0,0,0,0,0,0,0,0,0,0,-18,2,-18,1,-18,1,-18,0,-19,-1,-20,-2,-20,-3,-19,-4,-20,-5,-19,-5,-18,-5,-18,-5,-17,-5,-17,-4,-17,-4,-17,-3,-17,-3,-16,-3,-16,-2,-17,-1,-17,-1,-17,-1,-17,0,-17,0,-16,0,-16,0,0,0,-26,11,-24,11,-24,11,-22,10,-21,11,-20,11,-19,11,-18,11,-16,12,-15,11,-13,12,-13,12,-12,13,-12,13,-11,13,-10,13,-11,13,-10,13,-10,12,-10,12,-10,11,-10,10,-9,9,-9,9,-9,9,-9,8,-9,7,-10,7,0,0,0,0,0,0,0,0,0,0,0,0,0,0,-23,18,-25,16,-27,15,-28,14,-28,13,-30,12,-31,10,-33,9,-33,8,-35,6,-34,5,-33,4,-32,4,-32,3,-31,3,-30,3,-30,5,-28,6,-29,7,-29,7,-28,8,-27,9,-28,9,-28,11,-28,10,-27,11,-27,11,-27,11]"
618040254376100,21.803527700,90682,1875246420,-51,-98,6,0,1,7,0,0,256,0,0,"[0,0,-12,8,-12,9,-11,9,-11,8,-10,8,-9,8,-8,7,-8,7,-8,7,-7,8,-6,8,-5,8,-5,8,-5,8,-5,8,-4,8,-3,8,-4,8,-4,8,-4,7,-4,7,-4,6,-4,6,-4,6,-4,5,-4,5,0,0,0,0,0,0,0,0,0,0,0,0,0,0,0,0,0,0,0,0,0,0,-13,12,-14,12,-14,11,-15,11,-16,10,-18,10,-18,8,-18,7,-19,7,-18,7,-17,7,-17,6,-16,6,-16,6,-16,6,-15,7,-15,7,-15,7,-14,8,-14,8,-14,8,-14,9,-13,9,-13,10,-13,10,-13,10,0,0,-17,23,-16,22,-15,21,-14,20,-13,20,-12,19,-11,19,-9,18,-8,18,-7,17,-5,17,-4,17,-4,17,-4,17,-3,17,-3,16,-2,16,-2,16,-3,16,-3,16,-3,14,-3,14,-3,13,-3,12,-3,12,-4,11,-4,11,-5,10,0,0,0,0,0,0,0,0,0,0,0,0,0,0,-9,29,-12,28,-15,28,-17,26,-19,26,-19,25,-22,25,-24,25,-26,24,-27,23,-28,21,-27,21,-27,21,-26,20,-25,19,-24,19,-24,19,-22,19,-22,20,-21,20,-21,21,-20,22,-20,22,-20,23,-18,23,-17,24,-17,24,-17,24]"
618040266786800,21.815938400,90683,1875257240,-51,-98,6,0,1,7,0,0,256,0,0,"[0,0,11,10,10,9,10,9,9,8,10,8,9,7,9,6,9,6,9,5,9,4,8,3,8,3,9,3,9,2,8,2,9,2,8,2,8,1,8,2,7,2,7,2,7,3,6,2,6,2,6,2,6,2,0,0,0,0,0,0,0,0,0,0,0,0,0,0,0,0,0,0,0,0,0,0,13,8,14,10,13,10,13,12,12,12,13,14,11,14,11,15,10,16,9,14,10,14,9,14,9,14,9,13,9,14,8,12,9,12,9,12,10,12,10,11,10,11,11,11,11,10,11,10,12,10,12,10,0,0,26,11,26,11,23,9,23,9,21,8,21,6,21,5,20,4,19,3,19,3,18,2,18,1,18,0,17,-1,17,-1,16,-1,17,-2,16,-2,16,-2,16,-1,15,-1,15,-1,14,-1,13,0,13,0,12,1,12,2,11,2,0,0,0,0,0,0,0,0,0,0,0,0,0,0,30,4,29,7,30,10,29,10,30,13,28,14,29,16,28,17,28,19,28,20,27,21,27,22,24,22,23,22,23,20,22,20,22,18,24,18,22,16,24,17,24,15,25,14,26,13,27,13,27,13,26,12,27,12,27,11]"
618040283739700,21.832891300,90684,1875276541,-51,-98,6,0,1,7,0,0,256,0,0,"[0,0,-15,-4,-15,-3,-14,-3,-14,-3,-13,-3,-12,-2,-12,-1,-12,-1,-11,0,-11,0,-10,1,-10,1,-10,1,-10,1,-9,2,-9,2,-9,2,-9,2,-9,2,-8,2,-8,2,-8,2,-8,1,-7,1,-7,1,-7,0,0,0,0,0,0,0,0,0,0,0,0,0,0,0,0,0,0,0,0,0,0,0,-17,-3,-18,-4,-18,-5,-18,-5,-18,-6,-18,-8,-18,-9,-18,-9,-17,-10,-16,-10,-16,-10,-16,-9,-15,-9,-15,-9,-15,-9,-15,-8,-15,-7,-15,-6,-15,-6,-16,-6,-15,-6,-16,-5,-16,-5,-16,-4,-16,-4,-15,-4,0,0,-27,5,-27,5,-26,5,-25,5,-23,5,-22,6,-21,6,-20,6,-18,7,-17,8,-16,9,-16,9,-15,9,-14,10,-14,11,-13,10,-13,10,-13,10,-13,10,-12,9,-12,8,-12,8,-12,7,-11,7,-11,6,-10,6,-11,6,-11,4,0,0,0,0,0,0,0,0,0,0,0,0,0,0,-27,12,-30,9,-30,7,-30,6,-32,5,-32,3,-34,1,-35,-1,-35,-1,-35,-4,-33,-4,-34,-6,-33,-5,-32,-6,-31,-5,-30,-4,-29,-4,-30,-2,-29,-1,-30,-1,-29,0,-29,2,-30,2,-29,3,-30,3,-29,4,-29,4,-29,4]"
618040304120400,21.853272000,90685,1875297064,-51,-98,6,0,1,7,0,0,256,0,0,"[0,0,-10,12,-10,11,-9,11,-8,10,-7,10,-7,10,-6,9,-6,9,-6,9,-5,9,-4,9,-3,8,-3,9,-2,8,-2,9,-2,8,-2,8,-2,8,-2,8,-2,7,-2,7,-2,7,-2,7,-2,6,-2,6,-2,6,0,0,0,0,0,0,0,0,0,0,0,0,0,0,0,0,0,0,0,0,0,0,-10,14,-11,13,-12,13,-12,13,-14,12,-15,12,-16,11,-17,11,-16,10,-16,10,-16,9,-15,9,-14,9,-14,9,-14,9,-13,10,-13,10,-13,10,-12,10,-11,11,-11,11,-11,11,-11,12,-10,12,-10,12,-10,12,0,0,-10,25,-9,24,-9,24,-8,22,-7,23,-6,21,-5,20,-4,19,-3,19,-2,18,-1,18,-1,17,1,17,1,17,2,16,2,16,2,15,2,16,3,15,2,15,1,14,1,14,1,13,0,12,0,12,0,12,-1,11,-1,11,0,0,0,0,0,0,0,0,0,0,0,0,0,0,-4,29,-8,29,-10,29,-11,29,-12,28,-14,29,-15,28,-18,29,-20,27,-20,27,-21,26,-21,24,-21,24,-21,23,-21,23,-19,23,-19,24,-17,23,-16,24,-15,24,-15,25,-14,25,-13,25,-12,27,-12,26,-11,27,-11,26,-11,27]"
618040328747700,21.877899300,90686,1875321147,-51,-98,6,0,1,7,0,0,256,0,0,"[0,0,-15,-5,-14,-4,-14,-4,-13,-4,-13,-4,-12,-3,-12,-3,-11,-2,-11,-1,-11,-1,-10,0,-10,0,-10,0,-9,0,-9,1,-9,1,-9,1,-9,1,-9,1,-9,1,-9,1,-8,0,-8,0,-7,0,-7,0,-7,-1,0,0,0,0,0,0,0,0,0,0,0,0,0,0,0,0,0,0,0,0,0,0,-17,-3,-18,-4,-18,-5,-18,-6,-18,-7,-18,-8,-18,-8,-17,-10,-17,-10,-16,-10,-15,-10,-15,-10,-15,-9,-15,-9,-14,-9,-15,-8,-15,-8,-15,-7,-15,-7,-15,-6,-15,-6,-16,-6,-15,-6,-16,-5,-16,-5,-16,-5,0,0,-28,2,-27,2,-26,2,-24,3,-24,2,-22,3,-21,4,-20,4,-19,6,-18,6,-17,7,-16,7,-16,8,-16,8,-15,8,-14,9,-14,8,-14,8,-14,8,-14,8,-13,7,-13,6,-13,6,-13,6,-12,5,-11,4,-12,4,-12,3,0,0,0,0,0,0,0,0,0,0,0,0,0,0,-28,10,-29,7,-30,6,-31,4,-32,3,-32,1,-33,-1,-35,-3,-35,-4,-34,-6,-33,-7,-33,-8,-33,-7,-31,-8,-30,-8,-30,-6,-29,-6,-29,-4,-29,-4,-29,-3,-29,-2,-29,-1,-29,0,-30,0,-29,1,-30,2,-29,1,-29,2]"
618040344143200,21.893294800,90687,1875336569,-51,-98,6,0,1,7,0,0,256,0,0,"[0,0,-15,-5,-14,-5,-14,-5,-13,-4,-13,-4,-12,-3,-12,-3,-12,-2,-11,-2,-11,-1,-10,-1,-10,0,-10,0,-10,0,-10,1,-9,1,-9,1,-10,0,-9,1,-9,0,-8,0,-8,0,-8,0,-7,0,-7,0,-7,-1,0,0,0,0,0,0,0,0,0,0,0,0,0,0,0,0,0,0,0,0,0,0,-18,-3,-17,-4,-18,-5,-17,-6,-18,-7,-18,-8,-18,-9,-17,-10,-17,-10,-16,-11,-16,-10,-15,-10,-15,-10,-15,-10,-15,-9,-15,-9,-14,-8,-15,-8,-15,-7,-15,-7,-15,-7,-16,-6,-16,-6,-16,-6,-16,-5,-16,-5,0,0,-27,-4,-27,-4,-26,-4,-25,-3,-24,-3,-23,-2,-22,-1,-21,0,-20,1,-19,2,-18,2,-18,3,-18,4,-17,4,-17,5,-16,5,-16,5,-16,5,-15,5,-15,4,-15,4,-14,3,-14,3,-14,2,-12,2,-12,2,-12,1,-12,0,0,0,0,0,0,0,0,0,0,0,0,0,0,0,-30,3,-31,-1,-31,-3,-31,-4,-32,-5,-31,-6,-33,-9,-33,-10,-33,-11,-32,-13,-32,-14,-30,-16,-30,-15,-29,-16,-27,-15,-27,-14,-27,-13,-27,-11,-28,-11,-28,-10,-28,-9,-29,-8,-29,-7,-29,-6,-29,-7,-29,-6,-29,-6,-28,-6]"
618040364414100,21.913565700,90688,1875356771,-50,-98,6,0,1,7,0,0,256,0,0,"[0,0,-6,13,-5,13,-5,13,-5,12,-4,12,-4,11,-3,11,-3,11,-2,10,-2,10,-1,9,-1,9,0,9,0,9,0,9,0,8,1,8,1,9,0,8,0,8,0,7,0,7,-1,7,0,7,-1,6,-1,6,0,0,0,0,0,0,0,0,0,0,0,0,0,0,0,0,0,0,0,0,0,0,-4,16,-5,17,-6,17,-6,16,-7,17,-9,17,-10,17,-11,16,-10,15,-11,15,-12,14,-11,13,-11,13,-10,13,-10,13,-9,13,-9,13,-8,13,-8,14,-7,14,-7,14,-7,14,-7,15,-7,15,-6,14,-6,14,0,0,-1,27,0,25,0,26,1,23,1,23,2,22,1,21,3,20,3,18,4,17,5,17,6,16,6,16,7,16,7,14,8,15,7,13,7,14,7,14,6,13,6,13,5,12,5,12,5,11,4,12,4,11,3,11,2,11,0,0,0,0,0,0,0,0,0,0,0,0,0,0,8,29,6,28,3,30,2,31,2,30,-1,32,-3,32,-5,34,-7,33,-9,33,-9,32,-10,31,-10,31,-10,30,-10,29,-9,29,-8,29,-6,27,-6,29,-5,27,-4,29,-3,28,-3,28,-2,29,-2,28,-1,29,-1,29,-1,29]"
618040383601900,21.932753500,90689,1875376408,-51,-98,6,0,1,7,0,0,256,0,0,"[0,0,-2,-15,-2,-15,-2,-14,-2,-14,-2,-13,-3,-13,-3,-12,-3,-11,-3,-10,-4,-10,-4,-10,-5,-9,-5,-9,-5,-9,-5,-8,-5,-8,-5,-8,-5,-8,-5,-8,-5,-8,-4,-7,-4,-7,-4,-7,-4,-7,-3,-7,-3,-6,0,0,0,0,0,0,0,0,0,0,0,0,0,0,0,0,0,0,0,0,0,0,-4,-17,-4,-18,-3,-18,-2,-18,-1,-20,0,-19,1,-19,2,-20,3,-19,3,-19,3,-18,3,-18,3,-17,3,-17,2,-17,1,-16,1,-16,0,-17,0,-16,-1,-16,-1,-16,-1,-16,-1,-16,-2,-17,-2,-16,-2,-16,0,0,-12,-25,-12,-25,-11,-23,-11,-22,-11,-21,-12,-20,-12,-18,-12,-17,-12,-16,-12,-15,-13,-14,-13,-13,-14,-12,-14,-12,-14,-11,-14,-10,-13,-10,-14,-10,-13,-10,-13,-10,-12,-10,-12,-9,-11,-9,-10,-9,-10,-10,-9,-10,-9,-9,-8,-10,0,0,0,0,0,0,0,0,0,0,0,0,0,0,-20,-24,-18,-26,-16,-27,-14,-28,-13,-29,-12,-30,-11,-32,-10,-33,-8,-34,-6,-34,-5,-34,-5,-34,-4,-33,-4,-32,-4,-31,-4,-30,-5,-30,-6,-29,-7,-28,-7,-28,-8,-28,-9,-28,-10,-28,-11,-28,-11,-27,-12,-27,-12,-27,-12,-27]"
618040408644200,21.957795800,90690,1875400297,-51,-98,6,0,1,7,0,0,256,0,0,"[0,0,-16,-1,-15,-1,-14,-2,-14,-1,-14,-1,-12,0,-12,0,-12,1,-11,1,-11,1,-10,2,-10,2,-10,2,-9,3,-9,3,-9,4,-9,3,-9,3,-9,3,-8,3,-8,3,-7,2,-7,2,-6,2,-7,2,-7,1,0,0,0,0,0,0,0,0,0,0,0,0,0,0,0,0,0,0,0,0,0,0,-18,0,-18,-1,-18,-2,-18,-3,-19,-4,-19,-5,-19,-5,-19,-7,-18,-7,-17,-7,-17,-7,-17,-7,-16,-7,-16,-7,-16,-6,-15,-5,-16,-5,-16,-4,-16,-4,-16,-3,-16,-3,-16,-3,-17,-2,-17,-2,-16,-2,-16,-1,0,0,-26,9,-26,9,-25,8,-23,8,-22,9,-21,9,-19,9,-19,10,-17,10,-16,11,-15,11,-14,11,-13,11,-13,11,-12,12,-12,12,-12,12,-11,11,-11,11,-11,10,-11,10,-11,9,-11,9,-10,9,-9,8,-9,7,-10,7,-10,6,0,0,0,0,0,0,0,0,0,0,0,0,0,0,-25,16,-27,14,-28,12,-29,10,-31,10,-31,8,-33,7,-34,5,-34,4,-35,2,-34,1,-34,1,-34,0,-33,0,-32,0,-30,1,-30,1,-30,2,-29,3,-30,3,-29,5,-29,6,-29,7,-29,7,-29,8,-28,8,-28,9,-27,9]"
618040430218600,21.979370200,90691,1875419377,-51,-98,6,0,1,7,0,0,256,0,0,"[0,0,-12,-10,-12,-9,-12,-9,-11,-8,-10,-8,-10,-7,-11,-7,-10,-6,-10,-5,-10,-4,-10,-4,-10,-3,-9,-3,-9,-3,-9,-2,-10,-2,-9,-2,-9,-2,-9,-2,-8,-2,-8,-2,-8,-2,-7,-3,-7,-2,-7,-2,-7,-2,0,0,0,0,0,0,0,0,0,0,0,0,0,0,0,0,0,0,0,0,0,0,-15,-10,-15,-11,-14,-12,-14,-13,-13,-14,-13,-15,-12,-15,-12,-16,-11,-16,-10,-16,-10,-16,-10,-15,-10,-15,-10,-14,-10,-14,-10,-13,-11,-13,-11,-12,-11,-13,-12,-12,-12,-12,-12,-12,-12,-11,-13,-11,-13,-11,-13,-11,0,0,-52,-19,-50,-17,-50,-16,-46,-14,-46,-12,-44,-11,-42,-9,-41,-7,-39,-5,-38,-2,-37,0,-37,1,-36,2,-35,3,-34,4,-35,5,-33,5,-33,5,-32,4,-31,4,-30,3,-29,3,-28,2,-26,2,-26,1,-24,0,-24,-1,-24,-2,0,0,0,0,0,0,0,0,0,0,0,0,0,0,-60,-5,-60,-11,-59,-15,-60,-19,-60,-21,-59,-26,-58,-29,-62,-34,-59,-36,-58,-40,-56,-40,-53,-41,-52,-41,-50,-39,-49,-38,-48,-36,-49,-35,-49,-31,-51,-31,-49,-30,-52,-27,-52,-26,-53,-26,-55,-24,-54,-23,-55,-21,-55,-20,-55,-20]"
618040445521800,21.994673400,90692,1875439596,-51,-98,6,0,1,7,0,0,256,0,0,"[0,0,-6,14,-5,13,-4,13,-4,13,-4,12,-3,12,-3,11,-2,11,-2,10,-1,9,-1,9,0,9,0,9,1,9,1,9,1,8,1,8,1,8,1,8,1,8,1,7,0,7,0,7,0,7,0,6,0,6,0,0,0,0,0,0,0,0,0,0,0,0,0,0,0,0,0,0,0,0,0,0,-4,16,-5,16,-6,16,-7,16,-8,17,-9,16,-10,16,-11,15,-11,15,-12,14,-12,14,-11,13,-11,13,-10,13,-10,13,-9,13,-9,13,-8,13,-8,14,-7,14,-7,14,-6,15,-7,15,-6,14,-5,14,-5,14,0,0,1,27,2,25,2,26,2,23,3,23,3,21,4,20,4,19,5,18,6,17,7,16,7,16,8,15,8,14,9,14,9,15,8,13,9,14,8,13,7,13,7,12,6,11,6,11,5,11,6,11,4,11,4,11,3,11,0,0,0,0,0,0,0,0,0,0,0,0,0,0,10,27,7,29,5,29,3,30,2,31,0,32,-2,32,-4,34,-5,33,-8,33,-7,32,-9,32,-8,32,-8,30,-8,29,-7,29,-7,29,-5,27,-5,29,-4,28,-2,30,-2,28,-1,29,0,28,0,28,2,30,2,28,1,28]"
618040462297600,22.011449200,90693,1875456698,-51,-98,6,0,1,7,0,0,256,0,0,"[0,0,-2,15,-2,14,-2,14,-2,12,-1,13,-1,12,-1,12,0,11,0,10,1,10,1,9,2,9,2,9,2,8,2,8,3,8,3,8,3,8,2,8,2,7,2,7,2,7,1,7,2,6,1,6,1,6,0,0,0,0,0,0,0,0,0,0,0,0,0,0,0,0,0,0,0,0,0,0,0,17,-1,17,-2,17,-3,17,-3,18,-5,18,-6,18,-7,18,-8,17,-7,17,-7,16,-7,16,-7,16,-6,15,-6,15,-6,15,-6,15,-5,15,-4,16,-4,15,-3,16,-3,15,-3,16,-2,16,-2,15,-2,15,0,0,6,27,6,26,6,24,6,23,6,22,7,21,7,20,7,19,7,18,9,17,9,15,10,15,10,14,11,13,11,13,10,12,11,12,10,12,9,12,9,12,9,11,8,11,8,11,7,10,7,10,6,10,6,10,5,10,0,0,0,0,0,0,0,0,0,0,0,0,0,0,14,26,11,27,10,28,8,29,7,31,5,30,4,33,2,33,1,34,-1,34,-3,34,-2,34,-3,32,-3,31,-3,31,-2,30,-1,29,-1,28,0,28,1,29,2,28,3,28,4,28,4,29,5,29,6,28,6,28,6,28]"
618040484733000,22.033884600,90694,1875477263,-51,-98,6,0,1,7,0,0,256,0,0,"[0,0,14,-7,12,-7,12,-7,12,-7,11,-7,10,-7,9,-7,9,-7,8,-7,7,-7,7,-8,6,-8,6,-8,6,-8,6,-8,5,-8,5,-8,5,-8,5,-7,5,-7,5,-7,4,-6,4,-6,4,-6,4,-5,5,-5,0,0,0,0,0,0,0,0,0,0,0,0,0,0,0,0,0,0,0,0,0,0,14,-10,16,-9,15,-9,16,-8,17,-8,18,-7,19,-6,19,-5,19,-4,18,-4,18,-4,17,-3,16,-4,16,-4,17,-4,15,-4,16,-5,15,-5,15,-6,15,-6,15,-6,15,-7,15,-7,14,-7,14,-8,14,-8,0,0,21,-17,21,-17,19,-17,18,-16,17,-16,16,-16,14,-16,13,-16,12,-16,11,-16,10,-16,9,-15,9,-16,8,-16,7,-16,7,-15,7,-16,6,-15,6,-15,6,-15,6,-14,6,-13,6,-12,6,-12,6,-11,6,-10,6,-10,7,-8,0,0,0,0,0,0,0,0,0,0,0,0,0,0,16,-25,20,-23,21,-22,22,-21,24,-21,25,-19,27,-19,29,-18,29,-17,30,-16,31,-14,31,-14,30,-12,29,-12,28,-11,27,-11,27,-12,26,-13,25,-13,26,-14,24,-15,24,-17,23,-17,23,-18,23,-18,23,-17,23,-18,23,-18]"
618040506487200,22.055638800,90695,1875496529,-51,-98,6,0,1,7,0,0,256,0,0,"[0,0,-16,2,-15,2,-14,2,-14,2,-12,2,-12,3,-11,3,-11,3,-11,3,-10,4,-9,4,-9,4,-8,5,-8,5,-8,5,-7,5,-7,5,-7,5,-8,5,-7,4,-7,5,-6,4,-6,4,-6,4,-6,3,-6,3,0,0,0,0,0,0,0,0,0,0,0,0,0,0,0,0,0,0,0,0,0,0,-17,4,-18,2,-18,2,-19,1,-19,0,-20,-1,-20,-2,-20,-3,-20,-3,-19,-4,-18,-3,-18,-4,-17,-3,-17,-3,-17,-3,-17,-2,-16,-2,-17,-1,-16,0,-16,0,-16,0,-16,1,-17,2,-16,2,-16,2,-16,2,0,0,-28,3,-25,4,-25,4,-24,4,-23,5,-21,5,-20,5,-19,7,-18,6,-17,8,-16,8,-15,9,-14,10,-15,10,-14,9,-14,8,-12,9,-14,10,-14,9,-13,9,-12,8,-12,8,-11,7,-11,6,-10,6,-11,6,-11,5,-11,4,0,0,0,0,0,0,0,0,0,0,0,0,0,0,-28,12,-30,8,-31,6,-33,4,-32,3,-33,1,-33,0,-35,-1,-35,-4,-34,-6,-34,-7,-33,-6,-32,-7,-31,-7,-31,-5,-30,-5,-30,-5,-30,-4,-30,-3,-29,-2,-29,0,-29,0,-29,1,-29,2,-29,2,-30,4,-29,4,-29,4]"
618040525727100,22.074878700,90696,1875525146,-51,-98,6,0,1,7,0,0,256,0,0,"[0,0,7,13,7,12,7,11,7,11,7,10,6,10,6,9,7,8,6,7,7,7,7,6,7,6,8,5,7,5,7,4,7,4,7,4,7,4,7,4,6,4,6,4,6,4,6,4,5,4,5,3,5,4,0,0,0,0,0,0,0,0,0,0,0,0,0,0,0,0,0,0,0,0,0,0,10,13,9,14,9,15,8,15,8,16,7,17,6,18,5,18,4,18,4,18,4,17,4,16,4,17,4,16,4,15,5,15,4,15,5,15,5,14,6,14,6,14,7,14,7,14,7,14,8,13,8,13,0,0,22,16,22,16,21,15,20,14,19,13,19,11,18,11,18,9,18,8,17,7,17,6,17,5,16,4,17,3,17,3,16,2,16,2,15,2,15,2,15,3,14,3,14,2,13,3,12,3,11,3,11,3,11,4,10,5,0,0,0,0,0,0,0,0,0,0,0,0,0,0,27,11,26,14,25,16,24,17,25,19,24,20,24,22,23,24,22,25,21,26,20,27,19,27,18,27,17,26,16,25,16,24,17,23,18,22,18,21,19,21,19,20,21,19,21,19,22,18,22,18,22,18,23,18,22,17]"
618040549755800,22.098907400,90697,1875542090,-51,-98,6,0,1,7,0,0,256,0,0,"[0,0,-12,-11,-11,-11,-11,-10,-11,-9,-11,-9,-10,-8,-10,-7,-10,-6,-10,-6,-10,-5,-10,-5,-9,-4,-9,-4,-9,-3,-10,-3,-9,-2,-9,-3,-9,-2,-9,-3,-8,-2,-9,-3,-8,-3,-8,-3,-7,-3,-7,-3,-6,-3,0,0,0,0,0,0,0,0,0,0,0,0,0,0,0,0,0,0,0,0,0,0,-14,-11,-14,-12,-14,-13,-12,-14,-13,-15,-12,-15,-12,-16,-11,-17,-11,-17,-9,-17,-9,-17,-9,-16,-8,-16,-8,-15,-8,-14,-10,-14,-10,-13,-10,-14,-10,-13,-11,-12,-11,-13,-12,-12,-12,-12,-12,-12,-11,-12,-11,-11,0,0,-26,-10,-26,-11,-24,-10,-24,-9,-22,-8,-22,-6,-21,-5,-21,-4,-20,-3,-20,-3,-19,-3,-18,-2,-18,-1,-17,0,-18,1,-17,1,-18,1,-17,2,-16,2,-16,1,-16,1,-15,0,-14,0,-13,-1,-13,-1,-12,-1,-13,-2,-12,-3,0,0,0,0,0,0,0,0,0,0,0,0,0,0,-30,-6,-29,-10,-29,-12,-28,-12,-30,-14,-28,-14,-30,-18,-28,-19,-29,-19,-29,-21,-27,-21,-26,-24,-24,-23,-24,-23,-23,-22,-22,-21,-23,-19,-24,-18,-24,-17,-25,-17,-24,-16,-26,-13,-26,-14,-27,-13,-28,-14,-26,-14,-26,-14,-26,-13]"
618040562663100,22.111814700,90698,1875556606,-50,-98,6,0,1,7,0,0,256,0,0,"[0,0,-8,13,-7,12,-7,12,-6,12,-6,11,-5,11,-4,10,-4,10,-4,10,-3,9,-2,9,-2,9,-1,9,-1,9,-1,9,-1,9,0,8,-1,8,-1,8,-1,8,-1,8,-1,7,-1,7,-1,7,-1,6,-1,6,0,0,0,0,0,0,0,0,0,0,0,0,0,0,0,0,0,0,0,0,0,0,-6,16,-8,16,-8,15,-9,16,-10,15,-11,15,-12,15,-13,14,-13,14,-13,13,-13,12,-13,12,-12,12,-12,12,-12,12,-11,12,-11,12,-10,12,-10,12,-9,13,-9,13,-8,14,-9,14,-8,14,-8,14,-8,14,0,0,-6,26,-6,26,-5,24,-4,24,-4,23,-2,22,-2,21,-1,20,0,19,1,18,1,18,2,18,3,16,3,16,4,16,4,16,5,16,4,15,4,15,4,15,3,14,3,14,2,13,2,13,1,12,1,11,1,11,-1,11,0,0,0,0,0,0,0,0,0,0,0,0,0,0,2,29,-1,30,-3,30,-5,30,-6,32,-7,31,-10,32,-12,31,-12,32,-15,31,-16,30,-16,30,-16,28,-16,27,-16,27,-15,26,-14,26,-12,27,-12,26,-12,27,-10,27,-9,28,-8,27,-8,28,-8,29,-7,28,-7,28,-6,27]"
618040583579300,22.132730900,90699,1875578113,-51,-98,6,0,1,7,0,0,256,0,0,"[0,0,5,14,4,13,4,13,4,12,4,12,4,11,4,10,5,10,5,9,5,8,6,7,6,7,6,7,6,6,6,6,6,5,6,6,6,6,6,5,5,6,5,5,4,5,5,5,4,5,4,5,4,5,0,0,0,0,0,0,0,0,0,0,0,0,0,0,0,0,0,0,0,0,0,0,7,15,7,16,6,16,5,17,4,18,4,19,3,18,2,19,1,18,1,18,1,18,0,17,0,17,0,16,1,16,1,15,2,15,3,15,2,15,3,15,3,15,4,15,4,15,5,15,5,15,5,14,0,0,13,23,14,23,13,21,13,20,13,19,13,17,13,16,13,15,13,14,13,13,14,11,14,11,14,10,14,9,14,9,14,9,14,8,14,8,14,8,12,8,12,8,11,8,11,7,10,7,10,7,8,8,8,7,8,8,0,0,0,0,0,0,0,0,0,0,0,0,0,0,21,20,19,23,18,23,16,25,16,27,14,27,14,30,12,31,11,31,10,32,9,32,7,33,7,32,6,30,6,30,7,28,8,28,9,27,9,26,10,27,11,26,12,26,13,26,13,25,14,25,15,25,15,25,14,24]"
618040606207900,22.155359500,90700,1875598682,-51,-98,6,0,1,7,0,0,256,0,0,"[0,0,11,-11,9,-11,9,-11,9,-10,8,-10,7,-10,6,-10,6,-10,5,-9,5,-9,4,-9,4,-9,4,-9,3,-9,2,-9,3,-9,2,-8,2,-9,2,-9,2,-8,3,-8,1,-8,2,-7,2,-7,3,-6,3,-6,0,0,0,0,0,0,0,0,0,0,0,0,0,0,0,0,0,0,0,0,0,0,10,-14,11,-14,11,-13,13,-13,13,-12,15,-12,15,-12,15,-11,16,-11,15,-9,16,-9,15,-9,15,-8,14,-8,13,-9,13,-9,13,-10,13,-10,12,-11,11,-11,11,-11,11,-12,11,-11,11,-12,11,-12,11,-12,0,0,12,-25,11,-25,10,-24,9,-23,9,-22,7,-21,6,-21,5,-20,4,-19,3,-19,2,-19,1,-19,1,-18,0,-18,-1,-18,-1,-17,-2,-17,-1,-17,-1,-17,0,-16,-1,-16,0,-15,0,-14,0,-13,1,-13,1,-12,1,-12,2,-12,0,0,0,0,0,0,0,0,0,0,0,0,0,0,5,-30,10,-29,11,-28,13,-28,13,-29,15,-29,17,-28,20,-28,20,-28,22,-26,23,-25,23,-25,23,-24,23,-23,21,-22,20,-22,20,-23,18,-23,17,-23,17,-23,16,-24,14,-25,15,-25,14,-26,14,-26,13,-26,13,-26,13,-27]"
618040624994700,22.174146300,90701,1875616583,-51,-98,6,0,1,7,0,0,256,0,0,"[0,0,-16,-1,-15,-2,-14,-2,-14,-1,-13,-1,-12,0,-12,0,-12,1,-11,1,-11,2,-10,2,-10,2,-9,3,-9,3,-9,3,-9,4,-9,3,-8,3,-9,3,-8,3,-8,2,-7,2,-7,2,-7,2,-7,1,-7,1,0,0,0,0,0,0,0,0,0,0,0,0,0,0,0,0,0,0,0,0,0,0,-17,1,-18,0,-18,-1,-18,-2,-19,-3,-19,-4,-19,-5,-19,-6,-19,-6,-18,-7,-17,-7,-17,-7,-17,-6,-16,-6,-16,-6,-16,-5,-16,-4,-16,-4,-16,-4,-16,-3,-16,-2,-16,-3,-17,-1,-16,-2,-16,-2,-16,-2,0,0,-27,6,-27,6,-25,6,-25,7,-23,7,-21,7,-20,7,-19,8,-18,8,-17,9,-16,9,-16,10,-15,10,-15,10,-14,11,-13,10,-13,11,-12,10,-12,10,-12,9,-12,8,-12,9,-12,7,-12,7,-11,6,-11,6,-11,5,-11,4,0,0,0,0,0,0,0,0,0,0,0,0,0,0,-26,16,-28,13,-29,10,-30,9,-32,7,-30,6,-33,5,-34,3,-34,1,-35,1,-34,-1,-34,-2,-33,-2,-32,-2,-31,-2,-30,-1,-30,0,-30,0,-29,1,-29,2,-28,3,-29,4,-28,4,-30,5,-29,6,-28,7,-28,6,-29,6]"
618040643928700,22.193080300,90702,1875639851,-51,-98,6,0,1,6,0,0,256,0,0,"[0,0,11,9,11,9,9,8,10,8,9,7,9,7,9,6,9,5,8,5,9,4,9,3,8,3,8,3,8,2,8,2,8,1,8,2,8,1,8,1,8,2,7,2,6,2,7,2,6,2,6,2,5,2,0,0,0,0,0,0,0,0,0,0,0,0,0,0,0,0,0,0,0,0,0,0,13,9,13,10,13,11,12,12,13,13,12,13,11,14,11,15,10,15,9,15,9,15,9,14,8,14,8,13,8,13,9,13,9,12,9,12,10,11,10,11,11,10,11,10,12,11,12,11,11,10,11,9,0,0,40,38,40,36,38,34,37,33,36,30,34,27,34,25,33,22,34,20,34,17,34,14,32,13,32,12,32,10,33,9,32,8,31,8,31,8,30,8,29,9,28,9,26,9,25,9,23,9,23,10,21,9,18,13,16,13,0,0,0,0,0,0,0,0,0,0,0,0,0,0,53,30,51,35,52,37,50,40,49,44,46,47,46,52,45,54,41,58,39,60,37,61,33,59,33,58,32,56,30,56,30,54,31,52,34,49,33,48,36,48,36,46,39,46,39,43,41,42,43,42,43,42,42,42,44,40]"
618040662524800,22.211676400,90703,1875656965,-51,-98,6,0,1,7,0,0,256,0,0,"[0,0,14,4,14,4,12,3,13,3,12,2,11,2,11,2,10,1,10,0,10,-1,9,-1,9,-1,9,-2,9,-2,9,-2,8,-2,8,-2,8,-2,8,-2,8,-2,8,-2,7,-1,7,-1,6,-1,6,-1,6,0,0,0,0,0,0,0,0,0,0,0,0,0,0,0,0,0,0,0,0,0,0,0,17,1,17,2,17,3,17,4,17,6,17,6,17,8,17,8,16,9,16,9,15,9,15,8,14,8,14,8,14,7,14,7,14,6,14,6,14,6,15,5,14,5,15,5,15,4,15,4,15,3,14,3,0,0,27,0,25,-2,25,-1,23,-1,23,-2,21,-3,20,-3,19,-4,19,-5,17,-6,16,-7,16,-7,16,-8,16,-8,14,-8,15,-8,14,-8,14,-8,13,-8,13,-7,12,-7,13,-6,12,-6,11,-5,11,-5,11,-5,11,-3,11,-3,0,0,0,0,0,0,0,0,0,0,0,0,0,0,27,-10,29,-7,30,-5,31,-3,30,-1,31,1,33,2,33,4,33,6,33,7,33,9,31,8,30,8,30,8,30,8,29,7,29,7,27,6,28,5,28,4,28,4,28,3,28,1,29,1,28,0,28,-1,29,-1,29,-1]"
618040683781600,22.232933200,90704,1875677428,-51,-98,6,0,1,7,0,0,256,0,0,"[0,0,15,2,13,1,13,1,13,1,12,0,11,0,11,0,10,-1,10,-2,9,-2,9,-2,9,-3,9,-3,8,-3,8,-4,8,-3,8,-4,8,-4,8,-3,7,-3,7,-3,7,-3,6,-3,6,-2,6,-2,6,-2,0,0,0,0,0,0,0,0,0,0,0,0,0,0,0,0,0,0,0,0,0,0,16,-2,17,-1,17,0,17,1,18,2,19,3,18,4,18,5,17,6,16,6,16,6,16,6,15,6,15,6,15,5,15,4,15,4,15,3,15,3,15,2,15,3,15,2,15,2,15,1,15,1,15,1,0,0,26,-4,26,-5,24,-5,24,-5,22,-5,20,-6,20,-6,19,-7,18,-8,17,-9,16,-9,15,-9,14,-9,14,-10,13,-11,13,-10,13,-10,12,-10,12,-10,12,-9,12,-9,12,-8,11,-8,11,-7,10,-7,10,-6,10,-6,10,-5,0,0,0,0,0,0,0,0,0,0,0,0,0,0,26,-14,28,-11,29,-8,30,-7,31,-6,31,-4,33,-3,33,-1,33,0,34,2,33,3,34,4,32,4,31,4,30,4,29,3,29,3,29,1,28,1,29,1,28,-1,28,-2,29,-3,29,-4,29,-4,29,-4,28,-5,28,-5]"
618040705495400,22.254647000,90705,1875696681,-51,-98,6,0,1,7,0,0,256,0,0,"[0,0,-14,-8,-13,-8,-13,-7,-12,-7,-12,-6,-11,-6,-11,-5,-11,-5,-11,-3,-11,-3,-10,-2,-10,-2,-10,-2,-10,-1,-10,-1,-9,-1,-9,-1,-9,0,-9,-1,-9,-1,-9,-1,-8,-1,-8,-1,-7,-1,-7,-1,-7,-1,0,0,0,0,0,0,0,0,0,0,0,0,0,0,0,0,0,0,0,0,0,0,-16,-8,-16,-9,-16,-10,-15,-11,-15,-12,-15,-13,-14,-13,-14,-14,-13,-14,-13,-14,-13,-14,-12,-14,-12,-13,-12,-12,-12,-13,-12,-12,-13,-12,-13,-11,-13,-10,-13,-10,-14,-10,-14,-10,-14,-9,-14,-9,-14,-8,-14,-8,0,0,-50,-22,-50,-21,-48,-20,-46,-17,-44,-16,-43,-14,-42,-13,-40,-10,-38,-9,-38,-5,-37,-3,-36,-2,-36,0,-35,0,-34,2,-34,2,-33,3,-32,3,-32,2,-31,1,-30,1,-29,1,-28,1,-27,0,-25,0,-23,-1,-24,-3,-23,-4,0,0,0,0,0,0,0,0,0,0,0,0,0,0,-59,-11,-58,-16,-57,-21,-56,-25,-58,-26,-56,-30,-57,-34,-57,-38,-55,-40,-53,-43,-53,-44,-51,-45,-49,-45,-47,-44,-45,-41,-44,-40,-45,-38,-47,-35,-47,-33,-48,-33,-49,-31,-50,-29,-51,-29,-53,-27,-53,-26,-53,-26,-52,-24,-53,-24]"
618040725664200,22.274815800,90706,1875717436,-51,-98,6,0,1,7,0,0,256,0,0,"[0,0,-5,-15,-5,-14,-6,-14,-5,-13,-5,-12,-6,-12,-6,-11,-6,-10,-6,-10,-6,-9,-6,-8,-7,-8,-7,-8,-7,-7,-7,-6,-7,-6,-7,-7,-6,-7,-6,-6,-6,-6,-6,-6,-6,-6,-6,-6,-5,-6,-4,-5,-4,-5,0,0,0,0,0,0,0,0,0,0,0,0,0,0,0,0,0,0,0,0,0,0,-9,-15,-8,-16,-7,-17,-6,-18,-6,-19,-5,-19,-3,-19,-3,-20,-2,-20,-1,-19,-1,-18,-2,-18,-2,-18,-2,-17,-2,-17,-2,-16,-3,-16,-3,-16,-4,-16,-4,-16,-4,-16,-5,-16,-5,-16,-6,-15,-6,-15,-6,-15,0,0,-14,-24,-14,-23,-14,-23,-13,-20,-14,-21,-13,-18,-14,-18,-14,-16,-13,-15,-14,-13,-14,-12,-14,-12,-15,-11,-15,-11,-15,-9,-15,-10,-14,-8,-15,-8,-14,-9,-14,-9,-12,-9,-12,-9,-11,-8,-11,-8,-10,-8,-10,-8,-9,-8,-9,-9,0,0,0,0,0,0,0,0,0,0,0,0,0,0,-21,-21,-20,-24,-18,-25,-18,-28,-16,-28,-16,-30,-14,-30,-13,-33,-11,-33,-9,-34,-8,-33,-8,-32,-7,-32,-7,-32,-7,-31,-7,-30,-8,-30,-9,-28,-10,-29,-10,-27,-12,-28,-12,-27,-13,-27,-14,-27,-13,-26,-15,-26,-14,-25,-15,-26]"
618040742653900,22.291805500,90707,1875736428,-51,-98,6,0,1,7,0,0,256,0,0,"[0,0,13,5,12,4,12,4,11,3,11,3,10,3,10,2,10,2,9,1,9,0,9,0,8,0,8,-1,8,-1,8,-2,8,-2,8,-2,8,-2,7,-2,7,-1,7,-1,7,-1,6,-1,6,-1,6,-1,5,0,0,0,0,0,0,0,0,0,0,0,0,0,0,0,0,0,0,0,0,0,0,0,15,4,15,6,14,6,15,7,14,8,15,10,14,10,14,11,13,11,12,11,13,10,12,11,12,10,12,9,12,9,11,8,12,8,12,7,13,7,13,7,12,7,13,6,13,6,13,5,13,5,13,5,0,0,53,22,50,20,48,18,47,17,43,15,41,12,41,10,40,8,38,7,38,5,36,1,33,1,34,-1,32,-4,34,-4,35,-2,31,-5,32,-5,32,-4,32,-4,30,-2,29,-2,26,-3,26,-2,27,0,23,2,21,1,23,2,0,0,0,0,0,0,0,0,0,0,0,0,0,0,62,9,61,18,60,23,61,25,59,28,57,32,59,34,58,39,57,42,55,48,52,45,49,46,50,45,48,46,47,45,47,40,46,38,47,36,47,36,50,36,50,33,50,30,51,29,53,28,56,28,52,24,54,25,56,25]"
618040772963700,22.322115300,90708,1875765738,-51,-98,6,0,1,7,0,0,256,0,0,"[0,0,-13,-10,-12,-10,-12,-9,-12,-9,-11,-8,-11,-7,-11,-7,-10,-6,-10,-5,-10,-5,-10,-4,-10,-4,-9,-4,-10,-3,-9,-2,-10,-2,-9,-2,-9,-2,-9,-2,-9,-2,-8,-2,-8,-2,-8,-3,-7,-3,-7,-3,-7,-3,0,0,0,0,0,0,0,0,0,0,0,0,0,0,0,0,0,0,0,0,0,0,-16,-9,-16,-10,-15,-11,-15,-12,-15,-13,-15,-14,-14,-15,-13,-16,-13,-16,-12,-16,-11,-16,-11,-15,-10,-15,-10,-14,-11,-14,-11,-13,-12,-13,-11,-13,-12,-12,-13,-12,-12,-11,-13,-11,-13,-12,-13,-11,-13,-11,-13,-10,0,0,-52,-18,-51,-18,-51,-17,-46,-13,-46,-14,-44,-10,-42,-9,-40,-6,-39,-6,-38,-4,-38,-2,-37,-1,-35,1,-35,2,-33,3,-34,4,-33,5,-33,4,-31,4,-30,4,-29,3,-29,3,-27,0,-27,1,-25,0,-24,0,-24,-2,-23,-3,0,0,0,0,0,0,0,0,0,0,0,0,0,0,-60,-7,-60,-10,-59,-16,-60,-19,-61,-22,-59,-25,-60,-28,-62,-34,-59,-33,-59,-37,-56,-39,-54,-41,-54,-41,-51,-41,-48,-39,-48,-38,-50,-35,-48,-31,-50,-31,-50,-28,-52,-27,-53,-24,-54,-23,-55,-23,-53,-22,-55,-22,-54,-21,-55,-21]"
618040787017900,22.336169500,90709,1875779711,-51,-98,6,0,1,7,0,0,256,0,0,"[0,0,13,-7,12,-7,11,-7,11,-8,10,-7,10,-7,9,-7,8,-7,8,-7,7,-7,7,-8,5,-8,5,-8,5,-8,5,-8,4,-8,4,-8,4,-8,4,-8,4,-7,4,-7,4,-7,4,-6,4,-6,4,-5,4,-5,0,0,0,0,0,0,0,0,0,0,0,0,0,0,0,0,0,0,0,0,0,0,14,-9,15,-9,16,-8,16,-8,17,-7,17,-6,18,-5,19,-4,18,-4,18,-3,18,-3,17,-3,16,-3,16,-3,15,-4,15,-4,15,-5,15,-5,14,-6,14,-6,14,-6,14,-7,15,-7,14,-8,14,-8,14,-8,0,0,19,-20,18,-20,17,-20,16,-18,14,-18,13,-17,12,-17,11,-17,10,-17,9,-17,7,-17,6,-17,5,-17,5,-17,4,-17,4,-16,4,-16,4,-16,4,-16,4,-15,4,-14,4,-14,4,-13,4,-13,4,-12,4,-12,4,-11,5,-10,0,0,0,0,0,0,0,0,0,0,0,0,0,0,14,-26,17,-25,19,-24,21,-23,22,-22,23,-21,25,-21,27,-20,28,-19,30,-17,30,-16,29,-16,29,-16,28,-15,27,-14,26,-15,26,-15,24,-16,24,-16,23,-17,23,-18,22,-18,22,-18,21,-20,21,-20,20,-21,20,-21,20,-21]"
618040809210600,22.358362200,90710,1875800259,-51,-98,6,0,1,7,0,0,256,0,0,"[0,0,-9,-13,-10,-12,-10,-12,-9,-11,-9,-11,-9,-10,-8,-9,-8,-8,-8,-8,-8,-7,-8,-6,-9,-6,-9,-6,-9,-5,-9,-5,-9,-4,-8,-5,-9,-4,-8,-5,-8,-5,-8,-4,-7,-4,-7,-5,-7,-4,-6,-4,-6,-4,0,0,0,0,0,0,0,0,0,0,0,0,0,0,0,0,0,0,0,0,0,0,-13,-13,-13,-14,-12,-14,-11,-15,-11,-16,-10,-17,-9,-18,-9,-18,-8,-18,-7,-18,-8,-17,-7,-17,-7,-17,-7,-16,-7,-16,-7,-15,-8,-15,-8,-15,-8,-15,-9,-14,-9,-14,-9,-14,-10,-14,-10,-14,-10,-13,-10,-13,0,0,-25,-15,-24,-15,-23,-14,-22,-12,-21,-12,-21,-11,-21,-10,-20,-8,-20,-7,-19,-6,-18,-5,-19,-4,-19,-3,-18,-2,-18,-2,-17,-2,-17,-1,-18,-1,-17,-1,-16,-2,-15,-2,-15,-2,-14,-2,-14,-3,-13,-3,-12,-3,-12,-4,-12,-4,0,0,0,0,0,0,0,0,0,0,0,0,0,0,-30,-9,-29,-12,-29,-15,-28,-15,-28,-18,-27,-19,-27,-21,-27,-23,-27,-24,-25,-25,-24,-26,-23,-26,-22,-26,-22,-25,-21,-25,-21,-24,-21,-23,-22,-21,-22,-21,-23,-20,-23,-20,-24,-19,-25,-18,-25,-18,-25,-18,-26,-17,-25,-16,-25,-17]"
618040827037300,22.376188900,90711,1875818750,-51,-98,6,0,1,7,0,0,256,0,0,"[0,0,-14,-4,-13,-4,-13,-3,-13,-3,-12,-3,-11,-2,-11,-2,-10,-2,-10,-1,-10,0,-10,0,-9,0,-9,1,-9,1,-9,1,-9,2,-8,2,-8,2,-8,1,-8,2,-8,1,-7,1,-7,1,-6,1,-7,1,-7,0,0,0,0,0,0,0,0,0,0,0,0,0,0,0,0,0,0,0,0,0,0,0,-15,-4,-16,-5,-16,-6,-16,-7,-16,-7,-16,-9,-16,-9,-16,-10,-15,-10,-14,-10,-14,-10,-14,-10,-13,-9,-13,-9,-13,-9,-13,-8,-13,-8,-14,-7,-13,-7,-14,-6,-14,-6,-14,-5,-15,-5,-14,-4,-15,-4,-14,-5,0,0,-54,-19,-51,-18,-46,-16,-49,-18,-43,-14,-44,-10,-42,-8,-41,-5,-41,-2,-39,-2,-37,0,-37,-2,-37,1,-34,4,-35,3,-33,5,-31,6,-31,6,-32,6,-31,6,-31,3,-29,3,-28,1,-26,1,-27,0,-25,-1,-23,-1,-23,-3,0,0,0,0,0,0,0,0,0,0,0,0,0,0,-65,-9,-61,-14,-62,-20,-62,-23,-61,-26,-59,-26,-62,-30,-61,-35,-61,-35,-61,-41,-57,-42,-57,-43,-50,-46,-50,-44,-49,-42,-49,-40,-49,-37,-53,-35,-51,-33,-52,-29,-53,-27,-55,-25,-55,-25,-59,-24,-56,-22,-55,-22,-57,-23,-57,-21]"
618040845439900,22.394591500,90712,1875837056,-51,-98,6,0,1,7,0,0,256,0,0,"[0,0,14,-8,12,-8,12,-7,12,-7,11,-7,10,-7,9,-7,8,-8,8,-7,7,-8,7,-8,6,-7,6,-8,5,-8,5,-8,5,-8,4,-8,5,-8,5,-8,5,-7,5,-7,4,-7,4,-6,4,-6,4,-5,4,-5,0,0,0,0,0,0,0,0,0,0,0,0,0,0,0,0,0,0,0,0,0,0,14,-11,15,-11,15,-9,16,-9,16,-9,18,-8,18,-7,19,-6,19,-5,17,-4,17,-4,17,-4,16,-4,17,-4,16,-4,15,-5,16,-5,15,-6,15,-6,14,-7,14,-7,14,-8,14,-8,14,-8,14,-8,14,-8,0,0,18,-21,19,-21,17,-20,17,-20,15,-18,13,-19,12,-18,10,-18,10,-18,9,-18,8,-17,7,-18,7,-17,5,-16,4,-18,4,-17,5,-17,4,-16,4,-16,4,-16,4,-15,4,-14,4,-14,5,-12,5,-13,4,-11,5,-11,6,-10,0,0,0,0,0,0,0,0,0,0,0,0,0,0,14,-29,17,-26,19,-26,20,-24,23,-25,23,-22,25,-24,27,-22,28,-22,29,-20,29,-19,31,-18,29,-15,29,-15,28,-15,27,-14,25,-15,25,-17,24,-17,25,-18,22,-18,21,-20,21,-21,21,-21,21,-22,21,-20,21,-21,20,-21]"
618040863074300,22.412225900,90713,1875860457,-50,-98,6,0,1,7,0,0,256,0,0,"[0,0,13,6,13,5,12,5,12,5,12,4,11,3,11,3,11,2,10,1,10,1,10,1,9,0,9,0,9,-1,9,-1,9,-1,8,-1,8,-1,8,-1,8,-1,8,-1,7,-1,7,0,7,0,6,0,6,0,0,0,0,0,0,0,0,0,0,0,0,0,0,0,0,0,0,0,0,0,0,0,16,4,16,5,16,6,16,7,16,8,16,9,15,10,15,11,14,11,14,11,13,12,13,11,12,11,12,10,13,10,12,9,13,9,13,8,13,8,14,7,14,7,14,7,14,7,14,7,14,6,14,6,0,0,21,17,20,14,20,14,20,13,17,12,17,11,18,10,17,9,17,8,16,6,16,6,16,5,16,4,16,3,16,2,16,2,15,2,15,2,14,2,14,2,14,2,13,4,11,3,12,3,11,4,11,4,9,4,9,5,0,0,0,0,0,0,0,0,0,0,0,0,0,0,27,9,27,14,27,16,26,17,26,18,26,20,25,21,25,24,24,25,21,27,21,27,19,26,19,26,18,26,17,25,17,24,17,24,18,21,20,21,19,21,20,20,20,19,21,18,22,18,22,18,21,17,22,16,23,17]"
618040894078800,22.443230400,90714,1875883397,-51,-98,6,0,1,7,0,0,256,0,0,"[0,0,-6,-14,-6,-14,-6,-13,-6,-12,-6,-12,-6,-11,-7,-10,-6,-10,-7,-9,-7,-8,-7,-8,-7,-8,-7,-7,-7,-7,-7,-6,-8,-6,-8,-6,-7,-6,-7,-6,-7,-5,-7,-5,-6,-5,-6,-6,-5,-5,-5,-5,-5,-5,0,0,0,0,0,0,0,0,0,0,0,0,0,0,0,0,0,0,0,0,0,0,-8,-16,-7,-17,-7,-17,-6,-18,-5,-19,-5,-19,-4,-19,-3,-20,-2,-19,-1,-19,-1,-19,-1,-18,-2,-18,-1,-17,-2,-16,-3,-17,-3,-16,-4,-17,-4,-16,-5,-16,-5,-16,-6,-16,-6,-16,-6,-16,-6,-15,-6,-14,0,0,-18,-22,-18,-21,-17,-20,-17,-18,-16,-18,-16,-16,-16,-15,-16,-13,-16,-12,-16,-11,-16,-10,-17,-9,-16,-7,-16,-7,-16,-7,-16,-7,-17,-6,-15,-6,-15,-6,-14,-6,-14,-7,-14,-6,-13,-6,-13,-5,-12,-5,-10,-6,-11,-7,-10,-7,0,0,0,0,0,0,0,0,0,0,0,0,0,0,-24,-19,-23,-21,-21,-23,-20,-24,-20,-26,-18,-27,-18,-30,-17,-30,-15,-31,-13,-32,-13,-32,-12,-32,-12,-31,-12,-31,-11,-29,-11,-28,-12,-28,-14,-27,-13,-26,-13,-26,-15,-25,-15,-25,-16,-25,-17,-25,-18,-24,-18,-23,-19,-23,-18,-23]"
618040904793500,22.453945100,90715,1875900732,-51,-98,6,0,1,7,0,0,256,0,0,"[0,0,14,-1,13,-2,13,-2,12,-2,12,-2,11,-3,10,-3,10,-3,10,-3,9,-4,9,-4,8,-4,8,-4,7,-5,7,-5,8,-5,7,-5,7,-5,6,-5,6,-5,6,-5,6,-4,6,-4,5,-3,6,-3,6,-3,0,0,0,0,0,0,0,0,0,0,0,0,0,0,0,0,0,0,0,0,0,0,16,-3,17,-2,17,-1,17,-1,18,1,19,1,18,2,19,3,18,3,17,4,17,5,16,5,16,4,15,4,15,3,15,2,15,2,15,1,15,1,15,0,15,0,15,-1,15,-1,15,-1,15,-1,15,-1,0,0,25,-11,24,-11,23,-11,22,-11,20,-11,19,-11,18,-11,17,-12,15,-12,15,-12,14,-13,13,-13,12,-13,11,-13,11,-14,10,-13,10,-14,10,-13,9,-13,9,-13,9,-12,9,-11,9,-10,9,-9,9,-10,8,-8,9,-8,9,-7,0,0,0,0,0,0,0,0,0,0,0,0,0,0,24,-18,26,-16,27,-14,28,-13,30,-12,30,-10,33,-10,33,-8,34,-7,34,-6,34,-4,34,-3,33,-2,32,-2,31,-2,29,-2,28,-3,29,-5,28,-5,29,-6,27,-7,28,-9,27,-9,28,-10,28,-10,27,-10,27,-11,26,-11]"
618040924875200,22.474026800,90716,1875920129,-51,-98,6,0,1,7,0,0,256,0,0,"[0,0,5,14,5,13,5,12,5,11,6,11,5,10,5,9,6,9,6,8,5,7,6,7,6,7,7,6,7,6,6,5,6,5,7,5,7,5,6,4,6,5,6,4,5,5,5,5,5,4,4,4,4,4,0,0,0,0,0,0,0,0,0,0,0,0,0,0,0,0,0,0,0,0,0,0,7,14,6,16,5,16,5,17,4,17,3,18,2,18,2,19,1,19,0,18,0,17,0,17,0,17,1,16,1,16,2,15,2,15,3,15,3,15,4,15,4,15,5,15,4,15,5,15,5,14,5,14,0,0,17,21,17,18,18,19,16,17,17,17,16,15,16,13,16,12,15,11,15,10,15,9,15,8,15,7,15,6,15,6,16,6,15,5,15,5,15,5,14,5,14,5,13,5,12,5,11,5,10,5,10,5,10,5,9,6,0,0,0,0,0,0,0,0,0,0,0,0,0,0,23,18,22,20,21,21,20,24,19,24,19,26,17,26,17,30,17,28,14,31,13,30,12,30,11,31,10,30,10,29,11,27,11,27,13,24,14,25,13,24,15,26,16,23,17,24,17,22,17,22,18,23,18,22,18,22]"
618040945748400,22.494900000,90717,1875936752,-51,-98,6,0,1,7,0,0,256,0,0,"[0,0,-12,-10,-12,-10,-11,-9,-11,-9,-11,-8,-10,-7,-10,-7,-10,-6,-10,-5,-10,-5,-10,-4,-9,-4,-9,-3,-9,-3,-9,-2,-10,-2,-10,-3,-9,-2,-9,-2,-9,-2,-8,-2,-8,-3,-7,-3,-7,-3,-7,-3,-7,-3,0,0,0,0,0,0,0,0,0,0,0,0,0,0,0,0,0,0,0,0,0,0,-14,-11,-14,-12,-14,-12,-13,-13,-13,-15,-12,-15,-12,-16,-11,-16,-11,-17,-10,-17,-9,-16,-9,-16,-9,-15,-9,-15,-9,-14,-10,-13,-10,-13,-10,-13,-11,-13,-12,-12,-11,-12,-12,-12,-12,-12,-12,-11,-12,-11,-12,-11,0,0,-27,-7,-27,-6,-25,-5,-25,-5,-24,-4,-22,-3,-22,-3,-21,-2,-20,-1,-19,0,-19,2,-19,2,-18,3,-17,4,-18,4,-16,4,-17,4,-16,5,-16,4,-16,4,-15,3,-15,3,-14,3,-13,2,-13,2,-12,1,-13,1,-12,-1,0,0,0,0,0,0,0,0,0,0,0,0,0,0,-30,0,-31,-3,-31,-5,-30,-7,-31,-9,-30,-10,-32,-12,-32,-14,-31,-15,-30,-17,-30,-18,-29,-18,-28,-18,-28,-17,-27,-16,-26,-16,-26,-15,-26,-14,-26,-13,-27,-12,-27,-11,-28,-11,-28,-10,-29,-9,-29,-9,-29,-8,-29,-7,-28,-7]"
618040964170200,22.513321800,90718,1875959672,-51,-98,6,0,1,7,0,0,256,0,0,"[0,0,0,14,0,13,1,12,1,12,1,11,1,11,2,10,2,10,2,9,3,8,3,8,3,8,3,8,4,7,4,7,4,7,4,7,4,6,4,6,3,6,3,6,3,6,3,6,2,6,2,5,2,5,0,0,0,0,0,0,0,0,0,0,0,0,0,0,0,0,0,0,0,0,0,0,3,15,2,16,2,16,0,17,0,17,-1,17,-2,17,-3,17,-4,17,-4,17,-4,16,-4,15,-4,15,-4,15,-3,15,-2,14,-2,14,-2,14,-1,14,-1,15,0,15,0,15,0,15,1,14,1,14,1,14,0,0,1,26,1,27,1,25,1,23,2,24,3,22,3,21,3,20,5,18,5,18,7,16,8,16,7,16,7,15,8,15,7,13,9,14,9,13,8,12,7,13,7,12,7,13,5,11,5,11,5,11,4,11,4,11,2,12,0,0,0,0,0,0,0,0,0,0,0,0,0,0,11,30,7,31,5,31,2,31,1,33,-1,33,-2,35,-4,35,-6,34,-8,35,-9,34,-9,34,-8,33,-9,31,-8,31,-7,30,-7,29,-6,28,-6,30,-5,29,-3,29,-3,29,-2,29,-1,30,0,29,1,30,1,29,2,29]"
618040985122100,22.534273700,90719,1875976613,-51,-98,6,0,1,7,0,0,256,0,0,"[0,0,-5,-14,-5,-13,-5,-13,-5,-12,-5,-12,-5,-11,-5,-10,-6,-10,-6,-9,-6,-8,-6,-8,-6,-8,-7,-8,-7,-7,-6,-6,-7,-6,-7,-6,-7,-6,-7,-6,-6,-6,-6,-6,-5,-6,-5,-5,-5,-5,-4,-5,-4,-5,0,0,0,0,0,0,0,0,0,0,0,0,0,0,0,0,0,0,0,0,0,0,-6,-15,-6,-16,-5,-17,-4,-17,-4,-18,-3,-18,-2,-18,-2,-19,-1,-18,0,-18,0,-17,0,-16,0,-17,-1,-16,-1,-17,-1,-15,-2,-16,-2,-15,-3,-15,-4,-15,-4,-15,-5,-15,-5,-15,-5,-15,-5,-15,-4,-14,0,0,-10,-27,-11,-26,-10,-23,-10,-23,-9,-21,-11,-20,-10,-19,-12,-17,-12,-16,-12,-15,-12,-14,-12,-15,-13,-13,-13,-12,-13,-11,-13,-10,-14,-11,-13,-10,-13,-10,-12,-10,-12,-10,-11,-10,-11,-8,-9,-8,-10,-9,-9,-9,-7,-10,-7,-10,0,0,0,0,0,0,0,0,0,0,0,0,0,0,-17,-26,-14,-28,-12,-29,-12,-29,-10,-31,-9,-32,-8,-34,-7,-33,-6,-33,-5,-35,-4,-35,-1,-35,1,-33,1,-32,0,-31,-1,-31,-3,-30,-5,-28,-5,-28,-6,-30,-7,-27,-9,-29,-9,-28,-11,-28,-10,-28,-8,-27,-9,-27,-10,-27]"
618041003092000,22.552243600,90720,1875997235,-51,-98,6,0,1,7,0,0,256,0,0,"[0,0,7,12,7,12,7,11,7,10,7,10,7,9,7,9,7,8,7,7,7,6,7,6,7,5,8,5,8,5,7,4,7,4,8,4,7,4,6,4,6,4,6,4,6,4,5,4,6,4,5,3,5,3,0,0,0,0,0,0,0,0,0,0,0,0,0,0,0,0,0,0,0,0,0,0,10,13,10,14,9,14,9,15,9,16,7,17,6,17,5,18,5,18,5,17,5,17,4,16,4,16,4,16,5,16,5,14,5,14,6,14,6,14,7,14,7,14,8,13,8,14,8,13,8,13,8,13,0,0,21,17,20,16,20,15,19,14,19,13,19,12,18,11,17,9,17,8,16,7,16,6,17,5,16,4,17,4,16,3,17,3,15,2,16,3,15,3,15,3,14,3,14,3,12,3,12,3,11,4,11,4,10,4,10,5,0,0,0,0,0,0,0,0,0,0,0,0,0,0,27,10,26,14,25,16,25,18,23,19,24,21,23,22,23,25,22,25,21,26,19,27,18,27,18,26,17,26,17,25,17,24,18,24,17,21,18,22,19,20,20,22,20,20,21,19,21,19,22,18,22,18,22,18,23,18]"
618041028173800,22.577325400,90721,1876020146,-51,-98,6,0,1,7,0,0,256,0,0,"[0,0,10,-10,9,-11,9,-10,9,-10,8,-10,7,-10,6,-10,6,-9,6,-9,5,-9,4,-9,4,-9,3,-9,3,-9,3,-9,3,-9,2,-9,3,-9,3,-8,2,-8,3,-8,2,-8,2,-8,2,-7,3,-6,3,-6,0,0,0,0,0,0,0,0,0,0,0,0,0,0,0,0,0,0,0,0,0,0,10,-13,12,-14,12,-13,13,-13,14,-12,15,-12,15,-11,16,-10,16,-10,16,-9,16,-8,15,-8,15,-8,14,-8,14,-8,13,-9,13,-9,13,-10,12,-10,11,-10,12,-11,11,-11,12,-11,12,-11,11,-11,12,-11,0,0,9,-25,9,-26,7,-24,7,-23,6,-23,5,-22,4,-21,3,-20,2,-20,1,-19,1,-19,0,-18,-1,-18,-2,-18,-2,-18,-3,-17,-3,-17,-3,-16,-3,-16,-3,-16,-2,-15,-2,-14,-1,-14,-1,-13,-1,-13,-1,-12,1,-12,1,-12,0,0,0,0,0,0,0,0,0,0,0,0,0,0,3,-31,7,-30,8,-30,10,-29,12,-30,13,-29,15,-30,17,-29,18,-29,20,-29,20,-27,21,-27,21,-25,20,-24,20,-23,18,-24,17,-24,16,-24,15,-24,15,-25,14,-25,12,-27,12,-27,12,-27,12,-28,11,-28,11,-27,11,-27]"
618041043523600,22.592675200,90722,1876037544,-51,-98,6,0,1,7,0,0,256,0,0,"[0,0,15,-2,14,-2,13,-2,12,-2,12,-2,11,-3,11,-2,10,-3,10,-3,9,-4,9,-4,8,-4,8,-5,7,-5,7,-5,7,-5,7,-5,7,-5,7,-5,7,-4,6,-4,6,-4,6,-4,6,-4,5,-3,5,-3,0,0,0,0,0,0,0,0,0,0,0,0,0,0,0,0,0,0,0,0,0,0,16,-5,17,-4,17,-3,17,-2,18,-1,19,-1,18,1,19,1,18,2,17,2,17,2,17,2,16,2,16,2,16,2,15,1,15,1,16,1,15,0,15,0,15,-1,16,-1,16,-2,15,-2,15,-2,15,-3,0,0,26,-9,25,-9,23,-9,22,-9,21,-9,19,-9,19,-9,18,-10,17,-11,15,-11,14,-11,14,-12,13,-12,13,-13,11,-13,11,-12,11,-12,11,-12,10,-12,10,-11,10,-10,10,-10,10,-9,9,-8,9,-8,9,-8,9,-7,9,-6,0,0,0,0,0,0,0,0,0,0,0,0,0,0,24,-17,26,-15,28,-13,29,-11,29,-10,30,-9,32,-8,32,-6,33,-5,34,-3,34,-2,33,-1,32,-1,31,0,30,0,30,-1,29,-2,28,-3,28,-4,28,-5,27,-5,28,-7,28,-7,28,-8,28,-8,27,-8,27,-9,27,-9]"
618041066952300,22.616103900,90723,1876057795,-51,-98,6,0,1,7,0,0,256,0,0,"[0,0,-13,-8,-13,-8,-12,-7,-12,-7,-12,-7,-11,-6,-11,-6,-11,-5,-11,-4,-10,-3,-10,-3,-10,-3,-10,-2,-10,-2,-10,-1,-9,-1,-9,-2,-9,-1,-9,-1,-9,-1,-9,-1,-8,-1,-8,-1,-7,-2,-7,-2,-7,-2,0,0,0,0,0,0,0,0,0,0,0,0,0,0,0,0,0,0,0,0,0,0,-16,-8,-15,-9,-15,-10,-15,-10,-15,-12,-15,-13,-14,-14,-13,-14,-13,-14,-12,-15,-12,-14,-12,-14,-12,-14,-11,-13,-11,-13,-12,-12,-12,-12,-12,-11,-13,-11,-13,-10,-13,-10,-13,-10,-14,-10,-14,-9,-14,-9,-14,-9,0,0,-54,-12,-55,-12,-49,-10,-49,-9,-45,-8,-44,-5,-43,-4,-42,-2,-39,0,-39,1,-36,2,-37,4,-35,6,-34,7,-35,8,-31,7,-33,9,-31,8,-31,8,-31,7,-29,7,-29,6,-28,5,-26,4,-25,3,-24,2,-24,1,-23,-1,0,0,0,0,0,0,0,0,0,0,0,0,0,0,-60,1,-60,-6,-61,-11,-59,-13,-63,-16,-60,-18,-64,-24,-62,-26,-62,-28,-63,-32,-59,-34,-59,-36,-56,-36,-54,-35,-52,-34,-51,-32,-51,-29,-53,-28,-50,-25,-54,-25,-52,-21,-55,-19,-55,-18,-57,-17,-58,-17,-56,-16,-56,-15,-56,-15]"
618041086578600,22.635730200,90724,1876079057,-51,-98,6,0,1,7,0,0,256,0,0,"[0,0,8,13,7,12,7,12,7,10,7,11,7,10,7,9,7,8,7,7,7,6,7,6,7,6,7,5,7,5,7,5,7,4,7,4,7,4,7,4,6,4,6,4,6,4,6,4,5,3,5,4,5,4,0,0,0,0,0,0,0,0,0,0,0,0,0,0,0,0,0,0,0,0,0,0,10,13,10,14,9,15,8,16,7,17,7,17,6,18,6,18,5,19,4,18,4,17,4,17,4,17,4,16,4,16,4,15,5,14,5,14,6,14,6,14,7,14,7,14,8,14,8,13,8,13,8,13,0,0,17,20,18,20,16,18,16,18,16,16,16,14,16,13,15,12,15,11,15,10,15,8,15,8,15,8,15,6,16,6,15,6,15,5,14,5,14,5,14,6,13,5,12,5,12,5,11,5,10,5,10,5,10,6,9,6,0,0,0,0,0,0,0,0,0,0,0,0,0,0,25,16,23,19,21,21,20,21,21,24,19,24,19,27,17,27,17,29,16,30,14,30,13,30,12,30,12,29,11,28,12,27,12,25,13,25,13,24,14,25,15,23,16,23,17,23,17,22,18,22,18,22,18,21,18,21]"
618041104666100,22.653817700,90725,1876098971,-51,-98,6,0,1,7,0,0,256,0,0,"[0,0,1,-15,0,-15,0,-14,0,-14,0,-13,0,-13,-1,-12,-2,-11,-2,-11,-2,-10,-3,-10,-3,-10,-4,-9,-4,-9,-4,-9,-4,-9,-4,-8,-4,-8,-4,-8,-4,-8,-3,-7,-3,-8,-3,-7,-3,-7,-3,-7,-2,-7,0,0,0,0,0,0,0,0,0,0,0,0,0,0,0,0,0,0,0,0,0,0,0,-18,1,-18,1,-18,2,-18,3,-19,4,-19,5,-18,6,-18,7,-18,7,-17,7,-17,7,-16,6,-16,6,-16,5,-16,4,-16,4,-15,4,-16,3,-16,3,-16,2,-16,2,-16,2,-16,1,-16,1,-16,1,-15,0,0,-5,-27,-6,-28,-7,-25,-6,-25,-7,-23,-7,-22,-7,-21,-7,-20,-8,-19,-9,-18,-10,-17,-11,-16,-11,-15,-11,-15,-11,-14,-11,-13,-12,-14,-11,-13,-11,-13,-10,-13,-9,-13,-9,-12,-8,-12,-8,-11,-7,-11,-7,-11,-6,-11,-6,-11,0,0,0,0,0,0,0,0,0,0,0,0,0,0,-15,-28,-12,-29,-10,-30,-8,-30,-7,-33,-5,-32,-4,-35,-2,-34,0,-35,2,-36,3,-35,4,-35,2,-33,3,-33,2,-31,1,-31,2,-30,1,-30,0,-29,-1,-30,-2,-29,-2,-30,-3,-29,-4,-31,-5,-30,-6,-29,-7,-29,-6,-29]"
618041123774600,22.672926200,90726,1876117075,-51,-98,6,0,1,7,0,0,256,0,0,"[0,0,3,-15,2,-15,2,-14,3,-13,2,-13,1,-12,1,-12,0,-12,0,-11,-1,-11,-1,-10,-2,-10,-2,-10,-2,-10,-2,-10,-2,-9,-3,-9,-2,-9,-2,-9,-2,-8,-2,-8,-2,-8,-2,-8,-1,-8,-1,-7,-1,-7,0,0,0,0,0,0,0,0,0,0,0,0,0,0,0,0,0,0,0,0,0,0,1,-17,2,-17,3,-18,4,-17,5,-18,6,-18,7,-18,8,-17,8,-17,9,-17,9,-15,9,-15,8,-15,8,-15,7,-15,7,-15,6,-14,6,-15,5,-15,4,-16,4,-15,4,-16,4,-16,3,-16,4,-16,4,-15,0,0,-3,-28,-4,-28,-4,-26,-4,-25,-4,-24,-5,-23,-5,-22,-6,-21,-6,-19,-7,-19,-8,-18,-9,-17,-9,-16,-10,-15,-10,-16,-10,-15,-11,-14,-10,-15,-10,-14,-9,-14,-8,-13,-8,-13,-7,-13,-7,-12,-6,-12,-6,-12,-5,-12,-4,-12,0,0,0,0,0,0,0,0,0,0,0,0,0,0,-11,-30,-8,-30,-6,-31,-4,-32,-3,-34,-2,-33,0,-35,2,-35,4,-35,6,-36,6,-34,8,-35,7,-34,8,-32,7,-31,6,-30,5,-29,4,-30,3,-30,3,-30,2,-30,0,-30,0,-30,-2,-30,-1,-31,-2,-30,-2,-30,-2,-30]"
618041145187400,22.694339000,90727,1876136875,-51,-98,6,0,1,7,0,0,256,0,0,"[0,0,-4,-15,-5,-14,-4,-14,-4,-13,-4,-13,-5,-12,-5,-11,-5,-11,-5,-10,-5,-9,-6,-9,-6,-8,-6,-8,-6,-8,-6,-7,-6,-7,-7,-7,-6,-7,-6,-7,-6,-6,-6,-6,-5,-7,-5,-6,-5,-6,-4,-6,-4,-6,0,0,0,0,0,0,0,0,0,0,0,0,0,0,0,0,0,0,0,0,0,0,-6,-16,-5,-17,-5,-18,-4,-18,-3,-19,-2,-19,-1,-19,0,-20,0,-20,1,-19,1,-18,1,-18,1,-18,0,-18,0,-17,-1,-17,-1,-16,-1,-16,-2,-16,-3,-16,-3,-16,-4,-16,-4,-16,-4,-16,-4,-16,-4,-16,0,0,-16,-23,-16,-22,-15,-21,-15,-20,-15,-18,-14,-18,-14,-17,-14,-15,-14,-14,-15,-12,-16,-11,-15,-10,-16,-9,-15,-9,-16,-9,-16,-8,-16,-8,-15,-8,-14,-8,-14,-8,-13,-8,-12,-8,-12,-7,-12,-7,-11,-7,-10,-7,-10,-8,-9,-8,0,0,0,0,0,0,0,0,0,0,0,0,0,0,-24,-19,-22,-22,-21,-23,-18,-25,-18,-27,-16,-28,-16,-30,-14,-31,-13,-32,-12,-33,-10,-33,-10,-33,-11,-32,-11,-30,-10,-30,-10,-29,-10,-29,-11,-28,-11,-27,-12,-27,-13,-26,-14,-26,-14,-26,-15,-26,-16,-25,-17,-24,-18,-24,-17,-25]"
618041165149700,22.714301300,90728,1876156588,-51,-98,6,0,1,7,0,0,256,0,0,"[0,0,13,-7,12,-7,11,-7,12,-7,11,-7,10,-7,9,-7,8,-7,8,-7,7,-8,7,-7,6,-7,6,-8,5,-8,5,-8,5,-8,5,-8,5,-7,5,-7,5,-7,5,-7,4,-6,4,-6,4,-6,4,-5,4,-5,0,0,0,0,0,0,0,0,0,0,0,0,0,0,0,0,0,0,0,0,0,0,14,-10,15,-9,15,-9,16,-8,17,-7,18,-6,18,-6,18,-5,18,-4,18,-4,17,-4,17,-4,16,-4,16,-3,16,-4,15,-4,15,-4,15,-5,15,-6,14,-6,14,-6,14,-6,14,-7,14,-8,13,-8,14,-7,0,0,21,-19,19,-19,19,-19,17,-18,16,-18,15,-17,14,-17,13,-17,12,-17,10,-17,9,-17,8,-16,7,-17,7,-17,6,-17,6,-17,6,-16,5,-16,5,-16,5,-15,6,-14,5,-14,5,-13,6,-13,5,-12,6,-11,6,-10,7,-10,0,0,0,0,0,0,0,0,0,0,0,0,0,0,14,-27,18,-26,19,-24,22,-23,22,-23,24,-22,26,-21,28,-21,29,-19,30,-18,30,-16,30,-15,30,-15,30,-14,28,-14,27,-14,27,-15,25,-15,25,-16,25,-16,24,-17,23,-18,23,-19,23,-19,23,-19,22,-20,22,-20,22,-20]"
618041183951000,22.733102600,90729,1876178886,-51,-98,6,0,1,7,0,0,256,0,0,"[0,0,-13,9,-11,9,-11,9,-11,9,-10,8,-9,8,-8,8,-7,8,-7,8,-7,7,-6,8,-5,8,-5,8,-5,8,-4,8,-4,8,-4,7,-4,8,-4,7,-4,7,-4,7,-4,6,-4,6,-4,5,-4,5,-4,4,0,0,0,0,0,0,0,0,0,0,0,0,0,0,0,0,0,0,0,0,0,0,-12,12,-12,12,-13,12,-14,11,-15,11,-16,10,-17,10,-17,9,-17,8,-17,8,-17,7,-17,7,-16,7,-15,7,-15,7,-15,7,-14,7,-14,8,-14,9,-13,9,-13,9,-13,9,-13,10,-12,10,-12,10,-12,10,0,0,-14,24,-12,23,-12,23,-11,21,-10,21,-10,20,-9,19,-8,18,-6,18,-5,17,-3,18,-3,18,-2,17,-2,17,-1,16,-1,16,-1,16,0,16,-1,15,-2,15,-2,14,-2,14,-2,13,-1,12,-2,12,-2,12,-3,11,-4,11,0,0,0,0,0,0,0,0,0,0,0,0,0,0,-5,28,-8,28,-10,29,-13,28,-14,28,-15,28,-17,27,-20,28,-22,26,-24,24,-24,24,-23,23,-23,23,-22,22,-22,22,-20,22,-21,22,-19,21,-19,22,-18,22,-17,23,-17,23,-17,24,-16,24,-15,24,-14,25,-13,25,-13,25]"
618041203781800,22.752933400,90730,1876196519,-51,-98,6,0,1,7,0,0,256,0,0,"[0,0,2,-15,1,-15,1,-14,1,-14,1,-13,0,-13,0,-12,-1,-12,-1,-11,-1,-10,-2,-10,-2,-10,-3,-9,-3,-9,-3,-9,-3,-9,-3,-9,-3,-8,-3,-8,-3,-8,-3,-8,-3,-8,-2,-8,-2,-7,-2,-7,-2,-7,0,0,0,0,0,0,0,0,0,0,0,0,0,0,0,0,0,0,0,0,0,0,0,-17,1,-18,2,-18,3,-18,4,-18,5,-19,6,-18,7,-18,8,-18,8,-17,7,-16,7,-16,7,-16,6,-16,6,-15,5,-15,5,-15,4,-16,4,-16,4,-16,4,-16,3,-16,3,-17,2,-16,2,-16,2,-16,0,0,-2,-27,-3,-27,-3,-26,-3,-25,-4,-23,-4,-22,-4,-21,-5,-20,-5,-19,-7,-18,-8,-17,-8,-17,-9,-16,-8,-15,-9,-15,-9,-15,-9,-15,-9,-15,-9,-14,-8,-14,-7,-13,-7,-13,-7,-12,-7,-11,-7,-11,-5,-11,-5,-12,-4,-11,0,0,0,0,0,0,0,0,0,0,0,0,0,0,-11,-28,-8,-30,-6,-30,-4,-30,-3,-32,-1,-32,1,-34,2,-34,5,-34,7,-34,7,-33,7,-34,7,-32,6,-31,6,-30,5,-30,5,-29,4,-29,4,-28,3,-30,2,-29,1,-29,1,-29,0,-29,-1,-30,-2,-29,-3,-29,-2,-29]"
618041225854800,22.775006400,90731,1876222572,-50,-98,6,0,1,7,0,0,256,0,0,"[0,0,14,2,14,1,13,1,13,1,12,1,12,0,11,0,11,-1,10,-1,10,-2,9,-2,9,-2,9,-3,8,-3,8,-3,8,-3,8,-3,8,-3,8,-3,7,-3,7,-3,7,-2,7,-2,6,-2,6,-2,6,-1,0,0,0,0,0,0,0,0,0,0,0,0,0,0,0,0,0,0,0,0,0,0,16,-1,16,0,17,1,17,2,17,3,17,4,17,5,17,6,17,7,16,7,16,7,15,7,15,6,15,6,14,6,14,5,14,5,14,4,15,4,15,3,15,3,15,3,15,3,15,2,15,2,15,2,0,0,22,14,22,13,20,12,22,11,19,10,20,9,19,8,18,6,18,6,18,5,18,4,16,3,16,3,16,2,17,0,16,1,16,0,16,0,16,1,15,1,14,1,13,0,13,1,12,1,12,1,10,3,12,2,11,2,0,0,0,0,0,0,0,0,0,0,0,0,0,0,30,8,29,11,28,13,27,15,28,17,25,18,27,21,26,22,26,24,25,24,24,25,23,25,20,25,20,25,19,24,19,23,20,21,20,21,21,19,22,20,22,18,23,17,22,17,23,17,25,18,24,17,23,16,24,16]"
618041242994200,22.792145800,90732,1876237310,-51,-98,6,0,1,7,0,0,256,0,0,"[0,0,10,8,10,8,8,8,8,7,9,7,8,6,8,5,8,5,8,4,8,3,8,2,7,3,8,2,7,2,8,1,8,1,8,1,7,1,7,1,7,1,7,1,6,2,6,2,5,2,5,1,5,2,0,0,0,0,0,0,0,0,0,0,0,0,0,0,0,0,0,0,0,0,0,0,12,8,12,9,12,10,11,11,11,12,11,12,10,13,10,14,9,14,9,14,8,13,8,13,8,13,8,12,8,12,8,11,8,11,8,11,9,10,9,10,10,11,10,10,11,10,10,9,10,9,10,9,0,0,44,30,45,27,45,26,45,24,40,22,38,19,38,18,34,15,39,14,36,10,36,7,35,7,33,5,35,5,32,3,34,2,31,1,32,2,32,2,31,2,29,2,26,4,25,3,26,5,24,3,23,5,22,7,20,7,0,0,0,0,0,0,0,0,0,0,0,0,0,0,60,16,59,23,56,28,56,29,53,33,54,37,55,41,53,44,52,48,50,52,48,51,46,54,43,50,42,49,38,46,41,47,41,44,41,43,43,40,44,41,44,36,47,36,47,35,50,35,51,32,49,33,49,33,49,30]"
618041263753700,22.812905300,90733,1876258207,-51,-98,6,0,1,7,0,0,256,0,0,"[0,0,-1,-15,-1,-15,-1,-15,-1,-14,-2,-14,-2,-13,-2,-12,-3,-12,-3,-10,-3,-10,-3,-10,-4,-9,-4,-9,-5,-9,-5,-8,-5,-8,-5,-8,-5,-8,-5,-8,-4,-7,-4,-7,-4,-8,-4,-7,-4,-7,-3,-7,-3,-6,0,0,0,0,0,0,0,0,0,0,0,0,0,0,0,0,0,0,0,0,0,0,-2,-17,-1,-18,-1,-18,0,-19,1,-19,2,-19,4,-19,4,-19,4,-19,5,-18,5,-18,5,-17,4,-17,5,-16,4,-16,3,-16,3,-16,2,-16,1,-16,1,-16,1,-17,0,-16,0,-16,-1,-16,0,-17,0,-16,0,0,-8,-27,-7,-26,-8,-27,-7,-24,-8,-24,-9,-21,-9,-20,-10,-19,-10,-18,-10,-16,-10,-17,-11,-16,-11,-15,-12,-14,-12,-14,-12,-14,-12,-12,-12,-13,-12,-12,-12,-12,-11,-12,-10,-11,-10,-11,-9,-11,-8,-11,-8,-11,-7,-10,-6,-10,0,0,0,0,0,0,0,0,0,0,0,0,0,0,-16,-27,-12,-29,-10,-31,-10,-32,-7,-31,-6,-33,-5,-34,-4,-36,-2,-36,-3,-36,1,-36,1,-34,2,-33,2,-33,2,-32,2,-31,0,-32,-1,-29,-1,-31,-3,-30,-4,-30,-5,-30,-7,-29,-6,-30,-7,-29,-6,-29,-6,-30,-7,-29]"
618041283819100,22.832970700,90734,1876276612,-51,-98,6,0,1,7,0,0,256,0,0,"[0,0,7,-14,6,-13,6,-13,6,-12,5,-12,4,-11,4,-11,3,-11,3,-10,2,-10,2,-10,1,-10,0,-10,0,-10,0,-9,0,-9,0,-9,0,-9,0,-9,0,-8,0,-8,0,-8,0,-8,0,-7,0,-7,1,-7,0,0,0,0,0,0,0,0,0,0,0,0,0,0,0,0,0,0,0,0,0,0,6,-16,7,-17,7,-16,8,-16,9,-16,10,-16,12,-15,12,-15,12,-14,12,-13,13,-13,12,-12,11,-12,11,-12,11,-12,10,-12,10,-12,9,-13,9,-13,8,-14,8,-14,8,-14,8,-14,7,-14,7,-14,7,-14,0,0,5,-26,4,-27,3,-25,3,-24,2,-23,1,-22,1,-21,0,-20,0,-20,-2,-19,-3,-18,-4,-18,-5,-17,-4,-16,-5,-17,-5,-16,-6,-16,-5,-15,-5,-16,-5,-15,-5,-15,-4,-14,-4,-14,-4,-13,-3,-12,-3,-12,-2,-12,-1,-11,0,0,0,0,0,0,0,0,0,0,0,0,0,0,-3,-31,-2,-31,2,-31,4,-30,6,-33,6,-30,9,-34,11,-31,13,-31,14,-32,15,-30,16,-31,15,-29,14,-29,13,-28,13,-27,12,-27,12,-27,11,-26,10,-28,8,-26,8,-28,7,-29,7,-29,7,-30,5,-29,5,-28,5,-28]"
618041302900400,22.852052000,90735,1876296630,-51,-98,6,0,1,7,0,0,256,0,0,"[0,0,13,6,12,6,12,6,11,5,11,5,10,4,10,3,9,3,10,2,9,1,9,1,9,0,9,0,9,0,8,-1,9,-1,8,-1,8,-1,8,-1,8,-1,8,-1,7,0,6,0,6,0,6,0,6,0,0,0,0,0,0,0,0,0,0,0,0,0,0,0,0,0,0,0,0,0,0,0,15,6,16,7,15,8,15,9,14,10,15,12,14,12,14,12,13,13,12,12,12,12,12,12,11,12,11,12,12,11,11,10,12,10,12,9,12,9,13,8,13,8,13,8,13,7,13,7,13,7,14,7,0,0,27,4,27,2,25,2,24,2,23,1,22,0,21,0,20,-2,19,-2,18,-3,18,-4,17,-5,16,-6,16,-6,16,-7,16,-7,16,-7,15,-7,15,-6,14,-6,14,-5,13,-5,13,-5,12,-5,11,-4,11,-4,11,-3,11,-2,0,0,0,0,0,0,0,0,0,0,0,0,0,0,30,-4,30,-1,30,1,31,4,32,4,31,7,32,9,33,10,33,12,32,13,31,13,31,15,30,15,29,14,28,13,27,12,27,12,28,10,27,10,28,9,28,8,28,7,28,6,29,5,29,5,29,4,29,4,29,3]"
618041325042400,22.874194000,90736,1876316531,-51,-98,6,0,1,7,0,0,256,0,0,"[0,0,-5,-15,-4,-14,-4,-13,-4,-13,-5,-13,-5,-12,-5,-11,-5,-11,-5,-10,-5,-9,-6,-9,-6,-8,-6,-8,-7,-8,-6,-7,-6,-7,-6,-7,-6,-7,-6,-7,-6,-6,-5,-6,-5,-6,-5,-6,-5,-6,-4,-6,-4,-6,0,0,0,0,0,0,0,0,0,0,0,0,0,0,0,0,0,0,0,0,0,0,-7,-16,-6,-17,-5,-17,-5,-18,-4,-19,-3,-19,-2,-19,-1,-20,-1,-19,0,-19,0,-18,0,-18,0,-18,0,-17,0,-17,-1,-16,-1,-17,-2,-16,-3,-16,-3,-16,-4,-16,-4,-16,-4,-16,-4,-16,-4,-15,-4,-15,0,0,-18,-22,-18,-23,-17,-21,-16,-20,-16,-18,-17,-17,-16,-15,-17,-14,-16,-13,-16,-12,-16,-11,-16,-11,-16,-10,-16,-9,-17,-8,-16,-8,-16,-7,-15,-7,-15,-7,-15,-7,-14,-7,-13,-7,-13,-7,-12,-7,-11,-7,-11,-7,-10,-7,-10,-8,0,0,0,0,0,0,0,0,0,0,0,0,0,0,-24,-20,-22,-23,-20,-25,-20,-25,-20,-27,-18,-27,-17,-30,-16,-31,-16,-31,-15,-33,-13,-33,-12,-34,-11,-33,-10,-32,-10,-31,-10,-30,-11,-29,-12,-28,-13,-27,-14,-27,-14,-26,-17,-25,-17,-25,-18,-26,-18,-26,-17,-25,-18,-25,-17,-25]"
618041347356900,22.896508500,90737,1876340579,-51,-98,6,0,1,7,0,0,256,0,0,"[0,0,14,-4,13,-4,12,-4,13,-4,11,-4,10,-4,10,-5,9,-5,9,-5,8,-6,8,-6,7,-6,7,-6,6,-6,6,-7,6,-7,6,-6,6,-6,6,-6,6,-6,5,-6,5,-6,5,-5,4,-5,5,-4,5,-4,0,0,0,0,0,0,0,0,0,0,0,0,0,0,0,0,0,0,0,0,0,0,16,-5,17,-4,17,-4,17,-3,18,-2,19,-1,19,0,19,0,18,1,18,2,17,2,17,2,16,2,16,1,16,1,15,0,15,-1,15,-1,15,-2,15,-2,15,-2,15,-3,15,-3,15,-3,14,-3,15,-3,0,0,21,-17,21,-18,19,-17,18,-16,17,-16,15,-17,14,-16,12,-17,12,-17,11,-16,10,-16,9,-16,8,-16,7,-16,6,-16,6,-16,5,-16,5,-16,5,-15,5,-15,5,-14,5,-14,5,-13,6,-12,6,-12,5,-11,6,-10,7,-10,0,0,0,0,0,0,0,0,0,0,0,0,0,0,20,-24,22,-21,24,-19,25,-19,27,-19,27,-18,29,-18,31,-15,31,-15,32,-14,32,-13,32,-11,32,-9,31,-8,30,-9,29,-9,28,-11,27,-12,26,-13,27,-14,25,-14,24,-16,24,-16,23,-18,25,-18,24,-17,24,-17,24,-17]"
618041364156100,22.913307700,90738,1876356878,-51,-98,6,0,1,7,0,0,256,0,0,"[0,0,-6,12,-5,11,-5,11,-5,10,-4,10,-4,10,-3,9,-3,9,-2,9,-2,8,-1,8,-1,8,0,8,0,8,0,7,0,7,0,7,0,7,0,7,0,7,0,7,0,6,0,6,0,6,-1,5,-1,5,0,0,0,0,0,0,0,0,0,0,0,0,0,0,0,0,0,0,0,0,0,0,-6,14,-7,14,-8,14,-8,14,-9,13,-10,13,-11,13,-12,13,-11,12,-12,11,-12,11,-12,10,-11,10,-11,10,-10,10,-9,11,-9,11,-9,11,-8,11,-8,12,-7,12,-7,12,-7,12,-7,12,-7,12,-6,12,0,0,-23,52,-21,47,-20,49,-17,45,-15,46,-12,44,-12,41,-9,40,-8,38,-5,34,0,36,1,36,1,34,3,35,4,33,3,31,5,32,5,32,3,30,5,29,3,28,3,29,5,23,2,26,2,25,0,22,-1,21,-2,22,0,0,0,0,0,0,0,0,0,0,0,0,0,0,-9,62,-15,64,-21,61,-24,61,-27,59,-31,60,-33,60,-40,60,-41,58,-45,56,-45,52,-45,52,-45,49,-44,48,-41,47,-40,49,-39,49,-35,46,-35,48,-32,49,-32,51,-29,53,-29,51,-26,55,-24,53,-23,54,-23,55,-22,55]"
618041384546600,22.933698200,90739,1876376547,-51,-98,6,0,1,7,0,0,256,0,0,"[0,0,-12,-10,-11,-10,-11,-9,-11,-8,-10,-8,-11,-7,-10,-7,-10,-6,-10,-5,-10,-5,-9,-4,-9,-4,-9,-4,-9,-3,-9,-3,-9,-2,-9,-2,-8,-2,-9,-2,-8,-2,-8,-2,-7,-2,-7,-2,-7,-3,-7,-2,-6,-3,0,0,0,0,0,0,0,0,0,0,0,0,0,0,0,0,0,0,0,0,0,0,-15,-10,-15,-11,-14,-12,-14,-13,-14,-14,-13,-14,-13,-15,-12,-15,-12,-16,-11,-17,-10,-16,-9,-15,-9,-15,-9,-15,-10,-14,-10,-13,-10,-13,-11,-13,-11,-12,-12,-12,-12,-12,-12,-11,-12,-12,-12,-11,-13,-11,-12,-10,0,0,-27,-8,-27,-9,-26,-8,-25,-7,-23,-6,-23,-4,-22,-4,-21,-3,-20,-2,-19,-1,-19,-1,-19,0,-18,0,-17,2,-18,2,-17,3,-17,3,-16,3,-16,3,-15,3,-15,2,-14,2,-14,2,-13,0,-13,0,-12,0,-13,0,-12,-1,0,0,0,0,0,0,0,0,0,0,0,0,0,0,-32,-4,-31,-7,-30,-9,-30,-9,-32,-12,-30,-13,-31,-16,-31,-17,-32,-17,-31,-19,-29,-19,-29,-22,-27,-22,-26,-22,-25,-21,-24,-19,-25,-18,-26,-17,-26,-15,-27,-15,-27,-14,-28,-12,-28,-12,-28,-11,-29,-12,-28,-12,-28,-12,-27,-11]"
618041402870700,22.952022300,90740,1876396511,-51,-98,6,0,1,7,0,0,256,0,0,"[0,0,15,1,14,1,13,1,13,0,12,0,12,0,11,-1,10,-1,10,-2,10,-2,9,-3,9,-3,8,-3,8,-3,8,-4,8,-4,7,-4,8,-4,7,-4,7,-4,7,-3,6,-3,6,-3,5,-3,6,-2,6,-2,0,0,0,0,0,0,0,0,0,0,0,0,0,0,0,0,0,0,0,0,0,0,17,0,18,1,17,2,18,3,18,4,19,5,18,6,18,7,17,7,16,8,16,8,16,7,15,7,15,6,15,6,15,5,15,5,15,4,15,3,15,3,15,2,16,2,16,2,16,2,16,2,16,1,0,0,27,-2,26,-4,26,-3,24,-4,23,-4,22,-5,20,-5,19,-5,18,-6,17,-7,17,-8,16,-9,15,-9,15,-9,14,-10,14,-10,13,-10,13,-10,13,-9,12,-9,11,-9,12,-8,11,-8,10,-8,10,-7,10,-6,10,-6,10,-5,0,0,0,0,0,0,0,0,0,0,0,0,0,0,29,-10,30,-7,30,-5,31,-3,32,-2,32,-1,33,2,35,3,35,4,34,7,34,7,33,8,33,8,32,8,30,8,29,6,29,6,29,4,29,3,29,3,30,2,29,0,29,1,29,-2,30,-1,29,-2,30,-2,29,-3]"
618041423187000,22.972338600,90741,1876416544,-51,-98,6,0,1,7,0,0,256,0,0,"[0,0,0,15,0,14,0,13,0,12,1,12,1,11,2,11,2,10,2,9,2,9,3,8,3,8,4,8,4,7,4,7,4,7,4,7,4,7,4,6,3,6,3,6,3,6,3,6,2,6,2,5,2,5,0,0,0,0,0,0,0,0,0,0,0,0,0,0,0,0,0,0,0,0,0,0,2,17,1,17,0,17,0,18,-2,18,-3,18,-3,18,-4,18,-5,18,-5,17,-6,17,-6,16,-5,16,-5,16,-4,16,-3,15,-3,15,-2,15,-2,16,-1,15,-1,15,0,15,-1,15,0,16,0,16,0,15,0,0,10,26,10,24,11,23,10,22,10,21,10,19,11,18,11,17,11,16,11,14,12,13,12,13,13,12,13,11,13,11,13,10,12,9,12,10,12,9,12,10,11,9,10,9,10,8,9,8,9,8,8,8,7,8,7,8,0,0,0,0,0,0,0,0,0,0,0,0,0,0,19,24,17,26,15,27,13,29,11,29,10,30,10,32,8,33,6,34,4,35,3,34,4,34,3,33,3,32,3,31,4,31,4,30,4,29,4,29,6,29,7,28,7,28,8,28,9,29,10,27,11,27,12,26,12,26]"
618041447134200,22.996285800,90742,1876445360,-51,-98,6,0,1,7,0,0,256,0,0,"[0,0,-1,13,-2,13,-1,12,-1,12,-1,12,0,11,1,10,1,10,1,9,1,9,1,8,2,8,2,8,3,7,3,7,3,7,3,7,3,7,2,6,2,6,3,6,2,6,2,6,1,6,1,5,1,5,0,0,0,0,0,0,0,0,0,0,0,0,0,0,0,0,0,0,0,0,0,0,0,15,-1,16,-2,16,-2,16,-3,17,-4,17,-5,17,-5,17,-6,16,-7,16,-7,15,-7,14,-7,14,-6,14,-6,14,-5,13,-5,13,-4,14,-3,14,-3,14,-3,14,-2,14,-3,14,-2,15,-2,14,-2,14,0,0,-2,26,-2,25,-1,24,0,24,-1,23,1,21,2,20,3,19,2,18,3,17,3,16,4,16,4,15,6,15,6,14,6,13,6,14,6,13,6,12,6,12,6,12,5,12,4,13,3,12,3,11,3,10,3,11,0,11,0,0,0,0,0,0,0,0,0,0,0,0,0,0,8,30,4,31,1,30,0,30,-2,32,-3,32,-5,33,-7,32,-9,33,-9,33,-10,32,-12,31,-12,30,-12,29,-12,28,-11,27,-10,27,-8,27,-8,27,-7,28,-5,28,-4,28,-4,28,-3,28,-3,28,-4,29,-3,28,-2,28]"
618041464314200,23.013465800,90743,1876456591,-51,-98,6,0,1,7,0,0,256,0,0,"[0,0,0,-15,-1,-15,-1,-15,-1,-14,-1,-13,-2,-13,-2,-12,-3,-11,-3,-11,-3,-10,-3,-10,-4,-10,-4,-10,-4,-9,-5,-9,-4,-8,-5,-8,-4,-8,-4,-8,-4,-7,-4,-7,-4,-7,-4,-7,-3,-7,-3,-6,-3,-6,0,0,0,0,0,0,0,0,0,0,0,0,0,0,0,0,0,0,0,0,0,0,-1,-17,-1,-18,0,-19,1,-19,2,-19,4,-20,4,-19,5,-19,6,-19,6,-18,6,-18,6,-17,5,-17,5,-16,5,-17,4,-16,4,-16,3,-16,2,-17,2,-16,1,-17,1,-17,0,-17,0,-17,0,-17,1,-16,0,0,-5,-28,-6,-27,-6,-26,-5,-24,-6,-24,-7,-22,-7,-21,-7,-20,-8,-19,-8,-17,-10,-17,-10,-16,-10,-15,-11,-15,-11,-14,-11,-14,-11,-13,-11,-14,-10,-13,-9,-13,-9,-13,-8,-11,-8,-11,-8,-11,-7,-11,-7,-11,-6,-11,-5,-11,0,0,0,0,0,0,0,0,0,0,0,0,0,0,-12,-28,-10,-30,-7,-30,-5,-31,-5,-32,-4,-34,-2,-33,1,-36,1,-35,4,-35,4,-34,6,-33,5,-34,5,-32,5,-31,4,-30,4,-31,1,-29,1,-30,0,-29,-1,-30,-2,-30,-2,-30,-3,-30,-3,-30,-5,-30,-5,-29,-4,-29]"
618041482681700,23.031833300,90744,1876476521,-50,-98,6,0,1,7,0,0,256,0,0,"[0,0,-1,15,-1,14,-1,13,-1,13,0,12,1,12,1,11,1,11,1,10,2,10,2,9,3,9,4,9,3,8,3,8,3,7,4,8,3,7,3,7,3,7,3,7,2,7,2,6,2,6,2,5,1,6,0,0,0,0,0,0,0,0,0,0,0,0,0,0,0,0,0,0,0,0,0,0,0,17,-1,17,-1,18,-2,17,-3,18,-4,18,-5,18,-6,18,-6,18,-7,18,-7,16,-7,16,-7,16,-6,15,-6,15,-5,15,-4,15,-4,16,-3,15,-2,15,-2,16,-2,16,-2,16,-2,16,-1,16,-1,15,0,0,5,27,6,25,6,26,6,23,6,23,6,21,6,20,6,19,7,18,8,16,9,15,9,14,10,14,10,13,10,13,10,13,10,12,11,13,10,12,9,12,8,11,8,11,7,10,7,10,6,9,6,10,5,9,5,10,0,0,0,0,0,0,0,0,0,0,0,0,0,0,14,26,11,28,9,28,8,31,6,30,4,32,3,32,1,35,-1,34,-2,34,-4,34,-4,33,-3,32,-3,32,-3,31,-2,30,-2,30,-1,28,-1,30,0,29,2,29,2,29,3,29,3,29,4,28,6,28,6,28,6,29]"
618041505254800,23.054406400,90745,1876496591,-50,-98,6,0,1,7,0,0,256,0,0,"[0,0,-7,13,-7,13,-6,12,-6,12,-5,11,-5,11,-4,10,-3,10,-3,10,-2,9,-2,9,-1,9,-1,9,-1,9,-1,9,0,8,0,8,0,8,-1,8,-1,8,-1,7,-1,7,-1,7,-1,6,-1,6,-1,6,0,0,0,0,0,0,0,0,0,0,0,0,0,0,0,0,0,0,0,0,0,0,-6,16,-7,16,-8,15,-9,16,-9,15,-11,15,-12,14,-13,14,-13,13,-13,13,-13,13,-12,12,-12,12,-11,12,-11,12,-10,12,-10,13,-10,12,-9,13,-9,13,-9,13,-8,13,-8,14,-7,14,-7,14,-7,14,0,0,-12,24,-12,24,-12,23,-11,22,-9,21,-8,20,-7,20,-6,19,-5,19,-3,18,-3,18,-2,17,-2,17,-1,16,0,16,0,16,-1,16,0,16,-1,14,-1,14,-1,13,-1,13,-1,13,-1,12,-2,12,-2,11,-3,11,-4,10,0,0,0,0,0,0,0,0,0,0,0,0,0,0,-5,30,-9,30,-11,29,-13,29,-15,30,-16,28,-18,29,-20,29,-21,28,-23,28,-23,26,-23,24,-23,24,-23,22,-23,23,-22,22,-20,23,-19,22,-18,21,-17,23,-17,24,-15,24,-15,27,-15,26,-15,25,-14,27,-14,25,-13,25]"
618041526866600,23.076018200,90746,1876516850,-50,-98,6,0,1,7,0,0,256,0,0,"[0,0,7,-13,6,-14,6,-13,6,-12,5,-12,5,-11,4,-11,3,-11,3,-10,2,-10,1,-10,1,-10,0,-10,0,-10,0,-10,0,-9,0,-9,0,-9,0,-9,0,-9,1,-8,0,-8,0,-8,0,-7,0,-7,1,-7,0,0,0,0,0,0,0,0,0,0,0,0,0,0,0,0,0,0,0,0,0,0,6,-17,7,-17,8,-16,8,-16,10,-16,11,-16,12,-15,13,-14,13,-14,13,-14,12,-13,12,-13,11,-13,11,-13,11,-12,10,-13,10,-13,10,-13,9,-14,9,-14,8,-14,8,-14,8,-15,7,-15,7,-15,7,-14,0,0,7,-27,6,-27,6,-26,5,-24,5,-23,3,-22,3,-22,2,-21,1,-21,-1,-19,-1,-19,-2,-18,-3,-18,-4,-18,-3,-17,-4,-17,-4,-17,-4,-17,-4,-16,-3,-16,-2,-15,-2,-14,-2,-14,-2,-13,-2,-13,-1,-13,-1,-12,0,-12,0,0,0,0,0,0,0,0,0,0,0,0,0,0,-2,-31,2,-31,4,-31,6,-31,7,-31,9,-31,11,-32,13,-32,15,-31,16,-31,17,-30,17,-29,17,-29,16,-27,16,-27,15,-26,14,-27,13,-26,13,-26,12,-27,11,-27,10,-28,9,-28,9,-29,8,-29,8,-29,7,-29,7,-29]"
618041544794700,23.093946300,90747,1876536598,-50,-98,6,0,1,7,0,0,256,0,0,"[0,0,13,-8,11,-9,11,-8,11,-8,10,-8,9,-8,9,-8,8,-8,7,-8,7,-8,6,-8,5,-9,5,-9,5,-8,4,-9,4,-9,4,-8,4,-9,4,-8,4,-7,4,-7,4,-7,3,-7,3,-6,3,-6,4,-6,0,0,0,0,0,0,0,0,0,0,0,0,0,0,0,0,0,0,0,0,0,0,13,-11,15,-11,14,-10,16,-9,16,-9,18,-8,18,-7,18,-6,19,-5,17,-5,17,-5,17,-5,16,-5,16,-5,16,-5,15,-5,15,-6,15,-6,14,-7,14,-7,14,-7,14,-8,14,-9,13,-9,13,-9,13,-9,0,0,22,-15,21,-16,20,-15,19,-15,18,-15,16,-15,15,-15,15,-14,14,-15,12,-15,11,-16,10,-15,8,-15,8,-16,8,-15,7,-16,6,-15,6,-15,7,-14,7,-14,6,-12,6,-13,6,-12,6,-11,6,-11,6,-9,7,-10,7,-9,0,0,0,0,0,0,0,0,0,0,0,0,0,0,19,-24,22,-22,23,-20,25,-19,27,-20,27,-18,30,-17,30,-16,31,-14,33,-12,32,-11,33,-11,31,-10,31,-10,30,-9,28,-9,28,-10,27,-11,27,-12,27,-13,25,-13,25,-15,25,-14,25,-16,26,-16,24,-18,24,-17,24,-17]"
618041567794700,23.116946300,90748,1876559512,-50,-98,6,0,1,7,0,0,256,0,0,"[0,0,-16,0,-16,0,-14,0,-15,0,-13,0,-13,1,-12,1,-11,2,-11,2,-11,2,-10,3,-10,3,-9,3,-9,3,-9,4,-9,4,-9,4,-9,4,-8,3,-8,3,-8,3,-7,3,-7,3,-7,2,-7,2,-6,2,0,0,0,0,0,0,0,0,0,0,0,0,0,0,0,0,0,0,0,0,0,0,-18,1,-18,1,-19,0,-18,-1,-20,-2,-19,-3,-20,-4,-19,-5,-19,-6,-19,-6,-18,-6,-17,-6,-17,-6,-17,-6,-16,-5,-17,-4,-16,-4,-17,-3,-16,-3,-17,-2,-17,-2,-17,-1,-18,-1,-17,-1,-16,-1,-16,-1,0,0,-28,-1,-27,-1,-27,0,-26,1,-24,0,-23,1,-21,2,-21,3,-19,4,-18,5,-19,6,-18,6,-17,6,-15,7,-16,7,-16,7,-14,7,-16,7,-15,7,-14,6,-14,6,-13,6,-13,6,-12,5,-12,4,-12,4,-12,3,-11,2,0,0,0,0,0,0,0,0,0,0,0,0,0,0,-30,8,-31,5,-32,2,-32,0,-33,-1,-33,-2,-34,-5,-36,-7,-35,-7,-35,-10,-33,-10,-33,-12,-33,-11,-32,-10,-30,-10,-29,-9,-29,-8,-30,-6,-31,-7,-29,-6,-30,-4,-29,-3,-30,-4,-30,-2,-30,-2,-31,-2,-28,-1,-30,-1]"
618041586366500,23.135518100,90749,1876578192,-50,-98,6,0,1,7,0,0,256,0,0,"[0,0,-2,-15,-3,-15,-3,-14,-2,-13,-3,-14,-4,-12,-4,-12,-4,-12,-4,-10,-4,-10,-4,-9,-5,-9,-5,-9,-5,-9,-6,-8,-5,-8,-6,-8,-5,-7,-5,-7,-5,-7,-5,-7,-5,-7,-4,-7,-4,-7,-3,-6,-3,-6,0,0,0,0,0,0,0,0,0,0,0,0,0,0,0,0,0,0,0,0,0,0,-5,-17,-4,-18,-3,-18,-2,-18,-2,-19,0,-19,0,-19,2,-19,2,-19,3,-19,3,-18,3,-17,3,-17,2,-17,2,-17,1,-16,1,-16,0,-16,-1,-17,-1,-16,-2,-17,-2,-16,-2,-16,-2,-17,-2,-16,-2,-16,0,0,-11,-26,-12,-26,-12,-24,-11,-23,-12,-22,-12,-21,-11,-19,-12,-18,-12,-17,-12,-15,-13,-14,-14,-13,-14,-13,-14,-12,-14,-12,-14,-11,-14,-11,-13,-11,-13,-11,-13,-11,-11,-11,-11,-10,-11,-10,-9,-10,-10,-9,-8,-10,-8,-10,-7,-10,0,0,0,0,0,0,0,0,0,0,0,0,0,0,-20,-23,-18,-26,-16,-27,-15,-29,-14,-29,-12,-30,-11,-33,-10,-34,-8,-34,-6,-35,-5,-35,-5,-34,-4,-33,-4,-32,-4,-32,-5,-30,-5,-30,-6,-29,-7,-29,-7,-29,-9,-29,-9,-29,-10,-28,-11,-29,-12,-29,-12,-28,-12,-27,-12,-29]"
618041606073400,23.155225000,90750,1876599441,-50,-98,6,0,1,7,0,0,256,0,0,"[0,0,0,15,0,14,0,14,0,13,1,12,1,12,1,11,2,11,2,10,2,9,2,9,3,9,3,9,4,8,3,8,4,7,4,8,4,7,3,7,3,7,3,7,3,7,3,7,2,6,2,6,2,6,0,0,0,0,0,0,0,0,0,0,0,0,0,0,0,0,0,0,0,0,0,0,2,16,1,17,1,17,0,18,-1,19,-2,18,-4,19,-4,19,-5,18,-5,18,-6,17,-5,16,-5,16,-5,16,-5,16,-4,15,-3,16,-3,15,-2,16,-2,16,-1,16,-1,16,-1,16,0,16,0,16,0,15,0,0,-3,28,-2,27,-2,26,-1,24,0,23,0,21,1,21,2,20,3,18,3,17,4,17,5,17,5,16,6,16,6,14,6,15,6,14,6,14,7,13,5,13,6,13,5,12,4,12,3,12,3,11,3,11,2,11,1,11,0,0,0,0,0,0,0,0,0,0,0,0,0,0,5,30,3,30,0,31,-1,31,-2,32,-5,32,-7,32,-9,34,-9,33,-11,34,-12,32,-14,31,-14,30,-14,29,-13,28,-12,28,-11,28,-10,27,-9,28,-8,28,-7,28,-5,28,-5,29,-4,30,-3,28,-4,29,-4,29,-3,28]"
618041624407100,23.173558700,90751,1876617589,-50,-98,6,0,1,7,0,0,256,0,0,"[0,0,12,6,12,6,11,5,12,5,10,5,10,4,10,3,9,3,9,2,9,2,9,1,9,1,8,1,8,0,9,0,8,-1,8,0,8,-1,8,0,7,0,7,0,6,0,7,0,6,0,6,0,6,0,0,0,0,0,0,0,0,0,0,0,0,0,0,0,0,0,0,0,0,0,0,0,15,5,15,6,14,7,14,8,15,9,14,10,14,10,13,11,13,11,12,12,11,12,11,11,11,11,10,11,11,10,12,10,11,9,12,9,12,8,12,8,12,8,13,7,13,7,13,7,13,7,13,6,0,0,47,26,46,23,45,21,43,19,42,20,41,14,39,14,38,12,37,11,38,6,34,6,34,5,33,3,33,2,33,1,34,-1,30,-1,33,-1,30,-1,31,0,31,0,27,1,24,1,25,2,25,3,23,5,21,4,21,6,0,0,0,0,0,0,0,0,0,0,0,0,0,0,58,10,59,19,59,24,59,26,55,27,58,32,55,33,57,41,57,40,55,43,52,43,48,45,47,46,45,46,40,45,41,42,43,40,45,37,45,35,44,34,48,35,48,29,49,31,52,26,51,29,51,28,52,27,52,28]"
618041644881100,23.194032700,90752,1876639298,-51,-98,6,0,1,7,0,0,256,0,0,"[0,0,-3,15,-3,13,-3,13,-3,12,-2,12,-2,12,-1,11,-1,11,-1,10,0,10,1,9,1,9,2,9,2,9,2,8,2,8,2,8,2,8,2,8,2,7,1,7,1,7,1,7,1,6,1,6,1,6,0,0,0,0,0,0,0,0,0,0,0,0,0,0,0,0,0,0,0,0,0,0,-1,16,-2,17,-3,17,-4,17,-5,17,-7,17,-7,17,-8,17,-9,16,-9,15,-9,15,-8,15,-8,15,-8,14,-7,15,-7,14,-7,14,-6,14,-5,14,-5,14,-5,15,-4,15,-4,15,-3,15,-3,15,-3,15,0,0,-8,26,-7,25,-8,25,-6,23,-5,22,-4,21,-2,21,-2,20,-1,19,-1,17,0,18,0,17,1,17,2,16,3,16,3,15,3,16,2,16,3,15,3,14,3,13,2,14,1,12,1,12,1,11,0,11,-1,11,-2,11,0,0,0,0,0,0,0,0,0,0,0,0,0,0,0,30,-4,30,-6,31,-7,30,-9,32,-11,31,-13,31,-15,31,-14,31,-16,31,-17,29,-18,29,-20,26,-19,26,-19,25,-18,25,-16,25,-15,25,-14,26,-13,26,-12,26,-11,27,-10,27,-9,28,-9,28,-9,28,-9,27,-8,27]"
618041664900000,23.214051600,90753,1876656608,-50,-98,6,0,1,7,0,0,256,0,0,"[0,0,-11,-9,-11,-8,-10,-8,-10,-7,-10,-7,-9,-6,-9,-5,-9,-5,-9,-4,-9,-4,-9,-3,-9,-3,-9,-3,-8,-3,-8,-2,-8,-2,-8,-2,-8,-2,-8,-2,-8,-2,-8,-2,-7,-2,-6,-2,-6,-2,-6,-2,-6,-2,0,0,0,0,0,0,0,0,0,0,0,0,0,0,0,0,0,0,0,0,0,0,-14,-7,-14,-8,-13,-9,-13,-10,-13,-11,-13,-12,-12,-12,-12,-13,-11,-13,-10,-13,-10,-13,-10,-13,-9,-13,-9,-12,-9,-12,-10,-11,-10,-11,-10,-11,-11,-10,-11,-10,-11,-10,-11,-10,-12,-9,-12,-9,-12,-9,-11,-8,0,0,-45,-32,-43,-33,-40,-30,-39,-27,-40,-26,-38,-22,-36,-20,-37,-20,-34,-16,-36,-13,-36,-10,-33,-11,-33,-9,-32,-6,-34,-5,-34,-7,-32,-5,-34,-5,-33,-4,-30,-5,-30,-3,-27,-6,-27,-6,-24,-5,-25,-6,-22,-9,-23,-6,-20,-9,0,0,0,0,0,0,0,0,0,0,0,0,0,0,-58,-25,-54,-31,-52,-33,-52,-35,-54,-42,-49,-42,-46,-48,-50,-51,-48,-52,-42,-57,-42,-55,-39,-59,-38,-55,-37,-56,-35,-53,-34,-49,-36,-47,-39,-46,-36,-44,-39,-44,-40,-41,-44,-40,-45,-40,-45,-38,-46,-39,-46,-38,-47,-35,-45,-37]"
618041684128800,23.233280400,90754,1876676636,-50,-98,6,0,1,7,0,0,256,0,0,"[0,0,2,-15,0,-15,0,-15,0,-14,0,-13,-1,-13,-1,-12,-1,-12,-1,-11,-2,-10,-3,-10,-3,-10,-4,-9,-4,-9,-4,-9,-4,-9,-4,-9,-4,-9,-4,-9,-3,-8,-3,-8,-2,-8,-3,-8,-3,-7,-3,-7,-2,-7,0,0,0,0,0,0,0,0,0,0,0,0,0,0,0,0,0,0,0,0,0,0,-1,-18,0,-18,1,-18,2,-19,3,-19,5,-19,5,-19,7,-19,7,-18,7,-18,6,-17,6,-17,6,-17,6,-16,6,-16,4,-15,4,-16,4,-16,3,-16,3,-16,2,-17,2,-17,1,-17,1,-17,1,-16,1,-16,0,0,5,-27,3,-27,3,-26,1,-24,1,-24,1,-23,-1,-22,-1,-21,-2,-20,-2,-18,-4,-18,-4,-18,-5,-18,-5,-17,-6,-16,-6,-16,-6,-16,-5,-15,-5,-14,-5,-14,-4,-14,-4,-14,-4,-13,-3,-13,-3,-12,-3,-12,-2,-12,-1,-11,0,0,0,0,0,0,0,0,0,0,0,0,0,0,-4,-31,-1,-32,1,-32,3,-33,5,-32,6,-33,8,-32,11,-33,11,-32,13,-33,13,-32,15,-31,15,-29,15,-29,14,-27,14,-28,12,-28,10,-27,10,-28,9,-27,8,-28,6,-29,7,-29,5,-29,6,-29,4,-29,5,-30,4,-31]"
618041709749000,23.258900600,90755,1876701376,-50,-98,6,0,1,7,0,0,256,0,0,"[0,0,11,-11,10,-11,9,-11,9,-10,8,-10,7,-10,6,-10,6,-10,6,-9,5,-10,4,-9,3,-9,3,-9,3,-9,3,-9,2,-9,2,-9,2,-9,2,-9,2,-8,2,-8,2,-8,2,-7,2,-7,2,-6,2,-6,0,0,0,0,0,0,0,0,0,0,0,0,0,0,0,0,0,0,0,0,0,0,11,-13,12,-13,13,-13,13,-12,15,-12,15,-11,16,-10,17,-10,17,-9,17,-9,16,-8,16,-8,15,-8,15,-8,14,-8,14,-9,13,-9,14,-9,12,-10,12,-10,12,-11,12,-11,12,-12,11,-12,11,-11,12,-11,0,0,21,-17,21,-17,20,-17,18,-15,17,-16,14,-16,14,-15,13,-15,13,-14,11,-14,11,-15,8,-15,8,-15,8,-15,7,-16,8,-16,6,-15,6,-15,6,-14,7,-14,6,-13,6,-13,7,-12,6,-11,6,-11,5,-10,6,-10,6,-9,0,0,0,0,0,0,0,0,0,0,0,0,0,0,19,-25,22,-22,23,-20,25,-19,25,-19,28,-19,28,-16,31,-15,32,-14,32,-12,32,-11,32,-10,31,-10,31,-9,29,-10,28,-10,29,-11,27,-12,27,-12,26,-12,25,-14,25,-16,24,-15,24,-16,24,-16,24,-18,23,-17,24,-17]"
618041725152700,23.274304300,90756,1876719007,-51,-98,6,0,1,7,0,0,256,0,0,"[0,0,0,14,1,14,1,13,1,13,1,12,2,12,2,11,2,10,2,9,3,9,3,9,3,8,4,8,4,7,4,7,4,7,4,7,3,7,4,7,4,7,3,6,3,7,3,6,2,6,2,6,2,5,0,0,0,0,0,0,0,0,0,0,0,0,0,0,0,0,0,0,0,0,0,0,3,16,3,16,2,17,1,17,0,19,-1,18,-1,18,-2,19,-3,18,-4,18,-5,17,-5,16,-4,16,-4,16,-3,15,-3,16,-2,15,-2,15,-1,15,0,16,0,16,0,16,0,16,0,16,0,15,1,15,0,0,10,25,11,24,10,22,10,22,10,20,10,19,10,18,11,17,11,16,11,15,11,13,12,13,12,12,12,11,12,11,12,10,12,10,12,10,11,10,11,10,11,10,10,9,9,9,8,8,8,9,7,9,7,9,6,9,0,0,0,0,0,0,0,0,0,0,0,0,0,0,19,23,16,25,14,26,12,27,13,29,10,29,9,32,8,31,7,32,5,34,4,34,3,34,2,32,2,31,2,30,2,29,3,29,4,29,5,27,6,28,6,26,8,27,9,27,10,27,10,28,10,26,10,27,10,26]"
618041744135000,23.293286600,90757,1876736882,-50,-98,6,0,1,7,0,0,256,0,0,"[0,0,12,-9,11,-9,10,-9,10,-8,9,-8,8,-8,8,-8,7,-8,7,-8,6,-8,5,-8,5,-8,4,-8,4,-8,4,-8,4,-8,3,-8,4,-8,4,-8,4,-8,3,-7,3,-7,3,-6,3,-6,3,-6,3,-6,0,0,0,0,0,0,0,0,0,0,0,0,0,0,0,0,0,0,0,0,0,0,13,-11,13,-11,14,-10,15,-9,15,-9,16,-9,17,-8,17,-7,18,-6,17,-6,17,-5,16,-5,16,-5,15,-5,15,-6,14,-6,14,-6,14,-7,14,-8,13,-8,13,-9,13,-9,13,-9,12,-9,12,-9,13,-9,0,0,16,-23,15,-23,14,-22,13,-21,12,-20,11,-20,10,-19,8,-19,8,-18,7,-18,5,-18,5,-18,4,-18,3,-17,3,-18,2,-17,1,-17,2,-17,2,-16,2,-16,2,-15,2,-14,3,-13,2,-13,3,-13,3,-12,3,-12,4,-11,0,0,0,0,0,0,0,0,0,0,0,0,0,0,11,-29,14,-27,16,-26,18,-26,19,-26,20,-26,22,-25,25,-24,25,-23,27,-22,27,-21,28,-20,27,-19,27,-18,25,-17,24,-17,23,-18,22,-20,21,-20,21,-20,20,-21,19,-22,19,-22,18,-24,19,-23,18,-23,18,-23,17,-23]"
618041766802300,23.315953900,90758,1876762780,-50,-98,6,0,1,7,0,0,256,0,0,"[0,0,-13,-6,-12,-6,-11,-5,-11,-5,-11,-5,-11,-5,-10,-4,-10,-3,-10,-2,-9,-2,-9,-2,-9,-2,-9,-1,-9,-1,-9,0,-8,0,-8,-1,-8,0,-8,0,-8,-1,-8,-1,-7,-1,-7,-1,-7,-1,-6,-1,-6,-1,0,0,0,0,0,0,0,0,0,0,0,0,0,0,0,0,0,0,0,0,0,0,-15,-5,-15,-6,-15,-7,-14,-8,-15,-9,-15,-9,-14,-10,-14,-11,-13,-11,-13,-12,-13,-11,-12,-11,-12,-11,-11,-11,-11,-10,-12,-9,-12,-9,-12,-9,-12,-8,-13,-8,-12,-8,-13,-7,-14,-7,-13,-7,-13,-7,-13,-6,0,0,-56,-18,-50,-18,-51,-17,-46,-14,-47,-15,-42,-10,-42,-10,-40,-7,-40,-5,-36,-5,-38,0,-35,-1,-34,2,-35,2,-34,4,-35,3,-31,4,-33,5,-31,5,-30,5,-32,3,-29,2,-24,2,-25,2,-26,0,-25,-2,-21,-2,-22,-4,0,0,0,0,0,0,0,0,0,0,0,0,0,0,-62,-6,-61,-13,-62,-18,-63,-20,-60,-21,-62,-27,-60,-30,-65,-34,-61,-36,-59,-39,-57,-41,-53,-43,-52,-43,-50,-41,-49,-41,-49,-38,-50,-36,-50,-32,-51,-32,-52,-28,-53,-26,-53,-27,-54,-27,-53,-22,-55,-24,-53,-23,-53,-20,-56,-23]"
618041785985600,23.335137200,90759,1876778562,-51,-98,6,0,1,7,0,0,256,0,0,"[0,0,-15,4,-14,4,-14,4,-13,4,-12,4,-12,4,-11,5,-10,4,-10,5,-9,5,-9,5,-8,5,-8,5,-7,6,-7,6,-7,6,-7,6,-7,6,-7,5,-7,5,-7,5,-6,5,-6,4,-6,4,-6,3,-6,3,0,0,0,0,0,0,0,0,0,0,0,0,0,0,0,0,0,0,0,0,0,0,-17,6,-17,5,-17,5,-18,4,-19,3,-20,2,-20,2,-20,0,-20,0,-19,-1,-19,-1,-18,-1,-18,-1,-17,-1,-17,0,-17,1,-17,1,-17,2,-16,2,-16,3,-16,3,-16,3,-17,3,-16,3,-16,4,-16,4,0,0,-27,5,-28,4,-25,5,-24,5,-22,5,-21,7,-20,6,-19,8,-18,7,-18,8,-16,8,-16,9,-14,9,-14,9,-14,10,-13,10,-13,10,-13,9,-12,9,-12,9,-13,7,-10,8,-12,8,-11,6,-11,5,-10,5,-11,5,-10,5,0,0,0,0,0,0,0,0,0,0,0,0,0,0,-30,12,-30,9,-31,6,-31,5,-33,5,-32,3,-35,1,-35,-1,-36,-1,-36,-4,-35,-5,-35,-6,-33,-7,-33,-6,-32,-6,-30,-6,-30,-3,-31,-2,-29,-1,-30,-2,-29,1,-30,2,-30,3,-29,4,-31,3,-29,4,-28,4,-28,3]"
618041806309900,23.355461500,90760,1876804529,-50,-98,6,0,1,7,0,0,256,0,0,"[0,0,13,-8,12,-8,11,-8,11,-7,10,-7,9,-7,8,-7,8,-8,7,-8,7,-8,6,-8,5,-8,5,-8,5,-8,5,-8,5,-8,4,-8,4,-8,4,-7,4,-7,4,-7,4,-7,3,-6,4,-6,4,-6,4,-5,0,0,0,0,0,0,0,0,0,0,0,0,0,0,0,0,0,0,0,0,0,0,14,-10,14,-10,15,-9,16,-8,17,-8,17,-7,18,-6,18,-6,18,-5,18,-4,17,-4,17,-4,16,-4,16,-4,15,-5,15,-5,15,-5,15,-6,14,-6,14,-7,14,-7,14,-7,14,-8,13,-8,13,-8,13,-8,0,0,24,-16,22,-17,20,-16,20,-15,17,-14,17,-15,15,-15,14,-15,12,-15,11,-15,10,-16,9,-15,8,-15,7,-16,7,-16,8,-16,6,-15,6,-14,7,-14,6,-13,6,-13,5,-12,7,-12,5,-11,5,-11,6,-10,6,-11,7,-9,0,0,0,0,0,0,0,0,0,0,0,0,0,0,21,-23,23,-21,25,-20,26,-18,28,-19,28,-16,31,-16,32,-13,32,-13,34,-10,34,-10,33,-9,33,-8,31,-8,31,-8,28,-9,28,-10,27,-10,27,-11,27,-11,26,-13,25,-14,26,-15,25,-16,25,-15,23,-17,23,-16,24,-16]"
618041823877000,23.373028600,90761,1876816585,-50,-98,6,0,1,7,0,0,256,0,0,"[0,0,13,-8,12,-8,11,-8,11,-7,10,-7,9,-7,8,-8,8,-8,7,-7,7,-8,7,-7,6,-8,5,-8,5,-8,4,-8,4,-8,4,-8,4,-8,4,-8,4,-7,4,-7,3,-7,3,-6,4,-6,4,-6,3,-5,0,0,0,0,0,0,0,0,0,0,0,0,0,0,0,0,0,0,0,0,0,0,14,-9,16,-9,15,-8,16,-8,17,-7,18,-7,18,-6,18,-5,19,-5,18,-3,18,-3,17,-2,17,-3,16,-3,16,-4,15,-5,15,-5,15,-5,15,-6,14,-7,14,-7,14,-8,15,-7,14,-7,14,-7,13,-8,0,0,15,-23,14,-23,14,-23,12,-21,11,-21,10,-21,9,-20,8,-19,7,-19,5,-19,4,-18,3,-18,3,-18,2,-17,1,-18,1,-17,1,-17,1,-17,1,-16,1,-16,1,-15,1,-15,1,-13,2,-13,2,-12,2,-12,3,-11,3,-11,0,0,0,0,0,0,0,0,0,0,0,0,0,0,11,-28,14,-27,16,-26,18,-26,19,-25,20,-26,22,-25,25,-24,25,-24,26,-23,27,-21,27,-20,26,-20,26,-19,25,-18,24,-19,23,-19,22,-20,21,-21,21,-20,20,-22,18,-22,18,-23,17,-23,18,-24,17,-24,17,-24,17,-24]"
618041844262500,23.393414100,90762,1876836692,-51,-98,6,0,1,7,0,0,256,0,0,"[0,0,14,-6,12,-7,12,-6,12,-6,11,-6,10,-6,9,-6,8,-7,8,-7,7,-7,7,-7,6,-7,6,-8,5,-8,5,-8,5,-8,5,-7,5,-7,5,-7,5,-7,5,-7,4,-6,4,-6,4,-6,4,-5,4,-5,0,0,0,0,0,0,0,0,0,0,0,0,0,0,0,0,0,0,0,0,0,0,14,-9,15,-8,16,-7,17,-7,18,-6,18,-5,18,-4,19,-3,19,-3,18,-2,18,-2,17,-2,17,-2,16,-3,16,-3,15,-4,15,-4,15,-4,15,-5,15,-5,15,-6,15,-6,15,-6,14,-7,14,-7,14,-7,0,0,22,-17,21,-17,20,-16,19,-16,17,-15,16,-15,15,-15,14,-15,13,-15,11,-15,10,-16,9,-16,8,-16,7,-15,7,-16,7,-15,7,-15,6,-15,6,-15,6,-14,6,-13,6,-13,6,-12,6,-11,5,-11,5,-10,6,-10,6,-9,0,0,0,0,0,0,0,0,0,0,0,0,0,0,19,-24,21,-22,23,-20,24,-19,26,-18,26,-17,29,-17,30,-15,32,-14,32,-13,32,-11,32,-11,31,-11,30,-11,29,-10,28,-10,27,-11,27,-11,26,-12,26,-13,25,-13,25,-15,24,-16,25,-16,24,-17,24,-18,23,-18,23,-17]"
618041864155700,23.413307300,90763,1876856489,-50,-98,6,0,1,7,0,0,256,0,0,"[0,0,6,-14,5,-14,5,-13,4,-13,4,-13,3,-12,3,-12,2,-11,2,-11,1,-11,0,-10,0,-10,-1,-10,-1,-10,-1,-10,-1,-9,-1,-9,-1,-9,-1,-9,-1,-8,-1,-8,-1,-8,-1,-8,-1,-7,0,-7,0,-7,0,0,0,0,0,0,0,0,0,0,0,0,0,0,0,0,0,0,0,0,0,0,4,-17,5,-17,6,-17,7,-17,8,-17,10,-17,10,-16,12,-16,12,-15,12,-15,12,-15,11,-14,11,-14,10,-13,10,-14,9,-14,9,-13,8,-14,8,-15,7,-15,7,-14,6,-15,6,-15,6,-15,5,-15,6,-15,0,0,2,-28,1,-28,1,-26,0,-25,0,-23,-1,-23,-2,-22,-3,-21,-3,-20,-5,-19,-5,-18,-6,-18,-6,-17,-7,-17,-7,-16,-7,-16,-8,-15,-7,-15,-7,-15,-7,-14,-6,-14,-5,-13,-5,-13,-5,-12,-4,-12,-4,-11,-3,-12,-3,-11,0,0,0,0,0,0,0,0,0,0,0,0,0,0,-5,-30,-2,-31,0,-31,2,-32,3,-33,5,-32,6,-34,8,-33,10,-33,11,-33,12,-32,13,-32,12,-31,12,-30,12,-29,11,-29,10,-28,9,-28,8,-28,8,-29,6,-28,5,-29,4,-29,4,-30,3,-31,2,-29,2,-30,3,-29]"
618041882846500,23.431998100,90764,1876876543,-51,-98,6,0,1,7,0,0,256,0,0,"[0,0,14,-7,12,-7,12,-7,12,-7,11,-7,10,-7,9,-7,8,-7,7,-8,7,-7,7,-7,6,-7,6,-7,5,-8,5,-8,5,-8,4,-7,5,-7,5,-8,5,-7,5,-7,4,-6,4,-6,4,-6,4,-5,4,-5,0,0,0,0,0,0,0,0,0,0,0,0,0,0,0,0,0,0,0,0,0,0,14,-10,15,-10,15,-9,16,-9,17,-8,19,-7,18,-7,19,-6,19,-5,18,-4,18,-3,18,-3,17,-3,16,-4,16,-4,16,-5,15,-5,15,-6,15,-6,14,-7,15,-7,14,-7,15,-8,15,-7,14,-7,15,-8,0,0,20,-18,19,-19,18,-19,17,-18,16,-17,15,-17,14,-16,13,-16,11,-16,9,-16,8,-17,8,-16,7,-16,6,-15,6,-17,5,-16,5,-15,5,-15,5,-15,5,-14,5,-14,5,-12,5,-13,4,-11,5,-11,5,-10,5,-10,6,-9,0,0,0,0,0,0,0,0,0,0,0,0,0,0,16,-26,19,-24,21,-22,22,-21,23,-22,24,-21,27,-19,29,-18,29,-18,32,-15,29,-15,31,-14,31,-13,29,-12,28,-11,27,-12,26,-13,25,-15,25,-15,25,-15,24,-16,23,-18,23,-17,22,-18,24,-19,23,-20,22,-19,23,-19]"
618041902379500,23.451531100,90765,1876896618,-51,-98,6,0,1,7,0,0,256,0,0,"[0,0,15,0,14,-1,13,-1,13,-1,12,-1,11,-1,10,-2,10,-2,10,-3,10,-3,9,-4,8,-4,8,-4,8,-4,8,-4,7,-5,7,-4,7,-4,7,-4,7,-3,7,-4,6,-3,6,-3,6,-3,5,-3,6,-2,0,0,0,0,0,0,0,0,0,0,0,0,0,0,0,0,0,0,0,0,0,0,17,-3,17,-2,17,-1,17,-1,18,0,19,2,19,3,18,4,18,4,17,4,17,4,16,4,16,4,16,4,15,4,15,3,15,3,16,2,15,1,15,1,15,1,15,0,16,0,15,0,15,0,15,0,0,0,24,-14,23,-14,21,-14,20,-13,19,-13,18,-13,17,-13,15,-13,15,-13,13,-14,11,-14,11,-14,10,-14,9,-14,9,-14,9,-15,8,-14,8,-14,8,-13,8,-12,8,-12,8,-12,7,-11,7,-11,7,-10,7,-9,7,-8,7,-7,0,0,0,0,0,0,0,0,0,0,0,0,0,0,20,-22,23,-21,24,-19,26,-17,27,-17,28,-15,30,-14,31,-13,32,-11,33,-10,33,-8,33,-8,32,-8,31,-8,30,-8,29,-8,29,-8,28,-9,28,-10,27,-10,27,-11,27,-12,26,-12,26,-13,25,-14,25,-15,25,-15,25,-15]"
618041925033300,23.474184900,90766,1876919500,-51,-98,6,0,1,7,0,0,256,0,0,"[0,0,-8,-12,-7,-12,-7,-12,-7,-11,-7,-11,-7,-10,-7,-9,-7,-8,-7,-8,-7,-7,-7,-6,-7,-6,-8,-6,-8,-6,-7,-5,-7,-5,-7,-4,-8,-5,-7,-4,-7,-4,-6,-4,-6,-5,-6,-4,-6,-4,-5,-4,-5,-4,0,0,0,0,0,0,0,0,0,0,0,0,0,0,0,0,0,0,0,0,0,0,-10,-14,-9,-15,-8,-15,-8,-16,-7,-17,-7,-18,-6,-18,-5,-18,-5,-18,-4,-18,-4,-17,-3,-17,-4,-17,-3,-16,-4,-16,-5,-15,-5,-15,-5,-15,-6,-15,-6,-14,-7,-14,-7,-14,-7,-14,-7,-14,-7,-14,-7,-14,0,0,-15,-24,-14,-23,-13,-22,-14,-21,-13,-20,-13,-18,-13,-17,-13,-17,-14,-14,-13,-14,-13,-13,-14,-12,-14,-11,-14,-10,-14,-9,-14,-9,-14,-9,-14,-8,-13,-8,-13,-8,-12,-8,-11,-9,-11,-8,-10,-8,-10,-7,-10,-8,-8,-8,-7,-8,0,0,0,0,0,0,0,0,0,0,0,0,0,0,-21,-23,-18,-26,-18,-26,-17,-28,-16,-29,-15,-30,-13,-32,-12,-33,-12,-34,-9,-34,-9,-34,-7,-34,-6,-32,-6,-32,-6,-31,-6,-30,-8,-30,-9,-29,-9,-28,-10,-28,-11,-28,-12,-27,-13,-27,-14,-27,-14,-27,-14,-26,-14,-26,-14,-26]"
618041944372200,23.493523800,90767,1876936597,-50,-98,6,0,1,7,0,0,256,0,0,"[0,0,-10,-12,-9,-12,-9,-11,-9,-10,-8,-10,-9,-9,-9,-8,-8,-8,-8,-7,-8,-7,-9,-6,-8,-5,-9,-5,-8,-4,-8,-4,-8,-4,-8,-4,-8,-4,-8,-3,-7,-4,-7,-4,-7,-4,-7,-4,-6,-4,-6,-4,-5,-3,0,0,0,0,0,0,0,0,0,0,0,0,0,0,0,0,0,0,0,0,0,0,-12,-12,-12,-13,-11,-14,-11,-15,-11,-16,-10,-17,-9,-17,-9,-17,-8,-17,-7,-17,-7,-17,-7,-17,-6,-16,-6,-16,-7,-16,-7,-15,-8,-15,-8,-14,-9,-14,-9,-14,-9,-13,-10,-13,-10,-14,-10,-13,-10,-13,-10,-13,0,0,-22,-18,-22,-17,-21,-16,-20,-15,-19,-14,-19,-13,-19,-12,-18,-10,-18,-9,-18,-8,-17,-7,-17,-6,-17,-5,-17,-5,-17,-4,-16,-4,-17,-3,-16,-3,-15,-4,-15,-3,-14,-3,-14,-4,-13,-3,-12,-3,-12,-4,-11,-4,-11,-4,-10,-5,0,0,0,0,0,0,0,0,0,0,0,0,0,0,-28,-13,-27,-16,-26,-18,-25,-20,-25,-21,-24,-22,-24,-25,-23,-26,-23,-28,-21,-28,-20,-28,-19,-29,-18,-29,-17,-28,-17,-27,-17,-26,-17,-25,-18,-24,-19,-23,-19,-23,-20,-22,-21,-21,-22,-20,-23,-20,-23,-20,-23,-20,-23,-20,-22,-19]"
618041961827900,23.510979500,90768,1876956554,-51,-98,6,0,1,7,0,0,256,0,0,"[0,0,14,4,13,3,13,3,12,2,12,2,11,2,11,1,10,0,10,0,10,-1,9,-1,9,-2,9,-2,9,-2,8,-3,8,-3,8,-3,8,-3,7,-3,7,-2,7,-2,6,-2,7,-2,6,-2,6,-1,6,-1,0,0,0,0,0,0,0,0,0,0,0,0,0,0,0,0,0,0,0,0,0,0,17,2,17,4,17,4,16,6,17,7,17,7,17,9,17,9,16,9,15,10,15,10,14,9,14,9,14,8,14,8,14,7,14,7,14,7,14,6,14,5,14,5,15,4,15,4,15,4,15,4,15,3,0,0,26,6,26,5,23,4,23,4,21,3,21,3,20,2,19,1,18,0,18,-1,17,-2,16,-4,16,-4,16,-3,16,-5,15,-5,14,-6,13,-5,13,-5,14,-4,14,-3,13,-3,10,-3,11,-3,12,-3,11,-2,10,-2,9,-1,0,0,0,0,0,0,0,0,0,0,0,0,0,0,30,-2,31,1,31,3,30,7,31,7,30,8,32,10,32,13,30,15,31,18,29,17,28,18,28,16,27,16,26,16,26,14,26,15,26,13,25,12,26,10,26,10,26,10,26,10,27,9,28,8,28,6,27,5,29,6]"
618041985668700,23.534820300,90769,1876976767,-50,-98,6,0,1,7,0,0,256,0,0,"[0,0,-9,-12,-9,-13,-9,-12,-9,-11,-9,-11,-8,-10,-9,-9,-8,-9,-8,-7,-9,-7,-8,-7,-9,-6,-9,-5,-9,-5,-9,-4,-8,-4,-9,-4,-9,-4,-8,-4,-8,-3,-7,-4,-7,-3,-7,-4,-6,-4,-6,-4,-6,-4,0,0,0,0,0,0,0,0,0,0,0,0,0,0,0,0,0,0,0,0,0,0,-10,-14,-10,-16,-9,-16,-9,-17,-8,-18,-8,-18,-7,-19,-6,-19,-6,-19,-5,-19,-4,-18,-4,-18,-4,-18,-4,-17,-5,-16,-6,-16,-6,-16,-7,-16,-7,-15,-8,-15,-8,-15,-9,-15,-9,-15,-9,-14,-9,-14,-8,-14,0,0,-18,-21,-17,-22,-17,-20,-18,-19,-16,-17,-16,-16,-16,-16,-16,-14,-16,-12,-16,-11,-16,-8,-17,-9,-16,-8,-16,-7,-16,-6,-16,-5,-15,-6,-15,-6,-15,-6,-14,-6,-13,-6,-13,-5,-13,-5,-11,-5,-12,-5,-10,-6,-10,-5,-9,-6,0,0,0,0,0,0,0,0,0,0,0,0,0,0,-25,-20,-23,-23,-22,-24,-20,-26,-19,-27,-16,-27,-17,-30,-16,-31,-15,-33,-13,-34,-11,-33,-11,-34,-12,-32,-11,-31,-11,-30,-11,-29,-12,-29,-13,-28,-13,-26,-14,-27,-14,-25,-15,-25,-16,-25,-17,-25,-18,-24,-19,-24,-18,-23,-19,-24]"
618042004130700,23.553282300,90770,1876996498,-51,-98,6,0,1,7,0,0,256,0,0,"[0,0,-3,-15,-3,-15,-3,-14,-3,-13,-3,-13,-4,-12,-4,-11,-4,-11,-4,-10,-4,-10,-5,-9,-5,-9,-5,-8,-6,-8,-6,-7,-5,-7,-6,-7,-5,-7,-5,-7,-5,-6,-5,-6,-4,-6,-4,-6,-4,-6,-3,-6,-4,-5,0,0,0,0,0,0,0,0,0,0,0,0,0,0,0,0,0,0,0,0,0,0,-5,-16,-5,-17,-4,-18,-3,-18,-2,-19,-1,-19,0,-19,0,-19,1,-19,2,-19,2,-18,2,-17,1,-17,2,-17,1,-17,0,-16,0,-16,-1,-16,-1,-16,-2,-16,-2,-16,-2,-16,-3,-16,-3,-16,-3,-16,-3,-16,0,0,-15,-23,-16,-23,-15,-21,-15,-20,-14,-19,-14,-18,-14,-17,-14,-16,-13,-14,-14,-13,-15,-11,-15,-11,-15,-10,-15,-10,-15,-9,-15,-8,-15,-8,-14,-8,-14,-8,-14,-9,-12,-8,-12,-8,-11,-7,-11,-7,-10,-7,-10,-7,-10,-7,-9,-8,0,0,0,0,0,0,0,0,0,0,0,0,0,0,-23,-21,-21,-23,-20,-24,-17,-26,-18,-28,-16,-28,-16,-31,-14,-32,-12,-33,-10,-34,-9,-33,-9,-34,-9,-32,-9,-31,-8,-31,-9,-29,-9,-29,-10,-29,-11,-27,-12,-27,-13,-27,-13,-27,-13,-27,-14,-27,-15,-26,-16,-25,-16,-25,-16,-25]"
618042024241100,23.573392700,90771,1877016558,-51,-98,6,0,1,7,0,0,256,0,0,"[0,0,2,-14,2,-14,2,-14,2,-13,2,-13,0,-12,0,-12,-1,-11,-1,-11,-1,-10,-1,-10,-2,-10,-2,-10,-3,-9,-3,-9,-3,-9,-3,-9,-3,-8,-3,-8,-3,-8,-3,-8,-3,-7,-3,-7,-3,-7,-2,-6,-2,-6,0,0,0,0,0,0,0,0,0,0,0,0,0,0,0,0,0,0,0,0,0,0,2,-17,3,-18,3,-17,4,-18,5,-18,7,-18,7,-17,8,-17,8,-17,8,-16,8,-16,8,-16,8,-15,7,-15,7,-15,6,-15,6,-15,5,-15,5,-16,4,-15,4,-15,4,-16,3,-16,3,-15,3,-16,3,-16,0,0,-1,-28,-2,-28,-2,-26,-3,-25,-3,-23,-4,-23,-4,-21,-5,-21,-6,-19,-6,-19,-7,-17,-7,-17,-8,-16,-8,-15,-9,-16,-9,-15,-9,-14,-8,-14,-9,-13,-8,-13,-8,-13,-6,-12,-7,-12,-6,-11,-6,-11,-5,-11,-5,-11,-4,-11,0,0,0,0,0,0,0,0,0,0,0,0,0,0,-9,-30,-5,-31,-3,-30,-1,-31,-1,-34,0,-32,2,-34,5,-35,5,-36,8,-35,8,-34,9,-34,10,-32,10,-31,9,-30,8,-29,7,-29,6,-30,5,-28,4,-30,3,-29,1,-30,1,-30,0,-30,0,-31,0,-30,0,-29,0,-30]"
618042046899200,23.596050800,90772,1877038064,-51,-98,6,0,1,7,0,0,256,0,0,"[0,0,-14,-7,-14,-7,-13,-7,-12,-7,-12,-6,-12,-5,-11,-4,-11,-4,-11,-3,-10,-2,-10,-2,-10,-2,-10,-2,-10,-1,-10,-1,-10,-1,-9,-1,-9,0,-9,0,-8,0,-8,0,-8,-1,-8,-1,-7,-1,-7,-1,-7,-1,0,0,0,0,0,0,0,0,0,0,0,0,0,0,0,0,0,0,0,0,0,0,-16,-7,-16,-8,-16,-9,-16,-10,-16,-11,-16,-12,-16,-13,-15,-13,-14,-14,-13,-14,-13,-14,-13,-14,-12,-13,-12,-13,-12,-12,-12,-11,-13,-11,-13,-10,-14,-10,-14,-9,-14,-9,-14,-9,-14,-9,-15,-9,-14,-9,-14,-8,0,0,-45,-32,-44,-32,-41,-28,-42,-26,-39,-23,-38,-22,-36,-19,-35,-18,-36,-15,-37,-13,-35,-10,-34,-8,-32,-6,-33,-6,-33,-5,-31,-4,-30,-4,-31,-5,-30,-3,-30,-4,-27,-5,-26,-4,-26,-6,-23,-5,-23,-4,-22,-6,-22,-5,-22,-8,0,0,0,0,0,0,0,0,0,0,0,0,0,0,-60,-21,-57,-26,-57,-32,-53,-35,-54,-38,-50,-41,-53,-46,-52,-48,-47,-52,-46,-55,-43,-55,-42,-54,-41,-53,-41,-53,-36,-50,-39,-48,-38,-46,-40,-44,-41,-44,-42,-43,-41,-40,-43,-39,-46,-37,-46,-38,-50,-38,-47,-33,-48,-34,-48,-35]"
618042064134200,23.613285800,90773,1877057569,-51,-98,6,0,1,7,0,0,256,0,0,"[0,0,-7,13,-7,13,-6,12,-6,12,-5,11,-4,11,-4,11,-3,10,-3,10,-3,9,-2,9,-1,9,-1,9,0,8,0,8,0,8,0,8,0,8,0,8,0,7,0,7,0,7,0,7,0,6,0,5,-1,6,0,0,0,0,0,0,0,0,0,0,0,0,0,0,0,0,0,0,0,0,0,0,-7,15,-8,16,-9,16,-10,16,-11,15,-12,15,-13,15,-14,14,-14,14,-14,13,-14,12,-13,12,-13,12,-12,12,-12,12,-11,12,-11,12,-10,12,-10,13,-10,13,-9,13,-9,13,-8,14,-8,15,-7,14,-7,14,0,0,-15,24,-13,22,-13,22,-12,20,-10,21,-9,19,-8,19,-7,18,-6,17,-4,16,-4,16,-3,16,-2,16,-2,16,-1,15,0,15,0,16,0,15,-1,14,-1,13,-1,13,-1,13,-1,12,-2,12,-1,11,-1,10,-2,10,-3,10,0,0,0,0,0,0,0,0,0,0,0,0,0,0,-9,28,-12,30,-14,27,-17,29,-18,27,-20,26,-21,27,-23,26,-24,24,-26,24,-28,23,-26,22,-25,22,-24,21,-24,20,-23,21,-23,21,-20,20,-21,21,-19,21,-19,23,-18,22,-18,24,-17,24,-15,22,-15,24,-15,24,-16,24]"
618042083905900,23.633057500,90774,1877076622,-50,-98,6,0,1,7,0,0,256,0,0,"[0,0,-15,6,-14,5,-13,5,-13,5,-12,5,-11,5,-10,5,-9,5,-10,6,-8,6,-8,6,-7,6,-7,6,-6,6,-7,6,-6,6,-5,7,-6,6,-6,6,-6,6,-5,5,-5,5,-5,5,-5,5,-5,4,-5,4,0,0,0,0,0,0,0,0,0,0,0,0,0,0,0,0,0,0,0,0,0,0,-16,7,-17,7,-17,6,-18,5,-19,5,-20,4,-20,3,-20,2,-20,1,-19,1,-19,1,-18,1,-18,1,-17,1,-17,2,-17,2,-17,2,-16,3,-16,3,-16,4,-16,4,-16,4,-16,5,-15,5,-15,6,-15,6,0,0,-28,7,-25,7,-25,7,-23,7,-22,7,-20,8,-19,9,-18,9,-17,9,-17,9,-14,10,-15,10,-14,10,-12,11,-13,11,-11,10,-11,11,-11,11,-11,10,-10,10,-10,9,-10,9,-9,8,-9,8,-9,7,-9,7,-9,6,-10,5,0,0,0,0,0,0,0,0,0,0,0,0,0,0,-27,15,-30,11,-30,10,-32,9,-32,7,-33,6,-34,5,-35,3,-35,2,-36,0,-35,-1,-35,-1,-33,-1,-33,-2,-31,-2,-30,-2,-30,0,-30,1,-29,1,-29,3,-29,4,-29,5,-29,6,-30,6,-29,7,-28,7,-28,8,-29,7]"
618042102304800,23.651456400,90775,1877096504,-50,-98,6,0,1,7,0,0,256,0,0,"[0,0,13,6,13,5,12,5,12,5,11,4,11,4,10,3,10,3,10,1,10,1,9,0,9,0,9,0,9,0,9,-1,8,-2,8,-1,8,-1,8,-1,8,-1,7,-1,7,-1,7,-1,6,0,6,0,6,0,0,0,0,0,0,0,0,0,0,0,0,0,0,0,0,0,0,0,0,0,0,0,16,5,16,6,16,7,15,8,16,9,16,10,15,11,15,12,15,12,13,12,13,12,12,12,12,11,12,11,12,10,12,10,13,9,13,9,13,8,13,8,14,7,14,7,14,7,14,6,14,6,14,5,0,0,24,13,23,11,23,12,21,9,21,11,19,8,19,8,18,6,18,6,18,3,18,2,16,1,17,0,16,0,16,0,17,0,15,-1,16,-1,15,-1,15,0,13,0,13,1,13,0,11,-1,11,1,11,1,9,1,10,1,0,0,0,0,0,0,0,0,0,0,0,0,0,0,28,6,28,10,28,11,29,16,27,16,27,18,26,19,27,23,26,24,25,25,22,24,22,24,22,24,21,23,21,22,21,21,21,21,20,19,22,19,21,18,23,17,23,16,22,16,24,16,24,15,26,13,25,13,26,13]"
618042126835600,23.675987200,90776,1877117421,-51,-98,6,0,1,7,0,0,256,0,0,"[0,0,-14,-7,-14,-7,-13,-7,-13,-6,-12,-6,-11,-5,-12,-4,-11,-4,-11,-3,-10,-2,-10,-2,-10,-2,-10,-1,-9,-1,-9,0,-9,0,-9,-1,-9,0,-9,0,-9,0,-9,-1,-8,-1,-7,-1,-7,-1,-7,-1,-7,-1,0,0,0,0,0,0,0,0,0,0,0,0,0,0,0,0,0,0,0,0,0,0,-17,-8,-16,-9,-16,-9,-16,-10,-16,-11,-16,-12,-16,-13,-15,-14,-14,-14,-13,-15,-13,-14,-13,-14,-12,-13,-12,-12,-12,-12,-13,-11,-13,-11,-13,-11,-13,-10,-14,-9,-14,-9,-14,-9,-15,-9,-14,-8,-14,-8,-14,-8,0,0,-27,-2,-28,-1,-26,-1,-25,-1,-24,1,-22,1,-21,2,-21,3,-19,3,-19,4,-18,5,-18,5,-16,6,-15,7,-16,7,-15,7,-15,7,-14,6,-14,7,-14,6,-13,6,-13,6,-13,5,-12,5,-12,3,-10,3,-11,4,-11,2,0,0,0,0,0,0,0,0,0,0,0,0,0,0,-30,5,-32,2,-31,0,-31,-2,-33,-3,-32,-4,-34,-7,-34,-9,-34,-9,-34,-11,-33,-12,-33,-13,-31,-14,-31,-13,-29,-12,-29,-11,-28,-10,-29,-9,-28,-8,-29,-8,-29,-6,-29,-4,-30,-5,-30,-4,-30,-3,-30,-3,-29,-2,-29,-2]"
618042142263600,23.691415200,90777,1877137371,-51,-98,6,0,1,7,0,0,256,0,0,"[0,0,13,0,13,0,12,0,11,0,11,0,10,-1,10,-1,9,-1,9,-2,9,-2,8,-2,8,-3,7,-3,7,-3,7,-4,7,-4,7,-4,7,-4,6,-4,6,-3,6,-3,5,-2,5,-2,5,-2,6,-2,5,-2,0,0,0,0,0,0,0,0,0,0,0,0,0,0,0,0,0,0,0,0,0,0,15,-1,15,0,15,1,16,2,16,3,16,3,16,4,16,5,15,6,15,6,14,6,14,6,14,6,13,5,13,5,13,4,13,4,13,3,13,3,14,2,14,2,14,2,14,2,14,1,13,1,13,1,0,0,25,1,26,-1,25,0,24,0,22,-1,21,-3,20,-2,18,-3,19,-3,16,-5,17,-7,16,-7,14,-7,15,-7,14,-8,15,-8,14,-8,14,-8,13,-9,15,-7,12,-7,11,-5,11,-7,12,-5,11,-4,10,-6,10,-3,9,-2,0,0,0,0,0,0,0,0,0,0,0,0,0,0,30,-8,30,-4,31,-2,31,0,32,1,32,2,33,5,33,5,33,8,34,10,33,10,31,10,31,11,29,10,29,11,28,9,28,8,28,8,28,8,29,7,27,5,28,3,28,3,29,2,30,2,28,0,28,1,29,2]"
618042166965400,23.716117000,90778,1877164374,-51,-98,6,0,1,7,0,0,256,0,0,"[0,0,-13,8,-12,8,-11,7,-11,7,-10,7,-9,7,-9,7,-8,7,-8,7,-7,7,-7,7,-6,7,-5,7,-5,7,-5,7,-5,7,-4,7,-5,7,-5,7,-5,6,-5,6,-4,5,-4,5,-4,5,-4,5,-4,4,0,0,0,0,0,0,0,0,0,0,0,0,0,0,0,0,0,0,0,0,0,0,-14,10,-15,10,-15,10,-16,8,-17,8,-18,7,-18,7,-19,6,-19,5,-18,5,-18,4,-18,4,-17,4,-16,4,-16,5,-16,5,-16,5,-15,6,-15,6,-15,7,-14,7,-14,8,-15,8,-14,8,-13,9,-13,8,0,0,-18,21,-17,21,-16,20,-15,19,-13,18,-12,18,-11,18,-10,17,-9,17,-8,16,-7,16,-7,17,-5,16,-5,16,-4,16,-4,15,-4,15,-3,15,-3,14,-4,14,-4,13,-4,13,-4,12,-4,10,-4,10,-5,10,-5,9,-5,9,0,0,0,0,0,0,0,0,0,0,0,0,0,0,-11,27,-15,27,-17,25,-18,25,-20,25,-21,23,-23,24,-25,23,-26,22,-27,22,-27,20,-28,19,-28,17,-27,17,-26,17,-25,17,-25,18,-23,18,-23,18,-22,19,-21,20,-20,21,-20,21,-20,22,-19,22,-19,22,-19,22,-19,22]"
618042182275000,23.731426600,90779,1877176502,-51,-98,6,0,1,7,0,0,256,0,0,"[0,0,7,12,7,12,7,11,7,11,7,10,7,9,7,9,7,8,7,7,7,6,7,5,7,6,7,5,7,4,7,4,7,4,7,4,7,4,7,4,6,4,6,3,6,4,5,4,5,4,4,3,4,3,0,0,0,0,0,0,0,0,0,0,0,0,0,0,0,0,0,0,0,0,0,0,10,13,10,14,9,15,9,15,8,16,7,17,7,17,5,18,5,17,4,18,4,17,4,17,4,16,4,16,5,15,5,15,5,15,6,14,6,14,7,14,7,14,7,13,8,14,8,14,8,13,8,13,0,0,21,16,22,15,21,14,20,13,19,12,19,11,18,10,17,9,17,8,17,6,17,4,17,4,16,3,16,3,16,2,16,2,16,1,15,1,14,2,14,2,13,3,13,2,13,2,12,2,11,2,11,3,10,3,9,4,0,0,0,0,0,0,0,0,0,0,0,0,0,0,28,9,27,12,27,14,26,16,25,18,25,19,25,22,24,23,23,25,21,26,21,27,20,27,20,26,19,25,19,24,19,23,19,23,19,21,19,21,20,21,20,20,21,19,21,19,22,18,23,17,23,16,23,16,23,16]"
618042202876000,23.752027600,90780,1877196608,-51,-98,6,0,1,7,0,0,256,0,0,"[0,0,11,9,11,9,10,8,10,7,10,7,9,6,9,6,9,5,9,5,8,4,8,3,8,3,8,2,8,2,8,2,8,1,8,2,8,1,8,1,7,2,7,1,6,1,6,2,6,2,5,2,6,2,0,0,0,0,0,0,0,0,0,0,0,0,0,0,0,0,0,0,0,0,0,0,14,9,14,10,14,11,13,11,13,13,13,13,12,14,12,15,11,15,10,15,9,15,9,15,9,14,9,14,9,13,9,12,9,12,10,12,10,11,11,11,11,11,12,11,12,11,11,10,12,10,12,10,0,0,54,10,51,8,50,8,47,8,46,6,43,4,42,2,40,1,39,-1,36,-3,35,-5,34,-7,34,-8,34,-9,31,-8,32,-9,31,-9,30,-9,28,-8,29,-8,27,-7,26,-7,24,-7,24,-6,23,-5,23,-3,23,-3,22,0,0,0,0,0,0,0,0,0,0,0,0,0,0,0,58,-8,61,-2,62,2,63,7,61,11,63,14,63,17,65,21,63,24,64,27,62,30,60,29,57,28,57,28,55,27,54,26,55,25,53,23,54,22,53,20,54,18,55,16,56,15,57,15,57,13,56,10,58,11,58,9]"
618042224739800,23.773891400,90781,1877218746,-50,-98,6,0,1,7,0,0,256,0,0,"[0,0,14,-1,13,-1,12,-1,12,-1,11,-1,11,-2,10,-2,9,-3,9,-3,9,-3,8,-4,8,-4,7,-4,7,-4,7,-4,7,-5,6,-4,6,-4,6,-5,6,-4,6,-4,5,-3,5,-3,5,-3,5,-3,5,-2,0,0,0,0,0,0,0,0,0,0,0,0,0,0,0,0,0,0,0,0,0,0,15,-2,15,-1,16,-1,16,0,17,1,17,2,17,3,17,3,17,4,16,4,15,5,15,4,15,4,15,4,14,3,14,3,14,3,14,2,14,1,14,1,14,0,14,0,15,0,14,0,14,-1,14,-1,0,0,26,4,25,2,25,1,24,1,25,1,21,-2,21,-2,20,-2,19,-2,17,-3,18,-4,16,-5,15,-6,16,-6,14,-6,15,-7,13,-6,15,-7,14,-7,14,-5,14,-6,11,-6,11,-5,10,-5,11,-3,11,-4,10,-3,10,-2,0,0,0,0,0,0,0,0,0,0,0,0,0,0,30,-6,30,-3,31,0,31,2,30,2,33,5,32,6,34,8,33,7,33,12,32,12,29,13,30,14,29,13,27,12,28,12,28,11,26,9,28,8,27,7,29,7,27,4,28,5,29,3,28,4,28,2,28,2,28,3]"
618042252284400,23.801436000,90782,1877251826,-51,-98,6,0,1,7,0,0,256,0,0,"[0,0,0,15,1,14,1,13,1,12,1,12,2,11,2,11,2,10,2,10,3,9,3,8,4,8,4,8,4,8,4,7,4,7,4,7,4,7,4,6,3,6,3,7,3,6,2,6,3,6,2,5,2,5,0,0,0,0,0,0,0,0,0,0,0,0,0,0,0,0,0,0,0,0,0,0,4,16,4,17,3,17,2,18,1,18,0,19,-1,18,-2,19,-2,18,-3,18,-3,18,-3,17,-3,17,-3,16,-2,17,-2,16,-2,16,-1,15,-1,16,0,16,0,16,1,16,1,16,1,16,2,15,1,16,0,0,2,26,3,26,3,24,2,24,3,22,4,20,5,20,5,19,5,18,6,17,6,15,6,16,7,15,7,14,9,14,8,12,8,14,8,12,8,12,7,12,7,12,6,12,5,10,4,10,4,9,4,9,4,10,2,10,0,0,0,0,0,0,0,0,0,0,0,0,0,0,13,29,9,28,6,31,6,31,5,32,2,32,2,34,-1,34,0,34,-4,34,-4,34,-7,34,-7,32,-7,32,-7,30,-7,29,-5,30,-3,29,-3,29,-2,29,-2,28,0,28,0,28,2,29,1,29,2,29,2,29,2,28]"
618042273559700,23.822711300,90783,1877264124,-51,-98,6,0,1,7,0,0,256,0,0,"[0,0,-15,-2,-15,-2,-14,-2,-14,-1,-13,-1,-12,-1,-12,-1,-11,0,-11,1,-10,1,-10,2,-10,2,-9,2,-9,2,-9,3,-9,3,-8,3,-9,3,-9,2,-8,2,-8,2,-7,2,-7,1,-7,1,-7,1,-7,1,0,0,0,0,0,0,0,0,0,0,0,0,0,0,0,0,0,0,0,0,0,0,-18,0,-18,-1,-18,-2,-18,-3,-20,-4,-19,-5,-19,-6,-19,-7,-19,-7,-18,-8,-17,-8,-17,-7,-16,-7,-16,-7,-15,-6,-17,-6,-16,-5,-16,-5,-16,-4,-16,-4,-16,-3,-16,-3,-17,-3,-16,-2,-16,-2,-16,-2,0,0,-27,7,-26,7,-25,7,-24,8,-22,8,-21,8,-20,9,-19,9,-17,9,-17,10,-15,10,-15,10,-14,10,-13,11,-12,11,-12,11,-12,11,-12,11,-11,11,-12,10,-11,9,-11,9,-11,8,-10,7,-10,7,-10,6,-10,6,-10,5,0,0,0,0,0,0,0,0,0,0,0,0,0,0,-27,15,-28,12,-29,10,-30,9,-31,9,-32,7,-34,6,-34,4,-35,3,-36,1,-35,0,-35,-2,-34,-2,-33,-2,-31,-2,-31,-1,-30,0,-30,1,-29,2,-30,3,-29,4,-29,5,-29,5,-29,6,-29,7,-29,7,-28,7,-28,7]"
618042287667500,23.836819100,90784,1877276541,-51,-98,6,0,1,7,0,0,256,0,0,"[0,0,-12,8,-12,7,-11,7,-11,6,-10,6,-9,7,-8,6,-8,7,-8,7,-7,7,-6,7,-6,7,-5,7,-5,7,-5,7,-5,7,-4,7,-4,7,-4,6,-5,6,-4,5,-4,6,-4,5,-4,5,-4,4,-4,4,0,0,0,0,0,0,0,0,0,0,0,0,0,0,0,0,0,0,0,0,0,0,-13,9,-14,9,-15,8,-15,8,-16,7,-17,6,-17,6,-18,5,-17,5,-17,4,-17,4,-16,4,-16,4,-15,4,-15,4,-14,4,-14,5,-14,5,-14,5,-14,7,-14,6,-13,7,-14,7,-13,8,-13,8,-12,7,0,0,-24,15,-22,13,-21,15,-20,13,-19,14,-17,14,-16,14,-15,14,-14,13,-12,14,-12,13,-11,14,-10,14,-9,14,-9,14,-9,14,-9,13,-7,13,-8,13,-8,13,-7,10,-7,12,-6,11,-7,12,-8,9,-8,8,-8,8,-9,7,0,0,0,0,0,0,0,0,0,0,0,0,0,0,-21,22,-24,20,-25,18,-27,18,-28,16,-29,16,-31,14,-34,14,-33,12,-34,10,-33,9,-33,9,-33,7,-32,7,-31,8,-29,8,-30,9,-28,9,-28,9,-27,9,-27,12,-27,13,-25,13,-27,14,-26,14,-26,16,-25,15,-25,15]"
618042305512200,23.854663800,90785,1877296583,-51,-98,6,0,1,7,0,0,256,0,0,"[0,0,-16,-3,-15,-3,-15,-3,-14,-2,-13,-2,-13,-1,-12,-1,-12,0,-11,0,-11,1,-10,1,-10,1,-10,1,-10,2,-9,3,-9,2,-9,2,-9,2,-9,2,-8,2,-8,2,-8,1,-8,1,-7,1,-7,1,-7,0,0,0,0,0,0,0,0,0,0,0,0,0,0,0,0,0,0,0,0,0,0,0,-18,-2,-18,-3,-18,-4,-18,-5,-18,-6,-19,-7,-19,-7,-19,-8,-18,-9,-17,-9,-17,-9,-16,-9,-16,-8,-16,-8,-15,-8,-15,-7,-16,-7,-15,-6,-16,-6,-16,-5,-16,-5,-16,-4,-17,-4,-16,-4,-17,-4,-16,-3,0,0,-27,-7,-27,-6,-26,-6,-25,-6,-23,-4,-22,-3,-21,-3,-21,-1,-19,-1,-20,1,-19,1,-18,2,-17,2,-17,2,-17,4,-16,3,-16,4,-17,3,-16,4,-16,3,-15,3,-13,2,-13,2,-13,2,-13,1,-12,1,-11,0,-11,0,0,0,0,0,0,0,0,0,0,0,0,0,0,0,-31,-1,-32,-5,-31,-7,-32,-8,-32,-10,-30,-11,-33,-13,-32,-15,-32,-16,-32,-19,-30,-18,-29,-20,-28,-20,-27,-20,-26,-18,-26,-18,-25,-16,-27,-15,-26,-13,-28,-14,-27,-12,-28,-10,-29,-10,-29,-8,-29,-10,-28,-9,-29,-8,-28,-9]"
618042323748500,23.872900100,90786,1877316877,-50,-98,6,0,1,7,0,0,256,0,0,"[0,0,11,-10,10,-9,10,-10,10,-9,9,-9,8,-9,8,-9,6,-9,6,-9,6,-9,5,-9,4,-9,4,-9,3,-9,3,-9,3,-9,3,-8,3,-8,3,-8,3,-8,3,-7,3,-7,3,-7,3,-7,3,-6,3,-6,0,0,0,0,0,0,0,0,0,0,0,0,0,0,0,0,0,0,0,0,0,0,12,-12,13,-12,13,-11,14,-11,15,-11,16,-10,17,-9,17,-8,17,-8,17,-7,16,-7,16,-6,16,-7,15,-7,14,-7,14,-7,14,-8,14,-8,13,-9,13,-9,12,-9,12,-9,13,-10,12,-10,12,-10,12,-10,0,0,18,-20,18,-20,17,-20,16,-18,15,-18,13,-19,13,-17,11,-18,10,-17,8,-17,7,-16,6,-16,5,-17,5,-16,5,-17,4,-16,4,-16,4,-16,3,-16,4,-15,4,-14,4,-14,3,-13,3,-13,4,-11,4,-11,5,-11,5,-10,0,0,0,0,0,0,0,0,0,0,0,0,0,0,15,-27,18,-26,20,-25,22,-22,23,-23,24,-22,27,-22,29,-20,29,-19,31,-17,31,-17,31,-16,30,-15,29,-16,28,-14,27,-14,25,-15,25,-16,25,-16,25,-16,22,-18,22,-19,22,-20,21,-20,22,-21,20,-21,20,-21,20,-20]"
618042344767600,23.893919200,90787,1877337272,-51,-98,6,0,1,7,0,0,256,0,0,"[0,0,14,-4,14,-5,13,-4,13,-4,12,-5,11,-4,10,-5,10,-5,9,-5,9,-6,8,-6,7,-6,7,-6,6,-7,7,-7,6,-7,6,-6,6,-6,6,-6,6,-6,6,-6,5,-5,5,-5,5,-5,5,-5,5,-4,0,0,0,0,0,0,0,0,0,0,0,0,0,0,0,0,0,0,0,0,0,0,16,-7,16,-6,17,-5,17,-5,18,-4,18,-3,19,-2,19,0,19,0,18,0,18,0,17,0,17,0,16,0,16,0,16,-1,15,-1,16,-2,15,-2,16,-3,16,-3,16,-4,16,-4,15,-5,15,-5,15,-5,0,0,19,-20,18,-20,17,-20,16,-18,15,-19,14,-18,13,-17,11,-17,11,-17,8,-17,7,-17,6,-18,5,-17,5,-17,5,-16,4,-16,4,-16,4,-17,5,-15,5,-15,5,-14,5,-13,4,-13,4,-13,4,-12,4,-11,5,-10,5,-10,0,0,0,0,0,0,0,0,0,0,0,0,0,0,14,-27,16,-26,18,-25,21,-24,22,-22,24,-22,25,-21,27,-22,29,-19,30,-17,30,-16,29,-17,28,-16,28,-16,27,-16,25,-16,26,-16,24,-16,24,-17,23,-17,23,-19,23,-18,23,-19,22,-19,21,-20,20,-22,20,-22,20,-22]"
618042367129000,23.916280600,90788,1877365632,-50,-98,6,0,1,7,0,0,256,0,0,"[0,0,-6,14,-5,14,-4,13,-4,12,-3,12,-3,11,-3,11,-2,10,-2,10,-1,10,0,9,0,9,0,9,1,9,1,9,1,8,1,8,1,8,1,8,0,8,0,7,1,7,0,7,0,6,0,6,0,6,0,0,0,0,0,0,0,0,0,0,0,0,0,0,0,0,0,0,0,0,0,0,-5,16,-5,16,-6,16,-7,17,-8,17,-9,16,-10,16,-11,16,-12,15,-12,15,-11,14,-11,14,-11,13,-10,13,-10,13,-10,14,-8,13,-9,14,-8,14,-7,14,-7,14,-6,14,-7,15,-6,15,-5,15,-5,14,0,0,-10,25,-8,26,-7,24,-7,23,-6,23,-5,22,-4,21,-4,20,-3,18,-1,18,0,18,0,18,1,16,2,16,3,16,2,16,3,16,2,14,2,14,1,14,1,14,1,13,1,13,1,12,1,11,0,11,0,10,-1,10,0,0,0,0,0,0,0,0,0,0,0,0,0,0,1,31,-3,31,-8,31,-9,31,-11,31,-12,31,-15,31,-17,31,-19,30,-20,30,-21,28,-22,28,-20,27,-20,26,-19,26,-18,25,-17,25,-17,25,-15,25,-15,26,-14,26,-13,27,-13,27,-12,27,-12,28,-10,28,-9,27,-10,27]"
618042384186700,23.933338300,90789,1877377183,-50,-98,6,0,1,7,0,0,256,0,0,"[0,0,4,-15,3,-14,3,-14,3,-13,3,-13,2,-13,1,-12,0,-12,0,-11,0,-11,0,-11,-1,-10,-2,-10,-2,-10,-2,-10,-2,-9,-3,-9,-2,-9,-2,-9,-2,-8,-2,-8,-2,-8,-2,-8,-1,-7,-1,-7,-1,-7,0,0,0,0,0,0,0,0,0,0,0,0,0,0,0,0,0,0,0,0,0,0,3,-17,4,-18,5,-18,6,-18,7,-17,8,-18,9,-18,9,-17,10,-17,10,-16,11,-15,10,-14,10,-15,9,-14,9,-15,8,-14,8,-15,7,-15,6,-15,5,-15,5,-16,4,-16,5,-16,5,-16,5,-16,5,-15,0,0,-1,-28,-3,-28,-2,-26,-3,-25,-3,-23,-4,-23,-5,-22,-5,-21,-6,-20,-7,-19,-7,-17,-8,-17,-8,-16,-8,-15,-10,-16,-9,-15,-10,-15,-9,-14,-9,-14,-8,-14,-8,-13,-7,-13,-7,-13,-6,-12,-6,-12,-5,-11,-5,-11,-4,-11,0,0,0,0,0,0,0,0,0,0,0,0,0,0,-9,-30,-5,-31,-4,-31,-2,-31,-2,-33,0,-32,2,-35,4,-34,5,-35,7,-35,7,-34,10,-34,9,-32,9,-31,9,-30,8,-30,6,-29,5,-30,4,-29,4,-30,2,-28,1,-30,1,-30,-1,-30,0,-31,-1,-30,-1,-29,0,-29]"
618042402928400,23.952080000,90790,1877397545,-50,-98,6,0,1,7,0,0,256,0,0,"[0,0,14,-4,14,-4,13,-4,12,-4,12,-4,11,-4,10,-4,10,-5,10,-5,9,-6,8,-6,8,-6,7,-6,7,-6,7,-6,6,-6,6,-6,6,-6,7,-6,7,-5,6,-5,6,-5,5,-5,5,-5,5,-4,5,-4,0,0,0,0,0,0,0,0,0,0,0,0,0,0,0,0,0,0,0,0,0,0,15,-7,17,-6,16,-5,17,-5,18,-4,19,-3,19,-2,19,-1,19,-1,18,0,18,0,17,0,17,0,17,0,16,-1,16,-1,16,-1,16,-2,16,-3,15,-2,15,-3,15,-3,16,-4,15,-4,15,-5,15,-5,0,0,27,-7,26,-8,24,-8,23,-8,21,-8,20,-8,20,-8,18,-9,18,-8,17,-10,14,-11,14,-12,12,-11,12,-11,12,-12,12,-12,11,-12,11,-11,11,-10,12,-9,12,-10,11,-9,10,-8,9,-9,10,-7,9,-7,10,-6,10,-5,0,0,0,0,0,0,0,0,0,0,0,0,0,0,25,-17,27,-14,30,-12,30,-11,31,-10,31,-7,33,-6,34,-5,34,-2,35,0,35,1,33,0,32,0,31,0,31,1,29,-1,29,0,29,-2,28,-3,29,-3,27,-4,27,-5,29,-5,28,-6,29,-7,27,-9,27,-8,28,-9]"
618042426427200,23.975578800,90791,1877419022,-50,-98,6,0,1,7,0,0,256,0,0,"[0,0,4,-15,3,-15,3,-14,2,-14,2,-13,1,-12,0,-12,1,-12,0,-11,0,-11,-1,-11,-1,-10,-2,-10,-2,-10,-2,-9,-2,-9,-3,-9,-2,-9,-2,-9,-2,-9,-2,-8,-2,-8,-2,-8,-1,-7,-1,-7,-1,-6,0,0,0,0,0,0,0,0,0,0,0,0,0,0,0,0,0,0,0,0,0,0,2,-18,4,-18,4,-18,5,-18,6,-18,7,-18,8,-18,9,-18,9,-17,10,-17,10,-16,10,-15,9,-15,8,-15,8,-15,7,-15,7,-15,6,-15,6,-15,5,-16,5,-16,4,-16,5,-16,4,-16,4,-16,4,-16,0,0,8,-25,7,-27,6,-25,6,-23,6,-23,5,-22,3,-21,3,-21,3,-19,1,-19,-1,-18,-1,-18,-2,-18,-2,-17,-3,-16,-3,-17,-4,-16,-3,-15,-4,-16,-3,-15,-3,-15,-2,-14,-2,-14,-1,-13,-1,-12,-2,-12,0,-12,1,-12,0,0,0,0,0,0,0,0,0,0,0,0,0,0,2,-32,6,-31,7,-32,9,-31,10,-32,12,-31,14,-32,16,-29,17,-31,19,-31,19,-29,21,-28,20,-27,20,-26,19,-26,17,-25,16,-25,15,-25,14,-25,14,-26,13,-26,11,-27,12,-28,10,-28,10,-28,10,-28,10,-28,10,-27]"
618042443539000,23.992690600,90792,1877436738,-51,-98,6,0,1,7,0,0,256,0,0,"[0,0,10,-11,9,-11,8,-11,8,-11,8,-10,7,-10,6,-10,5,-10,5,-10,5,-10,4,-9,3,-9,3,-9,2,-9,2,-9,2,-9,2,-9,2,-9,2,-9,2,-8,2,-8,2,-8,2,-8,2,-7,2,-6,2,-6,0,0,0,0,0,0,0,0,0,0,0,0,0,0,0,0,0,0,0,0,0,0,10,-14,11,-14,11,-13,12,-13,13,-12,15,-12,15,-12,16,-11,16,-11,16,-10,15,-9,15,-9,14,-9,14,-9,14,-9,13,-10,13,-10,12,-10,12,-11,11,-11,11,-11,11,-12,11,-12,11,-12,10,-12,11,-12,0,0,14,-24,14,-23,13,-23,12,-21,11,-20,9,-20,8,-20,7,-19,6,-19,5,-18,5,-18,4,-18,3,-18,2,-17,1,-17,1,-17,1,-17,1,-17,1,-16,1,-15,1,-15,1,-14,2,-14,2,-13,3,-13,2,-12,3,-11,3,-11,0,0,0,0,0,0,0,0,0,0,0,0,0,0,10,-29,13,-28,15,-27,16,-27,17,-26,19,-26,20,-26,23,-26,23,-25,24,-24,24,-22,26,-21,26,-20,25,-19,24,-19,23,-18,22,-20,21,-20,20,-21,20,-21,19,-22,17,-24,17,-24,16,-25,17,-24,17,-24,17,-24,16,-24]"
618042463707700,24.012859300,90793,1877458782,-51,-98,6,0,1,7,0,0,256,0,0,"[0,0,13,7,12,6,12,6,11,5,11,5,11,4,10,3,10,3,10,2,10,2,9,1,9,1,9,0,9,0,9,0,9,0,8,-1,8,-1,8,0,8,0,8,0,7,1,6,0,6,0,6,0,6,0,0,0,0,0,0,0,0,0,0,0,0,0,0,0,0,0,0,0,0,0,0,0,16,5,17,6,16,7,16,8,16,9,16,10,15,11,15,12,14,12,13,12,13,12,12,11,12,11,12,11,12,11,12,10,12,9,12,9,13,9,13,8,13,8,14,8,14,7,14,7,14,7,14,7,0,0,24,15,22,13,21,13,21,11,20,10,19,10,19,8,19,7,19,5,17,4,17,3,17,2,17,1,16,1,16,2,17,1,15,0,17,0,15,0,15,1,14,1,13,1,12,1,11,1,12,1,11,3,11,4,9,3,0,0,0,0,0,0,0,0,0,0,0,0,0,0,29,6,29,9,28,12,29,14,26,16,27,18,26,20,28,21,26,23,25,23,23,25,23,22,22,24,22,23,21,22,20,21,21,21,19,19,21,20,21,18,23,17,23,16,23,16,24,16,24,14,24,14,25,14,25,14]"
618042484400600,24.033552200,90794,1877477866,-51,-98,6,0,1,7,0,0,256,0,0,"[0,0,13,7,12,6,12,7,11,5,11,5,10,5,10,4,10,3,10,3,9,2,9,1,9,1,9,0,9,0,8,0,9,0,8,0,8,-1,8,0,8,0,7,0,7,0,7,0,6,0,6,0,6,0,0,0,0,0,0,0,0,0,0,0,0,0,0,0,0,0,0,0,0,0,0,0,15,7,15,8,14,8,14,10,14,10,14,12,14,12,13,13,13,13,12,13,12,13,11,12,11,12,11,12,11,12,11,10,12,10,12,10,13,9,12,9,12,9,13,9,14,8,13,7,13,7,13,7,0,0,52,12,52,10,50,8,48,8,46,7,44,4,42,2,41,1,38,-1,37,-3,36,-4,34,-5,34,-6,32,-8,33,-9,32,-9,30,-9,31,-9,29,-10,29,-8,27,-8,26,-7,26,-6,25,-5,23,-5,23,-4,22,-2,21,-1,0,0,0,0,0,0,0,0,0,0,0,0,0,0,59,0,60,7,59,11,60,13,60,16,60,18,61,23,63,28,62,28,62,32,59,32,56,34,55,37,52,35,52,34,50,32,51,29,52,26,52,24,53,23,53,21,55,18,56,18,56,14,57,16,57,16,54,15,56,13]"
618042505408400,24.054560000,90795,1877499196,-51,-98,6,0,1,7,0,0,256,0,0,"[0,0,-12,10,-11,9,-10,9,-10,9,-10,8,-9,9,-8,8,-7,8,-7,8,-6,8,-5,8,-5,8,-5,8,-4,8,-4,8,-4,8,-3,8,-4,7,-4,8,-4,7,-4,7,-3,6,-3,6,-4,6,-4,5,-4,5,0,0,0,0,0,0,0,0,0,0,0,0,0,0,0,0,0,0,0,0,0,0,-12,12,-13,11,-14,11,-14,11,-15,11,-16,9,-17,9,-18,9,-17,8,-18,7,-17,7,-17,6,-16,6,-15,6,-15,7,-15,7,-14,7,-14,8,-14,8,-14,9,-13,10,-13,10,-14,10,-13,10,-12,10,-12,9,0,0,-16,23,-15,22,-14,21,-13,21,-12,20,-10,19,-9,19,-8,18,-7,18,-6,18,-6,17,-5,17,-4,17,-3,17,-3,16,-3,16,-2,16,-2,16,-2,15,-2,15,-2,14,-3,13,-3,13,-3,11,-3,11,-3,11,-4,10,-5,10,0,0,0,0,0,0,0,0,0,0,0,0,0,0,-10,28,-13,27,-15,26,-17,26,-18,26,-19,25,-21,26,-23,25,-24,24,-26,23,-27,22,-26,21,-26,20,-26,19,-24,19,-24,19,-23,19,-22,19,-21,20,-20,21,-19,21,-18,22,-18,23,-18,24,-18,24,-17,23,-17,24,-17,24]"
618042529935800,24.079087400,90796,1877522289,-51,-98,6,0,1,7,0,0,256,0,0,"[0,0,-13,8,-12,8,-11,7,-12,8,-10,7,-10,7,-9,7,-9,7,-8,7,-7,7,-7,7,-6,7,-5,7,-5,7,-5,8,-5,7,-5,8,-4,7,-5,7,-5,7,-5,6,-4,6,-4,5,-4,5,-4,4,-4,4,0,0,0,0,0,0,0,0,0,0,0,0,0,0,0,0,0,0,0,0,0,0,-14,11,-14,10,-15,10,-15,9,-17,8,-17,7,-18,7,-18,6,-18,6,-19,5,-18,5,-18,4,-17,4,-16,4,-16,4,-15,6,-15,5,-16,6,-14,6,-14,7,-14,7,-14,8,-15,8,-14,8,-13,8,-14,8,0,0,-14,23,-14,23,-12,21,-12,21,-10,20,-10,20,-9,19,-8,18,-7,18,-5,18,-3,17,-3,17,-2,17,-2,16,-1,17,-1,16,-1,16,-1,16,-2,15,-2,15,-2,14,-2,13,-2,13,-2,12,-2,11,-3,10,-3,11,-4,10,0,0,0,0,0,0,0,0,0,0,0,0,0,0,-8,29,-11,28,-12,27,-15,25,-16,27,-17,26,-20,27,-22,25,-24,25,-25,24,-24,23,-26,23,-25,22,-24,21,-23,20,-22,20,-21,19,-20,21,-19,20,-20,22,-18,22,-18,23,-18,23,-16,24,-17,25,-15,25,-14,25,-15,24]"
618042546563600,24.095715200,90797,1877538405,-51,-98,6,0,1,7,0,0,256,0,0,"[0,0,-4,14,-2,14,-2,14,-3,13,-2,13,-1,12,-1,11,0,11,0,10,0,10,1,9,2,9,1,9,2,9,2,8,2,8,2,8,2,8,2,7,1,7,1,7,2,7,1,7,1,6,1,6,0,5,0,0,0,0,0,0,0,0,0,0,0,0,0,0,0,0,0,0,0,0,0,0,-1,17,-2,18,-3,17,-4,18,-5,18,-6,18,-7,18,-8,17,-9,17,-9,16,-9,16,-8,15,-8,15,-8,15,-7,15,-7,14,-7,15,-6,15,-5,15,-5,15,-4,15,-4,16,-4,15,-3,16,-3,16,-4,16,0,0,4,27,5,26,5,25,5,24,5,23,6,21,6,21,6,19,8,18,8,17,8,16,9,15,9,15,9,14,10,13,10,13,10,13,9,13,9,12,9,13,8,12,7,11,7,11,6,10,5,10,5,10,5,10,4,10,0,0,0,0,0,0,0,0,0,0,0,0,0,0,13,27,10,29,8,29,7,30,6,31,4,32,2,33,1,34,-1,34,-2,34,-3,34,-4,34,-5,33,-5,32,-5,31,-4,30,-3,30,-2,28,-1,29,0,29,1,29,2,29,3,29,4,30,4,29,4,29,5,29,5,29]"
618042563589800,24.112741400,90798,1877556646,-51,-98,6,0,1,7,0,0,256,0,0,"[0,0,8,-13,7,-13,6,-12,6,-12,5,-12,5,-11,4,-11,3,-11,3,-10,2,-10,1,-10,1,-10,1,-10,0,-10,1,-9,1,-9,0,-9,1,-9,0,-9,1,-9,0,-8,0,-8,0,-7,0,-7,1,-7,1,-7,0,0,0,0,0,0,0,0,0,0,0,0,0,0,0,0,0,0,0,0,0,0,7,-16,8,-16,8,-15,9,-15,10,-15,12,-15,12,-14,13,-14,14,-13,13,-13,13,-12,12,-12,12,-12,12,-12,11,-12,11,-11,11,-12,10,-12,10,-13,9,-13,9,-13,8,-14,9,-13,8,-14,8,-14,8,-14,0,0,9,-55,8,-53,7,-52,6,-48,4,-47,3,-45,1,-43,-1,-42,-1,-40,-4,-38,-6,-37,-7,-35,-8,-34,-9,-34,-9,-33,-10,-33,-11,-31,-10,-32,-10,-30,-9,-30,-8,-29,-8,-27,-6,-26,-6,-26,-5,-24,-4,-24,-3,-23,-1,-23,0,0,0,0,0,0,0,0,0,0,0,0,0,0,-6,-60,0,-62,5,-60,9,-63,11,-63,13,-63,17,-64,22,-66,24,-64,27,-63,29,-61,32,-61,30,-58,31,-57,28,-55,27,-53,25,-55,23,-53,22,-55,19,-54,18,-56,15,-57,14,-57,13,-57,13,-58,12,-58,11,-57,10,-58]"
618042588900800,24.138052400,90799,1877577499,-51,-98,6,0,1,7,0,0,256,0,0,"[0,0,-15,-5,-14,-5,-13,-4,-14,-4,-13,-4,-12,-3,-12,-3,-11,-2,-11,-1,-11,-1,-10,0,-10,0,-9,0,-9,0,-10,1,-9,1,-9,1,-9,1,-9,1,-8,1,-8,1,-8,0,-8,0,-7,0,-7,0,-7,0,0,0,0,0,0,0,0,0,0,0,0,0,0,0,0,0,0,0,0,0,0,0,-17,-5,-17,-6,-17,-7,-17,-7,-18,-9,-17,-9,-17,-10,-17,-11,-16,-11,-16,-12,-15,-12,-15,-12,-14,-11,-14,-10,-14,-10,-14,-9,-14,-8,-15,-9,-15,-8,-15,-7,-15,-7,-15,-6,-16,-6,-15,-6,-16,-6,-15,-5,0,0,-28,5,-27,4,-25,4,-24,5,-23,5,-22,6,-21,6,-20,6,-18,7,-17,8,-17,8,-16,8,-15,9,-14,9,-14,10,-14,10,-13,10,-13,9,-13,9,-13,9,-12,8,-12,8,-11,7,-11,6,-11,6,-10,5,-10,4,-11,4,0,0,0,0,0,0,0,0,0,0,0,0,0,0,-29,11,-30,7,-30,5,-31,4,-32,4,-32,2,-34,0,-35,-1,-35,-3,-35,-4,-34,-5,-34,-6,-33,-7,-32,-7,-30,-7,-30,-6,-30,-5,-30,-3,-30,-3,-30,-1,-29,0,-29,1,-30,1,-30,2,-30,3,-30,3,-29,3,-29,3]"
618042604388300,24.153539900,90800,1877597427,-51,-98,6,0,1,7,0,0,256,0,0,"[0,0,15,3,13,3,13,2,13,2,12,2,12,1,11,1,10,1,10,0,10,-1,9,-2,9,-1,9,-2,9,-2,9,-3,9,-3,8,-2,8,-3,8,-2,8,-3,7,-2,7,-2,6,-1,6,-1,6,-1,6,-1,0,0,0,0,0,0,0,0,0,0,0,0,0,0,0,0,0,0,0,0,0,0,16,2,17,3,17,4,17,5,17,6,17,7,17,7,17,9,16,9,15,9,15,9,15,9,14,9,14,8,14,8,14,7,14,7,14,6,14,5,14,5,15,5,15,4,16,4,15,4,15,3,15,4,0,0,27,-2,27,-3,25,-3,24,-3,23,-4,21,-5,21,-5,19,-5,18,-6,17,-7,17,-7,16,-8,15,-8,15,-9,14,-9,14,-9,14,-9,13,-9,13,-9,13,-8,12,-8,12,-7,12,-6,11,-6,11,-5,10,-5,10,-4,10,-3,0,0,0,0,0,0,0,0,0,0,0,0,0,0,28,-10,29,-7,30,-4,30,-4,31,-2,31,-1,33,1,34,3,34,3,33,5,33,6,32,8,31,8,30,8,30,8,29,7,29,6,28,4,28,3,29,3,29,2,29,0,29,0,29,-1,29,-1,29,-1,29,-1,29,-2]"
618042624052300,24.173203900,90801,1877622889,-51,-98,6,0,1,7,0,0,256,0,0,"[0,0,15,0,13,-1,13,-1,12,-1,12,-1,11,-2,11,-2,10,-3,10,-3,10,-3,9,-4,8,-4,8,-4,7,-4,8,-5,7,-5,7,-4,7,-5,7,-5,7,-4,6,-4,6,-4,6,-4,6,-3,5,-3,5,-3,0,0,0,0,0,0,0,0,0,0,0,0,0,0,0,0,0,0,0,0,0,0,17,-1,18,0,17,0,18,2,18,2,18,4,18,4,18,5,18,5,17,6,16,6,16,6,15,6,15,6,15,5,15,3,15,3,15,3,15,2,15,1,15,1,16,1,16,1,15,0,16,1,16,0,0,0,26,-7,25,-9,24,-8,23,-8,21,-8,20,-8,19,-8,18,-9,17,-9,15,-10,14,-11,14,-11,13,-12,12,-11,12,-12,11,-12,11,-12,11,-12,11,-11,10,-10,10,-10,10,-9,10,-9,9,-8,9,-8,8,-7,9,-7,9,-6,0,0,0,0,0,0,0,0,0,0,0,0,0,0,26,-15,27,-12,28,-10,29,-8,31,-8,30,-7,33,-5,33,-4,34,-2,34,0,33,1,34,2,33,2,31,1,31,1,29,1,29,0,29,-1,28,-2,29,-2,28,-4,28,-5,29,-5,28,-6,29,-7,28,-8,27,-8,28,-8]"
618042650655700,24.199807300,90802,1877642528,-51,-98,6,0,1,7,0,0,256,0,0,"[0,0,-9,12,-9,11,-9,11,-8,10,-7,10,-6,10,-6,10,-5,10,-5,9,-4,9,-4,9,-3,9,-2,9,-3,9,-2,8,-2,8,-1,8,-2,8,-1,8,-2,7,-2,7,-2,7,-2,6,-2,6,-2,5,-2,5,0,0,0,0,0,0,0,0,0,0,0,0,0,0,0,0,0,0,0,0,0,0,-10,14,-11,14,-11,13,-12,13,-13,13,-15,13,-15,12,-16,11,-16,11,-15,10,-16,9,-15,9,-14,9,-14,9,-14,10,-13,9,-13,10,-12,10,-12,11,-11,11,-11,12,-11,12,-11,12,-10,12,-10,12,-9,12,0,0,-21,52,-21,50,-18,46,-18,46,-15,44,-12,42,-11,41,-9,39,-7,39,-5,37,-3,36,-1,36,0,34,1,34,2,35,3,33,3,33,3,31,3,31,2,29,2,28,1,28,0,26,0,24,-2,24,-2,23,-3,23,-4,20,0,0,0,0,0,0,0,0,0,0,0,0,0,0,-10,59,-16,58,-21,56,-23,57,-27,57,-29,55,-34,58,-37,57,-39,56,-43,55,-44,52,-45,51,-43,49,-44,47,-42,46,-39,46,-37,46,-36,46,-33,46,-34,50,-30,48,-28,52,-26,51,-26,52,-26,54,-25,53,-23,53,-22,52]"
618042666549300,24.215700900,90803,1877657141,-50,-98,6,0,1,7,0,0,256,0,0,"[0,0,1,-15,1,-15,1,-15,1,-14,0,-13,0,-13,-1,-13,-2,-12,-1,-11,-2,-11,-2,-10,-3,-10,-3,-10,-4,-9,-3,-9,-4,-9,-4,-9,-3,-8,-4,-9,-2,-8,-3,-8,-3,-8,-2,-7,-2,-7,-2,-7,-2,-6,0,0,0,0,0,0,0,0,0,0,0,0,0,0,0,0,0,0,0,0,0,0,0,-18,1,-18,1,-18,2,-19,3,-19,5,-19,5,-19,6,-19,7,-18,7,-18,7,-17,7,-17,6,-16,6,-16,5,-16,5,-16,5,-16,4,-16,3,-16,3,-16,2,-17,2,-17,2,-17,1,-16,1,-16,2,-16,0,0,-2,-28,-3,-28,-3,-26,-3,-25,-3,-24,-4,-23,-4,-22,-5,-21,-6,-20,-6,-19,-7,-18,-7,-17,-8,-17,-8,-16,-9,-16,-8,-15,-9,-15,-8,-15,-8,-14,-7,-14,-7,-14,-7,-13,-6,-13,-6,-12,-5,-11,-4,-11,-4,-11,-3,-11,0,0,0,0,0,0,0,0,0,0,0,0,0,0,-10,-30,-7,-31,-5,-30,-3,-31,-3,-33,-1,-32,1,-34,3,-34,3,-34,6,-35,6,-34,8,-34,8,-32,9,-31,8,-30,7,-29,6,-29,5,-29,3,-29,4,-30,2,-30,0,-30,1,-30,-1,-30,0,-31,-1,-30,-1,-30,-1,-29]"
618042683179500,24.232331100,90804,1877676560,-51,-98,6,0,1,7,0,0,256,0,0,"[0,0,6,-14,5,-14,5,-13,5,-13,4,-13,3,-12,2,-12,2,-11,2,-11,1,-11,1,-10,0,-10,0,-10,-1,-10,-1,-10,-1,-9,-1,-10,-1,-9,-1,-9,-1,-9,-1,-8,-1,-8,-1,-8,0,-7,0,-7,0,-6,0,0,0,0,0,0,0,0,0,0,0,0,0,0,0,0,0,0,0,0,0,0,5,-17,6,-17,7,-17,7,-16,9,-17,10,-17,11,-16,11,-16,12,-16,12,-15,12,-14,12,-13,11,-13,11,-13,10,-13,9,-13,9,-13,9,-14,8,-14,7,-15,7,-15,7,-15,7,-15,7,-15,6,-15,6,-14,0,0,4,-27,3,-27,3,-26,3,-24,2,-24,1,-22,0,-22,-1,-21,-1,-20,-2,-19,-3,-19,-3,-18,-4,-17,-5,-18,-5,-17,-5,-17,-5,-16,-5,-16,-5,-16,-5,-16,-4,-15,-4,-14,-4,-13,-3,-12,-3,-13,-2,-12,-2,-12,-1,-11,0,0,0,0,0,0,0,0,0,0,0,0,0,0,-3,-30,0,-31,2,-31,4,-31,6,-32,7,-32,9,-32,11,-33,12,-32,14,-32,15,-31,15,-31,15,-29,15,-29,14,-28,13,-28,12,-28,11,-27,11,-27,10,-28,9,-28,7,-29,6,-29,6,-30,6,-29,5,-30,5,-30,5,-30]"
618042705793500,24.254945100,90805,1877699707,-51,-98,6,0,1,7,0,0,256,0,0,"[0,0,-2,-15,-3,-15,-3,-15,-3,-13,-4,-13,-4,-12,-4,-12,-4,-11,-4,-10,-5,-9,-5,-9,-6,-9,-6,-9,-6,-8,-6,-8,-6,-8,-6,-7,-5,-7,-6,-7,-5,-6,-5,-7,-4,-7,-4,-6,-4,-6,-4,-6,-4,-6,0,0,0,0,0,0,0,0,0,0,0,0,0,0,0,0,0,0,0,0,0,0,-5,-17,-4,-18,-3,-18,-2,-19,-2,-19,-1,-20,1,-20,1,-20,2,-19,2,-19,2,-18,2,-18,2,-18,1,-17,1,-17,1,-17,1,-17,0,-16,-1,-17,-1,-17,-1,-16,-2,-17,-2,-16,-3,-16,-3,-16,-3,-16,0,0,-12,-26,-11,-25,-11,-24,-11,-22,-11,-22,-12,-19,-12,-19,-12,-18,-12,-16,-13,-14,-12,-14,-13,-14,-14,-13,-14,-12,-13,-11,-13,-12,-13,-11,-14,-11,-13,-10,-13,-10,-11,-10,-11,-10,-10,-9,-9,-9,-9,-10,-8,-10,-7,-9,-7,-9,0,0,0,0,0,0,0,0,0,0,0,0,0,0,-19,-24,-17,-26,-15,-28,-14,-30,-12,-29,-11,-32,-10,-32,-9,-34,-7,-34,-7,-34,-4,-35,-5,-33,-4,-32,-4,-32,-3,-31,-4,-31,-5,-31,-5,-28,-6,-30,-7,-28,-9,-28,-9,-28,-10,-28,-11,-29,-11,-28,-11,-27,-11,-28,-12,-28]"
618042734809500,24.283961100,90806,1877725289,-51,-98,6,0,1,7,0,0,256,0,0,"[0,0,-9,12,-8,11,-9,11,-8,10,-7,10,-7,10,-6,9,-5,9,-5,9,-4,9,-4,9,-3,9,-3,9,-2,9,-2,8,-2,8,-2,8,-2,7,-2,8,-2,7,-2,7,-2,6,-2,6,-2,6,-2,5,-2,5,0,0,0,0,0,0,0,0,0,0,0,0,0,0,0,0,0,0,0,0,0,0,-8,15,-9,15,-9,15,-11,14,-11,14,-13,14,-14,13,-14,13,-15,12,-14,12,-14,11,-14,11,-14,10,-13,11,-13,11,-12,10,-12,10,-12,11,-11,12,-10,12,-10,12,-10,12,-10,13,-9,13,-9,13,-9,13,0,0,-22,51,-22,49,-20,50,-18,46,-17,45,-13,43,-12,41,-10,41,-7,38,-5,38,-6,35,-2,35,-1,35,0,37,0,33,1,34,0,32,2,34,3,31,1,31,0,28,0,28,-1,25,-2,25,-2,25,-3,23,-3,21,-6,21,0,0,0,0,0,0,0,0,0,0,0,0,0,0,-7,59,-15,60,-21,59,-22,60,-25,58,-29,57,-32,59,-36,61,-39,58,-42,58,-43,54,-43,51,-44,50,-44,48,-43,47,-40,47,-39,48,-35,46,-36,48,-32,48,-30,51,-28,53,-26,53,-26,54,-23,53,-25,52,-25,54,-24,54]"
618042747641800,24.296793400,90807,1877736710,-51,-98,6,0,1,7,0,0,256,0,0,"[0,0,1,14,1,14,1,13,1,13,1,12,2,12,2,11,2,10,3,9,3,9,3,9,4,8,4,8,4,8,4,7,4,7,5,7,4,6,4,7,4,7,3,6,3,6,3,6,3,5,2,5,2,5,0,0,0,0,0,0,0,0,0,0,0,0,0,0,0,0,0,0,0,0,0,0,2,16,1,17,1,18,0,17,-1,18,-2,18,-3,18,-4,18,-5,18,-5,18,-5,17,-5,16,-5,16,-4,16,-4,16,-3,16,-3,15,-2,16,-2,15,-1,15,-1,16,0,16,-1,15,0,16,1,16,1,15,0,0,15,22,15,20,15,20,15,19,14,17,15,17,14,15,14,14,14,13,14,11,15,10,15,9,14,8,14,8,15,7,15,7,14,6,13,7,14,7,12,7,12,7,12,6,11,6,10,6,10,6,9,6,9,6,8,6,0,0,0,0,0,0,0,0,0,0,0,0,0,0,22,19,21,21,20,22,18,24,18,25,17,26,16,28,14,30,13,31,11,32,10,31,10,32,10,30,9,30,9,29,10,28,10,27,11,26,12,25,12,26,13,25,14,25,13,25,14,24,16,25,16,23,17,23,17,23]"
618042764321100,24.313472700,90808,1877756933,-51,-98,6,0,1,7,0,0,256,0,0,"[0,0,12,-8,11,-8,11,-8,11,-7,10,-8,9,-8,8,-8,8,-7,7,-8,7,-8,6,-8,5,-8,5,-8,5,-8,4,-8,4,-8,4,-8,4,-8,4,-8,4,-7,4,-7,3,-7,3,-6,3,-6,4,-5,4,-5,0,0,0,0,0,0,0,0,0,0,0,0,0,0,0,0,0,0,0,0,0,0,13,-10,15,-10,15,-9,15,-9,16,-8,18,-7,18,-7,18,-5,18,-5,17,-5,17,-4,17,-4,16,-4,16,-4,15,-4,15,-5,15,-5,15,-6,14,-7,14,-7,14,-7,14,-8,14,-8,13,-8,13,-8,13,-8,0,0,13,-24,12,-24,12,-23,11,-22,10,-21,8,-20,7,-20,6,-19,6,-19,4,-18,3,-18,2,-18,2,-18,1,-18,1,-17,1,-17,0,-17,0,-17,0,-16,0,-15,1,-15,1,-15,1,-13,1,-13,1,-13,1,-12,3,-12,3,-11,0,0,0,0,0,0,0,0,0,0,0,0,0,0,6,-29,10,-29,12,-28,14,-28,16,-27,17,-26,19,-27,21,-27,22,-26,23,-25,24,-23,23,-24,23,-23,23,-22,22,-21,21,-22,21,-21,20,-21,19,-22,19,-22,17,-23,17,-24,15,-24,16,-25,15,-25,14,-25,14,-25,14,-26]"
618042788480500,24.337632100,90809,1877781222,-51,-98,6,0,1,7,0,0,256,0,0,"[0,0,-13,8,-13,7,-12,7,-11,7,-10,7,-10,7,-9,7,-8,7,-8,7,-8,7,-7,7,-6,7,-6,7,-5,7,-6,7,-5,7,-4,7,-5,7,-5,6,-5,6,-5,6,-4,6,-4,5,-4,5,-5,5,-5,4,0,0,0,0,0,0,0,0,0,0,0,0,0,0,0,0,0,0,0,0,0,0,-14,10,-15,9,-16,9,-16,8,-17,8,-18,7,-18,6,-19,5,-19,5,-18,4,-18,4,-17,4,-17,4,-16,4,-16,4,-16,5,-15,5,-15,6,-14,6,-14,7,-15,7,-14,7,-15,8,-14,8,-14,8,-14,8,0,0,-19,22,-17,21,-17,20,-16,19,-14,19,-14,18,-13,18,-12,17,-10,17,-9,17,-7,17,-6,17,-6,17,-5,17,-4,16,-4,16,-4,15,-4,16,-4,15,-5,15,-5,14,-5,13,-4,12,-4,11,-4,11,-5,10,-5,10,-6,9,0,0,0,0,0,0,0,0,0,0,0,0,0,0,-12,27,-16,27,-18,26,-20,25,-21,24,-23,23,-25,23,-27,23,-28,21,-29,19,-30,18,-29,18,-28,18,-28,18,-27,17,-25,17,-26,17,-24,17,-24,17,-23,18,-23,20,-22,20,-22,20,-22,21,-20,22,-19,23,-19,23,-20,22]"
618042802803500,24.351955100,90810,1877797603,-51,-98,6,0,1,7,0,0,256,0,0,"[0,0,-16,-3,-15,-2,-14,-2,-14,-2,-13,-2,-12,-1,-12,-1,-11,-1,-11,0,-11,1,-11,1,-10,2,-9,2,-9,2,-9,2,-9,2,-9,2,-9,2,-9,2,-8,2,-8,1,-8,1,-7,1,-7,1,-7,1,-7,1,0,0,0,0,0,0,0,0,0,0,0,0,0,0,0,0,0,0,0,0,0,0,-18,-1,-18,-2,-18,-3,-18,-4,-19,-5,-19,-6,-18,-8,-18,-9,-18,-8,-17,-8,-17,-8,-17,-8,-16,-8,-16,-8,-15,-7,-15,-6,-16,-6,-15,-6,-16,-5,-16,-4,-16,-5,-16,-4,-17,-4,-16,-3,-16,-3,-16,-3,0,0,-27,5,-28,5,-25,5,-24,6,-22,6,-22,6,-21,6,-19,7,-18,8,-17,8,-16,9,-16,9,-15,9,-14,10,-14,10,-13,10,-13,10,-12,10,-12,10,-12,9,-12,8,-11,8,-11,7,-11,7,-10,6,-10,5,-10,5,-10,4,0,0,0,0,0,0,0,0,0,0,0,0,0,0,-28,12,-29,9,-30,7,-30,6,-32,5,-31,3,-34,2,-34,0,-35,-1,-35,-3,-35,-4,-34,-5,-33,-5,-32,-5,-31,-5,-30,-4,-29,-3,-30,-2,-28,-1,-30,1,-28,1,-29,2,-29,3,-30,3,-30,4,-29,4,-29,5,-29,4]"
618042824454900,24.373606500,90811,1877818821,-51,-98,6,0,1,7,0,0,256,0,0,"[0,0,6,13,7,12,6,12,6,11,6,11,6,10,6,10,6,9,6,8,6,7,7,6,7,6,7,5,7,5,7,5,7,5,7,5,6,5,6,4,6,4,6,4,5,4,5,4,4,4,4,4,4,4,0,0,0,0,0,0,0,0,0,0,0,0,0,0,0,0,0,0,0,0,0,0,10,14,9,14,9,15,8,16,7,17,7,17,5,18,4,18,3,18,4,18,4,17,4,17,4,16,3,16,4,16,4,15,4,15,5,15,5,15,5,14,6,15,6,15,6,14,8,14,7,13,7,13,0,0,19,20,18,19,17,18,17,17,16,16,16,14,17,14,15,12,17,11,16,9,16,8,16,7,16,7,16,7,15,6,16,6,15,5,15,5,14,5,14,5,13,5,12,5,12,5,11,4,10,5,10,5,9,5,9,6,0,0,0,0,0,0,0,0,0,0,0,0,0,0,25,16,24,18,23,21,22,22,21,23,20,24,20,27,19,28,17,29,16,30,14,30,14,30,14,29,13,29,13,28,13,27,13,27,14,25,14,25,16,24,17,23,17,23,18,23,18,23,19,21,19,21,21,22,19,21]"
618042843370600,24.392522200,90812,1877836632,-51,-98,6,0,1,7,0,0,256,0,0,"[0,0,15,0,14,-1,13,-1,13,-1,12,-1,12,-1,11,-2,11,-2,10,-3,10,-3,9,-4,9,-4,8,-4,8,-4,8,-5,7,-5,8,-5,7,-5,7,-5,7,-4,7,-4,6,-3,6,-3,6,-3,6,-3,6,-3,0,0,0,0,0,0,0,0,0,0,0,0,0,0,0,0,0,0,0,0,0,0,17,-1,18,0,18,1,18,1,18,2,18,3,19,5,18,5,18,6,18,6,17,6,17,6,16,5,16,5,15,5,16,4,15,3,16,3,15,2,16,1,16,1,16,1,16,0,16,0,16,0,16,0,0,0,26,-10,25,-11,24,-10,23,-10,21,-10,19,-10,19,-10,18,-11,17,-11,15,-12,14,-12,13,-12,13,-12,12,-13,11,-13,11,-13,11,-13,10,-12,10,-12,10,-11,9,-11,10,-10,9,-10,9,-9,8,-9,8,-8,9,-8,9,-7,0,0,0,0,0,0,0,0,0,0,0,0,0,0,26,-17,27,-13,28,-12,29,-11,31,-10,31,-8,33,-7,34,-6,34,-4,35,-3,34,-1,35,-1,33,0,32,1,31,0,30,-1,29,-2,30,-3,28,-4,29,-4,29,-5,28,-7,29,-8,28,-9,29,-9,28,-9,28,-9,28,-9]"
618042864786100,24.413937700,90813,1877857605,-51,-98,6,0,1,7,0,0,256,0,0,"[0,0,-14,6,-14,6,-13,5,-12,6,-12,6,-11,5,-10,6,-9,6,-9,6,-9,6,-8,6,-7,7,-7,6,-6,6,-6,7,-6,7,-6,7,-6,6,-6,6,-6,5,-6,5,-5,5,-5,5,-5,5,-5,4,-5,4,0,0,0,0,0,0,0,0,0,0,0,0,0,0,0,0,0,0,0,0,0,0,-15,9,-16,8,-17,7,-17,6,-19,6,-19,5,-20,4,-20,3,-20,3,-19,2,-19,2,-18,2,-18,2,-17,2,-17,2,-17,3,-16,3,-16,4,-16,4,-16,5,-16,5,-15,5,-16,6,-15,6,-15,7,-15,6,0,0,-21,20,-20,19,-19,17,-18,17,-16,17,-15,17,-13,17,-12,16,-11,17,-10,16,-10,16,-9,16,-8,16,-7,16,-6,15,-6,15,-6,15,-5,15,-5,14,-5,14,-5,13,-6,13,-6,12,-6,11,-6,11,-6,10,-6,9,-7,9,0,0,0,0,0,0,0,0,0,0,0,0,0,0,-16,26,-19,24,-21,23,-23,22,-24,22,-25,20,-27,20,-28,20,-29,19,-30,18,-31,16,-31,16,-31,13,-30,14,-29,13,-28,13,-27,14,-26,14,-26,14,-25,16,-24,17,-23,18,-23,19,-23,20,-22,20,-22,19,-22,20,-21,20]"
618042886698400,24.435850000,90814,1877880536,-51,-98,6,0,1,7,0,0,256,0,0,"[0,0,14,1,13,1,13,1,12,0,12,0,12,0,11,-1,10,-1,10,-2,10,-2,9,-3,9,-3,8,-3,8,-3,8,-4,8,-4,7,-4,8,-4,7,-4,7,-3,7,-3,6,-3,6,-2,6,-2,6,-2,6,-2,0,0,0,0,0,0,0,0,0,0,0,0,0,0,0,0,0,0,0,0,0,0,16,-1,18,0,17,1,18,2,17,3,19,4,18,5,18,6,17,6,17,7,17,7,16,7,15,6,15,6,15,6,15,5,15,4,15,4,15,3,15,2,15,2,15,2,16,2,15,2,15,1,15,1,0,0,28,-4,26,-4,25,-4,23,-4,23,-4,21,-5,20,-6,19,-6,18,-8,17,-7,16,-8,16,-8,15,-9,15,-10,14,-10,14,-10,12,-10,13,-10,12,-9,12,-9,11,-8,11,-8,11,-6,10,-6,10,-5,10,-6,10,-5,10,-4,0,0,0,0,0,0,0,0,0,0,0,0,0,0,27,-12,29,-9,30,-7,31,-6,31,-4,32,-3,32,-1,34,1,34,1,34,4,34,4,32,6,31,6,31,7,30,6,29,5,30,4,28,2,30,2,28,2,29,1,28,-1,29,-2,29,-3,29,-3,29,-3,29,-3,29,-3]"
618042904430000,24.453581600,90815,1877896652,-51,-98,6,0,1,7,0,0,256,0,0,"[0,0,13,-6,12,-7,12,-6,12,-6,11,-6,10,-6,10,-6,9,-6,8,-6,8,-7,7,-7,6,-7,6,-7,5,-7,5,-7,5,-7,5,-7,5,-7,5,-7,5,-7,5,-6,4,-6,4,-5,4,-5,4,-5,4,-5,0,0,0,0,0,0,0,0,0,0,0,0,0,0,0,0,0,0,0,0,0,0,15,-8,16,-7,16,-7,16,-6,17,-5,18,-4,18,-3,19,-2,19,-2,18,-2,18,-2,17,-2,17,-2,16,-2,16,-2,15,-3,15,-3,15,-4,15,-4,15,-5,14,-5,15,-5,15,-6,15,-6,14,-6,14,-6,0,0,23,-17,21,-17,20,-17,19,-16,18,-16,16,-15,16,-16,14,-15,13,-16,12,-16,10,-16,10,-16,8,-16,8,-16,7,-16,7,-16,7,-16,6,-15,6,-14,7,-14,6,-14,6,-13,7,-12,6,-11,6,-11,6,-10,6,-10,6,-9,0,0,0,0,0,0,0,0,0,0,0,0,0,0,19,-23,22,-22,24,-20,25,-19,27,-18,28,-17,29,-17,31,-16,32,-13,32,-13,34,-11,32,-11,31,-10,31,-10,30,-10,29,-11,29,-11,27,-11,27,-12,27,-13,26,-14,25,-15,25,-15,25,-16,25,-17,24,-17,24,-18,24,-18]"
618042923871600,24.473023200,90816,1877917473,-51,-98,6,0,1,7,0,0,256,0,0,"[0,0,5,-14,4,-14,4,-13,4,-13,3,-12,3,-12,3,-11,2,-11,2,-11,1,-10,0,-10,0,-10,-1,-10,-1,-10,-1,-9,-1,-9,-1,-9,-1,-8,-1,-8,-1,-8,-1,-8,-1,-8,-1,-8,-1,-7,-1,-7,0,-6,0,0,0,0,0,0,0,0,0,0,0,0,0,0,0,0,0,0,0,0,0,0,4,-17,5,-17,6,-17,7,-16,8,-17,9,-16,10,-16,11,-16,11,-15,11,-15,11,-14,10,-14,10,-14,10,-14,9,-13,9,-13,8,-13,8,-14,7,-14,7,-14,6,-14,6,-15,7,-15,6,-15,5,-15,6,-15,0,0,-1,-28,-1,-27,-1,-27,-1,-25,-2,-24,-3,-22,-4,-22,-4,-21,-5,-20,-6,-19,-7,-18,-7,-17,-7,-16,-8,-16,-8,-16,-8,-15,-8,-15,-8,-15,-8,-14,-7,-14,-7,-14,-6,-13,-6,-12,-5,-12,-5,-12,-4,-12,-3,-11,-3,-11,0,0,0,0,0,0,0,0,0,0,0,0,0,0,-10,-29,-7,-31,-4,-31,-3,-32,0,-32,1,-33,2,-34,4,-35,6,-34,7,-34,9,-34,8,-33,9,-32,9,-31,8,-31,7,-30,7,-30,7,-29,6,-30,4,-29,4,-30,3,-30,1,-30,1,-31,0,-30,0,-30,-1,-30,-1,-30]"
618042944610500,24.493762100,90817,1877938828,-51,-98,6,0,1,7,0,0,256,0,0,"[0,0,14,3,13,3,12,3,13,2,12,2,11,2,10,1,10,1,10,0,10,0,9,-1,9,-1,8,-1,8,-2,9,-2,8,-2,8,-2,8,-2,8,-2,7,-2,7,-2,7,-2,6,-1,6,-1,6,-1,6,-1,0,0,0,0,0,0,0,0,0,0,0,0,0,0,0,0,0,0,0,0,0,0,17,2,17,3,17,4,16,4,17,6,17,7,17,7,16,8,17,9,15,9,15,10,14,10,14,9,14,8,13,8,14,7,13,6,14,6,14,5,14,5,14,5,15,4,15,5,15,5,15,4,15,4,0,0,27,-7,26,-7,24,-7,23,-7,22,-7,20,-8,20,-8,18,-8,17,-9,16,-9,15,-11,15,-11,13,-11,13,-11,12,-11,12,-11,11,-12,11,-11,12,-10,11,-10,11,-9,11,-9,10,-9,10,-8,10,-7,9,-7,9,-6,9,-5,0,0,0,0,0,0,0,0,0,0,0,0,0,0,26,-15,28,-12,29,-10,30,-9,30,-7,31,-5,33,-5,34,-3,34,-2,34,0,34,2,33,2,32,2,32,3,31,3,30,2,29,1,28,0,29,-1,29,-2,29,-2,29,-4,29,-5,30,-5,29,-5,29,-6,28,-7,29,-6]"
618042968160900,24.517312500,90818,1877959445,-51,-98,6,0,1,7,0,0,256,0,0,"[0,0,-14,-8,-13,-8,-13,-8,-12,-6,-12,-7,-12,-5,-11,-5,-11,-4,-11,-3,-10,-3,-10,-3,-10,-2,-10,-2,-10,-1,-10,0,-9,-1,-9,-1,-9,-1,-9,0,-8,-1,-8,-1,-7,-1,-7,-2,-7,-2,-7,-2,-6,-2,0,0,0,0,0,0,0,0,0,0,0,0,0,0,0,0,0,0,0,0,0,0,-16,-7,-17,-8,-16,-9,-16,-10,-16,-11,-16,-12,-16,-12,-15,-13,-14,-14,-13,-14,-13,-14,-12,-14,-12,-14,-12,-13,-12,-13,-13,-11,-13,-11,-13,-10,-13,-10,-14,-9,-14,-9,-14,-9,-14,-9,-14,-9,-14,-8,-14,-8,0,0,-28,-4,-28,-4,-26,-4,-25,-3,-24,-2,-23,-1,-22,-1,-21,0,-20,1,-19,3,-19,4,-18,4,-17,5,-17,4,-17,5,-16,5,-16,5,-16,5,-15,4,-15,4,-14,4,-14,3,-13,3,-12,3,-12,2,-11,2,-12,1,-11,1,0,0,0,0,0,0,0,0,0,0,0,0,0,0,-30,5,-31,2,-31,0,-32,-3,-32,-5,-32,-6,-33,-8,-34,-9,-33,-12,-33,-13,-32,-14,-31,-14,-31,-13,-30,-13,-29,-13,-28,-12,-29,-12,-28,-11,-28,-10,-28,-10,-29,-8,-29,-8,-29,-7,-30,-6,-30,-5,-30,-4,-30,-4,-29,-4]"
618042986895100,24.536046700,90819,1877977765,-51,-98,6,0,1,7,0,0,256,0,0,"[0,0,13,-8,11,-8,11,-8,11,-8,10,-8,9,-7,8,-8,8,-7,7,-8,7,-8,6,-8,5,-8,5,-8,4,-8,4,-8,4,-8,4,-8,4,-8,4,-7,4,-7,4,-7,3,-7,4,-6,4,-6,3,-6,3,-5,0,0,0,0,0,0,0,0,0,0,0,0,0,0,0,0,0,0,0,0,0,0,13,-11,14,-10,15,-10,15,-9,17,-9,17,-8,18,-7,18,-6,18,-6,18,-5,17,-4,17,-4,16,-4,15,-4,15,-5,15,-6,15,-6,15,-7,14,-7,14,-7,14,-8,14,-8,14,-8,13,-9,13,-8,13,-8,0,0,17,-22,16,-22,15,-21,14,-20,13,-20,12,-19,11,-18,10,-18,9,-18,7,-17,5,-18,5,-18,4,-18,3,-16,3,-18,3,-17,2,-17,2,-16,3,-16,3,-15,3,-15,3,-13,3,-13,3,-13,3,-12,3,-11,4,-10,4,-10,0,0,0,0,0,0,0,0,0,0,0,0,0,0,12,-28,14,-27,17,-26,18,-25,20,-25,21,-24,23,-24,25,-23,26,-22,28,-21,28,-19,28,-20,27,-19,26,-18,25,-17,24,-18,24,-18,23,-19,22,-19,22,-19,21,-20,20,-22,20,-21,20,-22,20,-23,18,-24,18,-23,19,-23]"
618043002487200,24.551638800,90820,1877997082,-51,-98,6,0,1,7,0,0,256,0,0,"[0,0,-1,15,0,14,0,13,0,12,0,12,1,12,1,11,1,10,1,10,2,9,3,8,3,9,4,8,3,8,3,7,4,7,4,7,3,7,3,7,3,7,3,6,2,6,3,6,2,5,2,5,2,5,0,0,0,0,0,0,0,0,0,0,0,0,0,0,0,0,0,0,0,0,0,0,1,16,0,17,0,17,-2,18,-3,18,-3,18,-5,18,-6,18,-6,18,-6,17,-6,17,-6,16,-5,16,-5,16,-5,16,-4,15,-4,15,-4,15,-3,15,-2,15,-2,16,-2,16,-1,16,0,15,-1,16,-1,15,0,0,8,26,8,24,8,24,8,23,9,22,9,20,9,18,9,17,10,16,10,15,10,14,11,13,10,12,11,12,12,11,12,12,11,11,11,11,11,10,10,10,10,10,9,9,8,9,8,9,7,9,6,9,6,9,5,9,0,0,0,0,0,0,0,0,0,0,0,0,0,0,16,25,12,27,10,28,10,28,8,30,7,31,6,32,4,34,4,34,2,34,0,33,-1,34,-1,32,-2,32,-2,31,0,30,1,29,1,28,2,28,3,28,4,29,6,28,7,28,7,28,8,28,7,28,8,28,8,27]"
618043024348100,24.573499700,90821,1878016499,-51,-98,6,0,1,7,0,0,256,0,0,"[0,0,-4,15,-3,14,-3,13,-3,13,-2,12,-2,12,-2,11,-1,11,0,10,0,10,1,9,1,9,1,9,1,9,2,8,2,7,2,8,2,8,2,7,1,7,1,7,1,7,1,7,1,6,1,5,0,5,0,0,0,0,0,0,0,0,0,0,0,0,0,0,0,0,0,0,0,0,0,0,-3,16,-4,16,-5,17,-6,17,-7,17,-8,17,-9,17,-10,17,-10,16,-10,16,-10,15,-10,14,-9,14,-9,14,-8,14,-8,14,-7,14,-7,14,-6,14,-5,15,-5,15,-5,15,-5,15,-4,15,-4,15,-4,15,0,0,3,27,3,26,4,25,4,24,4,23,4,21,5,21,5,19,6,18,7,17,8,16,9,15,9,15,9,14,9,13,9,13,9,12,9,13,8,13,8,12,7,12,7,11,6,10,6,10,6,9,5,10,4,9,4,9,0,0,0,0,0,0,0,0,0,0,0,0,0,0,10,28,7,29,6,30,3,30,3,31,1,31,-1,34,-3,33,-4,34,-6,34,-7,33,-7,33,-7,32,-7,31,-6,30,-6,29,-5,29,-4,29,-3,28,-2,29,-1,29,0,29,0,29,1,29,1,29,3,29,3,29,3,29]"
618043042268600,24.591420200,90822,1878036646,-51,-98,6,0,1,7,0,0,256,0,0,"[0,0,9,12,8,10,8,10,8,10,8,9,8,9,7,7,8,7,7,6,7,5,7,5,8,5,7,4,7,4,8,3,7,3,7,3,7,3,7,3,7,3,6,3,6,3,5,3,5,3,5,3,5,3,0,0,0,0,0,0,0,0,0,0,0,0,0,0,0,0,0,0,0,0,0,0,11,12,10,13,10,14,9,15,9,16,8,17,7,17,7,17,6,17,5,17,5,16,5,16,5,16,5,15,5,15,6,14,6,14,6,14,7,14,8,13,8,13,8,13,9,13,9,13,9,13,9,12,0,0,22,15,22,14,21,13,20,12,19,11,19,10,19,9,18,7,18,6,17,5,16,4,17,3,17,3,16,2,16,1,16,1,15,1,15,0,14,1,14,1,13,1,13,1,12,1,12,2,11,2,10,2,10,3,10,4,0,0,0,0,0,0,0,0,0,0,0,0,0,0,28,10,27,13,26,15,26,17,25,18,24,20,25,22,24,23,24,24,23,25,22,26,20,26,19,27,19,25,18,25,18,24,19,23,19,21,19,21,20,20,21,19,22,18,23,18,23,17,24,17,23,17,23,17,24,16]"
618043064727900,24.613879500,90823,1878057347,-51,-98,6,0,1,7,0,0,256,0,0,"[0,0,-13,8,-12,8,-12,8,-11,8,-10,8,-9,7,-9,7,-8,7,-8,7,-7,7,-7,7,-5,7,-6,7,-5,7,-5,7,-5,7,-4,7,-5,7,-5,7,-4,6,-5,6,-4,6,-4,5,-4,5,-4,5,-4,4,0,0,0,0,0,0,0,0,0,0,0,0,0,0,0,0,0,0,0,0,0,0,-13,11,-14,11,-14,10,-15,10,-16,9,-17,9,-18,7,-18,7,-18,6,-18,6,-17,6,-17,6,-16,6,-16,6,-16,6,-15,6,-15,6,-15,6,-14,7,-14,7,-14,8,-14,8,-14,9,-13,9,-13,9,-13,9,0,0,-18,21,-17,20,-16,19,-15,19,-13,18,-13,18,-11,18,-10,18,-9,17,-8,16,-7,16,-6,16,-5,16,-5,16,-5,16,-4,15,-4,16,-4,15,-4,15,-4,14,-4,13,-5,13,-4,12,-4,11,-4,11,-5,10,-5,10,-6,9,0,0,0,0,0,0,0,0,0,0,0,0,0,0,-11,28,-14,27,-16,26,-18,26,-20,25,-21,23,-23,24,-25,23,-26,22,-27,22,-28,20,-27,20,-27,18,-27,18,-26,17,-25,17,-24,18,-23,17,-23,18,-23,19,-21,20,-21,20,-20,21,-20,22,-19,22,-19,22,-19,22,-18,22]"
618043088017800,24.637169400,90824,1878080053,-51,-98,6,0,1,7,0,0,256,0,0,"[0,0,-9,-13,-9,-13,-8,-12,-8,-11,-8,-11,-8,-10,-8,-9,-8,-9,-8,-8,-8,-7,-8,-7,-8,-6,-8,-6,-8,-6,-8,-5,-8,-5,-8,-5,-8,-4,-8,-4,-7,-5,-7,-4,-7,-5,-6,-4,-6,-4,-5,-4,-5,-4,0,0,0,0,0,0,0,0,0,0,0,0,0,0,0,0,0,0,0,0,0,0,-11,-14,-10,-15,-10,-16,-9,-16,-9,-18,-8,-18,-8,-18,-7,-19,-6,-19,-5,-19,-5,-18,-5,-17,-5,-17,-5,-17,-5,-16,-6,-16,-6,-15,-7,-15,-7,-15,-8,-15,-8,-15,-9,-15,-9,-15,-9,-14,-9,-14,-9,-14,0,0,-23,-15,-24,-16,-22,-14,-22,-13,-20,-12,-20,-10,-20,-10,-20,-9,-18,-7,-18,-7,-18,-6,-18,-6,-17,-4,-18,-4,-17,-3,-16,-3,-16,-2,-16,-2,-16,-2,-16,-2,-15,-2,-14,-2,-13,-3,-12,-3,-12,-3,-11,-3,-11,-4,-10,-4,0,0,0,0,0,0,0,0,0,0,0,0,0,0,-28,-11,-27,-15,-27,-17,-26,-17,-27,-19,-26,-20,-26,-23,-25,-24,-25,-24,-25,-26,-23,-27,-22,-28,-20,-27,-19,-27,-18,-26,-18,-25,-19,-23,-20,-23,-21,-21,-22,-21,-21,-20,-23,-19,-23,-19,-25,-18,-24,-18,-24,-19,-24,-18,-23,-17]"
618043104501100,24.653652700,90825,1878096488,-51,-98,6,0,1,7,0,0,256,0,0,"[0,0,-12,-11,-12,-10,-11,-9,-11,-9,-10,-8,-11,-8,-11,-7,-10,-6,-10,-6,-10,-5,-10,-4,-10,-4,-10,-4,-10,-3,-10,-2,-9,-2,-9,-3,-9,-2,-8,-2,-9,-2,-8,-3,-8,-3,-7,-3,-7,-3,-6,-2,-7,-3,0,0,0,0,0,0,0,0,0,0,0,0,0,0,0,0,0,0,0,0,0,0,-15,-11,-14,-12,-15,-13,-13,-14,-14,-15,-13,-15,-12,-16,-12,-17,-11,-17,-10,-17,-10,-17,-10,-17,-9,-16,-9,-16,-9,-15,-11,-14,-10,-13,-11,-14,-11,-13,-11,-13,-12,-12,-12,-12,-13,-12,-12,-12,-12,-11,-12,-12,0,0,-25,-11,-25,-10,-25,-10,-23,-8,-23,-8,-21,-7,-21,-6,-20,-5,-19,-4,-19,-2,-19,-2,-18,0,-18,0,-18,0,-17,0,-17,1,-16,2,-16,1,-16,1,-15,1,-14,0,-14,0,-13,0,-13,0,-12,0,-11,-1,-11,-1,-11,-2,0,0,0,0,0,0,0,0,0,0,0,0,0,0,-31,-4,-31,-7,-30,-9,-30,-12,-29,-13,-29,-15,-29,-17,-30,-18,-29,-20,-28,-21,-26,-22,-26,-22,-26,-22,-26,-21,-24,-20,-24,-19,-24,-19,-24,-18,-25,-17,-25,-16,-25,-15,-26,-15,-26,-14,-27,-14,-27,-13,-27,-12,-28,-11,-27,-11]"
618043124224200,24.673375800,90826,1878116481,-51,-98,6,0,1,7,0,0,256,0,0,"[0,0,14,-5,13,-5,12,-5,12,-5,11,-5,10,-5,9,-6,9,-6,9,-6,8,-6,7,-7,7,-6,6,-7,6,-6,6,-7,6,-7,5,-7,5,-6,5,-6,5,-6,5,-6,5,-6,4,-5,4,-5,4,-5,4,-4,0,0,0,0,0,0,0,0,0,0,0,0,0,0,0,0,0,0,0,0,0,0,15,-8,16,-7,16,-6,16,-6,18,-5,18,-4,19,-3,19,-2,19,-1,18,-1,18,-1,17,-1,16,-2,16,-1,16,-1,15,-2,15,-3,15,-3,15,-3,15,-4,15,-4,14,-5,15,-5,14,-5,15,-6,15,-6,0,0,21,-17,20,-18,20,-16,19,-16,17,-15,15,-16,14,-15,13,-16,12,-15,11,-15,10,-15,10,-15,9,-15,8,-15,7,-16,6,-15,7,-15,6,-15,6,-14,6,-14,6,-13,6,-13,6,-12,6,-11,6,-11,6,-10,6,-9,6,-8,0,0,0,0,0,0,0,0,0,0,0,0,0,0,18,-25,21,-23,23,-21,23,-20,25,-20,25,-19,28,-18,28,-17,30,-16,31,-14,31,-14,31,-12,31,-11,31,-10,29,-10,28,-10,27,-12,26,-13,25,-12,26,-14,24,-14,24,-16,24,-16,23,-18,24,-18,24,-17,23,-17,23,-17]"
618043143332000,24.692483600,90827,1878138386,-51,-98,6,0,1,7,0,0,256,0,0,"[0,0,-14,-7,-14,-7,-13,-7,-12,-5,-12,-5,-12,-5,-11,-5,-11,-4,-11,-3,-10,-2,-10,-1,-10,-2,-10,-1,-10,-1,-9,0,-9,0,-9,0,-8,0,-9,0,-8,-1,-8,-1,-7,-1,-7,-1,-7,-1,-7,-1,-6,-1,0,0,0,0,0,0,0,0,0,0,0,0,0,0,0,0,0,0,0,0,0,0,-16,-6,-17,-7,-16,-8,-16,-9,-16,-10,-16,-11,-16,-12,-15,-13,-14,-13,-14,-13,-14,-13,-13,-12,-13,-12,-13,-12,-13,-11,-13,-10,-13,-10,-13,-10,-13,-9,-13,-9,-14,-9,-14,-9,-15,-8,-14,-7,-15,-7,-14,-7,0,0,-27,-9,-27,-9,-26,-8,-24,-7,-23,-7,-22,-5,-22,-5,-21,-3,-21,-2,-20,-1,-19,-1,-19,0,-18,1,-18,1,-17,1,-17,2,-17,2,-16,2,-16,2,-15,2,-15,1,-15,1,-14,1,-13,0,-12,0,-12,0,-12,-1,-12,-1,0,0,0,0,0,0,0,0,0,0,0,0,0,0,-30,-2,-31,-5,-31,-8,-31,-9,-31,-11,-30,-12,-32,-15,-32,-16,-31,-17,-31,-19,-29,-20,-29,-21,-27,-20,-27,-20,-26,-19,-26,-18,-26,-17,-26,-16,-26,-15,-27,-15,-27,-14,-28,-12,-28,-12,-29,-11,-29,-11,-29,-10,-29,-10,-29,-10]"
618043165072000,24.714223600,90828,1878159316,-51,-98,6,0,1,7,0,0,256,0,0,"[0,0,10,11,10,11,9,10,9,9,9,9,9,8,9,7,8,6,8,6,8,4,8,4,8,4,8,4,8,3,8,3,8,2,8,2,8,2,7,2,7,2,7,2,6,2,6,2,5,2,6,2,5,2,0,0,0,0,0,0,0,0,0,0,0,0,0,0,0,0,0,0,0,0,0,0,13,12,12,12,11,13,11,14,10,15,10,16,9,16,9,17,8,17,7,17,7,17,7,16,7,16,6,15,7,15,8,14,8,14,8,13,8,13,9,13,9,12,10,12,11,12,10,12,10,12,11,11,0,0,23,16,23,14,22,13,22,13,20,11,19,11,20,10,18,8,18,7,18,5,18,4,17,3,17,2,17,2,17,2,16,1,16,1,15,1,15,2,14,2,13,2,13,2,13,2,12,2,11,2,10,2,11,3,10,4,0,0,0,0,0,0,0,0,0,0,0,0,0,0,29,8,28,11,28,13,27,16,26,18,25,19,26,21,25,23,24,24,24,26,22,26,22,26,21,25,21,24,21,24,20,23,20,22,20,21,20,20,21,20,21,18,22,19,23,18,23,19,25,17,25,15,25,15,25,15]"
618043189562600,24.738714200,90829,1878182843,-51,-98,6,0,1,7,0,0,256,0,0,"[0,0,14,-5,13,-5,12,-5,12,-5,11,-5,10,-5,10,-5,9,-6,8,-7,8,-7,8,-7,7,-6,6,-6,6,-7,6,-7,5,-7,5,-7,5,-7,5,-7,5,-7,5,-6,5,-5,4,-6,4,-5,4,-5,4,-4,0,0,0,0,0,0,0,0,0,0,0,0,0,0,0,0,0,0,0,0,0,0,16,-6,16,-5,17,-5,16,-4,18,-3,18,-2,19,-2,19,-1,18,-1,18,0,18,1,17,1,16,0,16,0,15,-1,16,-1,15,-2,16,-2,15,-3,15,-4,15,-4,14,-5,16,-5,15,-5,14,-5,15,-5,0,0,21,-18,19,-18,19,-17,17,-16,16,-16,15,-16,14,-16,12,-16,12,-16,9,-16,9,-16,8,-16,7,-16,6,-16,6,-16,6,-16,5,-15,5,-16,5,-15,5,-15,5,-14,5,-13,5,-12,5,-11,5,-11,5,-11,6,-10,6,-9,0,0,0,0,0,0,0,0,0,0,0,0,0,0,17,-25,20,-23,22,-22,24,-21,25,-19,26,-18,27,-18,29,-18,30,-16,31,-15,32,-13,30,-13,30,-12,29,-12,28,-12,27,-12,27,-13,25,-13,26,-14,25,-14,24,-16,24,-16,23,-17,24,-18,23,-18,22,-19,21,-19,22,-20]"
618043203490700,24.752642300,90830,1878196976,-51,-98,6,0,1,7,0,0,256,0,0,"[0,0,5,-14,3,-14,3,-13,4,-13,2,-13,2,-12,2,-12,1,-11,1,-11,0,-10,0,-10,-1,-10,-1,-10,-2,-9,-2,-9,-1,-9,-2,-9,-2,-9,-2,-8,-1,-8,-1,-8,-1,-8,-1,-7,-1,-7,-1,-7,-1,-6,0,0,0,0,0,0,0,0,0,0,0,0,0,0,0,0,0,0,0,0,0,0,3,-17,4,-17,5,-17,6,-17,7,-17,8,-17,8,-16,9,-16,10,-16,10,-15,10,-15,9,-14,9,-14,8,-14,8,-14,7,-14,7,-14,7,-14,6,-15,6,-15,5,-15,5,-15,5,-15,5,-15,4,-15,5,-15,0,0,0,-27,0,-27,-1,-26,0,-25,-2,-24,-2,-23,-3,-22,-4,-20,-4,-20,-5,-19,-6,-18,-6,-17,-7,-17,-7,-16,-7,-16,-7,-15,-8,-15,-8,-15,-7,-14,-7,-14,-6,-14,-6,-13,-5,-13,-5,-12,-4,-12,-4,-11,-3,-12,-3,-11,0,0,0,0,0,0,0,0,0,0,0,0,0,0,-8,-30,-5,-31,-3,-31,-1,-31,0,-33,2,-32,4,-34,5,-34,6,-34,8,-34,10,-33,10,-33,10,-32,10,-31,9,-30,8,-29,8,-29,7,-28,6,-29,6,-29,4,-29,3,-30,2,-29,1,-30,1,-30,1,-30,0,-30,0,-30]"
618043226078200,24.775229800,90831,1878218747,-51,-98,6,0,1,7,0,0,256,0,0,"[0,0,6,-13,6,-13,6,-13,5,-12,5,-12,4,-12,3,-11,3,-11,3,-10,2,-10,1,-10,0,-10,0,-10,0,-10,0,-9,-1,-9,-1,-9,0,-9,0,-9,0,-8,0,-8,0,-7,0,-7,0,-7,0,-6,0,-6,0,0,0,0,0,0,0,0,0,0,0,0,0,0,0,0,0,0,0,0,0,0,6,-16,7,-16,8,-16,9,-16,10,-16,11,-16,12,-15,12,-15,13,-14,13,-14,12,-13,12,-13,11,-13,11,-13,10,-13,10,-13,10,-13,9,-13,9,-14,8,-14,8,-14,8,-14,7,-15,7,-15,6,-14,7,-14,0,0,13,-53,12,-53,11,-51,10,-48,8,-46,6,-44,4,-43,2,-40,2,-39,-1,-37,-3,-37,-4,-36,-6,-34,-6,-34,-8,-33,-7,-32,-9,-32,-9,-32,-8,-30,-7,-30,-6,-29,-5,-27,-6,-26,-4,-24,-4,-24,-3,-23,-1,-23,0,-22,0,0,0,0,0,0,0,0,0,0,0,0,0,0,-3,-60,3,-62,9,-62,12,-61,16,-62,19,-61,22,-63,26,-64,29,-63,32,-62,34,-60,34,-59,34,-55,34,-54,31,-54,31,-53,29,-52,28,-52,26,-52,24,-53,21,-54,19,-55,18,-56,17,-58,16,-57,15,-57,14,-56,14,-57]"
618043249858600,24.799010200,90832,1878246644,-51,-98,6,0,1,7,0,0,256,0,0,"[0,0,-14,-7,-14,-8,-12,-7,-13,-6,-12,-6,-12,-6,-11,-5,-11,-4,-11,-3,-10,-3,-10,-2,-10,-2,-10,-2,-10,-1,-10,-1,-10,0,-9,0,-9,0,-9,0,-8,-1,-8,0,-8,-1,-7,-1,-7,-1,-7,-1,-7,-1,0,0,0,0,0,0,0,0,0,0,0,0,0,0,0,0,0,0,0,0,0,0,-16,-8,-16,-9,-16,-10,-15,-11,-15,-12,-15,-13,-14,-14,-14,-15,-13,-15,-13,-15,-12,-14,-12,-14,-11,-14,-12,-13,-11,-13,-12,-12,-12,-11,-13,-11,-13,-11,-13,-10,-14,-10,-13,-9,-15,-9,-14,-9,-14,-9,-14,-8,0,0,-54,-14,-53,-15,-50,-12,-48,-11,-46,-11,-44,-8,-43,-6,-42,-5,-40,-3,-38,-1,-38,2,-36,3,-35,4,-34,5,-34,7,-33,8,-32,7,-31,7,-31,6,-30,6,-29,5,-28,6,-27,4,-25,3,-24,3,-23,3,-23,1,-23,0,0,0,0,0,0,0,0,0,0,0,0,0,0,0,-61,-7,-61,-13,-60,-16,-59,-20,-60,-22,-60,-25,-62,-29,-61,-33,-60,-36,-60,-39,-56,-40,-56,-42,-54,-40,-51,-40,-49,-38,-51,-36,-49,-33,-51,-30,-51,-29,-53,-27,-52,-25,-54,-24,-55,-23,-56,-21,-57,-20,-55,-19,-57,-18,-55,-17]"
618043262951900,24.812103500,90833,1878256567,-51,-98,6,0,1,7,0,0,256,0,0,"[0,0,15,-2,14,-2,13,-2,13,-3,12,-2,11,-2,11,-3,10,-3,10,-3,9,-4,9,-4,8,-5,7,-5,7,-5,7,-5,7,-5,7,-5,7,-5,7,-5,7,-4,6,-4,6,-4,6,-3,5,-4,5,-3,5,-3,0,0,0,0,0,0,0,0,0,0,0,0,0,0,0,0,0,0,0,0,0,0,16,-4,16,-3,17,-3,17,-2,18,0,18,0,19,1,18,2,18,3,17,3,17,3,17,2,16,3,16,2,15,2,15,1,15,1,16,1,15,0,15,0,15,-1,15,-1,15,-1,15,-2,15,-2,15,-2,0,0,24,-15,23,-15,22,-15,20,-14,20,-14,18,-14,17,-14,15,-14,14,-14,13,-14,12,-14,12,-14,11,-14,10,-15,9,-15,10,-15,9,-14,9,-15,8,-14,8,-13,8,-12,8,-12,7,-11,8,-10,7,-10,7,-9,7,-8,8,-8,0,0,0,0,0,0,0,0,0,0,0,0,0,0,20,-23,23,-21,25,-19,26,-19,27,-17,28,-16,30,-15,32,-14,32,-14,33,-12,33,-11,33,-9,33,-8,32,-7,30,-7,30,-8,29,-9,28,-10,28,-11,28,-11,27,-12,26,-14,26,-14,26,-15,26,-15,26,-15,26,-15,26,-16]"
618043294375000,24.843526600,90834,1878290995,-50,-98,6,0,1,7,0,0,256,0,0,"[0,0,-10,11,-9,11,-9,10,-8,10,-8,10,-7,9,-6,9,-6,9,-5,9,-5,9,-4,8,-4,8,-3,8,-3,8,-3,8,-2,8,-2,8,-2,8,-2,7,-2,7,-2,7,-3,7,-3,6,-3,6,-3,5,-3,5,0,0,0,0,0,0,0,0,0,0,0,0,0,0,0,0,0,0,0,0,0,0,-9,13,-10,13,-11,13,-11,12,-13,13,-14,12,-14,12,-15,11,-15,10,-15,10,-15,9,-15,9,-14,9,-14,9,-13,9,-13,9,-12,9,-12,10,-12,10,-11,11,-11,11,-11,11,-11,12,-11,12,-10,11,-10,11,0,0,-48,31,-43,28,-41,31,-38,29,-35,30,-33,27,-31,29,-30,28,-27,29,-25,28,-25,26,-19,27,-20,28,-17,28,-16,28,-17,29,-15,27,-17,28,-14,25,-17,23,-15,23,-12,23,-14,19,-13,19,-13,18,-12,18,-14,17,-15,14,0,0,0,0,0,0,0,0,0,0,0,0,0,0,-40,44,-47,43,-51,37,-53,38,-53,36,-57,35,-58,31,-63,28,-63,28,-66,24,-65,22,-63,18,-64,16,-62,14,-61,15,-58,16,-58,20,-55,19,-55,21,-52,23,-53,26,-48,29,-51,30,-52,32,-49,29,-47,31,-50,32,-48,28]"
618043307421800,24.856573400,90835,1878299896,-51,-98,6,0,1,7,0,0,256,0,0,"[0,0,15,0,14,-1,13,-1,13,-1,12,-1,12,-1,11,-2,11,-2,10,-3,9,-3,9,-4,8,-4,8,-4,8,-4,8,-5,7,-4,7,-4,8,-4,7,-4,7,-4,7,-3,6,-3,6,-3,5,-3,6,-3,5,-2,0,0,0,0,0,0,0,0,0,0,0,0,0,0,0,0,0,0,0,0,0,0,17,-3,17,-2,17,-1,18,0,19,0,19,1,19,3,19,4,18,4,18,5,17,4,17,4,17,4,16,4,16,4,16,3,16,2,16,2,16,2,15,2,16,1,16,1,16,0,16,0,15,-1,16,-1,0,0,27,-5,26,-6,25,-6,24,-6,22,-6,21,-6,20,-6,19,-6,18,-7,16,-9,16,-10,15,-10,14,-11,13,-10,13,-11,13,-11,13,-10,12,-10,12,-10,11,-9,11,-9,11,-8,11,-8,10,-8,9,-7,9,-6,10,-6,10,-5,0,0,0,0,0,0,0,0,0,0,0,0,0,0,26,-14,29,-12,30,-10,30,-7,32,-6,31,-5,34,-3,35,-1,35,0,35,3,34,4,34,4,33,4,32,3,31,3,30,2,29,2,30,1,29,0,30,0,29,-1,29,-2,29,-3,29,-3,30,-4,30,-6,28,-6,29,-6]"
618043326594600,24.875746200,90836,1878318872,-51,-98,6,0,1,7,0,0,256,0,0,"[0,0,-15,-1,-15,-1,-14,-1,-14,-1,-13,0,-12,0,-12,1,-12,1,-11,2,-11,2,-10,2,-10,2,-9,2,-9,3,-9,4,-8,3,-8,3,-8,3,-8,3,-8,3,-8,3,-7,2,-7,2,-6,2,-7,2,-6,1,0,0,0,0,0,0,0,0,0,0,0,0,0,0,0,0,0,0,0,0,0,0,-18,0,-18,-1,-18,-1,-18,-2,-19,-3,-19,-5,-19,-5,-19,-6,-19,-6,-18,-7,-17,-7,-17,-7,-16,-7,-16,-7,-16,-5,-16,-5,-15,-4,-17,-4,-16,-4,-16,-2,-16,-2,-16,-2,-17,-2,-16,-1,-16,-1,-16,-1,0,0,-27,6,-27,6,-25,6,-24,7,-23,6,-21,7,-20,7,-20,8,-18,8,-17,9,-16,9,-15,10,-15,10,-14,10,-14,11,-13,10,-13,11,-13,10,-12,10,-12,9,-11,9,-11,8,-11,8,-10,7,-10,6,-10,6,-10,5,-10,4,0,0,0,0,0,0,0,0,0,0,0,0,0,0,-28,13,-29,10,-29,8,-30,7,-32,6,-31,5,-34,3,-35,1,-35,1,-36,-1,-34,-2,-35,-4,-34,-4,-33,-3,-31,-4,-30,-3,-30,-2,-30,0,-29,0,-30,1,-29,2,-29,4,-30,5,-29,5,-30,5,-30,5,-28,6,-29,6]"
618043345644200,24.894795800,90837,1878339802,-51,-98,6,0,1,7,0,0,256,0,0,"[0,0,11,10,10,9,10,8,10,8,9,7,9,7,9,6,9,5,8,4,8,4,8,3,8,3,8,3,8,2,8,2,8,2,8,2,7,2,7,1,7,2,7,2,6,2,6,2,6,2,5,2,5,1,0,0,0,0,0,0,0,0,0,0,0,0,0,0,0,0,0,0,0,0,0,0,14,9,14,10,13,11,13,12,13,13,12,14,11,15,11,15,10,16,9,15,9,15,9,14,9,15,9,14,9,13,9,12,9,12,10,12,10,12,10,11,10,11,11,11,11,10,11,10,11,10,12,10,0,0,23,12,25,11,22,9,23,9,20,8,20,7,19,7,19,5,19,4,18,3,17,2,17,1,16,0,16,0,17,0,15,-1,16,-1,15,-1,15,0,14,0,14,0,13,0,13,0,12,0,11,1,10,1,11,1,10,2,0,0,0,0,0,0,0,0,0,0,0,0,0,0,30,4,29,7,28,9,27,11,30,13,28,13,30,17,27,18,28,20,26,22,26,22,26,23,24,22,23,22,23,20,22,19,22,18,24,18,23,16,24,17,23,15,25,15,25,15,26,14,27,14,26,12,26,12,26,12]"
618043365436800,24.914588400,90838,1878359306,-51,-98,6,0,1,7,0,0,256,0,0,"[0,0,15,-1,14,-2,13,-2,13,-2,12,-2,11,-3,11,-3,10,-3,10,-4,10,-4,9,-4,8,-5,7,-5,7,-5,8,-6,7,-5,7,-5,7,-5,7,-5,7,-5,6,-4,6,-4,6,-4,6,-3,6,-3,5,-3,0,0,0,0,0,0,0,0,0,0,0,0,0,0,0,0,0,0,0,0,0,0,17,-4,17,-3,18,-2,18,-1,19,0,19,1,19,1,19,3,19,3,18,4,18,4,17,4,17,4,16,3,16,3,16,2,16,1,16,1,16,0,16,0,16,0,16,-1,17,-1,16,-1,16,-1,16,-2,0,0,24,-12,23,-14,22,-13,20,-12,20,-13,18,-13,17,-13,16,-13,14,-13,13,-13,12,-14,11,-14,10,-14,10,-14,9,-14,9,-14,8,-13,9,-14,8,-13,8,-12,8,-12,8,-11,8,-10,7,-10,7,-9,7,-9,7,-8,8,-8,0,0,0,0,0,0,0,0,0,0,0,0,0,0,21,-21,23,-20,25,-18,27,-16,27,-15,29,-14,30,-13,32,-12,33,-11,33,-9,33,-7,32,-7,32,-7,31,-6,30,-6,28,-7,29,-6,27,-8,28,-9,27,-9,28,-11,27,-11,26,-12,26,-12,26,-13,26,-13,25,-14,26,-14]"
618043382836800,24.931988400,90839,1878378325,-51,-98,6,0,1,7,0,0,256,0,0,"[0,0,-9,12,-7,12,-7,12,-7,11,-6,11,-5,10,-5,10,-4,10,-4,10,-3,9,-3,9,-2,9,-1,9,-1,9,-1,8,-1,8,-1,8,-1,8,-1,8,-1,8,-1,7,-1,7,-1,6,-1,6,-2,5,-1,5,0,0,0,0,0,0,0,0,0,0,0,0,0,0,0,0,0,0,0,0,0,0,-8,15,-9,14,-10,15,-11,14,-12,14,-14,14,-14,12,-15,12,-15,12,-15,12,-15,11,-14,10,-13,11,-13,11,-13,11,-12,11,-11,11,-11,11,-10,12,-10,12,-10,12,-9,13,-10,13,-9,13,-8,13,-9,13,0,0,-9,56,-7,53,-5,50,-5,48,-3,46,-2,44,-1,42,0,41,1,38,4,37,6,36,7,35,10,33,9,32,11,31,11,31,11,29,10,31,9,29,9,29,7,26,7,26,6,24,6,24,5,23,4,22,3,21,2,21,0,0,0,0,0,0,0,0,0,0,0,0,0,0,5,61,0,61,-3,59,-9,60,-11,62,-16,62,-18,62,-21,64,-24,64,-29,64,-29,61,-31,60,-29,58,-29,56,-28,54,-26,54,-25,55,-22,53,-21,55,-19,54,-17,56,-15,56,-15,57,-12,57,-11,58,-9,58,-9,57,-9,58]"
618043402643200,24.951794800,90840,1878396797,-51,-98,6,0,1,7,0,0,256,0,0,"[0,0,-4,14,-3,14,-3,13,-3,13,-2,12,-2,12,-2,11,-1,10,-1,10,0,10,0,9,1,9,1,9,2,8,2,8,2,8,2,8,1,8,1,7,2,7,1,7,1,7,1,7,1,6,1,6,0,5,0,0,0,0,0,0,0,0,0,0,0,0,0,0,0,0,0,0,0,0,0,0,-3,16,-4,16,-5,17,-5,17,-7,17,-8,17,-9,17,-9,16,-9,16,-10,16,-10,15,-9,15,-10,14,-9,14,-8,14,-8,14,-7,14,-7,14,-6,14,-6,15,-5,15,-5,15,-5,16,-4,15,-4,15,-4,15,0,0,4,26,5,26,5,25,5,23,5,22,5,21,6,20,6,19,7,18,8,17,8,15,9,15,9,14,9,13,9,13,10,13,9,12,9,12,8,12,8,12,8,11,7,11,7,10,6,10,6,10,5,9,4,9,4,9,0,0,0,0,0,0,0,0,0,0,0,0,0,0,12,27,9,28,7,29,5,30,5,32,3,31,1,33,-1,34,-2,34,-4,34,-5,33,-6,34,-6,32,-6,32,-5,30,-4,29,-4,29,-2,28,-2,29,-1,29,0,29,1,29,2,29,3,29,3,30,4,29,5,29,4,28]"
618043423340900,24.972492500,90841,1878416386,-51,-98,6,0,1,7,0,0,256,0,0,"[0,0,11,-10,11,-10,10,-9,10,-9,9,-9,9,-9,8,-9,7,-9,6,-9,6,-9,5,-9,5,-9,4,-9,3,-8,3,-9,3,-9,3,-9,3,-9,3,-8,3,-8,2,-7,2,-7,2,-7,2,-6,3,-6,3,-5,0,0,0,0,0,0,0,0,0,0,0,0,0,0,0,0,0,0,0,0,0,0,13,-12,13,-12,14,-12,14,-11,16,-11,17,-10,17,-10,18,-9,18,-8,18,-7,17,-7,16,-7,16,-6,16,-6,15,-7,15,-8,14,-7,14,-9,13,-9,14,-9,13,-10,13,-10,14,-10,13,-10,12,-10,12,-10,0,0,13,-24,12,-25,11,-23,11,-21,10,-21,8,-21,7,-20,6,-19,5,-19,4,-19,3,-18,2,-18,1,-17,1,-17,0,-18,0,-17,0,-16,0,-17,0,-16,0,-15,0,-15,0,-13,1,-13,1,-13,1,-12,1,-12,2,-11,3,-11,0,0,0,0,0,0,0,0,0,0,0,0,0,0,8,-29,12,-29,15,-27,15,-27,16,-27,18,-26,20,-26,23,-27,23,-26,24,-25,24,-24,25,-23,25,-21,24,-21,23,-20,22,-20,22,-20,20,-21,19,-22,19,-22,18,-23,17,-24,17,-24,15,-26,17,-26,15,-25,15,-25,15,-25]"
618043447093000,24.996244600,90842,1878443974,-51,-98,6,0,1,7,0,0,256,0,0,"[0,0,-6,-14,-7,-14,-6,-13,-6,-13,-6,-12,-6,-11,-6,-11,-6,-10,-7,-9,-7,-9,-7,-7,-7,-7,-7,-7,-7,-7,-7,-6,-7,-6,-7,-6,-7,-6,-7,-6,-6,-6,-6,-5,-6,-5,-6,-5,-5,-5,-5,-5,-4,-5,0,0,0,0,0,0,0,0,0,0,0,0,0,0,0,0,0,0,0,0,0,0,-9,-16,-8,-16,-7,-17,-6,-17,-6,-19,-5,-19,-4,-19,-3,-20,-3,-19,-2,-19,-2,-19,-2,-18,-2,-18,-2,-17,-2,-17,-4,-17,-4,-16,-4,-16,-5,-16,-5,-16,-5,-16,-6,-16,-6,-16,-6,-16,-6,-15,-7,-15,0,0,-18,-21,-19,-21,-17,-20,-17,-18,-17,-17,-16,-17,-16,-16,-16,-14,-16,-13,-17,-11,-17,-9,-17,-9,-16,-8,-16,-8,-16,-7,-15,-7,-16,-7,-15,-6,-14,-7,-14,-6,-13,-7,-13,-7,-13,-6,-12,-5,-11,-5,-10,-6,-10,-6,-9,-6,0,0,0,0,0,0,0,0,0,0,0,0,0,0,-25,-19,-23,-21,-22,-23,-20,-24,-19,-26,-18,-27,-18,-30,-17,-30,-14,-32,-13,-32,-12,-33,-13,-33,-13,-31,-13,-30,-12,-29,-13,-28,-12,-27,-13,-27,-13,-26,-14,-27,-15,-25,-16,-26,-16,-25,-17,-25,-19,-24,-19,-23,-20,-22,-18,-23]"
618043467978800,25.017130400,90843,1878459568,-50,-98,6,0,1,7,0,0,256,0,0,"[0,0,8,11,8,11,7,10,7,9,7,9,7,8,7,8,7,7,7,7,7,6,7,5,7,5,7,4,7,4,7,4,7,4,7,3,6,4,6,4,6,4,6,3,5,3,5,3,5,3,4,3,4,3,0,0,0,0,0,0,0,0,0,0,0,0,0,0,0,0,0,0,0,0,0,0,10,11,10,12,9,12,9,13,8,14,8,15,7,15,6,16,6,16,5,16,5,15,5,15,5,15,5,14,5,14,5,13,6,13,6,13,7,13,7,12,7,12,8,12,8,12,8,12,8,12,8,11,0,0,4,29,4,26,4,26,4,22,4,22,5,20,5,21,6,19,7,17,7,15,7,15,8,16,8,15,9,15,8,13,8,13,8,13,9,12,8,11,8,11,6,12,7,11,6,10,5,10,5,11,5,11,3,8,3,9,0,0,0,0,0,0,0,0,0,0,0,0,0,0,13,26,11,29,9,31,9,33,5,31,4,34,2,32,2,36,0,33,-1,35,-3,35,-3,33,-5,32,-4,31,-5,31,-4,30,-2,33,-2,27,-2,30,0,27,1,30,3,29,3,28,3,31,4,27,4,29,4,30,5,30]"
618043484380200,25.033531800,90844,1878476494,-51,-98,6,0,1,7,0,0,256,0,0,"[0,0,3,-15,2,-15,2,-14,2,-14,1,-13,1,-12,0,-12,0,-11,-1,-11,-1,-11,-1,-10,-2,-10,-2,-10,-3,-9,-2,-9,-2,-9,-3,-9,-3,-8,-3,-8,-2,-8,-2,-8,-2,-8,-2,-8,-2,-6,-2,-6,-1,-6,0,0,0,0,0,0,0,0,0,0,0,0,0,0,0,0,0,0,0,0,0,0,3,-17,3,-17,4,-18,5,-17,6,-18,7,-18,8,-17,8,-17,9,-17,9,-17,10,-15,9,-15,9,-15,8,-14,7,-15,7,-15,6,-15,6,-15,5,-15,5,-15,5,-16,4,-16,4,-16,4,-16,3,-15,4,-16,0,0,-6,-26,-7,-28,-6,-25,-6,-24,-6,-23,-8,-22,-8,-20,-9,-19,-9,-18,-9,-18,-9,-16,-10,-16,-10,-15,-10,-13,-11,-14,-11,-13,-11,-13,-11,-13,-11,-12,-10,-12,-9,-12,-9,-11,-8,-11,-6,-10,-8,-11,-7,-10,-5,-10,-6,-10,0,0,0,0,0,0,0,0,0,0,0,0,0,0,-12,-28,-9,-30,-7,-30,-6,-30,-6,-32,-4,-32,-2,-35,-1,-34,-1,-35,2,-35,2,-34,5,-35,6,-33,6,-32,5,-30,4,-29,2,-29,1,-30,0,-29,0,-30,-2,-29,-4,-29,-4,-30,-5,-29,-5,-31,-5,-30,-5,-29,-5,-29]"
618043502909600,25.052061200,90845,1878496412,-51,-98,6,0,1,7,0,0,256,0,0,"[0,0,-15,4,-14,3,-13,4,-13,4,-13,4,-12,4,-11,4,-10,4,-10,4,-9,5,-9,5,-8,5,-7,5,-7,5,-7,6,-7,6,-7,5,-7,5,-7,5,-7,5,-6,4,-6,4,-6,4,-6,4,-6,3,-6,3,0,0,0,0,0,0,0,0,0,0,0,0,0,0,0,0,0,0,0,0,0,0,-17,6,-17,5,-17,4,-18,3,-19,3,-19,2,-19,1,-20,0,-20,-1,-19,-1,-19,-1,-18,-1,-18,-1,-17,-1,-17,0,-17,0,-16,1,-17,1,-16,2,-16,2,-16,3,-16,3,-17,3,-16,4,-16,4,-15,3,0,0,-23,15,-23,15,-21,15,-20,14,-19,15,-17,14,-16,14,-15,14,-13,14,-13,14,-12,14,-11,14,-10,13,-9,14,-9,14,-8,14,-8,14,-8,14,-8,13,-8,13,-8,12,-8,11,-8,10,-7,10,-8,9,-7,8,-8,8,-8,7,0,0,0,0,0,0,0,0,0,0,0,0,0,0,-20,22,-23,20,-25,18,-26,17,-27,18,-28,16,-30,15,-32,14,-32,14,-33,11,-32,11,-33,9,-33,8,-32,7,-30,7,-29,7,-29,9,-28,10,-27,10,-27,11,-27,12,-26,14,-26,14,-25,15,-26,15,-25,15,-24,15,-25,15]"
618043525820700,25.074972300,90846,1878522919,-51,-98,6,0,1,7,0,0,256,0,0,"[0,0,-14,1,-14,1,-13,1,-13,1,-12,1,-12,1,-11,1,-10,2,-11,2,-10,3,-9,3,-9,3,-8,3,-8,4,-8,4,-8,4,-7,4,-7,4,-7,3,-7,3,-7,3,-6,2,-6,2,-6,2,-6,2,-6,2,0,0,0,0,0,0,0,0,0,0,0,0,0,0,0,0,0,0,0,0,0,0,-17,2,-17,2,-17,1,-17,0,-18,-1,-19,-2,-19,-2,-19,-3,-18,-4,-18,-4,-18,-4,-17,-4,-16,-4,-16,-4,-16,-3,-16,-3,-16,-2,-16,-2,-16,-1,-15,-1,-16,0,-15,0,-16,0,-16,0,-15,1,-15,1,0,0,-28,0,-27,0,-26,1,-25,1,-23,1,-22,2,-21,2,-20,3,-20,3,-19,5,-18,5,-17,6,-16,6,-15,6,-15,6,-16,8,-14,7,-14,7,-14,6,-14,6,-13,6,-13,5,-12,4,-12,4,-11,4,-11,3,-12,2,-11,1,0,0,0,0,0,0,0,0,0,0,0,0,0,0,-30,7,-32,4,-32,4,-33,2,-33,0,-34,-1,-34,-3,-36,-5,-35,-6,-36,-9,-34,-10,-33,-9,-33,-10,-32,-9,-31,-9,-30,-8,-31,-7,-29,-7,-30,-6,-30,-6,-30,-4,-29,-3,-30,-3,-29,-2,-30,-1,-30,0,-29,1,-30,0]"
618043541830200,25.090981800,90847,1878536486,-51,-98,6,0,1,7,0,0,256,0,0,"[0,0,14,4,14,4,13,4,13,3,12,3,12,2,11,2,11,1,11,0,10,0,10,-1,9,-1,9,-2,9,-2,9,-2,9,-2,8,-2,8,-3,8,-2,8,-2,7,-1,7,-2,6,-1,6,-1,6,-1,6,-1,0,0,0,0,0,0,0,0,0,0,0,0,0,0,0,0,0,0,0,0,0,0,16,3,17,4,16,6,16,7,17,7,17,9,16,9,16,10,16,11,15,11,15,11,14,10,13,10,14,10,14,9,13,8,14,8,14,7,14,7,14,6,15,6,15,6,15,5,15,6,15,5,15,5,0,0,26,0,27,-2,24,-2,25,-1,22,-2,22,-3,21,-3,20,-4,18,-5,18,-6,16,-7,16,-7,15,-7,14,-7,15,-8,14,-8,15,-8,13,-8,13,-8,13,-6,12,-6,12,-6,12,-5,11,-5,10,-5,9,-4,11,-4,10,-3,0,0,0,0,0,0,0,0,0,0,0,0,0,0,29,-9,29,-6,30,-4,29,-2,33,-1,30,1,34,3,32,4,33,6,33,8,32,9,33,10,31,9,30,9,28,9,28,8,27,7,29,6,27,5,30,5,27,3,28,2,29,3,29,1,31,1,29,0,29,0,29,-1]"
618043563102000,25.112253600,90848,1878556541,-51,-98,6,0,1,7,0,0,256,0,0,"[0,0,-3,15,-2,14,-2,13,-2,13,-1,12,0,12,-1,11,0,10,0,10,1,10,1,9,2,9,2,9,2,8,2,8,2,7,3,8,2,8,2,7,2,7,2,7,1,7,1,6,1,6,1,5,1,5,0,0,0,0,0,0,0,0,0,0,0,0,0,0,0,0,0,0,0,0,0,0,-1,17,-2,17,-3,17,-4,17,-5,17,-6,17,-7,17,-8,17,-8,17,-8,16,-8,15,-8,15,-8,15,-7,15,-7,15,-6,14,-6,14,-5,15,-5,15,-4,15,-4,15,-3,15,-4,15,-3,15,-3,15,-3,15,0,0,1,27,2,26,3,25,3,24,3,23,4,22,4,21,4,20,5,18,6,17,7,16,7,16,8,15,8,15,8,14,8,14,8,13,8,14,7,13,6,13,6,12,6,12,5,11,5,10,4,10,4,10,3,10,3,10,0,0,0,0,0,0,0,0,0,0,0,0,0,0,11,27,8,29,6,29,4,30,3,31,2,31,-1,33,-2,33,-4,33,-6,33,-7,32,-7,33,-7,31,-8,31,-7,29,-6,29,-6,29,-4,28,-3,28,-3,28,-2,29,-1,28,-1,29,0,29,1,29,2,29,2,29,2,28]"
618043582300600,25.131452200,90849,1878577742,-51,-98,6,0,1,7,0,0,256,0,0,"[0,0,8,12,8,11,8,11,8,10,7,9,8,9,7,8,7,7,7,6,7,6,7,6,8,5,7,5,7,4,8,4,7,4,7,4,7,3,7,3,7,3,6,3,5,3,6,3,5,3,5,3,4,3,0,0,0,0,0,0,0,0,0,0,0,0,0,0,0,0,0,0,0,0,0,0,11,12,10,13,10,14,10,14,9,15,8,16,8,16,7,17,7,17,6,17,5,16,5,16,5,15,5,15,5,15,6,14,6,14,6,13,7,13,8,13,8,13,9,13,8,13,8,12,9,13,9,12,0,0,21,18,20,16,19,16,19,14,18,14,18,11,18,11,17,10,17,9,16,7,16,7,16,6,16,6,16,5,16,4,16,4,15,4,15,4,15,3,14,3,13,3,13,3,12,4,11,4,11,4,10,4,9,4,9,5,0,0,0,0,0,0,0,0,0,0,0,0,0,0,27,12,25,15,25,17,24,19,23,20,23,22,22,23,22,25,21,26,21,27,19,28,18,28,16,28,16,27,15,25,15,25,17,25,16,23,17,23,18,22,19,22,19,21,21,20,21,19,21,19,21,19,22,19,22,19]"
618043603827400,25.152979000,90850,1878596662,-51,-98,6,0,1,7,0,0,256,0,0,"[0,0,6,-14,5,-14,5,-14,5,-13,4,-13,3,-12,3,-12,2,-11,2,-11,1,-10,1,-10,0,-10,0,-10,0,-10,0,-10,-1,-10,-1,-10,-1,-9,-1,-9,0,-8,-1,-8,0,-8,0,-7,0,-7,0,-6,0,-6,0,0,0,0,0,0,0,0,0,0,0,0,0,0,0,0,0,0,0,0,0,0,4,-17,6,-18,6,-17,7,-17,7,-17,9,-18,10,-17,11,-16,11,-15,11,-15,11,-15,11,-14,10,-14,10,-14,10,-14,8,-13,9,-14,8,-14,8,-15,7,-14,7,-15,7,-15,6,-15,5,-15,6,-15,6,-15,0,0,5,-27,5,-26,5,-27,4,-24,4,-24,2,-23,1,-22,1,-21,0,-21,-2,-19,-2,-19,-3,-19,-4,-17,-4,-17,-4,-17,-5,-17,-5,-16,-4,-16,-4,-16,-4,-15,-4,-15,-4,-14,-3,-13,-3,-13,-2,-12,-2,-12,-1,-11,0,-11,0,0,0,0,0,0,0,0,0,0,0,0,0,0,-2,-30,2,-31,4,-31,5,-31,7,-31,8,-32,10,-31,13,-33,13,-32,15,-31,16,-30,16,-29,17,-28,16,-28,16,-27,15,-26,14,-27,12,-26,12,-27,11,-27,10,-28,9,-28,8,-28,7,-29,7,-29,7,-29,7,-29,6,-29]"
618043623778000,25.172929600,90851,1878616819,-51,-98,6,0,1,7,0,0,256,0,0,"[0,0,2,-15,1,-15,1,-14,1,-14,0,-13,0,-13,0,-12,-1,-12,-1,-11,-2,-11,-2,-10,-3,-10,-3,-9,-3,-9,-3,-9,-3,-9,-3,-9,-3,-8,-3,-8,-3,-8,-3,-8,-2,-8,-3,-7,-2,-7,-2,-6,-2,-6,0,0,0,0,0,0,0,0,0,0,0,0,0,0,0,0,0,0,0,0,0,0,1,-17,2,-18,3,-18,3,-18,5,-19,5,-18,7,-18,7,-18,8,-18,8,-17,7,-16,7,-16,7,-16,7,-16,6,-16,6,-15,5,-15,5,-16,4,-16,3,-16,4,-16,3,-16,3,-16,2,-16,2,-16,2,-16,0,0,-4,-27,-4,-27,-5,-26,-5,-25,-5,-23,-6,-23,-6,-20,-6,-20,-7,-19,-8,-18,-8,-17,-9,-17,-9,-15,-9,-15,-10,-14,-10,-14,-10,-14,-10,-14,-10,-13,-9,-13,-8,-13,-8,-12,-7,-12,-7,-12,-6,-11,-5,-11,-5,-11,-4,-11,0,0,0,0,0,0,0,0,0,0,0,0,0,0,-11,-29,-7,-30,-5,-30,-4,-31,-3,-32,-1,-32,0,-35,2,-34,2,-35,4,-35,6,-33,6,-34,6,-32,7,-31,7,-31,6,-30,4,-29,3,-30,3,-29,2,-30,0,-29,-1,-30,-2,-30,-3,-30,-3,-30,-3,-30,-3,-29,-3,-29]"
618043645155200,25.194306800,90852,1878639005,-51,-98,6,0,1,7,0,0,256,0,0,"[0,0,-9,-13,-10,-12,-9,-11,-9,-12,-8,-11,-9,-10,-8,-9,-8,-9,-8,-7,-9,-7,-8,-6,-8,-6,-9,-6,-8,-5,-8,-5,-8,-5,-8,-5,-8,-4,-8,-4,-7,-4,-7,-4,-6,-4,-6,-5,-6,-4,-6,-4,-5,-4,0,0,0,0,0,0,0,0,0,0,0,0,0,0,0,0,0,0,0,0,0,0,-12,-13,-11,-14,-11,-15,-10,-15,-11,-17,-10,-17,-9,-18,-8,-18,-7,-18,-7,-19,-7,-17,-6,-17,-6,-17,-6,-17,-6,-16,-7,-15,-7,-15,-8,-15,-8,-15,-8,-14,-8,-14,-10,-14,-9,-14,-10,-14,-9,-14,-9,-13,0,0,-25,-12,-26,-12,-23,-11,-23,-10,-22,-9,-22,-8,-21,-7,-21,-6,-19,-5,-19,-4,-19,-3,-18,-2,-18,-2,-17,-1,-18,-1,-17,-1,-17,0,-16,0,-16,0,-16,-1,-15,0,-14,-1,-14,-1,-13,-1,-12,-2,-12,-2,-12,-3,-11,-3,0,0,0,0,0,0,0,0,0,0,0,0,0,0,-31,-5,-30,-9,-30,-11,-29,-12,-30,-14,-28,-15,-30,-18,-29,-19,-29,-20,-28,-21,-27,-22,-26,-24,-25,-23,-23,-22,-24,-22,-23,-20,-23,-19,-24,-19,-23,-18,-25,-18,-25,-16,-26,-15,-26,-15,-27,-14,-27,-14,-27,-14,-26,-13,-26,-13]"
618043663391600,25.212543200,90853,1878656545,-51,-98,6,0,1,7,0,0,256,0,0,"[0,0,-13,9,-12,9,-11,8,-11,8,-9,8,-9,8,-9,7,-8,8,-7,8,-7,8,-6,7,-5,7,-5,8,-4,7,-4,8,-4,8,-4,8,-4,7,-4,7,-4,7,-4,6,-4,6,-4,6,-3,6,-4,5,-4,4,0,0,0,0,0,0,0,0,0,0,0,0,0,0,0,0,0,0,0,0,0,0,-13,11,-14,11,-15,10,-15,9,-16,9,-17,9,-18,8,-18,7,-18,6,-18,6,-18,6,-17,6,-16,5,-16,5,-16,6,-16,6,-15,6,-15,7,-14,7,-14,8,-14,8,-13,9,-14,9,-13,9,-13,9,-13,9,0,0,-16,23,-15,22,-15,21,-14,21,-12,20,-11,19,-10,19,-9,19,-8,18,-6,18,-6,17,-5,17,-4,17,-3,17,-3,16,-2,16,-2,16,-2,16,-3,15,-3,15,-3,14,-2,13,-3,13,-3,12,-3,12,-3,11,-4,9,-5,9,0,0,0,0,0,0,0,0,0,0,0,0,0,0,-10,27,-15,26,-16,26,-18,25,-19,25,-20,25,-23,24,-25,24,-25,23,-27,22,-27,21,-27,20,-27,19,-27,19,-26,19,-24,18,-24,18,-22,19,-22,19,-21,20,-20,21,-20,22,-19,22,-19,23,-18,24,-17,24,-17,25,-17,23]"
618043685616300,25.234767900,90854,1878677555,-51,-98,6,0,1,7,0,0,256,0,0,"[0,0,9,-12,8,-12,8,-11,7,-11,7,-11,6,-10,5,-10,5,-10,4,-10,4,-10,4,-9,3,-9,2,-9,2,-9,2,-9,2,-9,1,-9,2,-9,1,-9,2,-8,2,-8,2,-8,1,-7,1,-7,2,-6,2,-6,0,0,0,0,0,0,0,0,0,0,0,0,0,0,0,0,0,0,0,0,0,0,9,-15,10,-14,11,-15,11,-14,12,-14,13,-13,14,-12,15,-12,15,-12,15,-10,15,-10,14,-10,14,-10,13,-10,13,-10,12,-10,12,-11,11,-11,11,-11,11,-12,10,-12,10,-12,11,-12,10,-12,10,-13,10,-12,0,0,16,-52,15,-50,15,-51,13,-45,12,-46,9,-44,7,-43,5,-40,4,-39,1,-37,-1,-37,-3,-36,-2,-35,-4,-35,-5,-33,-5,-35,-5,-32,-6,-34,-4,-32,-5,-31,-4,-29,-3,-28,-3,-26,-2,-26,-2,-24,0,-24,1,-22,3,-22,0,0,0,0,0,0,0,0,0,0,0,0,0,0,-1,-59,6,-61,12,-59,16,-61,19,-59,23,-60,26,-60,31,-64,33,-61,33,-60,37,-56,36,-55,36,-54,34,-53,34,-53,32,-49,32,-51,30,-48,29,-52,26,-50,25,-53,23,-55,20,-54,20,-56,18,-54,18,-55,17,-56,17,-57]"
618043706759700,25.255911300,90855,1878698811,-51,-98,6,0,1,7,0,0,256,0,0,"[0,0,-15,-4,-15,-4,-14,-4,-14,-3,-13,-3,-12,-3,-12,-2,-11,-2,-11,-1,-11,0,-10,0,-10,0,-9,1,-9,1,-10,2,-9,2,-9,2,-9,2,-9,2,-8,1,-8,1,-8,1,-7,0,-7,0,-7,0,-7,0,0,0,0,0,0,0,0,0,0,0,0,0,0,0,0,0,0,0,0,0,0,0,-18,-4,-17,-5,-18,-6,-17,-6,-18,-7,-17,-8,-18,-10,-17,-10,-17,-11,-16,-11,-16,-11,-15,-10,-15,-10,-14,-10,-14,-9,-15,-8,-14,-8,-15,-7,-15,-7,-15,-6,-16,-6,-16,-5,-16,-6,-16,-5,-16,-5,-15,-4,0,0,-27,4,-28,5,-25,5,-25,5,-23,5,-22,5,-21,5,-20,6,-19,6,-18,8,-17,9,-16,9,-15,10,-15,9,-14,10,-13,9,-14,10,-13,9,-13,8,-13,8,-13,7,-12,7,-12,6,-11,7,-11,6,-9,5,-11,5,-10,4,0,0,0,0,0,0,0,0,0,0,0,0,0,0,-28,12,-29,9,-30,7,-30,5,-33,5,-31,2,-35,1,-33,-1,-35,-3,-35,-6,-34,-6,-35,-6,-34,-5,-33,-5,-31,-5,-30,-4,-29,-4,-30,-2,-28,-2,-31,-1,-29,0,-29,0,-30,0,-30,2,-31,3,-30,5,-29,5,-28,4]"
618043725821500,25.274973100,90856,1878716576,-51,-98,6,0,1,7,0,0,256,0,0,"[0,0,-12,-10,-12,-10,-12,-9,-11,-9,-11,-8,-10,-7,-10,-7,-10,-6,-10,-5,-10,-5,-10,-4,-10,-3,-9,-3,-9,-3,-10,-2,-9,-2,-9,-2,-9,-2,-9,-2,-8,-2,-8,-2,-7,-3,-7,-3,-7,-3,-7,-2,-6,-2,0,0,0,0,0,0,0,0,0,0,0,0,0,0,0,0,0,0,0,0,0,0,-14,-10,-14,-11,-14,-12,-14,-13,-13,-14,-13,-15,-12,-15,-11,-16,-11,-16,-10,-16,-10,-16,-10,-15,-9,-15,-10,-14,-10,-14,-10,-13,-10,-13,-11,-13,-11,-12,-12,-12,-12,-12,-12,-11,-13,-11,-13,-11,-12,-11,-13,-10,0,0,-53,-15,-56,-14,-49,-12,-50,-11,-45,-9,-45,-9,-43,-7,-41,-5,-39,-3,-39,0,-38,3,-36,4,-35,5,-32,5,-35,6,-32,6,-33,8,-31,7,-31,6,-30,5,-29,4,-27,3,-27,4,-25,3,-24,2,-22,1,-24,0,-22,0,0,0,0,0,0,0,0,0,0,0,0,0,0,0,-62,-2,-61,-7,-60,-12,-58,-15,-64,-19,-58,-21,-63,-26,-60,-29,-61,-33,-60,-37,-57,-36,-59,-39,-56,-36,-55,-36,-53,-34,-52,-32,-50,-31,-53,-29,-51,-25,-54,-27,-53,-23,-55,-22,-55,-23,-57,-20,-58,-19,-58,-15,-56,-16,-56,-15]"
618043742074000,25.291225600,90857,1878736825,-51,-98,6,0,1,7,0,0,256,0,0,"[0,0,-4,14,-3,14,-3,13,-3,12,-2,12,-2,12,-2,11,-1,10,-1,10,0,10,0,9,1,9,1,9,1,8,1,8,1,8,1,8,1,7,1,7,1,7,0,7,0,7,0,7,0,6,0,6,0,5,0,0,0,0,0,0,0,0,0,0,0,0,0,0,0,0,0,0,0,0,0,0,-1,16,-2,16,-3,16,-4,17,-5,17,-6,17,-7,17,-8,17,-8,16,-9,16,-9,15,-9,14,-9,14,-8,14,-7,14,-7,13,-7,14,-6,14,-6,14,-5,14,-5,14,-4,15,-5,15,-4,15,-4,15,-3,14,0,0,1,27,2,26,1,25,1,24,2,23,3,21,3,20,4,20,4,19,5,17,6,17,7,16,7,15,7,15,7,15,7,14,7,13,7,14,6,13,6,13,6,12,5,12,5,11,4,11,4,11,3,10,3,10,2,10,0,0,0,0,0,0,0,0,0,0,0,0,0,0,10,28,7,29,4,30,3,30,1,31,0,31,-2,33,-4,34,-5,33,-6,34,-8,33,-8,33,-8,31,-8,31,-8,30,-7,29,-6,29,-6,28,-5,28,-4,29,-3,28,-2,28,-1,29,-1,29,0,29,1,29,1,29,1,28]"
618043764549400,25.313701000,90858,1878760593,-51,-98,6,0,1,6,0,0,256,0,0,"[0,0,-15,3,-14,3,-13,3,-13,3,-12,3,-12,4,-11,3,-10,4,-10,4,-9,4,-9,4,-8,4,-8,5,-7,5,-8,5,-8,5,-7,5,-7,5,-7,5,-7,4,-7,4,-6,4,-6,4,-6,3,-6,3,-6,3,0,0,0,0,0,0,0,0,0,0,0,0,0,0,0,0,0,0,0,0,0,0,-17,5,-17,4,-17,4,-18,3,-19,2,-19,1,-20,1,-20,0,-19,-1,-19,-2,-19,-2,-18,-2,-17,-2,-17,-1,-17,-1,-17,0,-16,0,-16,0,-16,1,-16,2,-17,2,-16,3,-17,3,-16,3,-16,3,-15,3,0,0,-28,6,-27,5,-26,6,-25,6,-23,6,-22,7,-20,7,-19,8,-19,7,-18,8,-18,8,-15,8,-15,9,-14,10,-14,10,-14,10,-14,10,-13,9,-13,9,-13,8,-13,8,-11,7,-11,7,-11,6,-11,5,-10,5,-11,5,-10,4,0,0,0,0,0,0,0,0,0,0,0,0,0,0,-28,14,-30,13,-31,9,-32,8,-33,8,-33,6,-36,4,-36,3,-37,1,-37,0,-36,-1,-36,-3,-35,-4,-34,-3,-33,-4,-31,-2,-31,-2,-31,-1,-30,0,-31,1,-30,2,-30,4,-31,5,-30,5,-31,5,-30,5,-29,5,-29,6]"
618043786060200,25.335211800,90859,1878778662,-51,-98,6,0,1,7,0,0,256,0,0,"[0,0,-9,-13,-9,-12,-9,-12,-9,-11,-9,-11,-9,-10,-8,-9,-8,-9,-8,-8,-8,-7,-8,-6,-8,-6,-8,-6,-9,-5,-8,-5,-8,-5,-8,-5,-8,-4,-8,-5,-7,-4,-7,-4,-7,-5,-6,-4,-6,-4,-6,-4,-5,-4,0,0,0,0,0,0,0,0,0,0,0,0,0,0,0,0,0,0,0,0,0,0,-12,-13,-12,-14,-11,-14,-10,-16,-10,-16,-9,-17,-9,-18,-8,-18,-7,-18,-7,-18,-6,-17,-6,-17,-6,-17,-6,-16,-6,-16,-7,-15,-7,-15,-7,-15,-8,-15,-9,-14,-9,-14,-9,-14,-9,-13,-9,-14,-10,-13,-10,-13,0,0,-23,-16,-22,-16,-22,-16,-20,-14,-21,-13,-19,-12,-19,-11,-19,-9,-19,-9,-18,-7,-18,-6,-18,-5,-18,-5,-18,-4,-16,-3,-17,-3,-16,-3,-17,-3,-16,-3,-15,-3,-14,-3,-14,-3,-13,-3,-13,-3,-12,-4,-11,-4,-11,-4,-11,-5,0,0,0,0,0,0,0,0,0,0,0,0,0,0,-28,-12,-27,-15,-26,-17,-27,-19,-24,-20,-25,-22,-24,-23,-25,-26,-22,-26,-22,-28,-21,-28,-20,-27,-19,-27,-19,-26,-18,-26,-19,-25,-19,-25,-19,-22,-20,-23,-20,-21,-22,-21,-22,-20,-22,-20,-24,-20,-23,-18,-24,-18,-24,-18,-24,-18]"
618043805821200,25.354972800,90860,1878796458,-51,-98,6,0,1,7,0,0,256,0,0,"[0,0,-10,-12,-9,-12,-9,-12,-8,-10,-8,-10,-9,-10,-8,-9,-9,-8,-8,-7,-8,-6,-9,-6,-9,-6,-8,-5,-9,-5,-9,-4,-8,-4,-8,-4,-8,-4,-8,-4,-8,-4,-7,-4,-7,-4,-7,-4,-6,-4,-6,-3,-6,-4,0,0,0,0,0,0,0,0,0,0,0,0,0,0,0,0,0,0,0,0,0,0,-11,-14,-11,-15,-10,-15,-10,-16,-9,-17,-9,-18,-8,-18,-7,-19,-6,-19,-6,-18,-6,-17,-6,-17,-5,-17,-5,-17,-6,-16,-7,-15,-7,-15,-7,-15,-7,-15,-8,-14,-9,-15,-9,-14,-9,-14,-10,-14,-10,-13,-10,-13,0,0,-22,-18,-21,-17,-20,-17,-19,-15,-19,-14,-19,-13,-19,-11,-18,-11,-18,-10,-17,-8,-17,-7,-18,-6,-17,-6,-18,-5,-17,-4,-17,-4,-16,-4,-16,-4,-16,-3,-15,-3,-15,-4,-14,-4,-13,-3,-12,-3,-12,-4,-11,-5,-10,-5,-10,-5,0,0,0,0,0,0,0,0,0,0,0,0,0,0,-26,-15,-26,-18,-25,-20,-24,-22,-23,-23,-22,-24,-22,-26,-22,-27,-20,-28,-20,-30,-18,-30,-18,-30,-17,-29,-17,-28,-17,-27,-16,-26,-17,-26,-16,-24,-17,-24,-18,-23,-19,-22,-20,-22,-21,-21,-22,-21,-22,-21,-22,-20,-22,-20,-22,-20]"
618043826706800,25.375858400,90861,1878825877,-50,-98,6,0,1,6,0,0,256,0,0,"[0,0,14,-3,13,-2,13,-3,12,-3,12,-3,11,-3,10,-4,10,-4,9,-4,9,-4,8,-5,8,-5,8,-5,7,-5,7,-5,7,-5,6,-5,7,-5,6,-5,6,-5,6,-5,6,-4,5,-4,5,-4,5,-3,5,-3,0,0,0,0,0,0,0,0,0,0,0,0,0,0,0,0,0,0,0,0,0,0,15,-4,16,-3,16,-3,17,-2,17,-1,18,0,18,0,18,1,18,2,17,2,17,3,16,3,16,2,16,2,15,2,15,1,15,1,15,0,15,0,15,-1,15,-2,15,-2,15,-2,15,-2,15,-2,15,-3,0,0,25,5,25,3,23,3,25,2,22,2,20,1,20,0,19,-1,19,-2,19,-3,16,-3,16,-3,15,-4,15,-4,15,-5,15,-6,14,-6,15,-5,13,-5,13,-4,13,-5,13,-4,12,-4,11,-3,11,-2,11,-2,10,-2,10,-1,0,0,0,0,0,0,0,0,0,0,0,0,0,0,30,-2,30,1,31,2,31,5,30,6,31,7,33,9,32,11,31,13,31,15,30,15,29,16,28,16,27,16,26,15,25,13,26,12,26,12,25,11,26,9,26,9,27,8,26,7,28,6,28,7,28,5,28,6,28,6]"
618043841870000,25.391021600,90862,1878836578,-51,-98,6,0,1,7,0,0,256,0,0,"[0,0,10,10,9,10,10,9,9,8,9,8,9,7,9,6,9,6,8,5,8,4,9,4,8,4,8,3,8,3,8,2,8,2,8,2,8,2,8,2,7,1,7,2,6,2,6,2,6,2,5,2,5,2,0,0,0,0,0,0,0,0,0,0,0,0,0,0,0,0,0,0,0,0,0,0,13,11,12,11,12,12,12,13,11,14,11,15,10,15,10,16,9,15,9,16,8,16,7,15,7,14,7,14,8,13,8,13,8,13,9,12,9,12,10,11,10,11,10,11,11,11,11,12,11,11,11,10,0,0,25,10,25,10,23,8,23,8,21,8,21,6,20,5,20,4,19,3,19,2,18,1,17,1,17,0,17,-1,17,-1,16,-1,16,-2,15,-2,15,-2,15,-1,14,-1,14,-1,13,-1,12,0,11,0,11,0,11,1,10,2,0,0,0,0,0,0,0,0,0,0,0,0,0,0,29,5,29,8,28,11,28,11,29,13,27,13,29,17,28,18,28,18,28,21,26,21,25,23,24,22,23,22,22,21,22,20,22,18,23,17,23,16,24,16,24,15,25,13,26,13,26,12,26,12,26,12,26,12,26,12]"
618043861631000,25.410782600,90863,1878856690,-51,-98,6,0,1,7,0,0,256,0,0,"[0,0,6,13,7,13,6,12,6,11,6,11,6,10,6,9,6,9,6,8,6,7,6,6,6,6,7,6,6,5,7,5,7,5,7,5,6,5,6,4,6,4,5,5,5,5,5,5,5,4,4,4,4,4,0,0,0,0,0,0,0,0,0,0,0,0,0,0,0,0,0,0,0,0,0,0,9,14,8,14,8,16,7,16,6,18,5,17,4,18,4,18,3,18,3,19,3,17,2,17,2,16,2,16,2,16,3,15,4,15,4,15,4,14,5,15,6,14,6,15,6,14,6,14,7,14,6,13,0,0,20,18,20,17,19,15,19,14,19,13,18,12,18,11,17,10,16,9,16,8,17,6,16,6,16,5,16,5,16,4,15,3,16,3,15,4,15,3,14,4,13,4,13,3,12,3,11,3,10,4,9,4,10,5,9,5,0,0,0,0,0,0,0,0,0,0,0,0,0,0,27,12,26,15,25,17,23,18,24,20,23,21,23,24,21,25,21,27,19,28,18,27,17,28,17,27,16,26,16,26,16,25,16,24,17,23,17,22,18,23,18,21,20,21,19,21,21,20,21,20,22,19,22,18,22,19]"
618043883631100,25.432782700,90864,1878876713,-51,-98,6,0,1,7,0,0,256,0,0,"[0,0,-14,-7,-14,-6,-13,-6,-13,-5,-12,-5,-12,-4,-11,-4,-11,-3,-11,-3,-11,-2,-10,-1,-10,-1,-10,-1,-10,-1,-9,0,-9,0,-9,0,-9,0,-9,0,-9,0,-8,0,-8,-1,-8,-1,-7,0,-7,-1,-7,-1,0,0,0,0,0,0,0,0,0,0,0,0,0,0,0,0,0,0,0,0,0,0,-17,-7,-17,-8,-16,-8,-16,-9,-16,-10,-16,-11,-16,-12,-15,-13,-15,-13,-14,-13,-14,-13,-13,-12,-13,-12,-13,-12,-13,-11,-13,-10,-13,-10,-14,-10,-14,-9,-14,-9,-14,-9,-15,-8,-15,-8,-15,-7,-15,-7,-15,-7,0,0,-28,-4,-27,-4,-27,-4,-24,-3,-24,-2,-23,-1,-22,-1,-21,0,-20,1,-19,2,-19,2,-18,4,-18,4,-18,5,-16,4,-16,5,-16,5,-15,5,-15,5,-15,5,-14,4,-13,3,-13,3,-13,3,-12,3,-12,2,-11,1,-11,1,0,0,0,0,0,0,0,0,0,0,0,0,0,0,-30,2,-31,-1,-32,-3,-32,-5,-30,-7,-31,-9,-32,-10,-34,-12,-32,-13,-32,-14,-31,-17,-30,-15,-30,-15,-29,-15,-28,-14,-28,-14,-29,-13,-26,-12,-28,-12,-27,-10,-28,-9,-29,-8,-29,-7,-30,-7,-29,-6,-29,-5,-29,-5,-29,-5]"
618043907460200,25.456611800,90865,1878902138,-51,-98,6,0,1,7,0,0,256,0,0,"[0,0,7,-13,6,-13,5,-13,6,-12,5,-12,4,-12,3,-11,3,-11,2,-10,2,-11,2,-10,1,-10,0,-10,0,-9,0,-10,0,-9,0,-9,0,-9,0,-9,0,-8,0,-8,0,-8,0,-7,0,-7,0,-6,1,-6,0,0,0,0,0,0,0,0,0,0,0,0,0,0,0,0,0,0,0,0,0,0,5,-17,6,-16,7,-17,7,-16,9,-17,10,-16,11,-16,12,-15,12,-15,12,-15,12,-13,12,-13,11,-13,11,-13,11,-13,10,-13,9,-13,9,-13,8,-14,8,-15,8,-14,7,-14,8,-15,7,-15,7,-15,7,-14,0,0,0,-27,-1,-28,-1,-25,0,-26,-2,-24,-2,-23,-2,-22,-3,-20,-4,-20,-5,-19,-6,-18,-8,-18,-7,-17,-7,-17,-7,-16,-7,-16,-8,-16,-7,-15,-6,-15,-6,-14,-6,-14,-5,-13,-5,-13,-5,-12,-4,-12,-4,-11,-3,-11,-2,-11,0,0,0,0,0,0,0,0,0,0,0,0,0,0,-9,-29,-7,-30,-4,-31,-2,-31,0,-33,1,-32,3,-34,4,-34,6,-33,9,-34,9,-33,10,-33,9,-31,9,-31,9,-31,8,-29,7,-30,6,-29,5,-28,5,-30,3,-28,3,-30,3,-29,2,-30,1,-32,0,-30,0,-29,1,-29]"
618043927070200,25.476221800,90866,1878917301,-51,-98,6,0,1,7,0,0,256,0,0,"[0,0,-10,-12,-10,-11,-10,-11,-9,-11,-9,-10,-9,-8,-9,-8,-9,-8,-9,-6,-9,-6,-9,-5,-9,-5,-9,-5,-9,-4,-9,-4,-9,-4,-9,-4,-9,-3,-8,-3,-8,-4,-8,-3,-7,-3,-7,-3,-6,-3,-6,-3,-6,-3,0,0,0,0,0,0,0,0,0,0,0,0,0,0,0,0,0,0,0,0,0,0,-12,-13,-12,-14,-12,-14,-11,-15,-11,-16,-10,-17,-9,-17,-9,-18,-8,-18,-7,-18,-7,-17,-8,-17,-7,-17,-7,-16,-7,-16,-7,-15,-8,-15,-9,-14,-9,-14,-10,-14,-10,-13,-10,-13,-10,-13,-11,-13,-11,-12,-11,-12,0,0,-23,-16,-23,-16,-22,-14,-21,-13,-21,-13,-20,-11,-19,-10,-20,-9,-19,-8,-18,-6,-18,-5,-18,-5,-18,-4,-17,-3,-18,-3,-17,-3,-17,-3,-16,-3,-16,-2,-16,-2,-15,-3,-14,-3,-14,-3,-12,-3,-12,-4,-11,-4,-11,-4,-10,-4,0,0,0,0,0,0,0,0,0,0,0,0,0,0,-28,-12,-27,-15,-27,-17,-25,-18,-26,-20,-25,-21,-25,-24,-24,-25,-24,-25,-23,-28,-22,-27,-20,-28,-20,-28,-19,-27,-18,-26,-18,-25,-19,-24,-20,-22,-21,-22,-20,-22,-21,-21,-23,-19,-23,-19,-24,-18,-24,-19,-24,-19,-24,-18,-23,-18]"
618043942679800,25.491831400,90867,1878939054,-51,-98,6,0,1,7,0,0,256,0,0,"[0,0,5,-14,5,-14,5,-13,5,-13,4,-13,3,-12,2,-12,1,-12,1,-11,1,-10,1,-10,0,-10,0,-10,-1,-9,-1,-10,-1,-9,-1,-9,-1,-9,-1,-9,-1,-8,-1,-8,-1,-8,-1,-7,0,-7,0,-7,0,-6,0,0,0,0,0,0,0,0,0,0,0,0,0,0,0,0,0,0,0,0,0,0,5,-17,6,-16,8,-17,8,-16,9,-17,10,-17,10,-16,11,-16,12,-15,12,-15,12,-14,11,-13,10,-13,10,-13,10,-13,9,-13,9,-13,8,-14,7,-14,7,-15,7,-15,6,-15,7,-15,6,-15,6,-15,5,-15,0,0,1,-28,1,-28,1,-26,1,-25,-1,-24,-1,-23,-2,-22,-2,-21,-4,-20,-4,-19,-5,-19,-5,-18,-5,-17,-6,-17,-7,-16,-7,-16,-7,-15,-7,-16,-7,-15,-6,-14,-5,-14,-5,-13,-5,-13,-4,-12,-4,-12,-3,-12,-3,-11,-2,-11,0,0,0,0,0,0,0,0,0,0,0,0,0,0,-4,-31,-1,-31,0,-32,3,-32,3,-31,5,-31,7,-34,8,-33,9,-33,11,-33,12,-33,13,-32,14,-30,14,-29,13,-28,12,-28,10,-29,8,-28,8,-28,7,-29,6,-29,5,-29,4,-29,3,-30,4,-30,3,-30,3,-30,3,-29]"
618043966457700,25.515609300,90868,1878959113,-50,-98,6,0,1,7,0,0,256,0,0,"[0,0,14,-2,14,-2,13,-2,12,-2,12,-2,11,-2,11,-3,10,-3,9,-3,9,-4,8,-4,8,-4,8,-5,7,-5,7,-5,7,-5,7,-5,7,-5,6,-5,6,-4,6,-4,6,-4,6,-3,5,-3,5,-3,5,-2,0,0,0,0,0,0,0,0,0,0,0,0,0,0,0,0,0,0,0,0,0,0,15,-5,15,-4,16,-3,16,-3,17,-2,17,-1,17,0,18,1,18,2,17,2,16,2,16,2,16,2,15,2,15,1,15,1,14,1,15,0,14,0,15,-1,15,-1,15,-1,15,-2,15,-2,15,-2,15,-2,0,0,27,4,26,2,24,2,24,2,23,3,22,1,20,0,19,-1,18,-2,18,-3,18,-3,16,-4,16,-4,15,-5,15,-6,16,-6,15,-6,13,-6,14,-5,14,-4,12,-5,12,-4,12,-5,12,-4,10,-2,10,-2,10,-2,10,-1,0,0,0,0,0,0,0,0,0,0,0,0,0,0,30,-4,30,-1,30,1,31,3,32,6,31,6,32,8,33,10,32,10,32,13,31,13,30,15,29,14,28,15,27,13,26,12,26,12,27,11,27,9,27,9,29,8,28,7,29,5,27,6,28,6,29,5,28,4,29,5]"
618043984202900,25.533354500,90869,1878979076,-51,-98,6,0,1,7,0,0,256,0,0,"[0,0,-14,-7,-13,-7,-13,-7,-12,-6,-12,-6,-12,-5,-11,-4,-11,-4,-11,-3,-10,-3,-10,-2,-10,-2,-10,-1,-10,-1,-9,-1,-9,0,-9,-1,-9,0,-9,-1,-9,-1,-8,-1,-8,-1,-7,-1,-7,-1,-7,-1,-7,-1,0,0,0,0,0,0,0,0,0,0,0,0,0,0,0,0,0,0,0,0,0,0,-16,-8,-16,-9,-16,-10,-16,-11,-15,-12,-16,-13,-15,-13,-14,-15,-14,-14,-13,-14,-13,-14,-12,-14,-12,-13,-12,-12,-12,-12,-12,-11,-13,-11,-13,-10,-13,-10,-13,-10,-14,-9,-14,-9,-14,-8,-15,-8,-14,-8,-14,-8,0,0,-54,-15,-54,-13,-52,-11,-48,-9,-47,-9,-45,-7,-44,-6,-41,-4,-39,-3,-39,1,-38,4,-36,5,-34,6,-34,6,-33,8,-33,8,-31,8,-32,8,-31,6,-30,5,-29,4,-28,4,-27,5,-25,5,-23,4,-22,2,-23,1,-23,0,0,0,0,0,0,0,0,0,0,0,0,0,0,0,-62,-2,-61,-8,-60,-11,-59,-17,-62,-19,-61,-22,-62,-28,-62,-30,-61,-34,-59,-40,-57,-39,-57,-40,-57,-37,-54,-36,-52,-35,-51,-31,-50,-32,-53,-27,-53,-26,-53,-26,-54,-24,-55,-22,-56,-23,-56,-20,-57,-18,-58,-15,-57,-13,-56,-16]"
618044009680900,25.558832500,90870,1879001818,-51,-98,6,0,1,7,0,0,256,0,0,"[0,0,6,-14,5,-14,4,-14,5,-13,4,-13,3,-12,3,-12,2,-12,2,-11,1,-10,0,-10,0,-10,-1,-10,-1,-10,-1,-9,-1,-9,-1,-10,-1,-9,-1,-9,-1,-9,0,-8,0,-8,-1,-8,-1,-7,0,-7,0,-7,0,0,0,0,0,0,0,0,0,0,0,0,0,0,0,0,0,0,0,0,0,0,5,-16,7,-17,7,-16,8,-17,9,-16,10,-17,11,-16,12,-15,12,-15,12,-14,11,-14,11,-14,11,-13,10,-13,10,-14,9,-13,9,-13,9,-13,8,-14,7,-14,7,-15,8,-15,7,-15,6,-15,5,-16,6,-15,0,0,1,-28,1,-28,0,-27,0,-25,-1,-24,-2,-23,-2,-22,-3,-21,-4,-20,-5,-19,-6,-19,-6,-18,-7,-17,-7,-17,-7,-16,-7,-16,-7,-16,-7,-15,-7,-15,-7,-15,-6,-14,-6,-14,-5,-13,-5,-12,-4,-12,-4,-12,-3,-11,-2,-11,0,0,0,0,0,0,0,0,0,0,0,0,0,0,-6,-30,-3,-31,-1,-31,1,-32,3,-32,5,-33,6,-34,8,-34,9,-33,11,-34,12,-32,12,-32,12,-31,12,-30,11,-29,10,-29,10,-29,9,-29,8,-29,7,-29,6,-29,4,-29,4,-30,3,-30,2,-31,2,-30,2,-30,1,-31]"
618044024443400,25.573595000,90871,1879016570,-51,-98,6,0,1,7,0,0,256,0,0,"[0,0,10,-12,9,-12,8,-11,9,-11,8,-11,7,-10,6,-10,5,-10,5,-9,5,-10,4,-9,3,-10,2,-9,2,-9,2,-10,2,-9,2,-9,2,-8,2,-8,2,-8,2,-8,2,-8,2,-7,1,-7,2,-6,2,-6,0,0,0,0,0,0,0,0,0,0,0,0,0,0,0,0,0,0,0,0,0,0,10,-14,11,-14,11,-14,12,-13,13,-14,14,-13,15,-12,16,-11,16,-11,16,-10,15,-10,15,-10,14,-10,14,-9,13,-9,13,-10,12,-10,13,-11,11,-11,11,-11,11,-12,11,-12,11,-13,10,-12,10,-13,10,-13,0,0,7,-27,6,-28,6,-25,5,-25,4,-23,3,-23,3,-22,2,-21,1,-20,0,-20,-2,-19,-2,-18,-3,-18,-3,-17,-4,-18,-4,-17,-4,-17,-4,-16,-4,-16,-3,-16,-2,-15,-2,-14,-2,-14,-2,-13,-2,-12,-1,-11,-1,-12,0,-11,0,0,0,0,0,0,0,0,0,0,0,0,0,0,-1,-31,3,-31,5,-31,6,-31,8,-32,10,-30,12,-32,13,-32,15,-31,17,-31,18,-30,17,-30,17,-28,17,-28,16,-27,15,-27,14,-26,14,-27,13,-26,13,-27,11,-27,10,-28,9,-28,10,-29,8,-29,8,-29,7,-29,8,-29]"
618044043210800,25.592362400,90872,1879036580,-51,-98,6,0,1,7,0,0,256,0,0,"[0,0,-2,15,-2,14,-2,13,-1,13,-1,12,-1,12,0,11,0,11,0,10,1,10,1,9,1,9,2,8,2,8,3,8,2,8,3,8,2,8,2,7,2,7,2,7,2,6,2,6,1,6,1,6,1,5,0,0,0,0,0,0,0,0,0,0,0,0,0,0,0,0,0,0,0,0,0,0,0,17,-1,17,-2,17,-3,18,-4,18,-5,18,-6,18,-6,18,-7,18,-8,17,-8,16,-8,16,-7,15,-7,15,-6,15,-5,15,-5,15,-5,15,-4,15,-3,15,-3,15,-2,16,-3,16,-3,15,-3,16,-2,15,0,0,6,26,6,26,6,24,6,23,6,22,7,21,7,20,7,19,8,17,9,16,9,15,9,14,10,14,10,13,10,13,10,13,10,12,10,12,10,12,9,11,8,11,7,11,7,11,6,10,6,10,5,9,4,9,5,9,0,0,0,0,0,0,0,0,0,0,0,0,0,0,15,26,12,28,10,29,8,30,7,31,6,31,4,33,2,34,1,34,0,34,-2,33,-3,34,-3,33,-3,31,-3,31,-2,30,-1,29,0,29,0,28,1,29,3,29,3,29,4,28,5,29,5,29,6,29,6,29,6,28]"
618044064988900,25.614140500,90873,1879056639,-51,-98,6,0,1,7,0,0,256,0,0,"[0,0,-16,-2,-14,-2,-14,-2,-13,-1,-13,-1,-12,-1,-11,0,-11,0,-11,1,-10,1,-10,2,-10,1,-9,2,-9,2,-9,3,-9,3,-8,2,-8,3,-8,3,-8,2,-8,2,-7,1,-7,2,-6,1,-7,1,-6,1,0,0,0,0,0,0,0,0,0,0,0,0,0,0,0,0,0,0,0,0,0,0,-17,-1,-18,-2,-18,-3,-18,-4,-18,-5,-19,-6,-18,-7,-18,-8,-18,-8,-17,-8,-17,-8,-16,-7,-16,-7,-15,-7,-16,-7,-15,-6,-15,-6,-16,-5,-16,-4,-15,-4,-16,-4,-16,-3,-17,-3,-16,-2,-16,-2,-16,-2,0,0,-28,2,-27,2,-26,3,-25,3,-24,3,-23,3,-22,4,-21,4,-19,6,-18,6,-17,7,-17,8,-16,8,-15,8,-15,8,-15,9,-14,8,-14,8,-14,7,-14,7,-13,7,-13,6,-12,6,-11,5,-11,5,-10,4,-11,4,-11,3,0,0,0,0,0,0,0,0,0,0,0,0,0,0,-29,10,-30,7,-31,5,-31,2,-32,1,-32,0,-34,-2,-35,-4,-35,-5,-35,-7,-34,-8,-34,-8,-33,-7,-32,-7,-31,-7,-30,-6,-30,-6,-29,-5,-30,-4,-30,-4,-30,-2,-30,-1,-30,-1,-30,0,-30,1,-30,2,-30,2,-30,2]"
618044092535100,25.641686700,90874,1879085993,-51,-98,6,0,1,7,0,0,256,0,0,"[0,0,10,8,9,8,9,7,9,6,9,6,8,5,8,5,8,4,8,4,8,3,8,3,7,2,8,2,7,2,7,1,7,1,7,1,7,1,6,1,6,1,5,1,6,1,5,1,5,1,5,1,5,1,0,0,0,0,0,0,0,0,0,0,0,0,0,0,0,0,0,0,0,0,0,0,12,8,11,9,11,10,11,10,11,11,10,12,10,13,9,13,9,13,8,14,8,13,8,13,7,12,7,12,8,11,8,11,8,10,9,10,9,10,9,10,9,10,10,9,10,9,10,9,10,9,10,8,0,0,43,34,41,30,40,30,39,28,39,27,36,23,35,24,33,20,33,18,34,15,35,10,33,8,31,7,32,6,32,4,34,6,30,5,31,3,29,6,29,6,29,5,27,9,23,1,22,6,23,5,22,5,18,8,19,7,0,0,0,0,0,0,0,0,0,0,0,0,0,0,58,23,57,31,54,33,50,39,49,42,47,45,46,47,46,52,42,57,41,59,37,58,36,58,40,54,36,52,34,53,35,47,35,48,36,46,38,47,38,44,39,43,38,43,40,43,43,41,43,37,47,36,45,34,49,36]"
618044108328300,25.657479900,90875,1879096512,-51,-98,6,0,1,7,0,0,256,0,0,"[0,0,3,-15,1,-15,1,-14,1,-14,1,-13,0,-13,0,-13,0,-11,-1,-11,-1,-11,-2,-10,-2,-10,-2,-10,-3,-9,-3,-9,-3,-9,-3,-9,-3,-8,-3,-9,-3,-8,-2,-8,-2,-8,-2,-8,-2,-7,-1,-6,-1,-6,0,0,0,0,0,0,0,0,0,0,0,0,0,0,0,0,0,0,0,0,0,0,0,-18,1,-18,2,-18,3,-18,3,-19,5,-19,6,-18,7,-18,7,-18,7,-17,7,-17,7,-16,7,-16,7,-15,6,-16,5,-16,5,-15,5,-16,4,-16,3,-16,3,-16,3,-16,3,-16,2,-16,2,-16,2,-16,0,0,-7,-28,-8,-27,-8,-26,-7,-23,-8,-23,-8,-22,-9,-20,-9,-19,-9,-18,-10,-18,-10,-17,-11,-15,-11,-14,-11,-14,-11,-13,-12,-14,-11,-12,-11,-13,-11,-12,-10,-12,-9,-12,-9,-11,-8,-11,-8,-11,-7,-10,-7,-10,-6,-10,-5,-10,0,0,0,0,0,0,0,0,0,0,0,0,0,0,-15,-27,-12,-29,-10,-29,-9,-31,-8,-31,-7,-33,-5,-33,-3,-36,-3,-35,-1,-35,0,-34,2,-34,3,-33,3,-33,2,-32,2,-31,1,-31,-1,-29,-1,-30,-2,-29,-3,-30,-5,-29,-5,-30,-7,-29,-6,-29,-7,-29,-6,-29,-6,-29]"
618044127038200,25.676189800,90876,1879118392,-51,-98,6,0,1,7,0,0,256,0,0,"[0,0,-12,-9,-12,-9,-12,-9,-11,-8,-11,-8,-11,-7,-10,-6,-10,-6,-10,-5,-10,-4,-10,-4,-10,-3,-9,-3,-9,-3,-10,-2,-9,-2,-9,-2,-9,-2,-9,-2,-8,-2,-8,-2,-8,-3,-7,-2,-7,-2,-6,-3,-7,-2,0,0,0,0,0,0,0,0,0,0,0,0,0,0,0,0,0,0,0,0,0,0,-15,-9,-15,-9,-15,-10,-15,-11,-15,-13,-15,-13,-14,-14,-14,-15,-13,-15,-12,-15,-12,-15,-11,-15,-11,-14,-11,-14,-11,-13,-11,-12,-11,-12,-12,-12,-12,-12,-13,-11,-13,-11,-13,-11,-14,-10,-13,-10,-13,-10,-13,-9,0,0,-49,-29,-47,-28,-46,-26,-45,-23,-44,-24,-41,-19,-40,-17,-38,-15,-37,-14,-37,-10,-37,-7,-36,-5,-36,-3,-37,-5,-35,-4,-33,-2,-32,-3,-32,-1,-32,-4,-30,-3,-28,-4,-28,-3,-27,-4,-24,-3,-24,-3,-23,-5,-22,-6,-21,-7,0,0,0,0,0,0,0,0,0,0,0,0,0,0,-59,-17,-58,-21,-57,-27,-56,-31,-54,-33,-53,-37,-55,-40,-55,-45,-50,-48,-49,-51,-46,-52,-45,-50,-46,-49,-45,-48,-44,-47,-42,-45,-43,-45,-42,-42,-44,-41,-44,-38,-47,-37,-47,-37,-48,-35,-49,-35,-49,-32,-51,-29,-53,-28,-52,-31]"
618044145584800,25.694736400,90877,1879138734,-51,-98,6,0,1,7,0,0,256,0,0,"[0,0,15,-2,14,-3,13,-3,13,-3,12,-3,11,-3,10,-4,10,-4,9,-4,9,-4,8,-5,8,-5,8,-5,7,-5,7,-5,7,-6,6,-5,7,-5,7,-5,6,-5,6,-5,6,-4,5,-4,5,-4,5,-3,5,-3,0,0,0,0,0,0,0,0,0,0,0,0,0,0,0,0,0,0,0,0,0,0,16,-5,17,-4,17,-3,17,-3,18,-2,19,-1,19,0,19,1,19,2,18,1,18,2,17,2,17,2,16,1,16,1,15,1,16,0,15,0,15,-1,15,-1,15,-2,15,-2,15,-2,16,-3,15,-3,15,-3,0,0,24,-12,24,-12,23,-11,22,-12,20,-11,19,-12,18,-12,16,-12,15,-12,15,-13,13,-13,13,-13,12,-13,11,-13,11,-14,10,-13,10,-14,9,-13,9,-13,9,-12,9,-11,8,-11,9,-10,8,-9,8,-9,7,-8,8,-8,8,-6,0,0,0,0,0,0,0,0,0,0,0,0,0,0,24,-20,26,-17,27,-15,27,-14,29,-13,29,-11,32,-11,32,-9,33,-9,34,-7,34,-5,34,-5,33,-4,32,-3,30,-3,29,-4,29,-5,29,-6,28,-6,29,-7,27,-8,27,-10,27,-11,27,-11,28,-12,27,-11,27,-12,26,-13]"
618044166483600,25.715635200,90878,1879159323,-51,-98,6,0,1,7,0,0,256,0,0,"[0,0,-8,-11,-8,-11,-8,-11,-8,-10,-8,-9,-7,-9,-8,-8,-8,-8,-7,-7,-8,-6,-7,-5,-8,-5,-8,-5,-8,-5,-7,-5,-7,-4,-8,-4,-7,-4,-7,-4,-7,-4,-7,-4,-6,-4,-6,-4,-6,-4,-5,-4,-5,-4,0,0,0,0,0,0,0,0,0,0,0,0,0,0,0,0,0,0,0,0,0,0,-11,-12,-11,-12,-10,-14,-9,-14,-9,-15,-9,-16,-8,-16,-8,-16,-7,-16,-6,-16,-6,-16,-6,-15,-6,-15,-6,-15,-6,-15,-6,-14,-6,-14,-7,-13,-7,-13,-8,-13,-8,-13,-8,-13,-9,-13,-9,-12,-9,-12,-9,-12,0,0,-33,-45,-31,-44,-30,-42,-32,-38,-28,-36,-27,-34,-29,-30,-29,-30,-30,-26,-29,-25,-32,-22,-30,-21,-28,-19,-29,-18,-30,-16,-31,-15,-27,-16,-27,-14,-27,-14,-26,-13,-27,-14,-24,-13,-22,-13,-23,-12,-19,-13,-20,-14,-16,-10,-15,-15,0,0,0,0,0,0,0,0,0,0,0,0,0,0,-47,-41,-42,-47,-39,-50,-39,-52,-37,-57,-33,-56,-33,-61,-32,-63,-27,-65,-26,-66,-23,-67,-21,-69,-18,-65,-17,-64,-18,-61,-17,-58,-19,-58,-24,-55,-22,-55,-25,-55,-27,-51,-29,-52,-30,-52,-33,-52,-33,-50,-31,-50,-34,-51,-32,-47]"
618044185217900,25.734369500,90879,1879177061,-51,-98,6,0,1,7,0,0,256,0,0,"[0,0,4,-15,3,-15,3,-14,3,-13,2,-13,2,-12,1,-12,1,-11,1,-11,0,-11,-1,-10,-1,-10,-2,-10,-2,-10,-2,-9,-2,-9,-2,-9,-2,-9,-2,-8,-1,-8,-1,-8,-1,-8,-1,-8,-1,-7,-1,-6,0,-6,0,0,0,0,0,0,0,0,0,0,0,0,0,0,0,0,0,0,0,0,0,0,2,-18,3,-17,4,-18,5,-17,6,-18,7,-18,8,-17,9,-17,9,-17,10,-16,9,-16,9,-15,8,-15,8,-15,8,-15,7,-14,7,-14,6,-15,5,-15,5,-15,5,-15,5,-16,5,-15,4,-16,4,-16,4,-15,0,0,-1,-28,-1,-28,-2,-26,-1,-25,-2,-23,-3,-23,-4,-22,-4,-20,-5,-20,-6,-19,-6,-18,-7,-17,-7,-17,-8,-16,-8,-16,-7,-15,-8,-15,-8,-15,-8,-14,-7,-14,-6,-13,-6,-12,-6,-12,-5,-12,-4,-12,-4,-11,-4,-11,-3,-11,0,0,0,0,0,0,0,0,0,0,0,0,0,0,-8,-29,-5,-31,-3,-31,-2,-31,0,-33,1,-32,3,-34,5,-33,6,-34,7,-34,9,-33,10,-34,9,-32,10,-31,9,-30,8,-29,8,-29,7,-29,6,-28,5,-30,3,-28,2,-29,1,-29,1,-30,1,-30,0,-30,0,-30,0,-29]"
618044204297200,25.753448800,90880,1879196496,-51,-98,6,0,1,7,0,0,256,0,0,"[0,0,13,-7,12,-7,12,-7,11,-7,10,-7,10,-7,9,-7,9,-7,8,-7,7,-7,7,-8,6,-7,5,-7,5,-8,5,-7,5,-8,4,-7,5,-7,5,-7,5,-7,5,-6,4,-6,4,-6,3,-5,4,-5,4,-4,0,0,0,0,0,0,0,0,0,0,0,0,0,0,0,0,0,0,0,0,0,0,14,-10,15,-10,15,-9,16,-8,16,-7,18,-7,18,-6,19,-5,18,-4,17,-4,17,-4,17,-4,17,-4,16,-4,16,-4,15,-4,15,-5,15,-5,15,-6,14,-6,14,-6,14,-7,14,-7,14,-7,13,-8,14,-8,0,0,20,-19,19,-20,17,-19,16,-18,15,-17,14,-17,13,-17,12,-16,11,-16,9,-17,8,-17,7,-16,6,-17,6,-16,6,-17,5,-16,5,-16,5,-16,5,-15,5,-14,5,-13,5,-12,5,-12,5,-12,4,-11,4,-10,5,-10,6,-9,0,0,0,0,0,0,0,0,0,0,0,0,0,0,14,-28,17,-26,19,-25,20,-23,22,-23,23,-22,26,-23,27,-21,29,-19,30,-17,30,-17,30,-16,29,-16,28,-15,27,-15,26,-15,25,-15,25,-16,23,-16,24,-17,23,-18,23,-19,22,-19,22,-19,22,-21,21,-21,21,-21,21,-21]"
618044228930100,25.778081700,90881,1879221999,-51,-98,6,0,1,7,0,0,256,0,0,"[0,0,15,-3,13,-3,13,-3,12,-4,12,-4,11,-3,11,-4,10,-4,9,-5,8,-5,8,-5,7,-6,7,-6,7,-6,7,-6,7,-6,6,-6,7,-6,6,-6,7,-5,6,-5,6,-5,5,-4,5,-4,5,-4,5,-4,0,0,0,0,0,0,0,0,0,0,0,0,0,0,0,0,0,0,0,0,0,0,16,-6,17,-5,16,-4,18,-3,18,-2,19,-2,18,0,19,1,19,1,17,1,18,1,17,1,17,1,16,1,16,1,15,0,16,0,15,0,16,-1,15,-2,15,-2,15,-2,16,-3,15,-3,15,-3,15,-3,0,0,25,-11,24,-11,23,-11,22,-11,21,-11,19,-11,18,-11,16,-12,16,-12,15,-12,13,-13,12,-13,12,-13,12,-13,11,-13,11,-13,10,-13,11,-13,10,-12,10,-12,9,-11,9,-10,9,-10,9,-9,8,-9,8,-8,9,-7,9,-7,0,0,0,0,0,0,0,0,0,0,0,0,0,0,23,-20,25,-17,27,-16,28,-14,29,-12,30,-12,31,-11,33,-9,33,-7,34,-6,34,-5,33,-4,32,-4,32,-4,31,-4,30,-4,30,-5,28,-5,29,-6,28,-7,28,-8,28,-9,27,-10,27,-11,27,-11,27,-12,26,-12,26,-12]"
618044244529400,25.793681000,90882,1879236945,-51,-98,6,0,1,7,0,0,256,0,0,"[0,0,-16,2,-15,2,-14,1,-13,2,-13,2,-12,2,-12,3,-11,3,-11,3,-10,3,-10,4,-9,4,-8,4,-8,5,-8,4,-8,5,-7,4,-8,4,-8,4,-7,4,-7,4,-7,3,-6,3,-6,3,-6,2,-6,2,0,0,0,0,0,0,0,0,0,0,0,0,0,0,0,0,0,0,0,0,0,0,-17,3,-18,2,-18,1,-18,0,-19,0,-20,-2,-20,-2,-20,-3,-20,-4,-19,-4,-18,-4,-18,-4,-17,-3,-17,-3,-17,-3,-17,-2,-17,-2,-16,-1,-16,-1,-16,0,-16,0,-17,0,-17,1,-16,2,-16,2,-16,2,0,0,-28,7,-26,7,-26,7,-23,7,-23,7,-21,8,-20,8,-19,9,-18,9,-16,9,-16,9,-16,10,-14,11,-14,11,-13,10,-13,11,-12,10,-12,11,-12,10,-11,10,-11,9,-11,8,-10,8,-10,7,-10,7,-10,6,-9,5,-10,4,0,0,0,0,0,0,0,0,0,0,0,0,0,0,-26,14,-29,11,-30,9,-32,8,-31,6,-33,5,-33,3,-36,2,-35,1,-35,0,-35,-2,-33,-2,-33,-3,-33,-3,-32,-3,-31,-2,-31,-1,-29,-1,-31,0,-29,1,-30,3,-29,4,-29,5,-30,6,-29,6,-29,6,-29,7,-29,7]"
618044268284600,25.817436200,90883,1879261279,-51,-98,6,0,1,7,0,0,256,0,0,"[0,0,15,0,14,-1,13,-1,13,-1,12,-1,12,-2,11,-2,10,-3,10,-3,10,-3,9,-4,8,-4,8,-4,7,-4,8,-5,7,-5,7,-5,7,-5,7,-4,7,-4,6,-4,6,-4,6,-4,5,-3,5,-3,5,-3,0,0,0,0,0,0,0,0,0,0,0,0,0,0,0,0,0,0,0,0,0,0,17,-2,17,-1,18,0,18,1,18,2,19,3,19,4,18,5,18,5,17,6,17,6,16,6,16,5,15,5,16,4,15,3,15,3,15,2,15,2,16,1,15,1,15,0,16,0,15,0,15,-1,16,0,0,0,26,-8,25,-9,24,-9,23,-9,21,-9,20,-9,19,-10,17,-9,17,-10,15,-11,14,-12,13,-12,13,-12,12,-12,12,-13,12,-12,11,-12,10,-12,10,-11,10,-11,9,-10,10,-10,9,-9,9,-9,8,-8,8,-8,9,-7,9,-6,0,0,0,0,0,0,0,0,0,0,0,0,0,0,25,-16,27,-14,28,-12,30,-10,31,-8,31,-6,33,-6,34,-5,35,-2,35,-1,34,1,33,0,33,0,32,0,31,0,30,0,30,-1,29,-1,29,-2,29,-3,28,-5,28,-5,28,-6,28,-7,28,-8,28,-9,28,-9,28,-9]"
618044288022400,25.837174000,90884,1879281313,-51,-98,6,0,1,7,0,0,256,0,0,"[0,0,-8,12,-7,12,-7,12,-7,10,-6,11,-6,10,-5,10,-4,9,-4,9,-3,9,-2,9,-2,9,-1,9,-1,9,-1,8,-1,8,-1,8,-1,8,-1,8,-1,7,-2,7,-1,7,-1,6,-1,6,-1,6,-2,6,0,0,0,0,0,0,0,0,0,0,0,0,0,0,0,0,0,0,0,0,0,0,-8,14,-9,15,-10,14,-11,14,-12,14,-13,14,-14,13,-14,12,-14,12,-14,12,-14,11,-14,11,-13,10,-13,10,-12,11,-12,10,-12,11,-11,11,-10,12,-10,12,-10,12,-9,13,-9,13,-8,13,-8,13,-9,13,0,0,-11,54,-7,53,-7,50,-6,49,-5,47,-3,44,-1,43,0,41,2,38,4,38,5,37,7,35,9,33,8,32,11,33,11,31,11,31,10,30,10,29,8,28,8,27,7,26,6,25,6,24,5,23,5,22,2,22,1,20,0,0,0,0,0,0,0,0,0,0,0,0,0,0,6,60,-1,61,-5,60,-10,60,-11,63,-15,62,-19,64,-23,65,-26,64,-30,62,-30,60,-32,60,-32,58,-31,57,-29,56,-26,52,-25,54,-23,54,-21,54,-21,54,-18,56,-16,56,-15,55,-13,57,-13,58,-11,58,-10,58,-10,56]"
618044305010200,25.854161800,90885,1879296640,-51,-98,6,0,1,7,0,0,256,0,0,"[0,0,-1,-15,-1,-15,-1,-15,-1,-14,-1,-13,-2,-13,-3,-12,-3,-12,-3,-11,-4,-10,-4,-10,-4,-9,-5,-9,-5,-9,-5,-9,-5,-8,-5,-8,-5,-8,-4,-7,-4,-7,-4,-7,-4,-7,-4,-7,-3,-7,-3,-7,-3,-6,0,0,0,0,0,0,0,0,0,0,0,0,0,0,0,0,0,0,0,0,0,0,-3,-17,-2,-18,-1,-19,0,-18,1,-19,2,-19,3,-19,3,-20,4,-19,4,-19,4,-18,4,-17,3,-17,4,-17,3,-17,3,-17,2,-16,1,-16,1,-16,0,-17,0,-17,0,-17,-1,-17,-1,-17,-2,-16,-1,-16,0,0,-8,-27,-8,-27,-8,-25,-8,-24,-8,-22,-8,-22,-9,-21,-9,-19,-10,-18,-10,-16,-11,-16,-11,-16,-12,-15,-12,-14,-11,-14,-11,-13,-12,-13,-11,-13,-11,-12,-11,-12,-10,-12,-9,-11,-9,-11,-8,-10,-7,-11,-7,-10,-6,-10,-5,-10,0,0,0,0,0,0,0,0,0,0,0,0,0,0,-16,-26,-13,-29,-11,-30,-10,-30,-8,-31,-6,-32,-5,-33,-5,-34,-2,-35,-2,-35,0,-35,-1,-34,1,-33,0,-33,0,-32,0,-31,-1,-31,0,-30,-1,-30,-3,-30,-4,-29,-5,-30,-6,-29,-7,-30,-8,-29,-8,-29,-8,-29,-9,-29]"
618044323033200,25.872184800,90886,1879317292,-51,-98,6,0,1,7,0,0,256,0,0,"[0,0,1,14,1,14,1,13,1,12,2,12,2,12,2,11,2,10,2,10,3,9,3,8,4,9,4,8,4,8,4,7,3,7,4,7,4,7,4,7,3,6,3,6,3,6,2,6,2,5,2,5,2,5,0,0,0,0,0,0,0,0,0,0,0,0,0,0,0,0,0,0,0,0,0,0,4,17,3,17,2,17,2,18,0,18,-1,19,-1,18,-3,19,-3,19,-3,18,-3,17,-3,17,-3,16,-3,16,-3,16,-2,15,-2,16,-1,15,-1,15,0,16,0,15,0,16,1,16,1,15,2,16,1,15,0,0,9,26,9,24,9,23,8,22,9,21,9,20,9,18,9,18,10,16,10,15,11,14,11,13,11,12,12,12,12,11,11,12,12,11,11,11,11,10,10,10,9,10,9,10,9,9,7,9,7,9,6,9,6,8,5,8,0,0,0,0,0,0,0,0,0,0,0,0,0,0,18,23,16,26,14,27,12,29,10,29,9,31,8,31,6,34,5,33,3,34,2,34,1,33,1,33,1,32,1,31,1,31,2,31,3,28,3,29,4,28,5,29,6,28,7,28,7,29,10,27,9,28,10,28,10,27]"
618044347105000,25.896256600,90887,1879338216,-51,-98,6,0,1,7,0,0,256,0,0,"[0,0,13,-9,11,-9,11,-9,10,-8,10,-8,9,-8,8,-8,7,-8,8,-8,7,-8,6,-8,5,-8,5,-8,4,-9,5,-8,4,-8,4,-8,4,-8,4,-8,4,-7,4,-7,4,-7,3,-6,3,-6,3,-5,4,-5,0,0,0,0,0,0,0,0,0,0,0,0,0,0,0,0,0,0,0,0,0,0,12,-12,14,-12,14,-10,15,-10,15,-10,18,-9,17,-8,18,-7,18,-6,17,-6,17,-6,16,-6,16,-6,15,-6,16,-6,15,-6,15,-7,14,-7,14,-8,13,-8,13,-8,14,-9,13,-9,13,-9,13,-10,14,-10,0,0,17,-21,17,-21,16,-21,15,-20,14,-20,12,-19,11,-19,10,-19,9,-18,7,-18,6,-18,6,-18,5,-17,4,-17,4,-17,4,-17,3,-16,3,-17,3,-16,3,-15,3,-15,4,-14,3,-13,3,-12,3,-12,4,-11,4,-11,5,-10,0,0,0,0,0,0,0,0,0,0,0,0,0,0,13,-28,16,-26,18,-25,19,-25,21,-24,22,-24,25,-23,26,-22,26,-22,28,-21,29,-20,28,-19,27,-18,28,-17,26,-16,26,-17,24,-17,24,-18,23,-19,23,-19,22,-20,20,-21,20,-22,21,-22,20,-23,19,-22,19,-22,19,-23]"
618044365002600,25.914154200,90888,1879356756,-51,-98,6,0,1,7,0,0,256,0,0,"[0,0,-8,-13,-8,-13,-8,-12,-7,-12,-8,-12,-7,-11,-8,-10,-8,-9,-7,-8,-8,-8,-8,-7,-8,-7,-8,-6,-8,-6,-8,-6,-8,-5,-8,-5,-8,-5,-8,-5,-7,-5,-7,-5,-6,-5,-6,-5,-6,-5,-5,-5,-5,-4,0,0,0,0,0,0,0,0,0,0,0,0,0,0,0,0,0,0,0,0,0,0,-10,-15,-10,-15,-9,-16,-8,-17,-8,-18,-7,-18,-6,-19,-5,-19,-5,-19,-4,-19,-4,-18,-4,-18,-4,-17,-4,-17,-4,-17,-5,-16,-5,-15,-6,-16,-7,-16,-7,-16,-7,-15,-8,-15,-8,-15,-9,-15,-8,-15,-8,-14,0,0,-22,-18,-22,-18,-22,-17,-20,-16,-20,-15,-20,-13,-19,-12,-19,-11,-18,-10,-18,-9,-17,-8,-18,-7,-17,-6,-17,-5,-17,-5,-17,-4,-17,-4,-16,-4,-16,-4,-15,-4,-15,-5,-14,-4,-13,-4,-12,-4,-11,-4,-11,-5,-11,-5,-10,-5,0,0,0,0,0,0,0,0,0,0,0,0,0,0,-28,-13,-27,-17,-26,-19,-25,-20,-24,-21,-24,-23,-23,-25,-23,-27,-22,-27,-21,-29,-19,-29,-18,-29,-18,-28,-17,-28,-16,-27,-17,-26,-18,-25,-18,-24,-18,-24,-19,-23,-20,-22,-21,-21,-21,-22,-22,-21,-22,-21,-23,-20,-23,-20,-23,-20]"
618044394179300,25.943330900,90889,1879385238,-51,-98,6,0,1,7,0,0,256,0,0,"[0,0,9,-12,8,-13,7,-12,8,-11,6,-11,6,-11,6,-11,5,-11,4,-10,4,-10,3,-10,2,-9,2,-9,2,-9,2,-10,2,-9,1,-9,1,-8,2,-9,2,-8,2,-8,2,-8,2,-7,2,-7,1,-6,2,-6,0,0,0,0,0,0,0,0,0,0,0,0,0,0,0,0,0,0,0,0,0,0,8,-15,9,-15,10,-15,10,-15,12,-15,13,-14,13,-14,14,-13,14,-13,14,-12,14,-11,14,-10,13,-10,13,-10,12,-11,12,-11,11,-11,11,-12,11,-12,10,-12,10,-12,10,-13,10,-13,9,-13,9,-13,9,-13,0,0,18,-52,16,-53,14,-49,14,-48,12,-46,9,-43,9,-42,6,-41,4,-40,2,-39,0,-37,-1,-36,-2,-35,-4,-33,-5,-35,-6,-34,-5,-34,-5,-32,-5,-31,-4,-32,-3,-29,-3,-28,-4,-27,-1,-25,0,-24,0,-24,1,-23,2,-22,0,0,0,0,0,0,0,0,0,0,0,0,0,0,3,-60,10,-60,14,-60,18,-60,21,-61,22,-59,28,-61,31,-61,33,-60,37,-59,39,-57,40,-56,40,-53,40,-50,38,-49,35,-48,33,-50,31,-51,28,-50,28,-52,25,-51,23,-53,23,-54,22,-56,22,-57,19,-56,20,-55,20,-56]"
618044408815600,25.957967200,90890,1879401199,-51,-98,6,0,1,7,0,0,256,0,0,"[0,0,-8,13,-8,12,-7,11,-7,11,-6,10,-6,11,-5,10,-4,10,-4,9,-3,9,-3,9,-2,9,-2,9,-1,8,-1,9,-1,8,-1,8,-1,8,-1,7,-1,8,-1,7,-1,7,-1,7,-1,6,-2,6,-2,5,0,0,0,0,0,0,0,0,0,0,0,0,0,0,0,0,0,0,0,0,0,0,-8,15,-8,14,-9,15,-10,14,-11,15,-12,14,-13,14,-14,13,-14,13,-14,12,-14,11,-14,11,-13,11,-13,11,-12,11,-12,11,-11,11,-11,12,-10,11,-9,12,-10,13,-9,13,-10,13,-9,13,-8,13,-8,12,0,0,-5,55,-2,52,-1,51,-1,49,0,48,1,44,2,42,4,41,4,38,8,36,11,36,12,34,13,31,13,31,13,32,14,31,13,29,14,30,13,30,11,28,11,27,9,25,9,24,9,23,7,22,5,21,5,22,4,22,0,0,0,0,0,0,0,0,0,0,0,0,0,0,15,58,9,61,4,60,0,61,-3,64,-6,64,-10,66,-14,70,-18,68,-24,67,-23,63,-24,64,-22,64,-21,62,-21,59,-18,57,-19,57,-17,56,-15,56,-14,57,-12,58,-11,58,-10,58,-8,58,-5,59,-1,60,-1,58,-3,58]"
618044428188800,25.977340400,90891,1879421148,-51,-98,6,0,1,7,0,0,256,0,0,"[0,0,12,-5,11,-5,11,-5,11,-6,10,-6,9,-5,9,-6,8,-6,8,-6,7,-6,6,-6,6,-6,6,-6,5,-7,5,-6,5,-7,4,-7,5,-6,5,-6,5,-6,5,-5,4,-5,4,-5,4,-5,4,-4,4,-4,0,0,0,0,0,0,0,0,0,0,0,0,0,0,0,0,0,0,0,0,0,0,13,-8,14,-8,14,-7,15,-7,15,-6,16,-5,17,-4,17,-3,17,-3,16,-3,16,-2,15,-2,15,-2,15,-2,14,-3,14,-3,14,-4,14,-4,14,-4,13,-5,13,-5,13,-5,13,-5,13,-6,13,-6,13,-7,0,0,25,-10,24,-12,23,-12,22,-11,21,-11,19,-11,18,-11,16,-12,17,-11,15,-11,14,-12,12,-13,12,-13,11,-13,11,-13,11,-13,10,-13,11,-12,9,-12,11,-10,10,-10,10,-10,8,-11,9,-9,8,-8,8,-8,9,-8,9,-7,0,0,0,0,0,0,0,0,0,0,0,0,0,0,23,-22,25,-18,26,-17,28,-16,29,-15,30,-12,31,-11,34,-10,35,-8,34,-6,35,-5,34,-5,32,-5,32,-4,31,-5,30,-6,30,-5,29,-6,29,-6,28,-7,28,-8,28,-9,27,-10,27,-10,28,-11,28,-12,26,-12,27,-12]"
618044443012200,25.992163800,90892,1879436446,-51,-98,6,0,1,7,0,0,256,0,0,"[0,0,-11,10,-10,10,-10,10,-9,9,-9,9,-8,8,-7,8,-7,8,-7,8,-5,8,-5,8,-4,8,-4,8,-4,8,-3,8,-3,8,-3,8,-3,7,-3,7,-3,7,-3,6,-3,6,-3,6,-3,5,-3,6,-3,5,0,0,0,0,0,0,0,0,0,0,0,0,0,0,0,0,0,0,0,0,0,0,-10,13,-12,13,-12,12,-14,12,-14,12,-15,11,-16,10,-17,9,-17,9,-16,9,-16,8,-16,8,-15,8,-15,8,-14,8,-13,8,-14,8,-13,9,-13,9,-12,10,-12,10,-12,10,-12,10,-11,11,-11,11,-11,11,0,0,-14,25,-13,24,-13,22,-11,22,-10,21,-9,20,-8,20,-7,19,-6,19,-5,18,-4,18,-3,17,-3,17,-2,17,-2,17,-2,16,-1,16,-1,16,-1,15,-2,15,-2,14,-2,13,-2,13,-2,12,-3,12,-3,11,-3,10,-4,10,0,0,0,0,0,0,0,0,0,0,0,0,0,0,-6,29,-10,29,-12,29,-13,28,-16,28,-17,27,-19,28,-20,28,-23,27,-23,27,-24,25,-24,24,-24,23,-23,23,-23,21,-22,22,-21,22,-20,21,-20,21,-19,23,-18,23,-17,24,-16,24,-16,25,-15,25,-15,25,-14,26,-14,25]"
618044462797800,26.011949400,90893,1879456635,-51,-98,6,0,1,7,0,0,256,0,0,"[0,0,2,13,2,12,2,12,2,11,2,11,2,10,3,10,3,9,3,9,3,8,4,8,4,7,4,7,4,7,4,6,5,6,5,5,5,6,5,5,4,5,4,5,3,5,3,5,3,5,3,4,3,4,0,0,0,0,0,0,0,0,0,0,0,0,0,0,0,0,0,0,0,0,0,0,4,15,2,15,2,16,1,16,1,17,0,18,-1,17,-2,17,-3,17,-2,17,-3,16,-3,15,-3,15,-2,15,-2,15,-1,15,-1,14,0,14,0,15,1,14,1,15,2,14,1,14,2,14,2,14,2,14,0,0,0,29,1,26,1,25,1,23,2,23,3,22,3,22,3,20,5,19,4,18,5,17,6,16,6,15,8,15,8,14,8,14,8,14,8,13,7,12,7,13,7,12,5,12,6,10,4,10,4,10,4,10,3,10,3,10,0,0,0,0,0,0,0,0,0,0,0,0,0,0,8,30,5,31,2,31,1,31,0,33,-2,33,-4,34,-6,35,-6,34,-10,34,-10,33,-11,34,-11,32,-11,30,-10,30,-10,29,-9,29,-7,29,-6,28,-6,29,-4,29,-2,29,-4,29,-2,30,-1,30,1,29,0,29,0,29]"
618044485357900,26.034509500,90894,1879476489,-51,-98,6,0,1,7,0,0,256,0,0,"[0,0,13,7,13,6,11,6,13,6,11,5,11,5,10,4,10,3,10,3,10,2,9,2,9,1,9,1,8,0,9,0,8,0,8,0,8,0,8,0,8,0,8,0,7,0,7,1,6,0,6,0,5,0,0,0,0,0,0,0,0,0,0,0,0,0,0,0,0,0,0,0,0,0,0,0,16,6,15,7,15,8,14,9,16,11,14,11,14,12,14,13,14,12,13,14,12,13,12,12,12,12,11,11,11,11,12,10,11,10,13,10,12,9,13,9,13,8,13,8,14,8,14,8,14,8,13,7,0,0,27,1,27,-1,26,-1,24,-1,23,-2,23,-3,21,-2,20,-3,19,-4,18,-5,17,-6,16,-7,15,-7,16,-7,16,-8,14,-8,14,-8,14,-7,14,-7,14,-7,13,-7,13,-6,13,-5,11,-5,10,-4,10,-5,11,-4,11,-3,0,0,0,0,0,0,0,0,0,0,0,0,0,0,28,-9,29,-6,30,-4,31,-2,31,-1,31,1,33,3,33,5,34,7,34,8,33,9,33,10,31,11,30,9,29,10,29,8,28,8,29,6,28,5,29,5,29,4,29,3,29,3,29,2,30,1,30,0,29,0,29,-1]"
618044504757500,26.053909100,90895,1879496538,-51,-98,6,0,1,7,0,0,256,0,0,"[0,0,-14,8,-13,8,-12,7,-12,7,-11,7,-10,7,-9,7,-9,7,-8,7,-7,7,-7,7,-6,7,-6,7,-5,7,-6,8,-5,7,-5,7,-5,7,-5,7,-5,6,-5,6,-5,6,-5,5,-4,5,-4,5,-4,4,0,0,0,0,0,0,0,0,0,0,0,0,0,0,0,0,0,0,0,0,0,0,-14,11,-14,11,-15,10,-16,9,-17,9,-18,8,-18,7,-19,6,-19,6,-19,5,-18,4,-18,5,-17,5,-16,5,-16,5,-16,6,-15,6,-15,6,-15,6,-15,7,-15,7,-14,8,-15,8,-14,8,-13,9,-14,8,0,0,-16,22,-16,21,-15,21,-14,20,-13,20,-11,19,-10,19,-10,18,-8,18,-7,17,-6,17,-6,17,-4,17,-4,16,-3,17,-3,17,-3,16,-3,16,-2,15,-3,15,-3,14,-3,13,-3,13,-3,12,-3,11,-4,11,-4,10,-5,10,0,0,0,0,0,0,0,0,0,0,0,0,0,0,-11,28,-14,27,-17,26,-18,25,-19,25,-21,25,-24,24,-25,24,-25,23,-27,22,-27,20,-28,20,-28,19,-27,19,-25,18,-25,18,-24,18,-23,19,-22,19,-22,20,-21,21,-20,22,-19,22,-18,23,-19,23,-19,23,-18,23,-17,23]"
618044525404900,26.074556500,90896,1879516933,-51,-98,6,0,1,7,0,0,256,0,0,"[0,0,-7,-14,-8,-14,-7,-13,-7,-12,-7,-12,-7,-11,-7,-10,-7,-10,-7,-9,-7,-8,-7,-8,-7,-7,-7,-7,-8,-6,-8,-6,-7,-5,-7,-6,-8,-6,-7,-6,-7,-5,-7,-5,-6,-5,-5,-5,-5,-5,-5,-5,-5,-5,0,0,0,0,0,0,0,0,0,0,0,0,0,0,0,0,0,0,0,0,0,0,-11,-15,-10,-15,-9,-16,-9,-17,-8,-18,-7,-18,-6,-19,-6,-19,-5,-20,-4,-19,-4,-19,-4,-18,-4,-18,-4,-17,-4,-17,-5,-16,-5,-16,-6,-16,-6,-16,-7,-16,-7,-16,-8,-15,-7,-15,-8,-15,-8,-15,-8,-15,0,0,-21,-19,-23,-18,-21,-17,-20,-16,-19,-14,-19,-13,-19,-13,-18,-11,-18,-10,-18,-9,-18,-7,-18,-6,-18,-6,-17,-6,-18,-5,-17,-4,-17,-4,-16,-4,-16,-4,-15,-4,-14,-5,-14,-4,-13,-4,-13,-4,-12,-5,-11,-5,-11,-5,-10,-5,0,0,0,0,0,0,0,0,0,0,0,0,0,0,-28,-13,-27,-16,-26,-18,-25,-20,-25,-21,-24,-22,-25,-25,-23,-26,-22,-28,-21,-29,-20,-30,-19,-30,-18,-29,-18,-28,-17,-27,-17,-26,-17,-26,-19,-24,-18,-23,-19,-24,-20,-21,-21,-22,-21,-22,-22,-22,-23,-21,-23,-21,-23,-19,-23,-20]"
618044545841600,26.094993200,90897,1879537037,-51,-98,6,0,1,7,0,0,256,0,0,"[0,0,5,-14,5,-14,5,-13,4,-13,4,-13,3,-12,2,-12,2,-11,1,-10,1,-10,1,-10,0,-10,-1,-10,-1,-10,-1,-10,-1,-10,-2,-9,-1,-9,-1,-9,-1,-9,-1,-8,-1,-8,-1,-8,0,-8,0,-7,0,-6,0,0,0,0,0,0,0,0,0,0,0,0,0,0,0,0,0,0,0,0,0,0,5,-17,6,-17,6,-17,7,-17,8,-17,10,-17,10,-16,11,-16,11,-15,12,-15,12,-14,11,-14,11,-13,10,-14,10,-14,9,-14,9,-14,8,-14,8,-15,7,-15,7,-15,6,-15,7,-15,6,-16,6,-15,6,-15,0,0,0,-29,-1,-28,-2,-27,-2,-24,-2,-24,-3,-23,-3,-22,-4,-21,-5,-20,-5,-19,-6,-18,-6,-18,-7,-17,-8,-17,-8,-16,-8,-16,-8,-15,-8,-15,-8,-14,-7,-14,-7,-14,-6,-13,-6,-13,-5,-12,-5,-12,-4,-12,-4,-11,-3,-11,0,0,0,0,0,0,0,0,0,0,0,0,0,0,-7,-30,-4,-31,-2,-31,-1,-32,0,-32,2,-33,4,-34,6,-35,7,-35,9,-34,9,-33,11,-33,10,-32,11,-31,10,-30,9,-29,8,-30,7,-29,6,-30,5,-29,4,-30,2,-30,2,-30,1,-31,1,-30,1,-31,1,-30,1,-31]"
618044565143200,26.114294800,90898,1879556458,-51,-98,6,0,1,7,0,0,256,0,0,"[0,0,14,-4,13,-5,13,-5,13,-5,12,-5,11,-5,10,-5,10,-5,9,-6,8,-6,7,-7,7,-7,7,-6,6,-7,6,-7,6,-7,5,-7,6,-7,6,-7,5,-6,6,-6,5,-5,5,-5,4,-5,5,-5,4,-4,0,0,0,0,0,0,0,0,0,0,0,0,0,0,0,0,0,0,0,0,0,0,16,-7,16,-6,17,-5,17,-4,18,-4,19,-3,19,-1,19,-1,19,0,18,0,18,0,17,0,17,0,16,0,16,-1,16,-1,15,-2,16,-2,15,-3,15,-3,15,-3,15,-4,16,-4,15,-5,15,-5,15,-5,0,0,19,-19,19,-20,17,-19,17,-19,15,-18,14,-18,13,-17,12,-17,11,-17,10,-17,7,-17,7,-17,6,-17,5,-16,5,-17,4,-16,4,-16,4,-15,4,-16,4,-15,5,-14,5,-13,4,-13,4,-12,4,-12,4,-10,5,-11,5,-10,0,0,0,0,0,0,0,0,0,0,0,0,0,0,17,-26,19,-25,20,-23,22,-22,24,-23,23,-21,27,-21,28,-19,29,-18,31,-16,30,-16,32,-15,30,-14,29,-14,27,-13,26,-13,26,-13,26,-16,24,-16,25,-17,24,-17,23,-19,23,-18,22,-19,23,-21,21,-20,21,-21,21,-20]"
618044582208100,26.131359700,90899,1879577190,-51,-98,6,0,1,7,0,0,256,0,0,"[0,0,5,14,5,13,5,12,5,12,5,11,5,10,5,10,5,9,5,8,6,8,6,7,6,7,6,6,6,6,6,6,6,5,6,6,6,5,5,5,5,5,5,4,5,5,4,5,4,5,4,4,3,4,0,0,0,0,0,0,0,0,0,0,0,0,0,0,0,0,0,0,0,0,0,0,8,15,7,15,7,16,5,17,5,18,4,18,3,18,2,18,2,19,1,19,1,18,1,17,1,17,1,16,1,16,2,16,2,15,3,16,3,15,4,15,4,15,5,15,5,16,5,15,6,14,5,14,0,0,21,17,21,15,21,15,19,14,20,13,19,11,18,10,18,9,17,8,16,7,17,6,17,5,17,4,17,3,16,3,17,3,15,2,16,3,15,3,14,3,13,3,13,3,12,3,12,3,11,3,10,4,10,4,10,5,0,0,0,0,0,0,0,0,0,0,0,0,0,0,28,10,27,13,26,15,26,17,25,18,25,20,24,21,25,25,23,25,22,27,20,27,19,26,19,26,19,26,18,25,18,24,18,24,18,21,20,22,19,20,21,22,21,20,21,19,22,19,22,18,23,18,23,18,23,18]"
618044606395500,26.155547100,90900,1879605483,-51,-98,6,0,1,6,0,0,256,0,0,"[0,0,15,-1,13,-1,14,-1,13,-1,12,-2,12,-2,11,-2,10,-3,10,-3,9,-3,9,-4,8,-4,8,-4,8,-4,7,-4,8,-5,7,-4,7,-5,7,-4,7,-4,7,-4,6,-3,6,-3,5,-3,6,-2,5,-2,0,0,0,0,0,0,0,0,0,0,0,0,0,0,0,0,0,0,0,0,0,0,17,-3,17,-2,17,-1,18,0,18,0,19,1,18,2,19,3,18,3,17,4,17,4,16,4,16,4,16,4,16,3,15,3,16,2,15,1,16,1,15,1,16,0,16,-1,15,0,16,0,15,-1,16,-1,0,0,28,0,26,-1,25,-1,24,-1,23,-2,22,-2,20,-3,20,-4,20,-4,18,-5,17,-6,16,-6,16,-7,16,-7,15,-8,15,-8,14,-8,14,-7,14,-7,13,-6,13,-6,12,-6,12,-5,11,-5,11,-4,11,-4,9,-2,9,-2,0,0,0,0,0,0,0,0,0,0,0,0,0,0,29,-8,30,-5,32,-5,32,-3,33,-1,33,1,34,2,35,4,34,6,35,8,34,8,33,10,32,9,31,9,30,9,30,7,29,7,29,6,29,5,28,4,29,3,29,3,29,2,30,1,30,1,29,0,29,0,30,0]"
618044622955100,26.172106700,90901,1879617148,-51,-98,6,0,1,7,0,0,256,0,0,"[0,0,-1,14,0,14,0,13,0,13,1,12,1,12,1,11,2,10,2,10,2,9,3,8,3,8,3,9,3,8,3,7,3,7,4,7,4,7,3,7,3,6,3,6,3,6,2,6,2,5,2,5,2,5,0,0,0,0,0,0,0,0,0,0,0,0,0,0,0,0,0,0,0,0,0,0,2,16,1,17,0,17,-1,17,-1,18,-3,18,-4,18,-4,18,-5,17,-5,17,-5,17,-5,16,-5,16,-5,16,-5,15,-3,15,-3,15,-3,15,-2,15,-1,16,-1,16,-1,15,-1,15,0,16,0,15,0,15,0,0,6,26,7,25,8,24,7,23,7,22,8,20,8,19,8,19,9,17,9,16,9,15,10,15,10,13,10,12,11,13,11,12,11,12,10,11,10,11,10,11,9,11,9,10,8,10,7,9,6,9,6,9,6,9,5,9,0,0,0,0,0,0,0,0,0,0,0,0,0,0,15,26,12,28,10,28,8,29,9,31,7,31,5,33,3,34,3,33,0,35,0,34,-2,34,-2,33,-3,32,-2,31,-2,30,-1,30,1,29,2,29,2,29,3,29,4,29,5,29,6,28,6,29,7,28,7,28,7,28]"
618044644206900,26.193358500,90902,1879636533,-51,-98,6,0,1,7,0,0,256,0,0,"[0,0,-15,-1,-15,-1,-14,-1,-14,-1,-13,0,-12,0,-12,0,-11,1,-11,1,-11,2,-10,2,-9,2,-9,3,-9,3,-9,3,-8,4,-8,3,-8,3,-8,3,-8,3,-8,3,-7,2,-7,2,-6,2,-7,2,-6,2,0,0,0,0,0,0,0,0,0,0,0,0,0,0,0,0,0,0,0,0,0,0,-18,1,-17,0,-18,-1,-18,-2,-19,-3,-19,-4,-19,-5,-19,-6,-18,-6,-18,-6,-18,-6,-17,-6,-17,-6,-16,-6,-16,-6,-16,-5,-16,-4,-16,-4,-16,-3,-16,-2,-16,-3,-16,-2,-17,-1,-16,-1,-16,-1,-16,-1,0,0,-27,10,-27,9,-24,9,-24,9,-22,9,-20,10,-20,10,-18,10,-17,10,-16,11,-15,11,-15,12,-14,12,-13,12,-12,12,-12,12,-12,12,-11,11,-11,11,-12,10,-11,10,-11,9,-10,10,-10,8,-10,8,-9,7,-10,6,-10,5,0,0,0,0,0,0,0,0,0,0,0,0,0,0,-25,17,-27,14,-29,13,-29,12,-31,10,-31,9,-33,8,-34,6,-34,5,-36,4,-35,2,-36,2,-34,1,-33,1,-32,0,-31,1,-31,2,-30,3,-29,4,-30,5,-29,5,-29,7,-29,8,-29,8,-30,9,-28,10,-28,10,-28,10]"
618044662222800,26.211374400,90903,1879656494,-51,-98,6,0,1,7,0,0,256,0,0,"[0,0,14,4,14,4,13,4,12,3,12,3,11,2,11,2,11,2,11,1,10,0,10,0,9,0,9,-1,9,-2,9,-2,8,-2,8,-2,8,-2,8,-2,8,-1,7,-1,7,-1,7,-1,6,0,6,-1,6,0,0,0,0,0,0,0,0,0,0,0,0,0,0,0,0,0,0,0,0,0,0,0,16,2,17,4,17,5,16,6,17,7,17,8,17,9,17,10,16,10,15,11,15,10,14,10,13,10,13,9,14,9,14,8,14,8,14,7,14,7,14,6,15,6,15,5,15,5,15,5,14,5,15,4,0,0,27,-2,27,-3,25,-3,25,-4,23,-3,22,-5,21,-4,19,-5,18,-6,18,-7,17,-7,16,-8,15,-8,15,-8,15,-10,14,-9,14,-10,13,-9,13,-9,13,-8,12,-8,12,-7,12,-7,11,-6,10,-5,10,-5,11,-5,10,-3,0,0,0,0,0,0,0,0,0,0,0,0,0,0,29,-10,30,-7,30,-5,31,-4,32,-1,32,0,34,2,34,3,34,4,34,6,33,7,33,9,31,8,30,9,30,8,28,7,28,6,29,4,28,3,30,3,28,3,29,1,30,0,29,-1,31,-1,29,-1,29,-2,28,-2]"
618044684241300,26.233392900,90904,1879677407,-51,-98,6,0,1,7,0,0,256,0,0,"[0,0,2,-15,1,-15,1,-14,1,-14,0,-13,0,-13,-1,-12,-1,-11,-1,-11,-2,-10,-2,-10,-3,-10,-3,-10,-3,-9,-3,-9,-3,-9,-4,-8,-3,-8,-3,-8,-3,-8,-3,-8,-3,-8,-2,-7,-2,-7,-2,-6,-2,-6,0,0,0,0,0,0,0,0,0,0,0,0,0,0,0,0,0,0,0,0,0,0,0,-17,1,-18,2,-18,3,-18,3,-18,5,-19,6,-19,6,-18,7,-18,7,-17,7,-17,7,-16,7,-16,6,-16,6,-15,5,-15,5,-15,4,-15,4,-16,3,-16,3,-16,2,-16,2,-16,2,-16,2,-16,2,-16,0,0,-6,-27,-6,-27,-6,-26,-6,-24,-6,-24,-7,-22,-8,-21,-8,-20,-8,-19,-9,-18,-9,-17,-10,-16,-10,-15,-11,-14,-11,-14,-11,-14,-11,-14,-10,-13,-10,-13,-10,-12,-9,-12,-9,-12,-8,-11,-8,-11,-7,-11,-6,-11,-6,-11,-5,-11,0,0,0,0,0,0,0,0,0,0,0,0,0,0,-14,-29,-11,-30,-8,-30,-7,-31,-6,-32,-4,-33,-3,-35,-1,-35,0,-36,1,-36,3,-35,4,-35,4,-34,4,-32,4,-32,3,-30,2,-30,2,-30,1,-30,-1,-30,-2,-30,-3,-30,-4,-30,-5,-30,-4,-30,-5,-30,-6,-30,-5,-29]"
618044704062000,26.253213600,90905,1879699971,-51,-98,6,0,1,7,0,0,256,0,0,"[0,0,-9,-12,-9,-12,-9,-11,-9,-11,-9,-10,-8,-9,-8,-9,-8,-8,-8,-7,-8,-6,-9,-6,-9,-6,-8,-5,-8,-5,-8,-4,-8,-4,-9,-4,-8,-4,-8,-4,-7,-4,-7,-4,-7,-4,-7,-4,-6,-4,-6,-4,-6,-4,0,0,0,0,0,0,0,0,0,0,0,0,0,0,0,0,0,0,0,0,0,0,-13,-13,-12,-13,-12,-14,-11,-15,-11,-16,-10,-17,-9,-17,-8,-18,-8,-18,-8,-18,-7,-17,-7,-16,-7,-16,-7,-16,-7,-15,-7,-15,-7,-15,-8,-15,-8,-14,-9,-14,-9,-14,-9,-14,-10,-14,-10,-13,-10,-12,-10,-13,0,0,-22,-18,-22,-17,-21,-17,-20,-15,-20,-14,-19,-13,-19,-12,-19,-11,-18,-9,-18,-8,-18,-7,-18,-6,-18,-5,-17,-5,-17,-4,-17,-4,-16,-4,-17,-4,-16,-4,-16,-3,-15,-4,-14,-4,-14,-4,-13,-4,-12,-4,-11,-5,-11,-5,-11,-5,0,0,0,0,0,0,0,0,0,0,0,0,0,0,-29,-13,-27,-16,-26,-18,-26,-20,-25,-21,-24,-23,-24,-25,-24,-26,-22,-27,-21,-29,-20,-29,-19,-29,-18,-29,-18,-28,-17,-26,-18,-26,-18,-25,-18,-24,-18,-24,-19,-23,-20,-22,-21,-22,-22,-21,-23,-21,-22,-21,-23,-20,-23,-19,-23,-19]"
618044723895000,26.273046600,90906,1879718272,-51,-98,6,0,1,7,0,0,256,0,0,"[0,0,7,13,7,12,7,12,7,11,7,10,7,10,7,9,7,8,7,7,7,7,7,6,7,6,7,5,7,5,7,4,7,4,7,4,7,4,7,4,7,3,6,3,6,4,5,4,5,4,5,4,5,4,0,0,0,0,0,0,0,0,0,0,0,0,0,0,0,0,0,0,0,0,0,0,10,13,9,15,9,15,8,16,7,17,7,17,6,17,5,18,5,18,4,18,4,17,4,17,3,17,3,16,4,16,4,15,5,15,5,15,6,15,7,14,7,14,7,14,8,14,8,14,8,14,8,13,0,0,22,16,22,15,22,14,20,13,20,13,20,11,19,10,18,8,17,8,17,7,17,5,16,4,17,3,17,3,17,2,17,2,15,2,16,2,15,2,15,2,14,2,13,2,12,2,12,3,11,3,11,3,10,4,10,4,0,0,0,0,0,0,0,0,0,0,0,0,0,0,28,10,27,13,26,15,25,16,26,18,25,19,24,22,24,24,24,23,22,26,21,26,19,27,19,27,18,26,17,25,17,24,18,23,20,21,20,21,20,21,21,20,22,19,22,19,23,18,23,18,24,18,24,17,23,17]"
618044744905000,26.294056600,90907,1879736481,-51,-98,6,0,1,7,0,0,256,0,0,"[0,0,14,-4,13,-4,13,-4,12,-4,12,-4,11,-4,10,-5,9,-5,9,-5,9,-5,8,-6,7,-6,7,-6,7,-6,6,-6,7,-7,6,-6,6,-6,6,-6,6,-6,5,-5,5,-5,5,-5,5,-5,5,-4,5,-4,0,0,0,0,0,0,0,0,0,0,0,0,0,0,0,0,0,0,0,0,0,0,16,-6,17,-5,17,-4,18,-3,17,-3,19,-2,19,-1,19,0,18,1,18,1,17,1,17,1,17,1,16,1,16,0,15,0,16,-1,15,-1,15,-2,15,-3,15,-3,15,-3,15,-4,15,-4,15,-4,15,-5,0,0,25,-11,24,-11,24,-11,22,-11,21,-11,19,-12,18,-11,17,-12,15,-12,15,-12,14,-13,13,-13,12,-13,11,-13,11,-14,11,-14,10,-13,10,-13,9,-13,9,-12,9,-12,9,-11,9,-10,8,-10,8,-9,8,-8,8,-8,9,-7,0,0,0,0,0,0,0,0,0,0,0,0,0,0,24,-19,26,-17,27,-14,28,-13,29,-12,31,-11,32,-10,34,-8,34,-7,34,-5,34,-5,34,-2,33,-2,32,-2,31,-2,29,-3,30,-4,28,-5,29,-6,28,-6,29,-8,28,-9,28,-9,27,-11,28,-11,27,-11,27,-11,27,-11]"
618044763238100,26.312389700,90908,1879756517,-51,-98,6,0,1,7,0,0,256,0,0,"[0,0,-8,12,-7,11,-6,11,-6,10,-6,10,-5,10,-5,10,-4,9,-4,9,-3,9,-2,9,-1,8,-1,8,-1,8,-1,8,-1,8,0,8,-1,7,-2,7,-1,7,-1,7,-1,7,-1,6,-1,6,-1,5,-2,5,0,0,0,0,0,0,0,0,0,0,0,0,0,0,0,0,0,0,0,0,0,0,-7,15,-7,14,-9,14,-9,14,-10,14,-12,13,-12,13,-13,12,-13,12,-13,11,-13,11,-12,11,-12,11,-12,11,-11,10,-11,11,-10,11,-10,11,-9,11,-9,12,-9,12,-8,12,-9,13,-8,13,-7,12,-8,12,0,0,-27,47,-25,50,-23,46,-22,46,-19,41,-18,43,-16,41,-15,38,-10,37,-9,35,-6,37,-2,35,0,33,-2,33,-1,34,1,32,0,33,0,32,-1,29,-3,29,-2,27,-2,28,-2,27,1,27,-2,23,-3,19,-3,23,-6,21,0,0,0,0,0,0,0,0,0,0,0,0,0,0,-14,62,-19,59,-24,59,-29,55,-31,59,-34,56,-41,57,-43,54,-47,52,-52,52,-51,49,-51,48,-48,49,-47,45,-45,45,-42,42,-41,43,-40,46,-36,45,-38,46,-34,45,-33,50,-33,50,-32,50,-32,52,-29,53,-28,52,-28,51]"
618044785131900,26.334283500,90909,1879776616,-51,-98,6,0,1,7,0,0,256,0,0,"[0,0,-16,0,-15,0,-14,0,-14,0,-13,0,-12,1,-12,2,-11,2,-11,2,-10,2,-10,2,-9,3,-9,3,-9,3,-9,4,-9,4,-8,4,-8,3,-8,4,-8,3,-8,3,-7,3,-7,2,-7,2,-7,1,-6,1,0,0,0,0,0,0,0,0,0,0,0,0,0,0,0,0,0,0,0,0,0,0,-17,2,-18,1,-18,1,-18,-1,-19,-1,-19,-2,-20,-3,-20,-4,-19,-4,-18,-5,-18,-6,-17,-6,-17,-5,-16,-5,-17,-4,-17,-3,-16,-3,-16,-3,-17,-2,-16,-1,-16,-1,-16,0,-17,0,-17,0,-16,-1,-16,0,0,0,-25,13,-24,13,-23,12,-22,13,-21,12,-19,12,-18,12,-17,12,-15,12,-14,13,-14,13,-12,13,-12,13,-11,14,-11,14,-10,13,-10,13,-9,13,-10,12,-10,12,-9,11,-10,11,-9,10,-9,9,-9,9,-9,8,-9,7,-9,6,0,0,0,0,0,0,0,0,0,0,0,0,0,0,-21,22,-24,20,-25,18,-27,17,-28,16,-29,14,-31,14,-33,12,-33,11,-34,9,-34,8,-34,7,-33,7,-32,7,-31,6,-30,7,-30,7,-29,8,-29,8,-29,9,-28,10,-28,11,-27,12,-28,12,-27,13,-26,14,-26,14,-26,14]"
618044803015100,26.352166700,90910,1879796614,-51,-98,6,0,1,7,0,0,256,0,0,"[0,0,15,0,14,0,13,0,13,-1,12,-1,11,-1,11,-1,10,-2,10,-2,10,-3,9,-3,8,-3,8,-4,8,-4,8,-4,8,-4,7,-4,7,-4,7,-3,7,-3,7,-4,6,-3,6,-3,5,-3,6,-3,6,-2,0,0,0,0,0,0,0,0,0,0,0,0,0,0,0,0,0,0,0,0,0,0,16,-3,17,-2,17,-1,17,0,18,1,18,2,18,3,18,4,18,4,17,4,17,4,16,4,15,4,16,4,15,3,15,3,15,3,15,2,15,1,15,2,15,1,15,0,16,0,15,-1,16,-1,15,-1,0,0,27,-5,27,-6,24,-5,24,-6,22,-6,22,-6,20,-6,19,-7,18,-7,17,-8,16,-9,15,-9,14,-10,14,-10,14,-11,13,-10,14,-11,13,-10,13,-10,12,-9,12,-9,12,-8,11,-8,11,-7,10,-7,10,-6,10,-5,10,-4,0,0,0,0,0,0,0,0,0,0,0,0,0,0,27,-14,29,-11,29,-10,29,-7,32,-6,31,-5,34,-3,34,-1,35,0,35,2,34,3,34,4,33,3,32,4,30,4,30,3,28,2,30,1,28,1,30,0,28,-1,29,-2,29,-2,29,-3,30,-4,29,-5,29,-5,28,-5]"
618044828279000,26.377430600,90911,1879821739,-51,-98,6,0,1,7,0,0,256,0,0,"[0,0,-2,15,-2,14,-1,14,-1,13,-1,13,0,12,0,11,0,11,0,10,1,9,2,9,2,9,2,9,3,9,2,8,3,8,3,7,3,7,2,7,2,7,2,7,2,7,2,6,2,6,1,5,1,6,0,0,0,0,0,0,0,0,0,0,0,0,0,0,0,0,0,0,0,0,0,0,0,17,-1,17,-1,17,-3,18,-4,18,-5,18,-6,18,-7,18,-8,17,-8,17,-8,16,-7,16,-7,16,-6,15,-6,15,-5,14,-5,15,-5,15,-4,15,-4,15,-3,15,-3,16,-3,15,-2,16,-2,16,-2,15,0,0,2,28,3,26,3,25,2,24,3,23,4,21,5,21,5,19,5,18,6,17,7,16,8,16,8,15,8,14,8,14,8,14,8,13,8,13,8,13,7,12,6,12,6,12,6,11,5,11,5,10,4,10,3,10,3,10,0,0,0,0,0,0,0,0,0,0,0,0,0,0,11,27,8,29,6,30,4,31,2,31,1,32,0,33,-2,34,-4,34,-5,34,-7,34,-7,33,-7,32,-7,31,-6,30,-6,30,-6,30,-5,28,-4,29,-3,29,-1,28,-1,29,0,29,0,29,2,29,2,29,3,29,2,29]"
618044844439800,26.393591400,90912,1879838260,-51,-98,6,0,1,7,0,0,256,0,0,"[0,0,11,8,11,8,11,7,11,7,10,6,10,6,10,5,9,5,9,4,9,3,9,3,9,2,9,2,8,2,8,1,8,1,8,1,8,1,8,1,8,1,7,1,7,1,6,1,6,1,6,1,5,1,0,0,0,0,0,0,0,0,0,0,0,0,0,0,0,0,0,0,0,0,0,0,15,7,14,9,14,10,13,10,14,11,13,12,13,13,12,14,12,14,11,14,11,14,10,13,10,13,10,12,10,12,10,11,10,11,11,11,11,10,11,10,11,10,12,9,13,10,13,9,12,9,12,9,0,0,54,19,51,17,49,17,46,15,45,14,42,10,42,8,41,6,40,5,37,3,37,1,36,1,35,-1,36,-2,34,-3,34,-4,33,-4,32,-4,30,-4,31,-4,29,-2,29,-2,27,-1,25,0,24,1,24,0,22,2,22,4,0,0,0,0,0,0,0,0,0,0,0,0,0,0,59,3,59,11,60,16,60,18,59,21,59,25,60,28,61,31,59,33,60,36,57,40,54,40,50,40,51,40,49,39,48,37,50,35,49,32,51,31,51,29,51,27,53,23,53,22,55,22,55,21,55,22,56,22,56,21]"
618044863909000,26.413060600,90913,1879856527,-51,-98,6,0,1,7,0,0,256,0,0,"[0,0,-3,-15,-4,-15,-4,-14,-3,-13,-4,-13,-4,-12,-4,-11,-5,-11,-4,-10,-5,-9,-5,-9,-6,-8,-6,-8,-6,-8,-6,-8,-6,-8,-6,-8,-6,-7,-6,-7,-5,-7,-5,-6,-5,-7,-5,-6,-4,-6,-4,-6,-3,-5,0,0,0,0,0,0,0,0,0,0,0,0,0,0,0,0,0,0,0,0,0,0,-6,-16,-5,-17,-4,-18,-3,-18,-2,-19,-2,-20,-1,-19,0,-19,1,-19,1,-19,1,-18,1,-18,1,-18,1,-17,1,-17,0,-16,0,-16,-1,-16,-2,-16,-2,-16,-3,-16,-3,-17,-3,-16,-4,-16,-4,-16,-4,-16,0,0,-12,-26,-12,-25,-13,-25,-11,-22,-13,-22,-13,-20,-13,-19,-13,-17,-13,-16,-13,-14,-13,-14,-14,-13,-14,-13,-15,-12,-14,-11,-14,-11,-13,-11,-14,-11,-13,-10,-13,-10,-12,-10,-12,-9,-10,-9,-10,-10,-9,-10,-9,-10,-8,-9,-7,-9,0,0,0,0,0,0,0,0,0,0,0,0,0,0,-20,-23,-18,-26,-16,-28,-15,-29,-13,-29,-13,-32,-11,-32,-11,-35,-10,-34,-8,-35,-6,-35,-5,-33,-4,-33,-5,-33,-4,-32,-5,-32,-6,-32,-6,-29,-7,-30,-7,-28,-10,-29,-11,-29,-12,-28,-12,-28,-12,-27,-12,-28,-12,-27,-13,-28]"
618044883285600,26.432437200,90914,1879876392,-51,-98,6,0,1,7,0,0,256,0,0,"[0,0,-13,-9,-12,-9,-12,-8,-11,-8,-11,-7,-11,-6,-10,-6,-11,-5,-10,-4,-10,-4,-10,-3,-10,-3,-9,-3,-9,-2,-9,-1,-9,-2,-9,-2,-9,-1,-9,-2,-9,-1,-8,-1,-7,-2,-7,-2,-7,-2,-7,-2,-7,-2,0,0,0,0,0,0,0,0,0,0,0,0,0,0,0,0,0,0,0,0,0,0,-15,-10,-15,-11,-14,-12,-14,-12,-14,-14,-13,-14,-13,-14,-12,-16,-12,-15,-11,-16,-10,-15,-10,-15,-10,-15,-10,-14,-10,-14,-11,-13,-11,-12,-12,-12,-12,-12,-12,-11,-12,-11,-13,-11,-13,-11,-13,-10,-13,-10,-13,-10,0,0,-54,-17,-53,-16,-51,-15,-48,-12,-47,-12,-45,-9,-44,-8,-42,-6,-40,-4,-39,-2,-38,1,-37,2,-37,3,-36,4,-35,5,-34,6,-34,6,-33,5,-32,5,-31,4,-29,3,-29,3,-27,2,-26,2,-26,1,-23,0,-23,-1,-24,-3,0,0,0,0,0,0,0,0,0,0,0,0,0,0,-61,-3,-62,-10,-61,-14,-61,-17,-61,-20,-61,-23,-63,-27,-64,-32,-62,-34,-61,-38,-58,-39,-57,-39,-56,-40,-54,-38,-51,-38,-52,-35,-51,-33,-51,-30,-52,-29,-53,-28,-54,-26,-56,-24,-55,-24,-57,-22,-56,-21,-57,-19,-56,-19,-57,-19]"
618044904598700,26.453750300,90915,1879896527,-51,-98,6,0,1,7,0,0,256,0,0,"[0,0,-7,-13,-8,-13,-7,-12,-7,-12,-7,-11,-7,-10,-7,-9,-7,-9,-7,-8,-8,-8,-8,-7,-8,-7,-8,-7,-8,-6,-8,-5,-8,-5,-8,-6,-7,-5,-7,-5,-7,-5,-7,-5,-7,-5,-7,-5,-6,-5,-5,-5,-5,-5,0,0,0,0,0,0,0,0,0,0,0,0,0,0,0,0,0,0,0,0,0,0,-10,-15,-9,-15,-9,-16,-7,-16,-7,-18,-6,-18,-6,-18,-5,-18,-4,-19,-4,-19,-3,-18,-3,-18,-3,-17,-3,-17,-4,-16,-4,-16,-5,-15,-5,-16,-6,-15,-6,-15,-7,-15,-7,-15,-8,-15,-8,-15,-7,-14,-8,-14,0,0,-24,-16,-24,-15,-23,-14,-22,-13,-21,-12,-21,-11,-20,-10,-19,-9,-19,-7,-19,-6,-18,-5,-18,-4,-18,-4,-18,-3,-18,-2,-17,-2,-17,-2,-17,-2,-16,-2,-16,-2,-15,-2,-14,-3,-14,-2,-13,-3,-12,-3,-12,-3,-12,-4,-11,-4,0,0,0,0,0,0,0,0,0,0,0,0,0,0,-29,-11,-28,-14,-27,-15,-27,-17,-27,-19,-26,-20,-26,-23,-25,-24,-24,-25,-24,-27,-22,-27,-22,-28,-21,-27,-20,-26,-19,-25,-19,-24,-20,-23,-21,-22,-21,-21,-21,-21,-22,-19,-23,-19,-23,-19,-24,-18,-24,-18,-24,-17,-25,-16,-25,-17]"
618044925475100,26.474626700,90916,1879917655,-51,-98,6,0,1,7,0,0,256,0,0,"[0,0,7,-14,6,-14,6,-13,6,-12,5,-12,4,-12,4,-12,3,-11,3,-11,2,-10,2,-10,1,-10,0,-10,0,-10,0,-10,0,-10,0,-9,0,-9,0,-9,0,-9,0,-8,0,-8,0,-8,0,-7,1,-7,1,-6,0,0,0,0,0,0,0,0,0,0,0,0,0,0,0,0,0,0,0,0,0,0,6,-17,7,-16,8,-17,9,-16,10,-16,11,-16,12,-15,13,-15,13,-14,13,-14,13,-13,12,-13,12,-13,12,-12,11,-13,10,-13,10,-13,10,-13,9,-14,9,-14,8,-14,8,-15,8,-15,7,-15,7,-14,7,-15,0,0,1,-28,1,-28,0,-27,0,-26,-1,-24,-1,-23,-2,-22,-2,-22,-3,-20,-4,-19,-5,-19,-5,-18,-6,-17,-6,-17,-7,-17,-7,-16,-7,-16,-7,-15,-6,-15,-6,-15,-5,-15,-5,-14,-5,-13,-4,-13,-4,-12,-3,-12,-3,-12,-2,-11,0,0,0,0,0,0,0,0,0,0,0,0,0,0,-7,-31,-3,-30,-1,-31,1,-31,0,-33,2,-33,5,-33,7,-33,8,-34,11,-33,11,-33,12,-33,12,-32,12,-31,12,-30,10,-29,9,-29,8,-30,7,-29,7,-30,5,-29,4,-29,4,-30,2,-30,3,-31,2,-31,2,-30,3,-30]"
618044944324500,26.493476100,90917,1879938463,-51,-98,6,0,1,7,0,0,256,0,0,"[0,0,11,-9,9,-10,9,-9,9,-9,8,-9,7,-8,6,-8,6,-9,5,-8,5,-8,4,-8,3,-8,3,-8,3,-9,3,-8,2,-8,2,-8,3,-8,3,-8,3,-7,3,-7,2,-7,2,-7,2,-6,2,-6,3,-5,0,0,0,0,0,0,0,0,0,0,0,0,0,0,0,0,0,0,0,0,0,0,10,-12,11,-12,12,-11,13,-11,14,-11,15,-10,15,-9,16,-8,16,-8,15,-8,15,-7,14,-7,14,-7,13,-7,13,-7,13,-7,13,-8,12,-8,12,-9,12,-9,11,-9,11,-9,11,-10,11,-11,10,-10,11,-11,0,0,20,-20,19,-21,17,-19,17,-18,16,-18,14,-17,14,-17,12,-17,11,-16,10,-17,7,-16,6,-17,6,-17,6,-16,6,-17,5,-16,4,-17,4,-15,5,-15,5,-15,4,-14,5,-14,5,-13,3,-13,4,-11,4,-10,5,-11,5,-10,0,0,0,0,0,0,0,0,0,0,0,0,0,0,17,-27,19,-25,21,-25,23,-23,24,-23,25,-21,27,-22,29,-18,30,-17,31,-16,31,-14,31,-15,29,-14,29,-14,28,-14,28,-14,28,-14,27,-15,24,-16,25,-17,23,-17,23,-18,22,-19,23,-19,22,-20,22,-21,22,-21,22,-20]"
618044963937800,26.513089400,90918,1879956728,-51,-98,6,0,1,7,0,0,256,0,0,"[0,0,-15,0,-15,0,-14,0,-14,0,-13,0,-12,1,-12,1,-11,2,-11,2,-10,2,-10,3,-9,3,-9,3,-9,3,-9,4,-8,4,-8,4,-8,4,-8,4,-8,3,-7,3,-7,3,-7,2,-7,2,-6,2,-7,2,0,0,0,0,0,0,0,0,0,0,0,0,0,0,0,0,0,0,0,0,0,0,-17,1,-18,0,-18,0,-18,-1,-19,-3,-19,-4,-19,-4,-19,-5,-19,-6,-18,-6,-17,-6,-17,-6,-16,-6,-16,-6,-16,-5,-16,-4,-16,-4,-16,-3,-16,-3,-16,-2,-16,-2,-16,-1,-17,-1,-16,0,-15,0,-16,-1,0,0,-28,7,-27,7,-25,7,-24,7,-23,7,-21,8,-20,8,-19,8,-18,9,-17,10,-16,10,-16,10,-15,10,-14,11,-13,11,-13,11,-13,11,-12,11,-12,11,-12,10,-11,9,-12,9,-11,8,-11,7,-10,7,-10,7,-10,6,-11,5,0,0,0,0,0,0,0,0,0,0,0,0,0,0,-27,13,-29,10,-30,9,-31,7,-32,7,-32,5,-34,4,-35,1,-35,1,-36,-1,-35,-2,-35,-3,-33,-3,-33,-4,-31,-4,-30,-3,-31,-1,-30,-1,-30,1,-30,1,-30,2,-29,4,-29,5,-30,5,-30,5,-29,6,-29,6,-29,6]"
618044986128300,26.535279900,90919,1879978105,-51,-98,6,0,1,7,0,0,256,0,0,"[0,0,9,-13,8,-12,7,-12,7,-11,7,-11,6,-11,5,-11,5,-10,4,-10,3,-10,3,-10,2,-10,2,-10,1,-10,1,-10,1,-9,1,-9,1,-9,1,-9,2,-8,1,-8,1,-8,1,-7,1,-7,1,-7,1,-6,0,0,0,0,0,0,0,0,0,0,0,0,0,0,0,0,0,0,0,0,0,0,8,-15,10,-15,10,-14,11,-15,12,-14,13,-14,14,-13,15,-12,15,-11,14,-12,14,-11,14,-11,13,-11,13,-10,12,-10,12,-11,12,-11,11,-11,10,-12,10,-12,10,-12,10,-13,10,-13,9,-13,9,-13,9,-13,0,0,25,-51,23,-49,22,-49,19,-45,19,-44,16,-42,14,-42,12,-40,10,-39,8,-38,6,-37,4,-37,2,-37,0,-36,0,-35,-1,-35,-1,-34,-1,-34,-1,-33,1,-32,1,-30,1,-29,2,-26,2,-26,3,-25,4,-24,4,-22,6,-21,0,0,0,0,0,0,0,0,0,0,0,0,0,0,11,-59,19,-60,23,-58,26,-59,29,-57,33,-57,36,-57,42,-56,43,-54,45,-53,48,-51,47,-49,46,-48,46,-46,45,-45,42,-44,41,-47,38,-45,38,-48,35,-48,34,-48,32,-51,30,-51,30,-53,30,-52,27,-53,28,-53,28,-53]"
618045003971200,26.553122800,90920,1879996959,-51,-98,6,0,1,7,0,0,256,0,0,"[0,0,-2,-15,-2,-15,-3,-14,-2,-13,-3,-13,-3,-12,-4,-12,-4,-11,-4,-10,-5,-10,-5,-9,-5,-9,-5,-9,-6,-9,-5,-8,-6,-8,-6,-7,-5,-7,-5,-7,-5,-7,-5,-7,-5,-7,-4,-6,-4,-6,-4,-6,-3,-6,0,0,0,0,0,0,0,0,0,0,0,0,0,0,0,0,0,0,0,0,0,0,-3,-17,-2,-18,-2,-18,-1,-19,0,-19,1,-19,2,-19,3,-19,3,-19,3,-19,4,-18,4,-17,3,-17,3,-17,3,-17,1,-16,2,-16,1,-16,0,-16,-1,-16,-1,-16,-2,-17,-2,-16,-2,-16,-2,-16,-2,-16,0,0,-12,-26,-12,-25,-12,-25,-11,-22,-12,-22,-12,-20,-12,-19,-13,-17,-13,-16,-12,-15,-13,-14,-14,-14,-14,-13,-14,-12,-14,-11,-14,-11,-14,-10,-14,-11,-13,-10,-12,-9,-12,-9,-11,-9,-10,-9,-10,-9,-9,-9,-9,-9,-8,-9,-8,-9,0,0,0,0,0,0,0,0,0,0,0,0,0,0,-17,-25,-16,-27,-14,-28,-13,-30,-11,-30,-10,-32,-9,-33,-8,-35,-6,-35,-6,-35,-4,-35,-4,-34,-3,-33,-2,-33,-3,-32,-3,-31,-4,-31,-4,-29,-6,-30,-7,-29,-8,-29,-10,-28,-10,-29,-11,-29,-11,-28,-11,-28,-12,-28,-12,-28]"
618045022653400,26.571805000,90921,1880016623,-51,-98,6,0,1,7,0,0,256,0,0,"[0,0,0,15,0,14,0,13,0,12,1,12,1,12,1,11,2,10,2,9,3,9,3,9,3,8,3,8,4,8,3,7,4,7,4,7,3,7,4,7,3,6,3,6,3,6,3,6,2,6,2,5,2,5,0,0,0,0,0,0,0,0,0,0,0,0,0,0,0,0,0,0,0,0,0,0,2,16,0,16,0,17,-1,17,-2,18,-3,18,-4,18,-5,18,-5,18,-6,17,-6,17,-5,16,-5,16,-5,15,-4,16,-4,15,-4,15,-3,15,-3,15,-2,15,-1,15,-1,16,-1,15,0,16,0,16,0,15,0,0,7,26,8,26,7,24,8,24,7,22,9,20,9,19,9,18,9,17,10,16,10,16,10,14,11,14,11,12,11,13,11,11,12,12,11,11,11,10,10,11,10,10,9,10,9,10,7,9,7,9,6,9,6,10,5,10,0,0,0,0,0,0,0,0,0,0,0,0,0,0,15,26,12,28,8,29,8,28,9,31,6,30,5,34,3,33,3,34,1,35,1,34,-2,35,-4,33,-3,31,-3,31,-3,30,-1,29,0,29,1,28,2,30,4,29,6,28,6,29,7,28,6,29,6,29,7,29,7,28]"
618045049569200,26.598720800,90922,1880038676,-51,-98,6,0,1,7,0,0,256,0,0,"[0,0,-13,-9,-13,-9,-12,-8,-12,-8,-11,-8,-11,-7,-10,-6,-10,-5,-10,-5,-10,-4,-10,-3,-10,-3,-10,-2,-9,-2,-10,-2,-9,-2,-9,-2,-9,-1,-9,-2,-8,-1,-8,-1,-7,-2,-7,-2,-7,-2,-7,-2,-7,-2,0,0,0,0,0,0,0,0,0,0,0,0,0,0,0,0,0,0,0,0,0,0,-15,-9,-15,-10,-14,-11,-14,-12,-14,-13,-14,-14,-13,-14,-13,-15,-12,-15,-12,-16,-12,-15,-11,-14,-11,-14,-10,-14,-11,-13,-11,-13,-11,-12,-12,-12,-12,-11,-12,-11,-13,-11,-13,-11,-14,-10,-13,-10,-13,-9,-14,-9,0,0,-54,-15,-52,-15,-50,-13,-47,-11,-46,-8,-44,-7,-43,-5,-41,-4,-39,-2,-37,1,-36,1,-36,3,-35,3,-36,6,-35,7,-34,7,-31,7,-31,6,-30,7,-30,5,-28,6,-28,4,-27,5,-26,3,-24,2,-23,1,-24,0,-22,-1,0,0,0,0,0,0,0,0,0,0,0,0,0,0,-59,-2,-61,-9,-62,-12,-61,-16,-59,-20,-60,-23,-62,-27,-63,-29,-62,-33,-60,-33,-58,-37,-56,-36,-54,-37,-54,-36,-51,-34,-51,-34,-50,-31,-49,-31,-51,-28,-51,-27,-53,-24,-54,-21,-56,-20,-57,-20,-56,-17,-57,-18,-56,-17,-56,-17]"
618045065067500,26.614219100,90923,1880059344,-51,-98,6,0,1,7,0,0,256,0,0,"[0,0,14,5,13,4,13,4,13,4,12,3,11,3,11,2,10,2,10,1,10,0,9,-1,9,-1,9,-1,9,-1,9,-2,9,-2,8,-2,9,-2,8,-2,8,-1,8,-1,7,0,6,-1,6,-1,6,-1,6,0,0,0,0,0,0,0,0,0,0,0,0,0,0,0,0,0,0,0,0,0,0,0,16,2,17,4,16,5,17,6,17,7,17,8,16,9,16,10,16,10,15,10,15,10,14,9,14,9,13,9,14,9,13,8,14,8,14,7,14,7,14,6,14,6,15,6,15,5,15,4,15,5,15,4,0,0,27,0,28,-1,25,-1,25,-2,23,-2,22,-3,21,-3,20,-4,19,-5,18,-5,18,-6,17,-7,16,-7,15,-7,16,-8,14,-8,15,-9,14,-8,13,-8,13,-7,13,-7,12,-6,12,-6,11,-5,11,-4,10,-4,11,-4,11,-3,0,0,0,0,0,0,0,0,0,0,0,0,0,0,29,-9,30,-5,31,-3,30,-1,32,0,31,1,34,3,33,4,34,6,34,8,33,9,33,10,32,10,30,10,29,9,29,9,28,8,29,7,28,6,29,5,28,3,29,2,30,2,30,1,30,1,29,0,29,0,29,0]"
618045087169100,26.636320700,90924,1880080818,-51,-98,6,0,1,7,0,0,256,0,0,"[0,0,14,6,13,5,12,5,12,4,12,4,11,3,11,3,11,2,10,2,10,1,9,0,9,0,9,0,9,-1,9,-1,9,-1,8,-1,8,-1,8,-1,8,-1,8,-1,7,0,6,0,6,0,6,0,6,0,0,0,0,0,0,0,0,0,0,0,0,0,0,0,0,0,0,0,0,0,0,0,16,5,16,6,16,7,15,8,16,9,16,10,15,11,15,12,14,12,13,12,13,12,13,12,12,11,12,10,12,10,12,9,13,9,13,9,13,8,13,7,13,8,14,7,14,7,14,6,14,6,14,6,0,0,27,4,26,3,26,3,24,2,24,2,22,1,21,0,20,0,19,-2,19,-3,18,-4,17,-4,16,-5,16,-5,16,-5,16,-5,16,-6,15,-6,15,-5,14,-5,14,-5,13,-4,13,-4,12,-3,11,-3,11,-3,11,-2,11,-1,0,0,0,0,0,0,0,0,0,0,0,0,0,0,29,-5,31,-1,30,1,31,3,31,5,31,6,32,8,33,10,33,11,32,13,30,14,30,14,30,14,29,14,27,13,27,12,26,12,27,10,27,10,27,9,28,8,28,7,28,6,28,6,29,5,29,4,29,4,29,4]"
618045104478700,26.653630300,90925,1880097952,-51,-98,6,0,1,7,0,0,256,0,0,"[0,0,14,3,14,3,13,2,13,2,13,2,11,1,11,1,11,0,10,0,10,-1,10,-1,9,-2,9,-2,9,-2,8,-3,8,-3,8,-2,8,-3,8,-3,8,-2,7,-2,7,-2,6,-2,6,-1,6,-1,6,-1,0,0,0,0,0,0,0,0,0,0,0,0,0,0,0,0,0,0,0,0,0,0,17,1,17,2,16,3,17,4,17,5,18,6,17,7,18,8,17,8,16,8,16,8,15,8,15,8,14,8,14,7,14,6,14,6,14,6,15,5,15,4,15,4,15,4,15,3,15,3,15,3,15,3,0,0,27,-3,26,-4,26,-3,24,-3,24,-4,21,-5,21,-6,20,-6,19,-6,17,-7,17,-8,16,-8,15,-9,15,-9,14,-9,14,-9,14,-9,13,-9,13,-9,13,-8,12,-8,12,-7,11,-6,11,-6,10,-5,10,-5,10,-4,11,-4,0,0,0,0,0,0,0,0,0,0,0,0,0,0,28,-12,29,-9,30,-6,31,-5,31,-3,32,-2,33,0,34,1,34,3,34,3,33,5,33,6,32,6,31,6,30,6,29,6,29,5,28,3,29,3,29,2,29,1,29,-1,29,-1,29,-2,29,-2,29,-2,29,-3,29,-3]"
618045126233300,26.675384900,90926,1880118632,-51,-98,6,0,1,7,0,0,256,0,0,"[0,0,-16,-2,-15,-2,-15,-2,-14,-2,-13,-1,-13,-1,-12,-1,-11,0,-12,0,-11,1,-10,2,-10,2,-10,2,-9,2,-9,3,-9,3,-9,2,-9,3,-9,2,-8,2,-8,2,-7,2,-7,2,-7,2,-7,1,-6,1,0,0,0,0,0,0,0,0,0,0,0,0,0,0,0,0,0,0,0,0,0,0,-17,0,-19,-1,-18,-2,-18,-3,-19,-4,-20,-5,-19,-6,-19,-7,-18,-8,-18,-8,-18,-7,-17,-7,-17,-7,-16,-6,-16,-7,-15,-6,-16,-5,-16,-5,-16,-5,-16,-4,-16,-4,-16,-4,-17,-3,-17,-2,-16,-1,-16,-2,0,0,-28,2,-27,1,-26,1,-25,2,-23,2,-22,3,-22,4,-21,5,-19,5,-18,6,-18,6,-17,6,-16,7,-16,7,-15,7,-15,8,-15,8,-14,8,-14,8,-13,7,-13,6,-12,6,-12,5,-12,4,-11,4,-11,4,-11,3,-11,2,0,0,0,0,0,0,0,0,0,0,0,0,0,0,-28,9,-30,7,-31,4,-31,3,-31,1,-32,-1,-33,-2,-34,-4,-34,-3,-35,-6,-33,-7,-34,-8,-32,-9,-31,-9,-30,-9,-30,-8,-29,-6,-29,-5,-29,-5,-29,-4,-29,-3,-29,-1,-29,0,-30,0,-30,0,-30,0,-29,0,-29,0]"
618045143732000,26.692883600,90927,1880138584,-50,-98,6,0,1,7,0,0,256,0,0,"[0,0,13,5,13,5,12,5,12,4,12,4,11,3,11,2,11,2,10,2,10,1,9,1,9,0,9,0,9,-1,9,-1,9,-1,9,-1,8,-1,8,-1,8,-1,8,-1,7,0,7,0,6,0,6,0,6,0,0,0,0,0,0,0,0,0,0,0,0,0,0,0,0,0,0,0,0,0,0,0,16,4,16,5,16,6,15,7,16,8,16,9,16,9,16,10,15,11,14,11,13,11,13,11,13,11,12,10,13,10,13,9,13,8,13,8,13,7,14,7,14,7,14,6,14,7,14,7,14,6,14,6,0,0,19,18,18,19,18,17,19,16,18,15,17,13,17,11,16,10,16,9,17,7,16,7,16,6,16,6,15,4,15,4,16,4,15,3,15,3,15,4,13,4,14,3,13,4,12,4,11,3,10,3,10,3,9,4,8,4,0,0,0,0,0,0,0,0,0,0,0,0,0,0,27,15,26,18,24,18,22,21,22,23,21,24,20,25,20,28,19,28,17,30,16,29,16,30,16,29,14,29,14,27,15,26,14,24,16,23,17,24,17,24,18,22,18,22,18,21,19,22,21,22,20,21,21,20,20,21]"
618045165437100,26.714588700,90928,1880157608,-51,-98,6,0,1,7,0,0,256,0,0,"[0,0,-15,3,-14,3,-14,2,-13,3,-13,3,-12,3,-11,3,-11,4,-10,3,-10,4,-9,5,-9,4,-8,5,-8,5,-8,5,-8,5,-7,5,-7,5,-7,4,-7,4,-7,4,-7,4,-6,4,-6,3,-6,3,-6,3,0,0,0,0,0,0,0,0,0,0,0,0,0,0,0,0,0,0,0,0,0,0,-17,4,-18,3,-18,2,-18,2,-19,1,-20,-1,-20,-1,-20,-2,-19,-3,-19,-2,-18,-3,-18,-2,-17,-2,-17,-2,-17,-2,-17,-2,-17,-1,-17,0,-16,0,-16,1,-16,1,-17,2,-17,2,-16,2,-16,3,-16,3,0,0,-25,11,-24,11,-24,11,-22,10,-21,11,-19,11,-18,11,-18,11,-16,11,-15,11,-14,12,-13,12,-12,13,-12,13,-11,12,-11,13,-10,12,-11,13,-10,12,-10,11,-10,11,-9,10,-9,9,-9,8,-9,8,-9,7,-9,7,-9,6,0,0,0,0,0,0,0,0,0,0,0,0,0,0,-24,18,-26,15,-28,13,-29,12,-29,11,-30,10,-32,9,-33,8,-34,6,-34,5,-34,3,-34,3,-33,2,-32,2,-31,2,-30,3,-30,4,-29,4,-29,5,-29,6,-28,7,-28,8,-28,9,-28,10,-27,10,-27,10,-27,11,-26,11]"
618045190161000,26.739312600,90929,1880183081,-51,-98,6,0,1,7,0,0,256,0,0,"[0,0,-10,-13,-9,-12,-9,-12,-8,-11,-9,-11,-9,-10,-8,-9,-8,-8,-8,-8,-8,-7,-8,-6,-8,-6,-8,-6,-9,-5,-8,-5,-8,-4,-8,-4,-8,-4,-8,-4,-7,-4,-7,-4,-7,-4,-7,-4,-6,-4,-6,-4,-6,-4,0,0,0,0,0,0,0,0,0,0,0,0,0,0,0,0,0,0,0,0,0,0,-12,-13,-11,-14,-10,-15,-10,-16,-10,-17,-9,-18,-8,-17,-8,-18,-7,-18,-7,-18,-6,-18,-6,-17,-6,-17,-6,-16,-6,-16,-6,-15,-7,-15,-7,-15,-8,-14,-9,-14,-9,-14,-9,-14,-9,-14,-10,-14,-10,-13,-9,-13,0,0,-23,-16,-24,-16,-23,-15,-22,-14,-21,-12,-21,-11,-20,-10,-20,-10,-19,-8,-19,-7,-19,-6,-18,-5,-18,-4,-17,-4,-18,-3,-17,-2,-17,-2,-16,-2,-16,-2,-15,-3,-15,-3,-15,-3,-14,-3,-13,-3,-12,-3,-11,-3,-12,-4,-11,-4,0,0,0,0,0,0,0,0,0,0,0,0,0,0,-29,-12,-28,-15,-27,-16,-26,-18,-27,-19,-26,-20,-27,-23,-25,-24,-25,-26,-23,-28,-23,-27,-21,-29,-20,-27,-19,-27,-19,-26,-19,-25,-19,-23,-21,-23,-21,-21,-22,-22,-22,-21,-23,-20,-23,-20,-25,-19,-25,-20,-25,-19,-25,-18,-24,-18]"
618045202255100,26.751406700,90930,1880196699,-51,-98,6,0,1,7,0,0,256,0,0,"[0,0,10,11,10,10,9,9,9,9,9,8,9,7,8,7,8,7,8,5,8,5,8,4,8,4,8,3,8,3,8,2,8,2,7,2,8,3,7,3,7,2,7,2,6,3,6,2,5,2,5,2,5,2,0,0,0,0,0,0,0,0,0,0,0,0,0,0,0,0,0,0,0,0,0,0,13,11,12,12,12,12,11,13,11,14,11,15,9,15,9,16,8,16,8,16,7,16,7,15,7,15,6,14,7,14,8,13,8,13,8,12,9,12,9,12,9,12,10,11,10,12,10,11,10,12,10,10,0,0,24,13,24,12,22,11,22,10,21,9,21,8,20,7,19,6,19,5,18,3,17,2,18,2,18,1,18,0,17,0,16,0,16,0,16,0,15,0,15,0,14,0,14,0,13,0,13,1,12,1,12,1,11,2,10,3,0,0,0,0,0,0,0,0,0,0,0,0,0,0,29,5,29,9,29,11,28,13,28,15,27,16,28,18,27,20,26,21,26,22,25,24,25,23,23,23,23,22,22,21,22,21,22,20,22,19,22,18,23,18,23,16,24,16,25,14,26,15,27,14,26,13,26,13,26,13]"
618045225800100,26.774951700,90931,1880217067,-51,-98,6,0,1,7,0,0,256,0,0,"[0,0,-15,-4,-14,-4,-14,-4,-13,-3,-13,-3,-12,-2,-12,-2,-11,-1,-11,-1,-11,0,-10,0,-10,0,-9,1,-10,1,-9,1,-10,1,-9,2,-9,1,-9,1,-9,1,-8,1,-8,0,-7,1,-7,1,-7,0,-7,0,0,0,0,0,0,0,0,0,0,0,0,0,0,0,0,0,0,0,0,0,0,0,-18,-3,-18,-4,-17,-5,-18,-6,-18,-6,-18,-8,-18,-9,-17,-10,-17,-10,-16,-10,-16,-10,-16,-10,-15,-9,-15,-9,-15,-8,-15,-8,-15,-7,-15,-7,-15,-7,-15,-6,-16,-6,-16,-6,-16,-5,-16,-4,-16,-4,-16,-4,0,0,-28,2,-28,1,-26,1,-25,2,-24,3,-22,3,-21,3,-20,4,-20,4,-19,6,-17,7,-17,7,-16,8,-16,8,-15,8,-15,8,-15,8,-14,8,-14,7,-13,7,-13,6,-13,6,-12,6,-12,5,-11,5,-11,4,-11,3,-11,2,0,0,0,0,0,0,0,0,0,0,0,0,0,0,-29,9,-30,5,-31,4,-32,2,-32,0,-32,-2,-33,-3,-34,-5,-34,-6,-34,-7,-34,-9,-33,-9,-32,-9,-31,-9,-30,-8,-30,-7,-30,-7,-29,-6,-29,-5,-29,-4,-29,-3,-29,-2,-30,-1,-30,-1,-30,0,-29,1,-29,1,-29,1]"
618045243912600,26.793064200,90932,1880236940,-51,-98,6,0,1,7,0,0,256,0,0,"[0,0,-12,9,-11,9,-11,9,-10,8,-10,9,-8,8,-8,8,-7,8,-7,8,-7,8,-6,8,-5,8,-5,8,-4,8,-4,8,-4,8,-3,8,-4,7,-4,7,-3,7,-4,7,-3,6,-3,6,-3,6,-4,5,-4,5,0,0,0,0,0,0,0,0,0,0,0,0,0,0,0,0,0,0,0,0,0,0,-13,11,-14,11,-14,10,-15,10,-16,10,-17,9,-17,8,-18,8,-18,7,-18,7,-17,6,-17,6,-16,6,-16,6,-15,6,-15,6,-15,7,-14,7,-14,8,-13,9,-14,9,-13,9,-13,9,-13,9,-13,9,-13,9,0,0,-17,22,-16,23,-15,21,-14,22,-12,19,-12,19,-11,19,-10,18,-9,18,-7,18,-5,18,-5,17,-4,17,-4,16,-3,17,-3,16,-3,16,-3,16,-3,15,-3,15,-3,14,-3,13,-3,13,-3,12,-3,12,-3,10,-4,11,-5,10,0,0,0,0,0,0,0,0,0,0,0,0,0,0,-12,28,-15,27,-17,26,-19,25,-20,26,-20,24,-24,25,-25,23,-26,23,-28,21,-28,21,-30,20,-28,19,-28,19,-26,18,-25,18,-24,18,-23,20,-22,19,-23,20,-21,20,-20,21,-20,22,-19,23,-20,24,-18,24,-18,24,-17,23]"
618045264604300,26.813755900,90933,1880257437,-51,-98,6,0,1,7,0,0,256,0,0,"[0,0,-10,11,-9,11,-9,11,-9,10,-8,10,-7,9,-7,10,-6,9,-6,9,-5,9,-5,8,-4,8,-3,9,-3,8,-3,8,-3,8,-2,8,-3,8,-3,8,-3,7,-3,7,-3,7,-3,7,-3,6,-3,5,-3,5,0,0,0,0,0,0,0,0,0,0,0,0,0,0,0,0,0,0,0,0,0,0,-10,14,-10,14,-11,14,-12,14,-13,13,-14,13,-15,13,-16,12,-16,11,-16,11,-16,10,-15,10,-15,9,-14,9,-14,10,-13,10,-13,10,-12,10,-12,11,-12,11,-11,11,-11,12,-11,12,-11,12,-10,13,-11,11,0,0,-23,49,-21,48,-19,46,-21,45,-15,42,-16,42,-13,41,-10,40,-9,38,-6,37,-4,36,-3,35,-2,33,0,33,1,33,2,33,1,32,2,31,0,30,1,30,1,29,-1,27,-1,27,-1,24,-2,25,-3,23,-4,22,-5,21,0,0,0,0,0,0,0,0,0,0,0,0,0,0,-9,57,-15,58,-20,56,-22,55,-26,57,-27,54,-33,58,-37,54,-39,54,-44,52,-41,50,-45,51,-46,48,-43,45,-41,45,-40,44,-37,45,-35,47,-33,45,-35,48,-30,47,-28,48,-29,50,-27,51,-27,53,-24,52,-22,52,-23,50]"
618045284308700,26.833460300,90934,1880276564,-51,-98,6,0,1,7,0,0,256,0,0,"[0,0,-15,5,-14,5,-13,5,-13,5,-12,5,-11,5,-11,5,-10,5,-9,5,-9,5,-8,6,-7,6,-7,6,-7,6,-7,6,-7,6,-6,6,-6,6,-7,6,-6,5,-6,5,-5,4,-6,4,-5,4,-5,4,-5,3,0,0,0,0,0,0,0,0,0,0,0,0,0,0,0,0,0,0,0,0,0,0,-15,8,-16,8,-17,7,-17,7,-17,5,-19,5,-19,4,-20,3,-19,2,-19,2,-19,2,-18,2,-17,2,-17,2,-17,2,-16,2,-16,3,-16,3,-16,4,-16,4,-16,4,-15,5,-16,5,-15,6,-15,6,-15,6,0,0,-23,16,-21,16,-21,16,-19,15,-18,15,-17,14,-16,14,-14,14,-13,14,-12,14,-11,15,-10,14,-10,15,-9,15,-8,14,-8,15,-7,13,-8,14,-7,13,-7,13,-8,12,-7,11,-7,11,-7,10,-7,10,-7,9,-7,8,-8,7,0,0,0,0,0,0,0,0,0,0,0,0,0,0,-18,23,-21,21,-23,20,-25,19,-25,18,-27,18,-28,17,-31,17,-31,14,-32,13,-32,12,-31,11,-31,10,-31,10,-29,10,-28,10,-28,11,-26,11,-27,12,-26,13,-26,14,-25,14,-25,15,-25,16,-24,16,-24,16,-24,17,-23,17]"
618045301655800,26.850807400,90935,1880296784,-51,-98,6,0,1,7,0,0,256,0,0,"[0,0,2,15,2,13,2,13,2,12,3,12,3,11,3,11,3,10,3,9,3,9,4,8,4,8,5,8,5,7,4,7,5,7,5,6,4,6,4,6,5,6,4,6,4,6,3,6,3,5,2,5,3,5,0,0,0,0,0,0,0,0,0,0,0,0,0,0,0,0,0,0,0,0,0,0,4,16,3,17,2,17,1,17,0,18,-1,18,-1,19,-2,19,-3,18,-3,17,-4,17,-3,17,-3,16,-3,16,-2,16,-2,15,-2,15,-1,15,0,15,0,16,1,16,1,16,1,15,2,16,2,16,2,15,0,0,14,22,15,22,13,21,13,20,12,18,14,17,13,16,14,15,13,13,13,13,13,11,14,11,14,9,13,9,14,8,14,8,14,8,13,7,13,7,12,8,12,6,11,7,11,7,9,7,9,6,8,7,8,7,7,7,0,0,0,0,0,0,0,0,0,0,0,0,0,0,21,21,19,23,17,24,15,24,16,27,14,27,13,30,12,30,12,31,10,32,9,31,8,33,6,31,6,31,6,30,6,28,8,27,9,27,9,26,10,27,11,26,13,25,13,25,14,24,14,26,14,25,14,24,14,24]"
618045322610100,26.871761700,90936,1880316963,-51,-98,6,0,1,7,0,0,256,0,0,"[0,0,3,15,3,14,3,14,3,12,3,12,3,11,3,11,4,10,4,9,4,8,5,8,5,7,5,8,5,7,5,6,5,6,5,7,5,6,5,6,5,6,4,6,4,6,4,5,4,5,3,5,3,5,0,0,0,0,0,0,0,0,0,0,0,0,0,0,0,0,0,0,0,0,0,0,5,16,4,17,3,17,2,18,1,18,1,18,0,18,-1,19,-2,19,-2,18,-2,17,-2,17,-1,17,-1,17,-1,17,-1,15,0,16,0,15,1,16,1,15,1,16,2,16,2,16,3,15,3,15,3,15,0,0,9,26,10,24,10,24,9,22,10,21,10,20,10,19,10,18,10,16,11,14,11,14,12,13,12,12,12,12,13,11,13,11,12,11,12,10,12,10,11,10,10,10,10,10,9,9,9,9,8,9,7,9,7,9,6,9,0,0,0,0,0,0,0,0,0,0,0,0,0,0,17,24,16,26,14,27,12,28,12,29,10,30,9,32,8,34,6,34,4,35,3,34,2,34,2,33,2,32,1,31,3,30,3,30,4,28,5,28,5,29,7,29,7,28,8,28,9,28,9,28,11,28,11,27,10,27]"
618045346808100,26.895959700,90937,1880341222,-51,-98,6,0,1,7,0,0,256,0,0,"[0,0,14,2,13,2,12,2,12,2,11,1,11,1,10,0,10,0,10,-1,9,-1,9,-2,9,-2,8,-2,8,-2,8,-3,8,-3,7,-3,7,-3,7,-3,7,-3,7,-2,6,-2,6,-2,6,-2,5,-1,6,-1,0,0,0,0,0,0,0,0,0,0,0,0,0,0,0,0,0,0,0,0,0,0,15,1,16,2,16,3,16,3,16,5,16,6,16,6,16,7,15,7,15,8,14,8,14,8,13,7,13,7,13,6,13,6,13,5,14,5,13,4,13,4,14,4,14,3,15,3,14,3,14,3,14,3,0,0,27,7,25,7,25,5,23,6,23,5,22,3,20,2,20,2,19,1,19,0,18,0,17,-2,17,-3,14,-4,18,-3,16,-4,15,-5,15,-4,15,-4,14,-4,13,-3,13,-4,13,-3,11,-2,12,-2,11,-1,11,-1,11,-1,0,0,0,0,0,0,0,0,0,0,0,0,0,0,31,2,30,5,30,7,30,8,31,10,30,10,32,15,30,16,31,16,31,18,30,18,28,20,26,20,26,19,25,19,24,17,24,16,25,15,26,15,26,14,26,12,27,10,27,9,27,8,29,9,27,10,27,8,26,10]"
618045361922400,26.911074000,90938,1880356641,-51,-98,6,0,1,7,0,0,256,0,0,"[0,0,10,11,9,10,9,9,9,9,8,9,8,8,8,7,8,7,8,5,8,5,8,4,8,4,8,4,8,3,8,3,8,3,8,3,7,2,7,2,7,3,7,2,6,3,6,3,5,2,5,3,5,3,0,0,0,0,0,0,0,0,0,0,0,0,0,0,0,0,0,0,0,0,0,0,12,11,12,12,11,13,10,14,11,15,10,15,9,16,8,16,8,17,7,16,7,16,7,15,7,15,7,15,7,14,7,13,7,13,8,13,8,13,8,12,9,12,10,12,10,12,10,12,10,11,10,11,0,0,24,12,24,12,23,10,22,10,22,9,21,7,20,7,19,6,19,5,18,3,18,2,17,1,17,1,17,0,17,0,17,-1,16,-1,16,-1,15,-1,15,0,14,0,13,0,13,0,12,1,11,1,11,1,11,2,10,3,0,0,0,0,0,0,0,0,0,0,0,0,0,0,29,5,28,9,28,11,28,13,28,14,28,16,28,18,28,20,27,21,26,23,25,22,24,24,23,24,22,23,21,22,22,21,22,20,22,18,23,18,23,17,24,17,24,16,25,15,25,14,26,14,26,14,26,13,26,13]"
618045382148800,26.931300400,90939,1880376866,-51,-98,6,0,1,7,0,0,256,0,0,"[0,0,14,-5,13,-4,13,-4,12,-4,11,-5,10,-5,10,-5,9,-5,9,-5,8,-6,8,-6,7,-6,7,-6,6,-7,7,-7,6,-7,5,-6,6,-6,6,-6,6,-6,5,-6,5,-5,5,-5,5,-4,5,-4,5,-4,0,0,0,0,0,0,0,0,0,0,0,0,0,0,0,0,0,0,0,0,0,0,15,-7,16,-6,16,-6,17,-5,17,-4,18,-4,18,-2,18,-1,18,-1,18,0,18,0,17,0,16,0,16,0,16,-1,15,-1,15,-1,15,-2,15,-3,15,-3,15,-4,15,-4,15,-4,15,-4,14,-4,15,-4,0,0,24,-14,23,-14,22,-14,21,-14,20,-13,17,-14,17,-13,16,-14,15,-14,13,-14,12,-13,12,-14,11,-14,10,-14,10,-14,9,-15,9,-14,9,-14,8,-13,8,-13,8,-12,8,-12,8,-10,8,-10,8,-10,8,-9,8,-8,8,-8,0,0,0,0,0,0,0,0,0,0,0,0,0,0,21,-22,24,-20,26,-18,27,-17,27,-16,29,-15,30,-14,32,-13,32,-12,33,-11,33,-10,33,-8,32,-6,31,-5,30,-6,30,-7,29,-8,28,-9,28,-10,27,-10,27,-11,26,-13,26,-13,26,-14,26,-14,26,-13,26,-14,26,-14]"
618045403262600,26.952414200,90940,1880396674,-51,-98,6,0,1,7,0,0,256,0,0,"[0,0,15,2,13,2,13,2,13,2,13,1,12,1,11,0,11,0,10,-1,10,-1,9,-1,9,-1,8,-2,9,-3,9,-3,8,-3,8,-3,8,-3,8,-2,8,-2,7,-2,7,-2,6,-2,6,-2,6,-1,6,-1,0,0,0,0,0,0,0,0,0,0,0,0,0,0,0,0,0,0,0,0,0,0,17,0,18,1,17,2,18,3,17,3,19,4,18,6,17,7,17,7,16,7,16,8,16,8,15,7,15,7,15,6,14,5,15,5,15,5,15,5,15,4,15,4,15,3,16,3,15,3,15,3,16,2,0,0,27,-8,26,-9,24,-9,23,-8,22,-8,21,-8,19,-9,19,-9,18,-9,16,-11,15,-12,14,-12,13,-12,13,-12,13,-12,12,-12,12,-12,11,-11,11,-11,11,-10,11,-10,10,-9,11,-9,9,-9,9,-8,8,-7,10,-7,10,-6,0,0,0,0,0,0,0,0,0,0,0,0,0,0,25,-18,26,-15,27,-13,29,-10,31,-10,30,-8,33,-7,34,-5,34,-4,34,-2,34,-1,35,-1,33,-1,32,-1,31,-1,30,-1,29,-1,30,-3,28,-3,30,-4,28,-5,29,-5,29,-6,29,-7,30,-8,28,-9,28,-9,27,-9]"
618045424744700,26.973896300,90941,1880419561,-51,-98,6,0,1,7,0,0,256,0,0,"[0,0,13,-1,12,-2,12,-2,12,-2,11,-2,11,-2,10,-3,9,-3,9,-3,9,-4,8,-4,7,-4,7,-5,7,-5,7,-5,7,-5,6,-5,6,-5,6,-4,6,-4,6,-4,6,-3,5,-4,5,-4,5,-3,5,-3,0,0,0,0,0,0,0,0,0,0,0,0,0,0,0,0,0,0,0,0,0,0,15,-3,16,-3,16,-1,16,-1,17,0,17,1,17,2,17,3,17,4,16,4,16,3,15,3,15,3,15,2,14,2,14,2,14,2,14,1,14,1,14,1,14,0,14,-1,15,-1,14,-2,14,-2,15,-2,0,0,26,-4,26,-4,25,-4,25,-5,22,-6,21,-5,19,-7,19,-6,18,-6,17,-8,16,-9,14,-9,13,-9,13,-10,13,-9,12,-9,12,-11,12,-10,12,-9,13,-9,12,-8,11,-8,10,-7,10,-7,11,-5,10,-5,9,-6,10,-5,0,0,0,0,0,0,0,0,0,0,0,0,0,0,28,-13,30,-11,31,-8,31,-5,31,-5,32,-3,34,-1,35,0,35,1,34,4,34,5,34,5,32,5,31,7,31,5,30,5,29,4,30,3,29,2,29,1,29,0,29,-2,28,-3,29,-3,29,-3,28,-3,29,-4,30,-5]"
618045445986000,26.995137600,90942,1880438408,-51,-98,6,0,1,7,0,0,256,0,0,"[0,0,12,-9,11,-9,10,-9,11,-8,10,-8,9,-8,8,-8,7,-8,7,-8,7,-9,6,-8,5,-9,4,-8,4,-9,4,-9,4,-9,4,-8,3,-8,3,-8,4,-8,4,-7,3,-7,3,-6,3,-6,3,-6,3,-5,0,0,0,0,0,0,0,0,0,0,0,0,0,0,0,0,0,0,0,0,0,0,13,-12,13,-11,14,-11,14,-10,16,-10,17,-9,17,-8,18,-7,18,-7,17,-6,17,-6,16,-6,16,-6,15,-6,15,-6,15,-7,14,-7,14,-8,14,-8,13,-8,14,-8,13,-9,14,-9,13,-9,13,-9,12,-10,0,0,18,-21,17,-22,16,-21,15,-19,14,-19,13,-19,12,-18,10,-18,9,-18,8,-18,6,-18,5,-18,4,-18,4,-18,4,-17,4,-17,3,-16,3,-17,4,-16,3,-15,4,-15,4,-14,3,-13,3,-13,4,-12,4,-11,5,-11,4,-10,0,0,0,0,0,0,0,0,0,0,0,0,0,0,10,-28,14,-28,16,-26,18,-25,20,-25,22,-24,23,-24,26,-23,27,-22,28,-21,29,-18,28,-19,27,-19,26,-18,25,-18,24,-18,24,-18,23,-18,22,-19,22,-19,21,-20,22,-20,20,-21,20,-21,19,-23,18,-23,18,-23,19,-23]"
618045463267000,27.012418600,90943,1880456517,-51,-98,6,0,1,7,0,0,256,0,0,"[0,0,15,2,14,2,13,2,12,1,12,1,11,0,11,0,11,0,10,-1,10,-2,9,-2,9,-2,8,-3,8,-2,8,-3,8,-3,8,-3,8,-3,8,-3,8,-3,7,-3,7,-2,6,-2,6,-2,6,-2,6,-1,0,0,0,0,0,0,0,0,0,0,0,0,0,0,0,0,0,0,0,0,0,0,17,0,17,2,17,3,17,4,17,5,18,6,17,7,17,8,17,8,16,8,15,8,15,8,15,7,15,7,14,7,15,6,15,5,15,5,15,4,15,4,15,4,15,3,16,3,15,2,15,2,16,2,0,0,27,-3,27,-4,24,-4,25,-5,22,-4,22,-5,21,-6,19,-6,18,-6,18,-8,16,-9,15,-9,15,-9,14,-9,14,-10,13,-10,14,-10,12,-10,13,-9,12,-9,12,-8,12,-7,11,-7,11,-7,10,-6,9,-5,10,-5,10,-4,0,0,0,0,0,0,0,0,0,0,0,0,0,0,27,-13,29,-11,30,-8,30,-5,32,-5,31,-3,34,-1,33,0,34,3,34,4,33,5,34,6,32,5,31,5,30,4,30,4,28,4,30,2,28,2,30,2,28,1,29,-1,29,-1,29,-2,30,-3,29,-4,28,-5,29,-5]"
618045485376400,27.034528000,90944,1880478385,-51,-98,6,0,1,7,0,0,256,0,0,"[0,0,14,-4,14,-3,13,-4,12,-4,11,-4,11,-4,10,-4,9,-5,9,-5,9,-5,9,-6,8,-6,7,-6,7,-6,7,-6,7,-6,6,-6,6,-6,6,-6,6,-5,5,-5,5,-5,5,-5,5,-4,5,-4,5,-4,0,0,0,0,0,0,0,0,0,0,0,0,0,0,0,0,0,0,0,0,0,0,16,-6,17,-5,16,-4,17,-3,18,-3,19,-1,19,0,19,0,19,1,18,1,18,1,17,2,16,1,16,1,16,1,15,0,16,-1,15,-1,15,-2,15,-2,15,-2,15,-3,16,-3,15,-3,15,-4,15,-4,0,0,23,-15,21,-17,20,-16,20,-15,18,-16,17,-15,15,-15,15,-15,13,-15,12,-15,10,-15,9,-15,9,-15,8,-15,7,-16,7,-15,8,-15,7,-15,7,-14,7,-14,7,-13,6,-12,7,-12,6,-11,6,-11,6,-10,7,-10,7,-9,0,0,0,0,0,0,0,0,0,0,0,0,0,0,19,-23,21,-22,23,-20,24,-18,25,-19,26,-17,29,-17,30,-16,32,-14,32,-12,32,-11,32,-10,32,-10,30,-10,29,-10,28,-9,27,-10,27,-11,26,-12,27,-13,25,-14,25,-15,25,-15,25,-16,25,-17,24,-17,24,-17,24,-17]"
618045503509800,27.052661400,90945,1880497168,-51,-98,6,0,1,7,0,0,256,0,0,"[0,0,14,4,13,4,13,3,13,3,12,3,11,3,11,2,11,2,10,1,10,0,9,-1,9,-1,9,-1,9,-1,8,-2,9,-2,8,-2,8,-2,8,-2,8,-1,7,-1,7,-1,7,-1,6,-1,6,-1,6,0,0,0,0,0,0,0,0,0,0,0,0,0,0,0,0,0,0,0,0,0,0,0,16,3,17,4,16,5,16,6,17,7,17,8,16,9,16,10,15,10,15,10,14,10,14,9,14,9,13,9,13,9,13,8,14,8,13,7,14,6,14,6,14,6,14,6,15,5,15,5,14,5,15,4,0,0,27,-1,27,-2,25,-2,24,-2,23,-3,22,-3,21,-4,20,-4,19,-5,18,-7,17,-7,16,-8,15,-8,15,-8,15,-9,14,-9,14,-9,14,-8,14,-8,13,-8,12,-7,12,-6,12,-6,11,-6,11,-5,10,-5,10,-3,10,-3,0,0,0,0,0,0,0,0,0,0,0,0,0,0,28,-11,30,-7,30,-6,30,-3,31,-2,31,0,33,1,34,3,34,5,33,6,33,8,33,8,31,8,31,8,30,8,29,7,29,6,28,5,28,4,29,3,28,3,29,2,29,1,29,0,30,-1,29,-1,29,-2,29,-2]"
618045526564600,27.075716200,90946,1880520902,-51,-98,6,0,1,7,0,0,256,0,0,"[0,0,-15,-2,-15,-2,-14,-2,-14,-1,-13,-1,-13,0,-12,0,-12,0,-11,1,-11,1,-11,1,-10,2,-9,2,-9,2,-9,3,-9,3,-9,3,-8,3,-8,2,-8,2,-8,2,-7,2,-7,2,-7,2,-7,1,-6,1,0,0,0,0,0,0,0,0,0,0,0,0,0,0,0,0,0,0,0,0,0,0,-17,-1,-18,-2,-18,-3,-18,-4,-19,-5,-19,-6,-19,-6,-18,-8,-18,-8,-17,-9,-17,-8,-16,-8,-16,-8,-16,-7,-15,-7,-16,-6,-15,-6,-16,-5,-16,-5,-16,-4,-16,-4,-16,-3,-17,-3,-16,-3,-16,-3,-16,-2,0,0,-27,5,-27,4,-26,5,-24,5,-23,5,-22,6,-21,6,-20,7,-19,7,-17,8,-16,9,-16,9,-15,9,-15,9,-14,10,-14,10,-13,10,-13,9,-13,9,-12,9,-12,8,-11,7,-11,7,-11,7,-10,6,-10,5,-11,5,-11,4,0,0,0,0,0,0,0,0,0,0,0,0,0,0,-27,12,-29,9,-30,8,-31,5,-31,5,-32,3,-33,2,-35,0,-35,-2,-35,-3,-34,-5,-33,-5,-33,-5,-32,-5,-31,-5,-30,-3,-30,-3,-29,-2,-30,-1,-30,0,-30,1,-29,2,-30,2,-29,3,-29,4,-30,5,-29,5,-29,5]"
618045546610900,27.095762500,90947,1880539685,-51,-98,6,0,1,7,0,0,256,0,0,"[0,0,-11,-12,-10,-11,-10,-10,-10,-9,-10,-9,-10,-8,-9,-8,-9,-7,-9,-7,-9,-6,-9,-5,-9,-4,-9,-4,-9,-4,-9,-4,-9,-3,-8,-3,-8,-3,-8,-3,-8,-3,-8,-3,-7,-3,-6,-3,-7,-3,-6,-3,-6,-3,0,0,0,0,0,0,0,0,0,0,0,0,0,0,0,0,0,0,0,0,0,0,-13,-11,-13,-12,-13,-13,-12,-14,-12,-15,-12,-16,-11,-17,-10,-17,-9,-17,-9,-17,-9,-17,-8,-16,-8,-16,-8,-15,-8,-15,-9,-14,-9,-14,-9,-13,-10,-13,-10,-13,-10,-13,-10,-13,-11,-12,-12,-12,-11,-12,-12,-12,0,0,-25,-13,-25,-14,-24,-13,-23,-12,-21,-11,-22,-9,-22,-8,-20,-7,-20,-6,-19,-5,-18,-4,-19,-3,-19,-3,-18,-2,-18,-2,-17,-1,-17,0,-16,-1,-16,-1,-16,-1,-15,-1,-15,-1,-14,-2,-13,-2,-13,-2,-12,-3,-12,-3,-12,-3,0,0,0,0,0,0,0,0,0,0,0,0,0,0,-31,-8,-30,-11,-30,-13,-29,-14,-29,-16,-28,-17,-29,-20,-28,-21,-28,-22,-27,-24,-25,-25,-25,-25,-24,-25,-23,-24,-22,-24,-22,-22,-22,-21,-23,-21,-23,-20,-24,-19,-24,-18,-25,-17,-26,-17,-27,-16,-27,-16,-26,-15,-26,-15,-26,-15]"
618045564376100,27.113527700,90948,1880556546,-51,-98,6,0,1,7,0,0,256,0,0,"[0,0,-15,2,-14,2,-14,2,-13,2,-13,2,-12,2,-11,2,-10,3,-10,3,-10,4,-9,4,-8,4,-8,4,-8,4,-8,4,-7,4,-7,4,-7,5,-7,4,-7,4,-7,4,-6,3,-6,3,-6,3,-6,2,-6,2,0,0,0,0,0,0,0,0,0,0,0,0,0,0,0,0,0,0,0,0,0,0,-16,4,-17,2,-17,1,-17,1,-18,0,-19,-1,-19,-2,-19,-2,-18,-3,-18,-3,-17,-3,-17,-3,-17,-3,-16,-3,-16,-2,-16,-2,-16,-2,-16,-1,-16,0,-15,0,-16,0,-16,1,-16,2,-15,2,-15,1,-15,2,0,0,-29,2,-26,3,-27,3,-24,3,-24,4,-22,3,-21,6,-19,5,-19,6,-17,5,-17,7,-16,8,-14,8,-14,8,-14,7,-15,8,-13,8,-14,8,-14,7,-13,7,-12,7,-13,7,-11,6,-11,5,-11,5,-12,4,-11,4,-11,2,0,0,0,0,0,0,0,0,0,0,0,0,0,0,-29,11,-31,8,-31,5,-33,4,-32,2,-33,0,-34,-1,-35,-2,-35,-5,-36,-6,-34,-8,-33,-7,-33,-8,-32,-7,-30,-7,-29,-6,-30,-6,-29,-5,-29,-5,-30,-3,-30,-2,-30,-1,-29,1,-30,1,-29,1,-30,3,-30,2,-30,3]"
618045583243800,27.132395400,90949,1880576585,-51,-98,6,0,1,7,0,0,256,0,0,"[0,0,10,-12,8,-11,9,-11,8,-11,7,-11,7,-10,6,-10,6,-10,5,-10,4,-9,4,-9,3,-9,2,-9,2,-9,2,-9,2,-9,2,-9,2,-9,2,-8,2,-8,2,-8,2,-7,2,-7,2,-7,2,-6,2,-6,0,0,0,0,0,0,0,0,0,0,0,0,0,0,0,0,0,0,0,0,0,0,9,-14,11,-14,11,-14,12,-13,12,-13,14,-13,14,-12,15,-12,15,-11,15,-11,15,-10,14,-10,14,-10,13,-9,13,-10,13,-10,12,-10,12,-10,11,-11,11,-11,11,-11,11,-12,11,-13,10,-12,10,-13,10,-13,0,0,21,-51,20,-50,18,-49,17,-47,14,-45,11,-43,10,-42,8,-40,7,-39,3,-38,2,-37,0,-37,-1,-35,-2,-35,-2,-34,-3,-34,-4,-34,-3,-32,-5,-32,-2,-31,-3,-30,-2,-28,-1,-27,-1,-25,1,-25,1,-23,2,-23,3,-22,0,0,0,0,0,0,0,0,0,0,0,0,0,0,8,-59,16,-59,20,-58,23,-58,26,-59,29,-57,33,-58,36,-57,39,-57,41,-56,44,-53,44,-53,43,-49,43,-48,41,-47,38,-47,36,-47,34,-47,34,-47,32,-50,29,-50,27,-51,27,-53,26,-54,26,-54,23,-53,24,-55,24,-54]"
618045604443700,27.153595300,90950,1880601039,-51,-98,6,0,1,7,0,0,256,0,0,"[0,0,8,11,8,11,8,10,8,9,7,9,8,8,8,7,7,7,7,6,7,6,7,5,8,5,8,4,7,4,7,3,7,3,7,3,7,3,7,3,7,3,6,3,6,3,5,3,5,3,5,3,4,3,0,0,0,0,0,0,0,0,0,0,0,0,0,0,0,0,0,0,0,0,0,0,11,12,11,12,10,14,10,14,9,15,8,15,8,16,7,17,6,17,6,17,5,16,5,15,5,15,5,15,5,14,6,14,6,13,7,13,7,13,8,12,8,12,9,13,9,12,8,12,9,12,9,12,0,0,19,18,19,18,19,17,18,16,17,14,17,13,17,12,17,11,16,9,16,8,15,8,16,7,16,6,16,5,16,5,15,4,15,4,15,4,14,3,14,4,14,4,13,4,12,4,11,4,10,5,10,4,10,5,9,6,0,0,0,0,0,0,0,0,0,0,0,0,0,0,25,13,24,17,24,19,23,20,22,21,21,23,21,24,20,26,19,26,19,28,17,29,16,29,14,29,14,28,14,27,14,26,15,25,15,24,16,23,16,23,17,22,18,21,19,21,20,21,20,21,20,21,20,20,19,20]"
618045623208800,27.172360400,90951,1880616559,-51,-98,6,0,1,7,0,0,256,0,0,"[0,0,14,3,14,2,13,3,12,2,12,2,11,1,11,1,10,0,10,-1,10,-1,9,-2,9,-2,8,-2,9,-2,9,-2,8,-3,8,-3,8,-3,8,-3,7,-2,7,-2,7,-2,6,-2,6,-1,6,-2,6,-1,0,0,0,0,0,0,0,0,0,0,0,0,0,0,0,0,0,0,0,0,0,0,17,2,17,3,17,3,17,5,17,5,17,7,17,7,16,9,16,9,15,9,15,9,15,8,14,8,14,8,14,8,14,7,14,6,14,6,14,5,14,5,15,5,15,4,15,4,15,3,15,3,15,3,0,0,27,-2,26,-3,25,-3,24,-3,23,-3,21,-5,21,-5,19,-6,19,-6,17,-7,16,-8,16,-8,15,-8,14,-9,14,-9,14,-9,13,-9,13,-9,13,-8,12,-8,12,-8,12,-7,11,-7,12,-7,10,-6,10,-6,10,-4,10,-4,0,0,0,0,0,0,0,0,0,0,0,0,0,0,28,-11,29,-8,30,-6,30,-3,31,-3,31,-1,32,1,33,2,34,4,33,6,33,7,32,7,32,7,30,7,29,7,28,6,29,6,28,4,28,4,29,3,28,2,29,0,29,0,29,-1,29,-1,29,-2,28,-3,29,-2]"
618045648665600,27.197817200,90952,1880642455,-51,-98,6,0,1,7,0,0,256,0,0,"[0,0,13,6,13,5,12,5,12,4,12,4,12,3,11,3,10,2,10,2,10,0,9,0,9,0,9,-1,9,-1,9,-1,9,-1,8,-1,8,-2,8,-2,8,-1,7,-1,7,-1,7,-1,6,-1,6,0,6,0,0,0,0,0,0,0,0,0,0,0,0,0,0,0,0,0,0,0,0,0,0,0,16,4,16,5,16,7,16,8,16,8,16,9,15,11,15,11,14,11,14,11,13,11,13,11,12,10,12,10,12,10,12,9,13,8,13,8,13,8,14,7,14,7,14,7,14,7,14,6,14,6,14,5,0,0,27,3,26,2,26,2,24,1,23,1,22,0,21,-1,20,-2,18,-3,18,-3,18,-4,17,-4,17,-5,16,-6,15,-6,16,-6,14,-6,15,-6,14,-7,14,-6,13,-5,13,-5,12,-4,12,-4,11,-4,10,-3,11,-3,11,-1,0,0,0,0,0,0,0,0,0,0,0,0,0,0,29,-4,31,0,30,1,31,3,31,4,31,6,31,7,33,10,32,10,32,12,31,13,30,14,29,14,28,14,27,14,26,12,28,11,27,9,27,9,27,9,28,7,28,6,28,6,28,4,29,4,29,4,29,4,29,3]"
618045662652800,27.211804400,90953,1880656528,-51,-98,6,0,1,7,0,0,256,0,0,"[0,0,0,15,1,13,1,13,1,12,1,12,1,11,2,11,2,10,2,9,3,8,3,8,3,8,4,8,4,8,3,7,4,7,4,7,4,7,4,6,3,6,3,6,3,6,2,6,2,6,2,5,2,5,0,0,0,0,0,0,0,0,0,0,0,0,0,0,0,0,0,0,0,0,0,0,3,16,3,16,2,17,1,17,0,17,-1,19,-2,18,-3,18,-4,18,-4,17,-4,17,-3,16,-3,16,-3,16,-3,16,-3,15,-2,15,-2,15,-1,15,-1,15,-1,15,0,15,0,15,1,15,1,15,1,15,0,0,9,26,9,24,9,24,8,22,9,21,10,19,9,19,10,18,10,16,10,14,11,14,11,13,11,12,11,12,12,11,12,11,11,10,11,10,11,10,10,10,10,10,10,9,8,9,8,9,7,9,7,9,6,8,6,9,0,0,0,0,0,0,0,0,0,0,0,0,0,0,17,23,15,25,14,28,12,28,12,29,10,30,8,31,7,33,6,33,3,34,3,33,1,33,1,32,0,31,1,31,1,30,2,30,3,28,4,29,4,28,6,28,7,27,8,28,9,28,8,27,9,27,9,27,9,27]"
618045684386600,27.233538200,90954,1880678712,-51,-98,6,0,1,7,0,0,256,0,0,"[0,0,-6,14,-5,13,-5,13,-5,12,-4,12,-4,11,-3,10,-2,10,-2,10,-2,9,-1,9,-1,9,0,9,0,9,0,9,0,8,0,9,0,8,0,8,0,8,0,7,0,7,0,7,-1,6,-1,6,-1,6,0,0,0,0,0,0,0,0,0,0,0,0,0,0,0,0,0,0,0,0,0,0,-4,16,-6,17,-6,16,-7,16,-8,16,-9,16,-10,16,-11,16,-12,15,-11,14,-11,14,-11,13,-11,14,-10,13,-10,13,-9,13,-9,13,-9,13,-8,14,-7,14,-7,14,-7,15,-7,14,-6,15,-6,14,-6,15,0,0,1,27,1,26,1,25,2,24,3,23,3,21,4,20,4,19,5,19,5,18,7,17,7,15,8,16,8,14,8,14,8,14,8,14,8,13,7,13,7,13,7,12,6,12,5,11,5,10,5,11,4,10,3,10,2,10,0,0,0,0,0,0,0,0,0,0,0,0,0,0,10,28,6,29,4,30,2,31,1,31,-1,31,-2,33,-4,33,-5,33,-7,34,-8,33,-8,33,-9,31,-9,30,-8,29,-7,29,-7,29,-6,29,-5,28,-5,29,-3,29,-2,28,-1,28,0,29,0,30,1,28,1,29,1,28]"
618045702718600,27.251870200,90955,1880696650,-51,-98,6,0,1,7,0,0,256,0,0,"[0,0,15,-2,14,-2,13,-2,13,-3,12,-2,12,-3,11,-3,10,-3,10,-4,9,-4,9,-5,8,-5,8,-5,8,-6,7,-5,7,-6,6,-5,7,-6,7,-6,6,-5,6,-5,6,-4,5,-4,5,-4,6,-3,5,-3,0,0,0,0,0,0,0,0,0,0,0,0,0,0,0,0,0,0,0,0,0,0,16,-3,17,-2,17,-1,18,0,18,1,19,1,18,3,19,3,18,4,17,4,17,4,17,4,16,4,16,3,16,3,15,2,15,2,15,1,16,1,15,0,15,0,16,-1,16,-1,15,-2,15,-2,16,-2,0,0,26,-8,25,-9,24,-9,23,-8,22,-8,20,-9,20,-9,18,-9,17,-10,15,-11,14,-11,14,-11,13,-12,13,-12,12,-12,12,-13,12,-12,11,-12,11,-11,10,-11,10,-10,10,-9,10,-9,10,-8,9,-8,9,-7,9,-7,10,-6,0,0,0,0,0,0,0,0,0,0,0,0,0,0,25,-17,27,-14,28,-12,29,-10,30,-9,30,-8,32,-6,33,-5,34,-3,34,-2,34,0,33,0,32,0,32,0,31,0,30,-1,30,-2,29,-2,29,-3,29,-4,28,-4,28,-6,29,-6,28,-7,29,-8,28,-8,28,-9,28,-9]"
618045724810100,27.273961700,90956,1880723908,-51,-98,6,0,1,7,0,0,256,0,0,"[0,0,14,1,13,1,13,1,12,1,12,0,11,0,11,0,10,-1,10,-1,9,-2,9,-2,8,-2,8,-3,8,-3,8,-3,8,-4,7,-3,7,-4,7,-3,7,-3,7,-3,7,-2,6,-2,6,-2,6,-2,6,-2,0,0,0,0,0,0,0,0,0,0,0,0,0,0,0,0,0,0,0,0,0,0,16,0,17,1,17,2,17,3,17,3,18,4,17,5,17,6,17,7,16,7,16,7,15,7,15,7,14,6,14,6,14,5,14,5,14,4,15,3,15,3,15,3,15,3,15,2,15,2,15,2,15,1,0,0,26,-4,26,-6,24,-5,24,-5,22,-5,21,-6,20,-7,19,-7,18,-8,17,-8,16,-9,15,-9,15,-10,14,-9,13,-11,13,-10,13,-10,12,-10,12,-10,12,-9,11,-9,11,-8,11,-8,10,-7,10,-6,9,-6,10,-5,10,-5,0,0,0,0,0,0,0,0,0,0,0,0,0,0,26,-14,28,-11,29,-8,30,-7,32,-6,31,-4,33,-3,34,-1,34,0,34,2,34,3,34,4,32,4,31,5,30,4,29,4,29,3,29,1,28,1,29,0,28,-1,29,-3,29,-3,29,-4,29,-4,29,-4,29,-5,29,-5]"
618045743405800,27.292557400,90957,1880736560,-51,-98,6,0,1,7,0,0,256,0,0,"[0,0,-15,4,-15,4,-14,4,-13,4,-13,4,-11,4,-11,4,-11,5,-10,4,-9,5,-9,6,-8,6,-7,6,-7,6,-7,6,-7,6,-7,6,-7,6,-7,5,-7,5,-7,5,-6,4,-6,5,-6,4,-6,4,-6,3,0,0,0,0,0,0,0,0,0,0,0,0,0,0,0,0,0,0,0,0,0,0,-16,7,-18,6,-18,5,-18,5,-19,4,-21,3,-20,2,-21,1,-20,0,-20,0,-19,1,-19,0,-18,0,-18,0,-18,0,-17,1,-17,1,-17,2,-17,3,-17,3,-17,3,-16,3,-17,4,-16,4,-16,5,-16,5,0,0,-22,16,-21,16,-21,15,-19,15,-18,15,-17,15,-16,15,-14,14,-14,14,-11,15,-11,15,-10,15,-9,15,-9,15,-8,14,-8,15,-7,14,-8,14,-7,13,-7,13,-7,12,-8,12,-7,11,-7,10,-7,10,-7,10,-7,9,-8,8,0,0,0,0,0,0,0,0,0,0,0,0,0,0,-17,24,-20,23,-22,21,-25,21,-25,19,-27,18,-28,18,-31,17,-32,15,-32,13,-32,11,-32,13,-31,11,-31,11,-29,11,-28,11,-29,12,-27,11,-27,12,-26,12,-26,15,-25,15,-25,15,-26,16,-24,17,-24,17,-23,17,-24,18]"
618045763998600,27.313150200,90958,1880757503,-51,-98,6,0,1,7,0,0,256,0,0,"[0,0,1,15,2,14,2,13,2,12,2,12,2,12,3,11,3,10,3,9,4,9,4,8,4,8,4,8,5,7,5,7,5,6,5,7,4,6,4,6,4,6,3,6,3,6,3,6,3,6,2,5,2,5,0,0,0,0,0,0,0,0,0,0,0,0,0,0,0,0,0,0,0,0,0,0,4,16,3,16,2,17,2,17,1,18,0,19,-1,19,-2,19,-3,18,-4,18,-3,18,-3,17,-3,16,-3,16,-2,16,-1,16,-1,15,-1,15,0,15,0,16,0,15,1,15,1,16,2,16,2,15,2,15,0,0,13,24,14,23,15,21,13,20,13,19,13,18,13,17,13,16,13,14,13,13,14,11,13,10,14,10,13,10,14,9,14,8,14,8,13,8,13,9,12,8,11,9,11,8,11,7,9,7,9,7,8,7,8,8,7,7,0,0,0,0,0,0,0,0,0,0,0,0,0,0,23,19,21,22,18,23,17,24,18,26,16,27,15,30,13,30,13,31,10,33,9,32,9,33,8,32,7,31,8,30,8,29,8,28,10,27,10,26,10,27,11,26,13,26,13,26,13,25,15,25,15,25,15,24,15,24]"
618045782530600,27.331682200,90959,1880776659,-51,-98,6,0,1,7,0,0,256,0,0,"[0,0,-5,14,-5,13,-4,12,-4,12,-4,11,-3,11,-3,11,-2,10,-2,10,-1,9,-1,9,0,8,1,9,0,9,1,8,1,8,1,8,1,8,1,7,0,7,0,7,0,7,0,7,0,6,0,6,0,5,0,0,0,0,0,0,0,0,0,0,0,0,0,0,0,0,0,0,0,0,0,0,-4,16,-5,16,-5,16,-6,16,-8,16,-9,16,-10,16,-11,15,-11,15,-11,14,-11,14,-10,13,-10,13,-10,13,-9,13,-9,13,-8,13,-8,13,-7,14,-7,14,-7,14,-6,14,-6,15,-5,15,-5,14,-5,14,0,0,-1,27,0,26,0,25,0,24,1,23,2,22,2,21,3,19,4,19,5,18,5,17,6,16,6,15,6,15,7,15,6,14,7,14,7,14,7,14,6,13,6,13,5,12,5,12,4,11,4,11,4,10,3,11,2,10,0,0,0,0,0,0,0,0,0,0,0,0,0,0,8,29,5,30,2,29,0,30,-1,32,-2,31,-4,33,-6,33,-7,33,-9,33,-10,32,-11,33,-11,31,-10,30,-10,29,-10,28,-9,28,-8,28,-7,28,-6,29,-5,29,-4,29,-3,28,-2,29,-2,29,-1,29,-1,29,-1,28]"
618045805466800,27.354618400,90960,1880797389,-51,-98,6,0,1,7,0,0,256,0,0,"[0,0,-7,-14,-7,-13,-7,-13,-6,-12,-7,-12,-6,-11,-7,-10,-7,-10,-7,-9,-7,-8,-7,-8,-8,-8,-8,-7,-7,-6,-8,-6,-8,-6,-8,-6,-7,-5,-8,-5,-7,-5,-7,-5,-7,-6,-6,-5,-6,-5,-5,-4,-5,-5,0,0,0,0,0,0,0,0,0,0,0,0,0,0,0,0,0,0,0,0,0,0,-9,-15,-8,-16,-8,-17,-7,-17,-6,-19,-6,-19,-5,-19,-4,-20,-3,-19,-3,-19,-3,-18,-2,-18,-2,-18,-3,-17,-3,-17,-4,-16,-4,-16,-5,-16,-5,-16,-6,-15,-6,-16,-6,-16,-6,-16,-7,-15,-7,-15,-7,-15,0,0,-19,-20,-19,-20,-19,-19,-18,-17,-18,-17,-18,-15,-17,-14,-17,-13,-16,-11,-17,-10,-17,-9,-17,-8,-17,-7,-16,-7,-17,-6,-17,-6,-16,-5,-16,-5,-15,-5,-14,-5,-14,-5,-13,-5,-13,-5,-12,-5,-11,-6,-10,-5,-11,-6,-10,-7,0,0,0,0,0,0,0,0,0,0,0,0,0,0,-26,-16,-25,-20,-23,-21,-22,-22,-23,-25,-21,-25,-21,-27,-20,-29,-18,-30,-18,-31,-16,-31,-15,-32,-15,-31,-14,-30,-14,-29,-14,-27,-14,-27,-15,-26,-15,-25,-17,-26,-17,-25,-18,-24,-19,-23,-19,-23,-20,-23,-20,-22,-20,-22,-20,-22]"
618045824597600,27.373749200,90961,1880816635,-50,-98,6,0,1,7,0,0,256,0,0,"[0,0,-13,7,-12,7,-12,6,-11,6,-11,6,-10,6,-9,6,-9,6,-8,6,-7,6,-7,6,-7,7,-6,7,-6,7,-6,7,-5,7,-5,7,-5,7,-5,6,-5,6,-5,6,-5,5,-5,5,-5,5,-5,4,-5,4,0,0,0,0,0,0,0,0,0,0,0,0,0,0,0,0,0,0,0,0,0,0,-13,10,-14,9,-14,9,-15,8,-16,8,-16,7,-17,6,-17,5,-17,5,-17,4,-17,4,-17,3,-16,4,-16,4,-15,4,-15,4,-15,5,-15,5,-14,5,-14,6,-14,6,-14,7,-14,7,-14,7,-13,7,-13,7,0,0,-28,7,-26,7,-25,6,-24,7,-22,8,-23,7,-21,8,-19,8,-18,8,-18,9,-16,10,-14,11,-13,10,-13,10,-14,10,-13,11,-12,11,-13,10,-13,9,-12,9,-12,9,-12,9,-10,8,-11,8,-10,7,-9,6,-11,6,-11,4,0,0,0,0,0,0,0,0,0,0,0,0,0,0,-27,17,-28,15,-28,12,-30,10,-33,10,-32,8,-34,7,-35,4,-36,2,-37,0,-35,-1,-36,-1,-35,0,-33,-1,-33,0,-30,0,-30,1,-31,1,-31,1,-31,3,-30,4,-30,4,-29,6,-29,6,-30,7,-30,9,-26,8,-28,7]"
618045844916700,27.394068300,90962,1880844059,-51,-98,6,0,1,7,0,0,256,0,0,"[0,0,15,1,13,0,13,0,12,0,12,0,11,-1,11,-1,10,-2,10,-2,9,-3,9,-3,8,-3,8,-3,8,-4,8,-4,8,-4,7,-4,7,-4,7,-4,7,-4,6,-4,6,-3,6,-3,6,-3,6,-2,6,-2,0,0,0,0,0,0,0,0,0,0,0,0,0,0,0,0,0,0,0,0,0,0,16,0,17,1,17,1,17,2,17,3,18,5,18,5,17,6,17,7,16,7,16,7,15,6,15,6,14,6,15,5,14,5,14,4,15,3,15,3,15,2,15,2,15,2,15,2,15,1,15,1,15,1,0,0,28,-4,26,-5,25,-5,24,-5,23,-6,21,-6,20,-7,19,-7,18,-8,16,-8,15,-9,15,-10,14,-10,14,-11,13,-11,13,-11,12,-11,12,-11,12,-10,12,-10,12,-9,11,-9,10,-8,10,-8,10,-7,10,-7,10,-6,10,-5,0,0,0,0,0,0,0,0,0,0,0,0,0,0,28,-11,29,-9,30,-7,31,-5,31,-4,32,-2,33,-1,34,0,34,2,34,4,34,5,33,5,32,6,32,6,31,6,29,4,30,4,28,2,29,2,28,1,29,0,28,-2,29,-2,30,-3,29,-3,29,-4,29,-4,29,-4]"
618045865308400,27.414460000,90963,1880857335,-51,-98,6,0,1,7,0,0,256,0,0,"[0,0,-11,-9,-11,-9,-10,-9,-12,-9,-11,-8,-10,-7,-10,-6,-10,-6,-9,-5,-9,-4,-9,-3,-9,-3,-9,-3,-9,-3,-9,-2,-9,-2,-9,-2,-9,-2,-9,-2,-8,-2,-8,-2,-7,-2,-7,-2,-7,-2,-7,-2,-6,-2,0,0,0,0,0,0,0,0,0,0,0,0,0,0,0,0,0,0,0,0,0,0,-14,-9,-14,-10,-14,-11,-14,-12,-13,-12,-13,-13,-12,-14,-12,-15,-11,-15,-10,-15,-11,-14,-10,-14,-10,-14,-10,-14,-10,-14,-10,-12,-10,-12,-11,-12,-11,-12,-11,-11,-12,-11,-12,-11,-12,-10,-12,-10,-12,-10,-12,-10,0,0,-46,-31,-50,-26,-36,-39,-44,-21,-43,-24,-41,-21,-40,-18,-38,-19,-37,-13,-36,-11,-37,-10,-35,-10,-34,-7,-35,-7,-34,-3,-35,-4,-32,-4,-33,-4,-32,-3,-31,-4,-29,-4,-26,-6,-26,-4,-23,-5,-25,-6,-24,-6,-22,-7,-20,-7,0,0,0,0,0,0,0,0,0,0,0,0,0,0,-62,-18,-60,-26,-57,-31,-58,-35,-56,-37,-55,-40,-55,-42,-56,-50,-53,-51,-52,-54,-50,-53,-44,-54,-45,-54,-42,-52,-39,-51,-41,-49,-42,-47,-42,-44,-43,-42,-45,-41,-46,-41,-48,-39,-48,-38,-50,-36,-49,-34,-50,-36,-51,-35,-51,-34]"
618045886929900,27.436081500,90964,1880879228,-51,-98,6,0,1,7,0,0,256,0,0,"[0,0,-15,-3,-15,-3,-14,-3,-14,-2,-13,-2,-13,-2,-12,-1,-12,-1,-11,0,-11,0,-10,1,-10,1,-10,2,-9,2,-10,3,-9,2,-9,2,-9,3,-9,2,-8,2,-8,1,-7,1,-8,1,-7,1,-7,0,-7,0,0,0,0,0,0,0,0,0,0,0,0,0,0,0,0,0,0,0,0,0,0,0,-18,-2,-18,-3,-18,-3,-18,-4,-18,-5,-19,-7,-18,-7,-18,-8,-17,-9,-17,-10,-17,-9,-16,-9,-15,-8,-15,-8,-15,-8,-16,-6,-15,-6,-16,-6,-16,-5,-16,-5,-16,-4,-16,-4,-17,-4,-16,-4,-16,-3,-16,-3,0,0,-28,4,-28,5,-26,5,-24,5,-24,5,-22,4,-21,5,-20,5,-19,6,-18,8,-16,9,-16,9,-15,10,-15,9,-14,10,-14,10,-13,10,-13,10,-14,8,-13,8,-13,7,-13,7,-12,7,-11,7,-10,6,-11,5,-11,5,-10,4,0,0,0,0,0,0,0,0,0,0,0,0,0,0,-28,13,-28,11,-30,9,-31,6,-32,5,-32,3,-34,2,-34,0,-35,-3,-35,-4,-35,-6,-34,-5,-34,-3,-33,-3,-31,-3,-31,-3,-30,-3,-30,-2,-30,-1,-30,-1,-29,0,-30,0,-29,1,-31,2,-30,4,-29,6,-29,6,-29,5]"
618045907069500,27.456221100,90965,1880901561,-51,-98,6,0,1,7,0,0,256,0,0,"[0,0,5,13,5,13,5,12,5,11,5,11,5,10,5,10,5,9,5,8,6,7,5,7,6,6,6,6,6,6,6,5,6,5,6,5,6,5,6,5,5,4,5,4,5,4,5,4,4,4,4,4,4,4,0,0,0,0,0,0,0,0,0,0,0,0,0,0,0,0,0,0,0,0,0,0,7,15,6,15,6,16,5,16,4,17,4,18,3,18,2,18,1,18,1,18,1,17,1,17,1,17,1,16,2,15,2,15,2,15,3,15,3,15,4,14,4,14,5,14,5,15,5,14,6,14,5,14,0,0,17,21,17,21,16,19,16,18,15,17,15,16,15,14,15,13,15,12,15,11,15,10,15,9,15,8,14,7,15,7,15,7,15,6,14,6,13,6,13,6,13,6,12,5,12,6,10,6,10,6,9,6,9,6,8,7,0,0,0,0,0,0,0,0,0,0,0,0,0,0,25,17,22,20,21,22,19,22,20,25,18,25,18,28,16,28,16,30,14,31,13,31,13,32,12,30,11,30,11,29,11,27,12,27,12,26,13,25,14,26,14,24,16,24,16,24,17,24,18,24,17,23,18,23,18,22]"
618045927184900,27.476336500,90966,1880918972,-51,-98,6,0,1,7,0,0,256,0,0,"[0,0,-15,4,-14,4,-13,3,-12,3,-12,4,-11,4,-10,4,-9,5,-10,5,-9,5,-8,5,-8,5,-7,5,-7,5,-6,5,-6,5,-6,5,-6,5,-6,5,-6,5,-6,5,-5,4,-5,4,-5,4,-5,3,-6,3,0,0,0,0,0,0,0,0,0,0,0,0,0,0,0,0,0,0,0,0,0,0,-16,6,-17,5,-16,4,-17,4,-18,3,-19,2,-18,2,-19,1,-19,0,-17,0,-18,-1,-17,-1,-17,-1,-17,0,-16,0,-16,1,-16,1,-15,1,-16,2,-15,3,-15,3,-15,3,-15,4,-15,4,-15,4,-15,4,0,0,-26,11,-25,11,-24,11,-22,11,-21,11,-20,11,-19,11,-18,11,-16,12,-15,12,-14,12,-14,12,-12,12,-12,13,-11,13,-11,13,-10,13,-10,13,-10,12,-10,12,-10,11,-9,10,-9,10,-9,9,-9,8,-9,8,-9,7,-9,6,0,0,0,0,0,0,0,0,0,0,0,0,0,0,-24,18,-26,16,-28,15,-29,13,-30,13,-30,12,-32,10,-34,9,-34,8,-35,6,-35,5,-35,4,-34,3,-33,2,-32,3,-31,3,-30,4,-30,5,-29,6,-29,7,-29,8,-28,9,-28,9,-28,11,-28,11,-28,11,-28,11,-27,11]"
618045944322400,27.493474000,90967,1880936522,-51,-98,6,0,1,7,0,0,256,0,0,"[0,0,-10,12,-9,11,-9,10,-9,10,-8,10,-7,9,-6,10,-5,9,-6,9,-5,9,-4,8,-4,9,-3,9,-2,8,-3,9,-2,8,-2,8,-2,8,-3,8,-2,7,-3,7,-3,7,-2,7,-2,6,-3,6,-3,5,0,0,0,0,0,0,0,0,0,0,0,0,0,0,0,0,0,0,0,0,0,0,-10,14,-10,14,-11,14,-12,13,-13,13,-14,12,-15,12,-15,12,-16,11,-16,11,-16,9,-15,9,-15,9,-14,9,-14,10,-14,10,-13,10,-13,10,-11,11,-11,11,-11,11,-11,12,-11,12,-11,12,-10,12,-10,12,0,0,-19,51,-19,51,-16,48,-16,47,-14,46,-11,43,-9,42,-8,40,-5,38,-4,38,-2,37,0,35,0,34,2,34,3,35,3,34,3,33,3,33,2,31,2,31,2,29,1,27,0,27,0,24,-1,24,-1,23,-2,23,-5,22,0,0,0,0,0,0,0,0,0,0,0,0,0,0,-3,60,-10,60,-15,58,-18,59,-20,60,-23,60,-28,60,-32,61,-34,60,-39,58,-38,55,-42,55,-41,53,-40,51,-38,49,-36,48,-34,49,-32,49,-31,50,-30,51,-28,52,-25,53,-24,55,-22,54,-23,55,-22,55,-20,54,-20,55]"
618045964895800,27.514047400,90968,1880956612,-51,-98,6,0,1,7,0,0,256,0,0,"[0,0,-8,-12,-8,-12,-8,-11,-7,-11,-7,-10,-7,-9,-8,-9,-8,-8,-7,-7,-7,-7,-8,-6,-8,-6,-8,-6,-8,-5,-8,-5,-8,-5,-8,-4,-7,-4,-7,-4,-7,-4,-7,-4,-6,-4,-6,-4,-6,-4,-6,-4,-5,-4,0,0,0,0,0,0,0,0,0,0,0,0,0,0,0,0,0,0,0,0,0,0,-10,-13,-9,-14,-9,-14,-8,-15,-8,-16,-8,-17,-7,-17,-6,-17,-6,-17,-4,-17,-5,-17,-4,-16,-4,-16,-4,-16,-4,-15,-5,-14,-6,-14,-6,-14,-7,-14,-7,-14,-7,-13,-8,-14,-8,-13,-8,-13,-8,-13,-8,-13,0,0,-16,-22,-17,-23,-17,-21,-16,-20,-16,-19,-16,-18,-15,-16,-15,-15,-15,-12,-16,-11,-16,-10,-15,-10,-15,-9,-14,-8,-16,-7,-16,-7,-15,-8,-16,-7,-14,-8,-14,-7,-14,-7,-12,-8,-12,-7,-11,-7,-12,-6,-9,-6,-9,-7,-9,-7,0,0,0,0,0,0,0,0,0,0,0,0,0,0,-25,-20,-23,-23,-22,-24,-20,-26,-20,-27,-18,-27,-17,-31,-17,-32,-15,-32,-12,-34,-12,-33,-11,-33,-12,-32,-11,-31,-11,-31,-10,-29,-10,-29,-13,-27,-13,-26,-14,-28,-14,-25,-15,-26,-15,-25,-16,-25,-17,-25,-17,-24,-18,-24,-17,-23]"
618045986318900,27.535470500,90969,1880984248,-51,-98,6,0,1,7,0,0,256,0,0,"[0,0,-15,-4,-14,-4,-14,-4,-13,-3,-13,-3,-12,-2,-11,-1,-11,-1,-11,-1,-11,0,-10,0,-10,0,-10,1,-9,1,-9,2,-9,2,-9,2,-8,2,-9,2,-8,2,-8,1,-7,1,-8,1,-7,1,-7,1,-7,0,0,0,0,0,0,0,0,0,0,0,0,0,0,0,0,0,0,0,0,0,0,0,-17,-4,-17,-5,-17,-6,-17,-7,-17,-8,-17,-8,-18,-9,-17,-11,-17,-11,-16,-11,-15,-11,-15,-10,-14,-10,-14,-10,-14,-9,-15,-9,-14,-8,-15,-8,-15,-7,-15,-6,-15,-6,-15,-6,-16,-6,-15,-5,-15,-5,-15,-4,0,0,-28,4,-28,5,-25,4,-25,5,-23,6,-23,6,-22,6,-20,6,-19,7,-18,8,-17,9,-16,9,-15,10,-14,9,-15,11,-13,9,-14,10,-13,10,-13,9,-12,9,-12,8,-12,7,-12,8,-11,7,-10,6,-10,6,-11,5,-11,4,0,0,0,0,0,0,0,0,0,0,0,0,0,0,-29,13,-29,9,-31,7,-31,5,-33,4,-32,2,-35,1,-35,-1,-36,-3,-36,-4,-35,-6,-35,-5,-33,-5,-32,-5,-31,-5,-31,-5,-30,-3,-31,-4,-29,-2,-30,-1,-30,0,-30,1,-31,2,-30,2,-31,3,-30,4,-29,5,-29,5]"
618046011583500,27.560735100,90970,1881002478,-51,-98,6,0,1,7,0,0,256,0,0,"[0,0,-10,11,-9,11,-9,11,-8,9,-8,10,-7,10,-6,10,-6,9,-5,9,-4,9,-4,9,-3,9,-3,8,-3,9,-3,8,-2,8,-2,8,-2,7,-2,8,-2,7,-2,7,-2,7,-2,6,-2,6,-2,6,-3,5,0,0,0,0,0,0,0,0,0,0,0,0,0,0,0,0,0,0,0,0,0,0,-9,13,-11,14,-11,13,-12,13,-13,13,-14,13,-15,12,-16,11,-16,11,-15,10,-15,9,-15,9,-14,9,-14,9,-13,10,-13,9,-13,10,-12,10,-12,11,-11,11,-11,11,-11,11,-11,12,-10,12,-10,12,-10,12,0,0,-25,50,-25,49,-22,47,-21,45,-19,43,-15,41,-14,40,-13,40,-10,39,-8,37,-5,36,-4,35,-2,35,-1,34,0,35,0,34,1,32,0,32,0,32,-2,30,-1,29,-2,28,-2,26,-3,24,-2,24,-3,23,-4,22,-6,21,0,0,0,0,0,0,0,0,0,0,0,0,0,0,-12,59,-19,58,-23,57,-27,55,-29,58,-32,56,-36,57,-40,55,-41,54,-45,53,-47,51,-49,49,-48,47,-47,45,-45,44,-42,44,-41,45,-38,46,-37,47,-35,47,-33,49,-32,50,-32,51,-29,52,-31,53,-28,53,-27,52,-27,52]"
618046025460400,27.574612000,90971,1881018313,-50,-98,6,0,1,7,0,0,256,0,0,"[0,0,1,13,1,13,1,12,1,12,2,11,2,10,1,10,2,9,2,9,3,9,3,8,3,8,3,7,4,7,4,7,4,7,4,6,4,7,3,6,3,6,3,6,3,6,2,6,2,5,2,5,2,5,0,0,0,0,0,0,0,0,0,0,0,0,0,0,0,0,0,0,0,0,0,0,3,14,2,15,1,15,0,16,0,16,-1,17,-3,17,-3,16,-4,16,-4,16,-3,16,-3,15,-3,15,-3,14,-3,15,-3,14,-2,14,-2,14,-1,14,-1,14,0,14,-1,14,0,15,1,14,1,14,1,14,0,0,-7,24,-6,25,-6,25,-6,22,-4,22,-4,22,-3,21,-2,20,-1,17,0,18,1,18,2,16,3,16,4,16,3,15,3,15,3,14,3,14,3,14,2,13,1,14,1,13,1,12,1,13,1,10,1,11,0,11,-1,10,0,0,0,0,0,0,0,0,0,0,0,0,0,0,1,30,-2,30,-5,31,-7,30,-9,31,-10,31,-12,31,-14,31,-17,31,-17,30,-17,28,-18,29,-17,28,-17,27,-16,26,-15,26,-16,25,-14,24,-12,25,-13,26,-11,26,-10,27,-10,27,-10,27,-9,27,-7,28,-7,28,-8,27]"
618046043021700,27.592173300,90972,1881036595,-51,-98,6,0,1,7,0,0,256,0,0,"[0,0,15,2,13,2,13,1,13,1,12,1,11,0,11,0,10,-1,10,-1,10,-2,9,-2,9,-2,8,-3,8,-3,8,-3,8,-3,7,-3,8,-3,7,-3,8,-3,7,-2,6,-2,6,-2,6,-2,6,-2,6,-2,0,0,0,0,0,0,0,0,0,0,0,0,0,0,0,0,0,0,0,0,0,0,16,0,17,1,17,1,17,2,17,4,18,4,17,6,17,7,17,7,16,7,16,7,15,7,15,7,15,6,15,6,15,5,15,5,14,4,15,4,15,3,15,3,15,3,15,2,15,2,15,1,15,2,0,0,26,-5,26,-6,25,-5,24,-5,22,-4,22,-6,19,-7,19,-7,17,-7,17,-8,15,-9,15,-10,15,-10,14,-9,14,-10,13,-9,12,-10,12,-9,12,-9,11,-10,11,-8,11,-8,11,-7,10,-6,10,-6,9,-6,10,-5,10,-4,0,0,0,0,0,0,0,0,0,0,0,0,0,0,26,-14,27,-11,29,-9,29,-7,31,-6,30,-4,33,-3,33,-1,34,1,34,2,33,4,33,3,32,3,31,3,30,3,29,3,29,2,29,2,28,1,28,1,27,-1,28,-2,28,-2,29,-3,29,-4,28,-5,28,-5,28,-6]"
618046064672500,27.613824100,90973,1881056964,-51,-98,6,0,1,7,0,0,256,0,0,"[0,0,-16,1,-15,1,-14,0,-14,1,-13,1,-12,1,-12,1,-11,2,-11,2,-10,3,-10,3,-9,3,-9,3,-9,4,-9,4,-8,4,-8,4,-8,4,-8,3,-8,3,-8,3,-7,3,-7,3,-7,2,-6,2,-7,2,0,0,0,0,0,0,0,0,0,0,0,0,0,0,0,0,0,0,0,0,0,0,-17,3,-18,2,-18,1,-18,0,-19,-1,-19,-2,-19,-3,-19,-4,-19,-5,-19,-4,-18,-4,-18,-4,-17,-4,-17,-4,-16,-3,-17,-3,-16,-3,-16,-2,-16,-1,-16,-1,-16,-1,-17,-1,-17,1,-16,1,-16,1,-16,1,0,0,-28,5,-26,4,-26,5,-24,5,-24,5,-22,6,-20,7,-19,7,-19,7,-17,8,-17,8,-16,8,-15,9,-15,10,-14,9,-14,10,-13,9,-14,10,-13,9,-13,9,-12,8,-12,8,-11,7,-12,6,-11,6,-11,5,-11,4,-11,3,0,0,0,0,0,0,0,0,0,0,0,0,0,0,-27,11,-29,9,-30,7,-31,6,-30,4,-32,3,-33,1,-35,0,-34,-1,-34,-2,-34,-4,-33,-4,-32,-5,-32,-5,-31,-5,-30,-4,-31,-3,-28,-2,-30,-2,-29,-1,-30,1,-29,2,-29,3,-30,3,-29,4,-29,3,-29,4,-29,4]"
618046087741700,27.636893300,90974,1881080040,-51,-98,6,0,1,7,0,0,256,0,0,"[0,0,13,-7,13,-7,11,-6,12,-7,10,-7,10,-7,9,-7,8,-7,8,-7,8,-7,6,-8,6,-8,6,-8,5,-8,5,-8,5,-8,4,-8,5,-8,4,-7,5,-7,4,-7,4,-7,4,-6,4,-6,4,-5,4,-5,0,0,0,0,0,0,0,0,0,0,0,0,0,0,0,0,0,0,0,0,0,0,14,-9,15,-8,16,-8,16,-6,17,-6,18,-5,18,-4,18,-3,18,-3,18,-3,18,-2,17,-2,16,-2,16,-3,15,-3,15,-3,15,-4,15,-4,14,-5,14,-6,14,-6,14,-7,15,-7,13,-7,14,-7,14,-7,0,0,19,-18,19,-19,18,-18,17,-17,15,-17,14,-17,13,-17,12,-17,10,-16,10,-17,8,-16,7,-17,6,-16,6,-16,5,-17,5,-16,5,-16,5,-16,5,-16,5,-15,5,-14,5,-13,5,-13,4,-12,5,-11,5,-11,5,-10,6,-9,0,0,0,0,0,0,0,0,0,0,0,0,0,0,15,-25,18,-24,20,-22,21,-21,24,-22,24,-21,26,-19,28,-18,28,-18,30,-16,30,-15,30,-14,29,-13,29,-12,28,-13,26,-13,26,-13,25,-15,24,-15,24,-15,23,-16,22,-18,22,-18,21,-19,23,-20,21,-19,21,-19,21,-20]"
618046104978600,27.654130200,90975,1881104236,-51,-98,6,0,1,7,0,0,256,0,0,"[0,0,14,3,13,2,13,2,13,2,12,1,11,1,11,0,10,0,10,-1,10,-1,9,-2,9,-2,9,-2,8,-2,8,-3,8,-3,8,-3,8,-3,8,-3,8,-2,7,-2,7,-2,6,-1,6,-1,6,-1,6,-1,0,0,0,0,0,0,0,0,0,0,0,0,0,0,0,0,0,0,0,0,0,0,17,1,17,2,17,3,17,4,17,5,17,6,17,7,17,7,17,8,16,8,16,8,15,7,15,8,15,7,14,7,14,6,14,6,14,6,14,5,15,4,15,4,15,4,15,3,15,3,15,2,15,3,0,0,27,-2,26,-3,25,-3,23,-3,22,-4,21,-4,20,-4,19,-6,19,-6,17,-7,16,-8,16,-8,15,-8,14,-8,14,-10,14,-8,13,-9,14,-9,13,-8,12,-8,12,-8,12,-7,11,-6,11,-6,10,-5,10,-5,11,-4,11,-4,0,0,0,0,0,0,0,0,0,0,0,0,0,0,27,-12,28,-9,30,-7,30,-5,31,-4,31,-2,32,0,34,1,34,2,33,4,32,6,33,6,32,6,30,6,29,6,29,5,28,5,28,4,28,3,28,2,29,1,28,1,28,0,29,-1,29,-1,29,-3,28,-2,29,-3]"
618046125112900,27.674264500,90976,1881116827,-51,-98,6,0,1,7,0,0,256,0,0,"[0,0,-11,-11,-11,-10,-11,-10,-10,-10,-10,-9,-10,-8,-10,-8,-10,-7,-10,-6,-10,-5,-10,-5,-9,-5,-9,-4,-10,-4,-10,-3,-9,-3,-9,-3,-9,-3,-9,-3,-8,-2,-8,-2,-8,-3,-7,-3,-7,-3,-7,-3,-6,-3,0,0,0,0,0,0,0,0,0,0,0,0,0,0,0,0,0,0,0,0,0,0,-13,-11,-13,-12,-13,-13,-12,-14,-12,-15,-12,-16,-11,-16,-11,-17,-10,-17,-9,-17,-9,-16,-9,-16,-8,-16,-8,-15,-8,-15,-9,-14,-10,-14,-10,-13,-10,-13,-11,-12,-11,-13,-11,-12,-12,-12,-11,-12,-12,-11,-12,-11,0,0,-26,-13,-25,-12,-24,-12,-23,-11,-22,-9,-21,-9,-21,-8,-20,-6,-20,-5,-19,-4,-19,-3,-18,-3,-18,-1,-18,-1,-18,-1,-17,-1,-17,-1,-17,0,-16,-1,-15,-1,-15,-1,-15,-2,-14,-1,-13,-2,-12,-2,-12,-3,-12,-3,-11,-3,0,0,0,0,0,0,0,0,0,0,0,0,0,0,-30,-6,-30,-9,-29,-12,-29,-13,-28,-15,-27,-16,-28,-18,-28,-19,-27,-21,-27,-23,-25,-23,-25,-23,-24,-23,-23,-22,-23,-22,-23,-21,-23,-20,-23,-19,-23,-19,-23,-18,-24,-17,-25,-16,-25,-15,-26,-15,-25,-14,-26,-14,-26,-14,-26,-13]"
618046145291100,27.694442700,90977,1881136685,-51,-98,6,0,1,7,0,0,256,0,0,"[0,0,-7,-13,-8,-13,-7,-12,-7,-12,-7,-11,-7,-10,-7,-10,-7,-9,-7,-8,-7,-8,-7,-7,-7,-7,-8,-7,-8,-6,-8,-5,-8,-6,-7,-5,-7,-5,-7,-6,-7,-5,-7,-5,-6,-5,-6,-5,-6,-5,-5,-5,-5,-5,0,0,0,0,0,0,0,0,0,0,0,0,0,0,0,0,0,0,0,0,0,0,-10,-14,-10,-15,-9,-16,-8,-16,-8,-17,-7,-18,-6,-18,-5,-18,-4,-18,-4,-18,-4,-17,-4,-17,-3,-17,-4,-16,-4,-16,-5,-15,-5,-16,-5,-15,-6,-15,-6,-14,-6,-15,-7,-15,-7,-14,-8,-15,-8,-14,-7,-14,0,0,-19,-21,-19,-21,-17,-19,-17,-18,-16,-16,-17,-15,-17,-14,-16,-13,-16,-12,-17,-11,-16,-10,-16,-9,-16,-9,-17,-8,-17,-7,-16,-7,-16,-6,-15,-6,-15,-6,-14,-6,-13,-6,-13,-6,-13,-6,-12,-6,-11,-6,-10,-6,-10,-6,-9,-7,0,0,0,0,0,0,0,0,0,0,0,0,0,0,-25,-18,-22,-21,-21,-23,-21,-24,-20,-25,-19,-25,-19,-28,-18,-29,-17,-30,-15,-31,-14,-32,-13,-32,-12,-31,-12,-30,-11,-29,-12,-28,-13,-27,-14,-26,-14,-26,-15,-26,-16,-25,-17,-24,-18,-24,-19,-24,-18,-24,-18,-23,-18,-23,-18,-23]"
618046164382700,27.713534300,90978,1881156476,-51,-98,6,0,1,7,0,0,256,0,0,"[0,0,11,-11,9,-11,9,-11,9,-10,8,-11,8,-10,7,-10,6,-10,5,-9,5,-10,4,-9,3,-9,3,-10,3,-9,3,-9,3,-10,2,-9,2,-9,2,-9,2,-8,2,-8,2,-8,2,-7,2,-7,2,-6,2,-6,0,0,0,0,0,0,0,0,0,0,0,0,0,0,0,0,0,0,0,0,0,0,11,-13,12,-13,12,-13,13,-12,14,-12,16,-12,16,-11,16,-10,17,-10,16,-9,16,-9,16,-8,15,-8,14,-9,14,-8,14,-9,13,-9,13,-10,12,-11,12,-11,12,-11,11,-11,12,-11,11,-12,11,-12,12,-12,0,0,11,-25,10,-25,9,-24,9,-23,8,-23,7,-22,6,-21,5,-20,4,-19,2,-19,0,-19,0,-19,-1,-18,-1,-18,-1,-18,-1,-18,-2,-17,-2,-17,-1,-16,0,-16,0,-15,0,-14,0,-14,-1,-13,0,-13,1,-12,1,-12,2,-12,0,0,0,0,0,0,0,0,0,0,0,0,0,0,4,-30,7,-29,9,-29,12,-28,13,-29,14,-28,16,-29,19,-28,21,-27,23,-26,23,-24,22,-25,21,-25,21,-24,19,-23,19,-23,19,-23,18,-23,17,-24,16,-24,15,-25,15,-25,15,-25,14,-26,13,-26,11,-27,11,-27,12,-27]"
618046184017300,27.733168900,90979,1881181332,-51,-98,6,0,1,7,0,0,256,0,0,"[0,0,15,0,14,0,13,0,13,-1,12,-1,12,-1,11,-2,11,-2,10,-3,9,-3,9,-3,9,-3,8,-4,8,-4,8,-4,8,-5,7,-4,7,-4,7,-5,7,-4,7,-4,6,-4,6,-3,6,-3,6,-3,6,-2,0,0,0,0,0,0,0,0,0,0,0,0,0,0,0,0,0,0,0,0,0,0,16,-1,17,0,17,1,17,2,17,2,18,4,18,4,18,5,17,6,17,6,16,6,16,6,15,6,15,5,15,5,15,4,15,4,15,3,15,2,15,2,15,1,15,1,16,1,15,1,16,1,15,0,0,0,26,-8,26,-8,25,-8,23,-8,22,-8,20,-9,20,-10,19,-10,17,-10,16,-11,15,-11,14,-11,14,-11,13,-12,13,-13,12,-12,12,-12,12,-12,11,-12,11,-11,11,-10,11,-10,10,-9,10,-8,10,-8,9,-7,10,-7,10,-6,0,0,0,0,0,0,0,0,0,0,0,0,0,0,27,-15,28,-12,29,-10,29,-9,31,-9,31,-7,33,-6,34,-3,34,-3,35,-1,34,-1,35,2,33,2,32,3,31,2,30,2,29,0,30,-1,29,-2,30,-3,28,-4,28,-6,29,-6,29,-7,29,-7,29,-7,29,-7,28,-8]"
618046203253900,27.752405500,90980,1881197155,-51,-98,6,0,1,7,0,0,256,0,0,"[0,0,14,-1,13,-2,12,-2,12,-2,11,-2,11,-2,10,-2,10,-3,9,-3,9,-4,8,-4,7,-4,7,-4,7,-4,7,-5,7,-5,6,-5,7,-5,7,-4,6,-4,6,-4,5,-4,5,-4,4,-3,5,-3,5,-3,0,0,0,0,0,0,0,0,0,0,0,0,0,0,0,0,0,0,0,0,0,0,16,-3,16,-3,16,-2,16,-1,17,0,17,1,17,2,17,3,17,3,16,4,16,3,16,4,15,3,15,3,15,2,15,2,14,1,14,1,14,1,15,0,14,0,14,0,15,-1,14,-1,14,-2,15,-2,0,0,25,-2,26,-3,24,-4,24,-3,21,-4,20,-4,20,-5,18,-6,17,-6,17,-7,16,-7,15,-8,14,-7,13,-9,14,-9,13,-9,13,-10,12,-9,12,-9,12,-8,11,-8,11,-9,10,-8,10,-7,10,-5,10,-5,9,-5,10,-4,0,0,0,0,0,0,0,0,0,0,0,0,0,0,28,-10,29,-8,30,-4,31,-3,32,-1,31,0,33,1,33,3,34,5,34,5,33,7,32,6,31,8,30,8,29,8,28,7,28,5,28,6,27,3,29,4,27,2,28,0,28,-1,28,-2,29,-2,28,-2,28,-2,28,-3]"
618046224391600,27.773543200,90981,1881216742,-51,-98,6,0,1,7,0,0,256,0,0,"[0,0,1,-14,1,-14,1,-13,1,-13,0,-13,0,-12,-1,-11,-1,-11,-1,-10,-2,-10,-2,-10,-2,-9,-2,-9,-3,-9,-3,-9,-3,-8,-3,-8,-3,-8,-3,-8,-3,-8,-3,-8,-2,-7,-2,-7,-2,-7,-1,-6,-1,-6,0,0,0,0,0,0,0,0,0,0,0,0,0,0,0,0,0,0,0,0,0,0,-1,-17,0,-17,0,-17,2,-17,3,-18,4,-18,4,-17,5,-17,6,-17,6,-17,6,-16,6,-16,6,-15,6,-15,5,-15,4,-15,4,-14,4,-15,3,-15,2,-15,2,-15,2,-16,2,-16,2,-15,1,-15,1,-15,0,0,6,-27,6,-28,6,-27,4,-25,5,-24,3,-23,3,-22,2,-21,0,-20,0,-19,0,-20,-1,-19,-4,-18,-3,-17,-5,-17,-4,-17,-5,-16,-4,-16,-4,-15,-3,-15,-4,-14,-3,-15,-2,-14,-2,-13,-1,-12,-1,-12,-1,-12,0,-12,0,0,0,0,0,0,0,0,0,0,0,0,0,0,1,-32,4,-32,6,-31,8,-33,8,-32,10,-32,12,-32,14,-32,13,-31,17,-32,17,-30,19,-30,19,-28,19,-26,19,-26,18,-27,16,-27,14,-26,12,-28,13,-27,12,-29,9,-30,9,-29,8,-29,9,-29,10,-29,8,-29,9,-29]"
618046243811400,27.792963000,90982,1881238053,-51,-98,6,0,1,7,0,0,256,0,0,"[0,0,-16,2,-15,2,-14,2,-14,2,-13,2,-12,2,-12,3,-11,3,-11,3,-10,4,-9,4,-9,4,-9,4,-8,5,-8,5,-8,5,-8,5,-8,4,-8,4,-8,4,-7,4,-7,3,-7,3,-6,3,-6,3,-6,2,0,0,0,0,0,0,0,0,0,0,0,0,0,0,0,0,0,0,0,0,0,0,-17,4,-18,3,-18,2,-18,1,-19,1,-20,-1,-20,-1,-20,-2,-19,-3,-19,-3,-19,-3,-18,-3,-17,-3,-17,-3,-17,-3,-17,-2,-17,-1,-17,-1,-16,0,-16,0,-16,1,-17,1,-17,1,-16,2,-16,2,-16,2,0,0,-27,9,-26,10,-25,9,-23,9,-22,9,-21,10,-20,10,-18,10,-17,10,-16,11,-15,11,-14,11,-13,12,-13,12,-12,12,-12,12,-12,12,-12,12,-11,11,-11,11,-11,10,-11,9,-10,9,-10,8,-10,8,-9,7,-10,6,-10,5,0,0,0,0,0,0,0,0,0,0,0,0,0,0,-25,17,-27,15,-29,13,-30,12,-30,11,-31,9,-33,8,-35,7,-35,5,-35,4,-35,3,-34,1,-34,1,-33,1,-32,1,-31,1,-31,2,-30,3,-29,4,-29,5,-29,6,-29,7,-29,8,-29,8,-29,8,-29,10,-28,9,-29,10]"
618046265457400,27.814609000,90983,1881260020,-51,-98,6,0,1,7,0,0,256,0,0,"[0,0,6,13,6,13,5,12,6,11,6,10,5,10,6,9,6,9,6,8,6,7,6,6,7,6,7,6,6,6,7,5,6,5,6,5,6,4,6,4,6,4,6,4,5,4,5,4,5,4,4,4,4,4,0,0,0,0,0,0,0,0,0,0,0,0,0,0,0,0,0,0,0,0,0,0,8,14,8,15,7,16,6,16,6,17,5,17,4,18,3,18,3,18,2,18,2,17,2,17,1,17,2,16,2,15,3,15,3,14,4,15,4,14,5,14,5,15,5,14,6,14,6,14,6,14,7,13,0,0,19,20,19,19,18,18,18,17,17,16,17,14,17,13,16,11,16,11,16,9,16,9,16,8,16,7,16,6,16,6,16,6,15,4,15,5,15,4,14,5,13,4,13,4,12,5,11,5,10,5,10,5,10,6,9,5,0,0,0,0,0,0,0,0,0,0,0,0,0,0,25,16,24,19,23,21,22,22,21,23,20,25,20,27,20,28,18,29,18,30,16,30,15,31,13,30,13,29,13,28,13,27,14,26,14,26,14,25,16,25,16,23,18,23,18,22,20,22,20,22,19,22,20,22,20,21]"
618046283447200,27.832598800,90984,1881276557,-51,-98,6,0,1,7,0,0,256,0,0,"[0,0,14,1,13,1,13,0,13,0,12,0,12,-1,11,-1,11,-2,10,-2,10,-3,10,-3,8,-3,8,-3,8,-4,8,-4,8,-4,7,-4,8,-4,7,-4,8,-4,7,-4,6,-3,7,-3,6,-3,6,-2,6,-2,0,0,0,0,0,0,0,0,0,0,0,0,0,0,0,0,0,0,0,0,0,0,17,-1,17,0,17,0,17,2,17,3,18,4,18,5,18,5,18,6,17,6,16,7,15,6,15,6,15,6,15,5,15,5,15,4,15,3,15,3,15,2,15,2,16,1,16,1,15,1,15,1,15,1,0,0,26,-8,25,-8,24,-9,23,-8,22,-9,20,-9,18,-9,17,-9,17,-10,16,-9,15,-12,14,-10,13,-12,12,-11,13,-12,12,-12,12,-12,11,-12,9,-11,10,-10,11,-10,10,-9,9,-9,9,-9,9,-8,10,-6,9,-7,9,-6,0,0,0,0,0,0,0,0,0,0,0,0,0,0,25,-16,27,-13,28,-11,28,-10,30,-9,31,-9,31,-6,34,-5,34,-5,34,-2,33,-1,33,0,32,1,31,2,30,1,29,1,29,-1,28,-3,28,-4,28,-3,29,-4,28,-7,27,-7,27,-7,28,-7,28,-8,28,-7,28,-8]"
618046305920400,27.855072000,90985,1881296896,-51,-98,6,0,1,7,0,0,256,0,0,"[0,0,-15,-5,-14,-6,-13,-5,-13,-4,-13,-4,-12,-3,-12,-3,-11,-2,-11,-2,-11,-1,-10,0,-10,0,-10,0,-10,1,-10,1,-9,1,-9,1,-9,1,-9,1,-8,1,-8,0,-7,0,-8,0,-7,0,-7,-1,-7,-1,0,0,0,0,0,0,0,0,0,0,0,0,0,0,0,0,0,0,0,0,0,0,-17,-4,-17,-5,-17,-6,-17,-7,-17,-8,-18,-9,-17,-10,-17,-11,-16,-11,-16,-10,-15,-11,-15,-10,-14,-10,-14,-10,-14,-9,-14,-9,-14,-8,-15,-8,-15,-8,-15,-7,-15,-7,-15,-7,-16,-6,-16,-6,-15,-6,-15,-5,0,0,-28,0,-28,-2,-27,-1,-25,0,-24,1,-23,1,-22,2,-21,3,-21,3,-19,5,-19,5,-18,5,-17,6,-17,7,-15,7,-16,7,-15,7,-16,7,-14,6,-15,6,-13,5,-14,5,-13,5,-13,4,-12,4,-12,4,-12,2,-13,2,0,0,0,0,0,0,0,0,0,0,0,0,0,0,-30,7,-31,4,-32,2,-33,0,-32,-1,-33,-3,-34,-4,-35,-6,-34,-8,-34,-10,-34,-11,-33,-11,-32,-11,-31,-11,-30,-11,-30,-10,-30,-9,-29,-8,-30,-8,-29,-7,-30,-5,-30,-5,-30,-4,-30,-3,-30,-2,-31,-2,-30,-1,-30,-2]"
618046321743700,27.870895300,90986,1881316520,-51,-98,6,0,1,7,0,0,256,0,0,"[0,0,4,13,4,13,4,12,4,12,4,12,5,11,5,10,5,10,5,8,5,8,5,7,6,7,6,7,6,6,6,6,6,5,6,5,5,5,6,5,5,5,5,5,5,5,4,5,4,5,4,4,3,5,0,0,0,0,0,0,0,0,0,0,0,0,0,0,0,0,0,0,0,0,0,0,6,16,6,16,5,16,4,16,3,18,2,17,2,18,1,18,0,18,-1,18,-1,18,-1,17,-1,17,-1,16,0,16,1,16,1,15,2,16,2,15,3,15,3,15,4,15,4,16,4,15,3,15,4,14,0,0,19,20,19,19,18,18,18,17,18,16,17,14,17,14,16,12,17,11,16,9,16,8,17,7,16,6,17,6,16,5,16,4,15,5,16,5,14,5,15,5,13,4,13,5,13,4,11,4,10,4,10,5,10,5,9,5,0,0,0,0,0,0,0,0,0,0,0,0,0,0,26,15,24,18,23,20,23,22,22,23,20,25,20,27,20,27,18,29,17,30,15,30,15,30,14,29,14,29,13,28,14,27,15,27,13,25,15,25,16,25,17,24,17,23,19,22,19,23,20,22,20,21,21,21,20,21]"
618046347273900,27.896425500,90987,1881340234,-51,-98,6,0,1,7,0,0,256,0,0,"[0,0,-4,-15,-5,-15,-4,-14,-4,-13,-5,-13,-5,-12,-5,-11,-5,-11,-5,-10,-6,-9,-6,-9,-6,-8,-6,-8,-7,-8,-6,-7,-6,-7,-7,-7,-6,-7,-6,-7,-6,-7,-6,-7,-5,-7,-5,-6,-4,-6,-4,-5,-4,-5,0,0,0,0,0,0,0,0,0,0,0,0,0,0,0,0,0,0,0,0,0,0,-7,-16,-7,-17,-5,-17,-5,-18,-4,-19,-3,-20,-2,-19,-1,-20,-1,-19,0,-19,0,-19,0,-18,0,-18,0,-17,-1,-18,-2,-16,-2,-17,-2,-16,-3,-17,-3,-16,-4,-16,-4,-16,-4,-16,-5,-16,-4,-16,-5,-16,0,0,-13,-25,-14,-24,-13,-23,-12,-21,-13,-21,-13,-19,-13,-18,-13,-16,-13,-16,-14,-14,-14,-13,-14,-12,-14,-12,-15,-11,-14,-11,-14,-11,-14,-10,-14,-9,-13,-9,-13,-9,-12,-9,-12,-9,-11,-8,-10,-9,-9,-8,-9,-8,-8,-9,-8,-9,0,0,0,0,0,0,0,0,0,0,0,0,0,0,-21,-23,-19,-25,-17,-26,-16,-28,-13,-29,-12,-30,-12,-32,-10,-33,-9,-34,-9,-34,-6,-34,-7,-34,-6,-32,-6,-32,-6,-31,-6,-30,-7,-30,-7,-29,-7,-28,-8,-28,-10,-28,-11,-28,-12,-27,-12,-28,-13,-27,-13,-27,-14,-26,-14,-26]"
618046367014900,27.916166500,90988,1881361235,-51,-98,6,0,1,7,0,0,256,0,0,"[0,0,-2,15,-1,14,-2,14,-1,13,-1,13,-1,12,0,11,0,11,0,10,1,9,2,9,2,9,3,8,3,8,3,8,3,8,3,8,3,8,2,7,2,7,2,7,2,7,2,6,2,6,1,6,1,6,0,0,0,0,0,0,0,0,0,0,0,0,0,0,0,0,0,0,0,0,0,0,-1,16,-2,17,-2,17,-3,18,-4,18,-6,18,-6,17,-8,18,-8,17,-8,16,-8,16,-7,15,-7,15,-7,15,-7,15,-5,15,-5,15,-5,14,-4,15,-4,15,-4,15,-3,15,-3,15,-2,15,-2,16,-2,15,0,0,5,27,5,26,5,24,5,23,5,22,6,21,6,20,7,18,7,18,8,16,9,15,9,15,9,14,9,14,10,13,10,13,10,12,10,13,9,12,9,12,8,11,7,11,7,10,6,10,6,10,5,10,5,9,4,10,0,0,0,0,0,0,0,0,0,0,0,0,0,0,13,27,10,28,8,29,6,30,5,31,3,31,2,33,1,33,-2,34,-2,34,-4,33,-4,33,-4,32,-5,31,-4,30,-4,29,-3,30,-2,28,-2,28,0,28,1,28,2,28,2,29,3,29,4,29,5,28,5,28,5,28]"
618046384287900,27.933439500,90989,1881376550,-51,-98,6,0,1,7,0,0,256,0,0,"[0,0,-2,-15,-3,-15,-3,-14,-3,-13,-3,-13,-3,-12,-4,-11,-4,-11,-4,-10,-5,-10,-5,-9,-5,-9,-6,-8,-6,-8,-6,-7,-6,-7,-6,-7,-6,-7,-6,-7,-5,-7,-5,-7,-5,-6,-4,-6,-4,-6,-4,-5,-4,-6,0,0,0,0,0,0,0,0,0,0,0,0,0,0,0,0,0,0,0,0,0,0,-3,-17,-2,-17,-2,-18,-1,-18,0,-19,1,-19,2,-19,3,-19,3,-19,4,-18,4,-18,3,-17,3,-17,3,-16,2,-16,2,-16,1,-15,1,-16,0,-16,-1,-16,-1,-16,-2,-16,-2,-16,-2,-16,-2,-16,-2,-16,0,0,-14,-24,-15,-24,-14,-22,-13,-20,-14,-20,-13,-19,-13,-17,-14,-16,-13,-15,-14,-14,-15,-12,-15,-11,-15,-10,-15,-10,-15,-10,-15,-9,-14,-9,-14,-9,-14,-9,-13,-9,-12,-8,-12,-8,-11,-8,-11,-7,-10,-8,-9,-8,-9,-8,-9,-8,0,0,0,0,0,0,0,0,0,0,0,0,0,0,-21,-22,-19,-25,-17,-26,-16,-27,-15,-29,-14,-29,-13,-31,-12,-33,-10,-33,-9,-34,-8,-34,-7,-34,-7,-33,-6,-32,-7,-31,-7,-29,-8,-29,-9,-28,-9,-28,-9,-28,-11,-28,-12,-27,-12,-27,-14,-27,-14,-27,-15,-26,-15,-26,-14,-26]"
618046401869500,27.951021100,90990,1881396558,-51,-98,6,0,1,7,0,0,256,0,0,"[0,0,3,14,3,14,3,13,2,13,3,12,3,11,3,11,4,10,4,9,4,8,4,8,5,8,5,7,5,7,5,6,5,6,5,6,5,6,5,6,4,5,4,6,4,6,3,5,3,5,3,4,3,5,0,0,0,0,0,0,0,0,0,0,0,0,0,0,0,0,0,0,0,0,0,0,5,16,5,16,4,17,3,17,2,18,1,18,0,18,0,19,-1,18,-1,18,-2,18,-2,17,-1,17,-2,16,-1,16,-1,15,0,16,0,15,1,15,2,15,2,15,2,15,3,16,3,15,3,15,3,14,0,0,17,21,16,20,16,19,15,17,15,17,15,15,15,14,14,13,15,12,14,11,14,10,14,9,15,8,15,7,14,7,15,7,14,6,14,6,14,6,13,6,13,6,12,6,11,6,10,6,10,6,9,6,9,6,8,7,0,0,0,0,0,0,0,0,0,0,0,0,0,0,24,17,22,20,20,21,20,23,20,23,19,25,17,27,17,29,17,29,15,30,13,30,12,31,11,30,10,29,10,29,10,27,11,27,12,25,12,26,13,25,15,25,16,24,16,23,17,23,17,23,17,23,17,23,17,22]"
618046425338900,27.974490500,90991,1881417482,-51,-98,6,0,1,7,0,0,256,0,0,"[0,0,15,-1,14,-2,13,-2,13,-2,12,-3,11,-3,11,-4,10,-3,10,-4,9,-4,9,-4,8,-5,7,-5,7,-5,7,-5,7,-5,6,-5,7,-5,7,-5,7,-5,6,-5,5,-4,6,-3,5,-3,5,-3,6,-3,0,0,0,0,0,0,0,0,0,0,0,0,0,0,0,0,0,0,0,0,0,0,16,-3,17,-3,17,-2,18,-1,18,-1,18,1,18,1,18,2,19,3,17,3,17,4,17,3,16,3,16,3,16,3,15,2,15,1,15,1,15,0,15,-1,15,0,15,-2,16,-1,15,-2,15,-2,16,-2,0,0,24,-14,23,-15,22,-14,21,-14,19,-13,17,-14,17,-14,16,-14,15,-15,13,-14,12,-15,12,-15,10,-15,10,-15,9,-15,9,-14,8,-15,9,-14,8,-14,8,-13,8,-13,8,-12,8,-12,8,-11,7,-11,7,-9,8,-8,9,-7,0,0,0,0,0,0,0,0,0,0,0,0,0,0,21,-22,23,-20,26,-18,26,-17,28,-16,29,-14,32,-14,32,-12,33,-12,34,-10,33,-9,34,-8,32,-7,32,-7,31,-7,30,-7,29,-7,28,-9,28,-10,28,-10,26,-11,26,-13,26,-14,26,-14,27,-14,25,-15,26,-15,26,-15]"
618046442604900,27.991756500,90992,1881438293,-51,-98,6,0,1,7,0,0,256,0,0,"[0,0,11,9,11,8,10,7,10,7,11,7,10,5,9,5,10,5,9,3,8,2,9,1,8,2,8,2,8,1,8,1,8,0,8,1,7,1,8,1,7,1,7,0,6,1,6,1,5,1,5,1,5,1,0,0,0,0,0,0,0,0,0,0,0,0,0,0,0,0,0,0,0,0,0,0,14,8,14,9,13,10,13,11,12,11,13,13,12,14,11,14,11,14,10,14,11,14,10,13,9,13,9,13,9,12,9,11,10,11,10,11,11,11,11,10,11,10,11,9,12,9,12,9,12,8,12,8,0,0,54,16,51,16,47,14,48,14,44,6,41,6,42,11,39,4,34,3,37,2,36,-5,33,-7,36,-5,31,-2,31,-8,33,-6,29,-5,32,-5,32,-5,31,-7,28,-3,26,-3,26,-3,25,-4,23,-1,22,-2,22,1,21,1,0,0,0,0,0,0,0,0,0,0,0,0,0,0,58,2,59,6,59,13,59,16,60,19,59,23,58,28,61,30,60,32,59,34,57,37,56,36,52,37,52,35,49,35,47,33,49,32,49,30,49,28,50,27,52,24,52,22,53,20,54,20,57,17,55,17,54,18,55,16]"
618046467806000,28.016957600,90993,1881459240,-51,-98,6,0,1,7,0,0,256,0,0,"[0,0,4,-15,3,-15,3,-14,2,-14,2,-13,1,-13,1,-12,0,-12,0,-11,-1,-11,-1,-10,-2,-10,-2,-10,-2,-10,-2,-9,-2,-9,-3,-9,-2,-9,-2,-9,-2,-8,-2,-8,-2,-8,-2,-8,-1,-7,-1,-7,-1,-7,0,0,0,0,0,0,0,0,0,0,0,0,0,0,0,0,0,0,0,0,0,0,1,-18,2,-18,3,-18,4,-18,5,-19,6,-18,7,-18,8,-18,9,-17,8,-17,8,-16,8,-16,8,-16,8,-15,7,-15,6,-15,6,-15,6,-15,5,-16,5,-16,4,-16,4,-16,4,-16,3,-16,3,-16,3,-16,0,0,1,-28,0,-27,0,-27,0,-24,-1,-25,-2,-23,-2,-22,-3,-21,-4,-20,-5,-18,-5,-18,-6,-17,-6,-17,-8,-17,-7,-16,-7,-16,-7,-15,-8,-16,-7,-15,-7,-14,-6,-14,-6,-14,-5,-13,-5,-12,-4,-12,-4,-12,-3,-11,-3,-11,0,0,0,0,0,0,0,0,0,0,0,0,0,0,-7,-29,-4,-31,-2,-31,0,-33,2,-31,4,-33,5,-33,7,-35,8,-34,9,-33,11,-33,10,-31,11,-30,11,-30,11,-29,10,-29,9,-30,8,-27,8,-29,6,-28,5,-30,4,-29,3,-29,3,-30,2,-29,2,-30,2,-30,1,-30]"
618046484985800,28.034137400,90994,1881477474,-51,-98,6,0,1,7,0,0,256,0,0,"[0,0,-15,-4,-15,-3,-14,-3,-14,-3,-13,-2,-13,-2,-12,-1,-11,-1,-11,0,-11,0,-10,0,-10,1,-10,1,-9,2,-10,2,-9,2,-9,2,-9,2,-9,2,-8,1,-8,1,-7,1,-7,0,-7,0,-7,0,-7,0,0,0,0,0,0,0,0,0,0,0,0,0,0,0,0,0,0,0,0,0,0,0,-18,-2,-17,-3,-18,-4,-17,-5,-19,-6,-18,-7,-18,-8,-18,-9,-17,-9,-17,-10,-16,-10,-16,-9,-15,-9,-15,-9,-15,-8,-15,-7,-15,-7,-15,-7,-15,-6,-16,-5,-16,-5,-15,-5,-16,-4,-16,-4,-16,-4,-16,-4,0,0,-27,5,-27,4,-25,4,-24,5,-23,5,-22,6,-21,6,-20,6,-18,7,-17,8,-17,8,-16,8,-15,9,-14,9,-14,9,-14,9,-14,9,-13,10,-13,9,-12,8,-12,8,-12,7,-11,6,-11,6,-11,5,-11,5,-11,4,-11,3,0,0,0,0,0,0,0,0,0,0,0,0,0,0,-27,12,-29,9,-30,7,-31,6,-31,5,-32,3,-33,2,-35,0,-35,-1,-35,-2,-34,-4,-34,-4,-33,-5,-32,-5,-31,-5,-30,-4,-30,-3,-29,-2,-29,-2,-29,0,-29,1,-29,2,-29,3,-29,3,-29,4,-29,4,-28,4,-29,4]"
618046507618700,28.056770300,90995,1881496531,-51,-98,6,0,1,7,0,0,256,0,0,"[0,0,6,-14,5,-14,5,-14,4,-13,4,-13,3,-12,3,-12,2,-12,2,-11,1,-10,1,-10,0,-10,0,-10,-1,-10,-1,-9,-1,-9,-1,-9,-1,-9,-1,-8,-1,-8,-1,-8,0,-8,0,-7,0,-7,0,-7,0,-7,0,0,0,0,0,0,0,0,0,0,0,0,0,0,0,0,0,0,0,0,0,0,4,-17,5,-17,6,-17,7,-17,8,-17,9,-17,10,-16,11,-16,11,-16,11,-15,11,-14,11,-14,11,-14,10,-14,10,-14,9,-14,9,-13,8,-14,8,-14,7,-15,7,-15,6,-15,7,-15,6,-15,6,-15,6,-15,0,0,2,-28,1,-27,1,-27,1,-25,1,-24,-1,-23,-1,-22,-2,-21,-2,-20,-4,-19,-5,-19,-5,-18,-6,-17,-6,-17,-6,-16,-7,-16,-6,-15,-6,-16,-6,-15,-5,-15,-5,-14,-5,-14,-4,-13,-4,-13,-3,-12,-3,-11,-2,-12,-1,-12,0,0,0,0,0,0,0,0,0,0,0,0,0,0,-7,-30,-3,-31,-1,-31,0,-31,2,-32,3,-32,6,-33,7,-34,9,-33,11,-33,11,-32,12,-32,12,-31,12,-30,12,-29,10,-28,10,-28,9,-28,7,-29,7,-28,7,-29,5,-29,5,-29,4,-29,3,-30,3,-30,2,-29,3,-30]"
618046522859600,28.072011200,90996,1881516568,-51,-98,6,0,1,7,0,0,256,0,0,"[0,0,7,12,7,11,6,11,7,10,6,10,6,9,7,8,7,7,6,7,6,6,6,5,7,5,7,5,6,4,7,4,7,4,7,4,6,3,6,3,6,3,5,3,6,3,5,3,5,3,5,3,4,3,0,0,0,0,0,0,0,0,0,0,0,0,0,0,0,0,0,0,0,0,0,0,9,12,8,13,8,14,7,14,7,16,6,16,5,16,5,17,4,17,3,17,3,16,3,16,3,15,3,15,3,14,4,14,4,13,5,14,5,13,6,13,6,13,7,13,7,13,7,13,8,12,7,11,0,0,15,22,16,22,14,20,14,19,13,18,15,17,13,15,13,14,14,13,14,12,13,10,14,9,14,8,14,8,15,7,14,6,14,6,12,6,13,6,12,7,11,5,11,7,11,5,10,5,10,5,8,5,9,6,6,6,0,0,0,0,0,0,0,0,0,0,0,0,0,0,23,19,21,23,19,23,17,24,17,28,15,26,16,31,14,30,12,31,11,32,10,32,9,33,9,31,8,30,8,29,8,28,8,27,10,26,10,26,12,27,12,25,13,24,14,25,15,25,15,24,16,24,16,23,16,23]"
618046546556800,28.095708400,90997,1881539663,-51,-98,6,0,1,7,0,0,256,0,0,"[0,0,-15,2,-14,3,-14,3,-13,3,-12,3,-11,3,-11,3,-11,3,-10,4,-10,4,-9,5,-8,5,-8,5,-7,5,-8,5,-7,5,-7,5,-7,5,-7,5,-7,5,-7,4,-6,4,-6,4,-6,3,-6,3,-6,3,0,0,0,0,0,0,0,0,0,0,0,0,0,0,0,0,0,0,0,0,0,0,-17,4,-17,3,-18,3,-18,2,-19,1,-19,0,-19,-1,-19,-2,-19,-3,-18,-3,-18,-2,-18,-2,-17,-2,-17,-2,-17,-2,-16,-1,-16,-1,-16,0,-16,0,-16,1,-16,1,-16,1,-16,2,-16,3,-15,3,-16,2,0,0,-24,14,-23,13,-22,13,-21,13,-19,13,-18,12,-17,13,-16,13,-15,13,-13,13,-13,14,-11,13,-11,13,-10,13,-9,14,-9,14,-9,14,-9,13,-8,13,-8,13,-8,12,-9,11,-8,10,-7,10,-7,9,-8,9,-8,8,-9,7,0,0,0,0,0,0,0,0,0,0,0,0,0,0,-22,20,-24,18,-26,16,-27,15,-28,14,-29,13,-31,12,-32,11,-33,10,-34,8,-33,7,-34,6,-33,5,-32,6,-31,6,-30,6,-29,7,-28,7,-28,8,-28,9,-27,10,-27,11,-27,12,-26,13,-27,13,-26,13,-26,14,-26,14]"
618046570567700,28.119719300,90998,1881562935,-51,-98,6,0,1,7,0,0,256,0,0,"[0,0,1,15,1,14,1,14,1,13,1,12,2,12,2,11,3,10,2,10,3,9,4,9,4,8,4,8,4,8,4,7,4,7,4,7,4,6,4,7,4,6,3,6,3,6,3,6,3,6,3,5,2,5,0,0,0,0,0,0,0,0,0,0,0,0,0,0,0,0,0,0,0,0,0,0,3,16,3,16,2,17,1,18,0,18,-1,19,-2,19,-3,19,-4,18,-4,18,-4,17,-3,17,-4,17,-3,16,-3,16,-3,15,-2,15,-1,15,-1,16,0,16,0,15,0,16,1,15,1,16,2,15,2,15,0,0,7,26,7,25,7,24,7,23,7,22,8,20,8,19,8,18,9,17,9,16,9,15,10,15,10,14,11,13,11,12,11,13,11,11,11,12,10,11,9,11,9,11,8,10,8,10,7,9,6,10,6,9,5,9,4,10,0,0,0,0,0,0,0,0,0,0,0,0,0,0,15,25,12,27,10,27,9,29,9,30,7,31,5,32,4,34,3,34,1,34,0,33,-1,33,-2,32,-2,32,-2,30,-2,29,0,30,1,28,2,28,2,28,4,28,5,28,6,28,6,28,6,28,7,28,7,28,7,28]"
618046586178500,28.135330100,90999,1881576568,-51,-98,6,0,1,7,0,0,256,0,0,"[0,0,-7,-14,-8,-14,-7,-12,-7,-12,-7,-12,-7,-10,-7,-10,-7,-9,-7,-9,-7,-8,-7,-7,-8,-7,-8,-7,-8,-6,-8,-6,-8,-6,-8,-6,-8,-5,-7,-5,-7,-5,-7,-5,-6,-5,-6,-5,-6,-5,-5,-5,-5,-5,0,0,0,0,0,0,0,0,0,0,0,0,0,0,0,0,0,0,0,0,0,0,-11,-14,-10,-15,-10,-15,-9,-16,-9,-17,-8,-18,-6,-18,-6,-19,-5,-19,-5,-19,-5,-18,-5,-18,-5,-17,-4,-17,-5,-17,-5,-16,-5,-16,-6,-16,-6,-15,-7,-15,-7,-15,-7,-15,-8,-15,-8,-14,-8,-14,-8,-14,0,0,-18,-21,-18,-20,-18,-20,-16,-18,-18,-18,-17,-16,-17,-15,-16,-14,-16,-12,-16,-10,-16,-10,-17,-8,-16,-8,-16,-8,-16,-7,-16,-7,-15,-7,-16,-7,-15,-7,-14,-6,-13,-7,-13,-6,-12,-6,-12,-6,-11,-6,-10,-6,-9,-7,-10,-7,0,0,0,0,0,0,0,0,0,0,0,0,0,0,-25,-16,-25,-19,-23,-21,-22,-23,-21,-24,-20,-26,-19,-27,-20,-30,-18,-30,-17,-31,-14,-31,-14,-30,-14,-30,-14,-29,-13,-29,-13,-28,-14,-28,-14,-26,-14,-26,-15,-25,-17,-26,-17,-25,-18,-24,-18,-24,-18,-23,-20,-23,-20,-22,-19,-23]"
618046603666300,28.152817900,91000,1881598626,-50,-98,6,0,1,7,0,0,256,0,0,"[0,0,15,-1,13,-1,14,-2,13,-2,12,-2,11,-2,11,-3,10,-3,10,-3,9,-4,9,-4,8,-4,8,-5,8,-5,7,-5,7,-5,7,-5,7,-5,7,-5,7,-5,7,-5,6,-4,6,-4,5,-4,6,-3,5,-3,0,0,0,0,0,0,0,0,0,0,0,0,0,0,0,0,0,0,0,0,0,0,17,-2,17,-2,17,-1,18,0,18,1,19,2,18,3,18,4,18,4,17,5,17,5,17,5,16,4,16,4,16,4,15,3,15,2,15,2,16,1,16,0,15,0,16,0,16,0,16,-1,15,-1,16,-1,0,0,25,-10,24,-11,23,-10,22,-10,21,-10,19,-11,18,-11,17,-11,16,-12,15,-12,14,-12,13,-12,12,-12,12,-13,11,-13,11,-13,10,-13,10,-13,10,-12,9,-12,9,-11,9,-10,9,-10,9,-9,9,-8,9,-8,9,-7,9,-6,0,0,0,0,0,0,0,0,0,0,0,0,0,0,24,-18,26,-15,28,-13,28,-12,29,-11,30,-10,32,-9,33,-7,33,-7,34,-5,34,-4,34,-2,32,-2,32,-1,30,-1,29,-2,29,-3,29,-4,28,-5,29,-6,27,-7,27,-9,27,-9,28,-10,28,-10,27,-9,27,-10,27,-11]"
618046624814400,28.173966000,91001,1881617729,-50,-98,6,0,1,7,0,0,256,0,0,"[0,0,11,10,11,9,10,8,10,9,9,8,9,7,9,6,9,6,9,5,9,5,9,4,8,4,8,3,8,3,9,2,8,2,8,2,8,2,7,2,7,2,7,2,6,2,6,2,6,2,5,2,5,2,0,0,0,0,0,0,0,0,0,0,0,0,0,0,0,0,0,0,0,0,0,0,14,10,13,10,13,11,12,12,13,13,12,14,11,15,11,15,11,15,9,16,9,15,9,15,8,14,8,14,8,13,9,13,9,12,10,12,10,12,10,11,11,11,11,11,11,11,11,11,11,11,11,10,0,0,26,8,25,7,25,7,23,6,23,5,22,4,21,3,20,3,19,2,18,0,18,-1,17,-2,17,-3,17,-2,17,-3,16,-3,15,-3,16,-4,15,-3,14,-2,14,-2,13,-2,13,-2,12,-2,11,-1,11,0,11,-1,11,0,0,0,0,0,0,0,0,0,0,0,0,0,0,0,30,0,30,4,30,6,30,8,30,10,30,10,29,13,30,14,29,16,29,18,28,18,27,19,27,19,26,18,25,18,25,16,25,16,25,14,25,13,25,13,26,12,26,11,27,11,27,10,27,9,27,9,28,8,28,8]"
618046644214300,28.193365900,91002,1881636720,-50,-98,6,0,1,7,0,0,256,0,0,"[0,0,-14,-5,-13,-4,-13,-4,-12,-4,-12,-3,-11,-3,-11,-3,-11,-2,-10,-2,-10,-1,-10,0,-9,0,-9,0,-9,1,-9,0,-9,1,-9,1,-8,1,-8,1,-8,0,-8,0,-7,0,-7,0,-7,0,-6,0,-6,-1,0,0,0,0,0,0,0,0,0,0,0,0,0,0,0,0,0,0,0,0,0,0,-16,-2,-16,-4,-16,-4,-16,-5,-16,-6,-16,-7,-16,-8,-16,-9,-15,-9,-15,-9,-14,-9,-14,-9,-14,-9,-14,-8,-13,-8,-13,-8,-13,-7,-14,-7,-14,-6,-14,-6,-14,-6,-14,-6,-15,-5,-14,-5,-14,-4,-14,-4,0,0,-44,-33,-42,-32,-40,-33,-42,-30,-38,-26,-39,-25,-36,-22,-35,-20,-37,-16,-37,-14,-35,-13,-34,-11,-32,-11,-34,-8,-33,-8,-35,-6,-33,-7,-33,-6,-34,-4,-31,-6,-29,-6,-26,-6,-27,-6,-23,-7,-23,-8,-22,-7,-22,-8,-19,-8,0,0,0,0,0,0,0,0,0,0,0,0,0,0,-56,-24,-54,-34,-53,-37,-52,-38,-53,-43,-51,-45,-48,-50,-47,-56,-49,-54,-44,-59,-43,-57,-38,-59,-37,-61,-35,-58,-33,-55,-33,-52,-35,-50,-39,-49,-38,-46,-39,-46,-40,-46,-43,-40,-45,-43,-48,-39,-46,-40,-48,-41,-45,-40,-44,-40]"
618046662017500,28.211169100,91003,1881656688,-51,-98,6,0,1,7,0,0,256,0,0,"[0,0,6,14,6,13,6,12,5,12,5,11,6,10,6,9,6,9,6,8,6,8,6,7,6,7,6,6,6,6,7,5,6,5,6,5,6,5,6,5,6,5,6,4,6,4,5,5,4,5,4,4,4,4,0,0,0,0,0,0,0,0,0,0,0,0,0,0,0,0,0,0,0,0,0,0,8,14,7,15,7,16,6,16,6,17,5,18,4,18,3,18,3,18,2,18,1,18,1,17,1,17,2,16,2,16,3,15,3,15,4,15,4,15,5,14,5,15,6,15,6,15,5,14,5,14,6,14,0,0,15,23,13,21,13,21,13,20,12,17,13,16,14,16,12,14,13,12,13,11,13,10,13,11,13,9,13,9,14,8,13,7,14,8,14,7,13,7,12,7,11,7,10,6,10,7,10,6,9,6,8,6,8,6,7,7,0,0,0,0,0,0,0,0,0,0,0,0,0,0,22,21,19,24,18,25,16,25,15,28,14,28,14,31,12,32,12,32,9,33,7,32,7,32,7,31,7,30,6,30,7,28,7,28,8,27,9,27,10,27,10,26,13,26,13,25,14,25,14,24,14,24,15,25,14,24]"
618046683758800,28.232910400,91004,1881676610,-51,-98,6,0,1,7,0,0,256,0,0,"[0,0,8,-11,7,-11,7,-10,7,-10,6,-9,5,-9,5,-10,4,-9,4,-9,3,-9,3,-9,2,-9,2,-9,1,-9,1,-8,1,-8,1,-8,1,-8,1,-8,1,-7,1,-7,1,-7,1,-7,1,-6,1,-6,1,-6,0,0,0,0,0,0,0,0,0,0,0,0,0,0,0,0,0,0,0,0,0,0,8,-13,9,-13,10,-13,11,-12,11,-12,13,-11,13,-11,13,-11,14,-10,13,-10,13,-9,13,-9,12,-9,12,-9,12,-9,11,-9,11,-9,10,-10,10,-10,9,-10,9,-11,9,-11,9,-11,9,-11,8,-12,8,-12,0,0,18,-52,17,-53,16,-51,13,-46,13,-44,9,-42,8,-42,7,-40,5,-41,2,-37,0,-37,-2,-36,-4,-36,-3,-35,-5,-34,-6,-33,-6,-33,-5,-33,-4,-31,-5,-32,-4,-27,-3,-28,-4,-26,-3,-25,-1,-26,0,-24,1,-23,2,-21,0,0,0,0,0,0,0,0,0,0,0,0,0,0,6,-61,13,-59,19,-60,21,-58,24,-58,26,-58,30,-59,34,-58,35,-58,40,-57,43,-54,41,-52,41,-50,41,-49,39,-48,37,-49,35,-49,35,-48,33,-49,29,-50,28,-50,26,-53,23,-52,22,-55,23,-54,18,-54,20,-56,22,-54]"
618046703204900,28.252356500,91005,1881697706,-51,-98,6,0,1,7,0,0,256,0,0,"[0,0,14,3,14,2,14,2,13,2,12,1,12,1,11,1,11,0,10,-1,10,-1,9,-2,9,-2,8,-2,8,-3,8,-3,9,-3,8,-3,8,-3,8,-3,7,-2,7,-2,7,-2,6,-2,6,-2,6,-2,6,-2,0,0,0,0,0,0,0,0,0,0,0,0,0,0,0,0,0,0,0,0,0,0,17,1,17,2,17,3,17,4,17,5,18,6,17,7,17,8,17,8,16,8,16,8,16,8,15,7,15,7,15,7,14,6,15,6,14,5,15,5,15,5,14,4,15,4,15,3,15,3,15,2,15,2,0,0,28,-1,26,-2,26,-1,24,-2,23,-2,21,-3,21,-4,19,-5,19,-5,17,-6,17,-7,16,-7,15,-7,15,-9,14,-8,15,-8,14,-8,14,-8,13,-8,13,-8,12,-7,12,-7,11,-6,11,-5,11,-5,10,-4,10,-4,10,-3,0,0,0,0,0,0,0,0,0,0,0,0,0,0,28,-10,29,-7,30,-5,32,-3,30,-1,32,1,32,2,34,3,33,5,34,7,33,8,31,8,31,9,31,8,29,8,29,8,29,7,27,6,29,6,28,4,29,3,28,2,29,0,29,1,29,-1,29,0,29,-1,30,-2]"
618046727705600,28.276857200,91006,1881720755,-50,-98,6,0,1,7,0,0,256,0,0,"[0,0,-13,9,-12,9,-11,8,-11,8,-11,8,-9,7,-8,8,-8,8,-7,8,-7,8,-6,8,-5,7,-5,7,-4,8,-5,8,-5,8,-4,8,-4,8,-4,7,-4,7,-4,7,-4,6,-4,6,-4,5,-4,5,-4,5,0,0,0,0,0,0,0,0,0,0,0,0,0,0,0,0,0,0,0,0,0,0,-13,11,-14,11,-15,10,-15,10,-16,9,-17,9,-18,8,-19,7,-18,6,-18,6,-18,5,-17,5,-17,5,-16,5,-16,6,-16,6,-15,6,-15,7,-15,7,-14,8,-14,8,-13,9,-14,9,-13,9,-13,9,-13,9,0,0,-23,17,-22,16,-20,15,-20,15,-19,15,-17,14,-16,15,-15,14,-13,14,-13,14,-11,15,-10,15,-9,14,-8,15,-8,15,-8,15,-7,15,-7,14,-7,13,-8,13,-8,13,-7,12,-8,11,-7,11,-7,10,-7,9,-8,9,-8,7,0,0,0,0,0,0,0,0,0,0,0,0,0,0,-21,22,-24,21,-25,20,-26,19,-28,19,-28,18,-30,17,-32,16,-34,14,-35,12,-34,11,-34,10,-33,10,-32,10,-31,9,-30,10,-29,10,-29,11,-27,11,-28,12,-27,13,-26,15,-26,15,-25,16,-26,16,-25,17,-24,17,-24,16]"
618046744857100,28.294008700,91007,1881737257,-50,-98,6,0,1,7,0,0,256,0,0,"[0,0,-1,15,-1,14,-1,13,-1,13,0,13,0,12,0,11,1,11,1,10,2,9,2,9,3,9,3,8,3,8,3,8,3,8,4,8,3,8,2,7,2,7,2,7,2,7,2,7,2,6,2,6,1,5,0,0,0,0,0,0,0,0,0,0,0,0,0,0,0,0,0,0,0,0,0,0,1,16,0,17,-1,17,-2,18,-3,18,-4,18,-5,18,-6,18,-7,18,-7,17,-7,17,-6,16,-6,16,-6,16,-5,15,-5,15,-4,15,-4,15,-3,15,-3,16,-2,15,-2,16,-2,16,-1,16,-1,15,-2,15,0,0,4,28,5,26,5,25,4,23,5,23,5,21,6,20,6,19,7,18,7,16,8,16,9,15,9,14,9,14,9,14,10,14,9,13,10,13,9,12,8,12,7,12,7,11,6,11,6,10,5,10,5,10,4,9,4,10,0,0,0,0,0,0,0,0,0,0,0,0,0,0,12,26,10,28,8,29,6,31,4,30,3,32,2,32,0,34,-2,34,-3,34,-5,33,-5,33,-5,32,-5,31,-4,30,-3,29,-3,30,-2,28,-2,29,-1,28,0,29,1,29,1,29,2,29,4,28,5,29,5,28,4,29]"
618046765361300,28.314512900,91008,1881757506,-50,-98,6,0,1,7,0,0,256,0,0,"[0,0,14,-3,13,-3,12,-3,13,-3,12,-3,11,-4,10,-4,10,-4,9,-5,9,-5,9,-5,8,-5,7,-5,7,-5,7,-6,7,-6,6,-6,7,-6,6,-6,6,-5,6,-5,6,-4,5,-4,5,-4,5,-3,5,-3,0,0,0,0,0,0,0,0,0,0,0,0,0,0,0,0,0,0,0,0,0,0,15,-5,16,-4,16,-4,17,-3,17,-2,19,-1,19,0,19,0,18,1,17,1,17,2,17,2,16,2,16,1,16,1,15,0,16,0,15,-1,16,-1,16,-2,15,-2,15,-2,15,-3,15,-3,15,-3,16,-3,0,0,27,-4,26,-7,23,-6,22,-7,21,-7,20,-7,20,-7,17,-7,18,-9,16,-9,15,-9,14,-10,13,-10,13,-11,13,-10,12,-10,12,-11,13,-10,13,-10,12,-10,12,-8,11,-8,10,-8,10,-8,10,-7,10,-6,10,-5,9,-5,0,0,0,0,0,0,0,0,0,0,0,0,0,0,25,-15,29,-13,30,-11,31,-8,32,-8,31,-7,33,-4,34,-2,35,0,35,1,34,3,33,1,33,3,32,2,31,2,30,2,30,1,29,1,28,0,29,-1,28,-4,28,-4,29,-4,28,-5,29,-6,28,-6,28,-7,28,-7]"
618046784026800,28.333178400,91009,1881776544,-50,-98,6,0,1,7,0,0,256,0,0,"[0,0,-2,15,-1,15,-1,14,-1,13,-1,13,0,12,0,11,1,11,1,10,1,10,1,9,3,9,2,8,3,8,3,8,3,8,3,8,3,8,3,7,2,7,2,7,2,7,2,7,2,6,1,6,1,6,0,0,0,0,0,0,0,0,0,0,0,0,0,0,0,0,0,0,0,0,0,0,1,17,0,17,-1,17,-2,18,-3,18,-5,19,-5,18,-6,18,-7,18,-7,17,-7,17,-7,16,-7,16,-6,16,-6,15,-5,15,-5,15,-4,15,-3,15,-3,16,-3,16,-2,16,-3,16,-2,16,-1,16,-1,15,0,0,8,26,8,26,8,24,8,22,8,22,8,21,8,19,9,18,9,17,10,16,10,15,11,14,11,13,11,13,11,12,11,12,11,12,11,11,10,11,10,11,9,11,8,10,8,10,7,9,7,9,6,9,6,9,5,9,0,0,0,0,0,0,0,0,0,0,0,0,0,0,16,24,14,27,13,27,11,29,10,30,9,30,7,32,5,34,4,34,2,34,1,34,0,34,0,33,0,32,0,31,1,30,1,30,2,29,3,29,4,28,5,28,6,28,6,28,7,29,7,28,8,28,9,28,8,28]"
618046806089100,28.355240700,91010,1881796513,-50,-98,6,0,1,7,0,0,256,0,0,"[0,0,1,-16,1,-15,0,-15,1,-14,0,-14,-1,-13,-1,-12,-2,-12,-2,-11,-2,-11,-2,-11,-3,-10,-3,-10,-4,-9,-3,-9,-4,-9,-4,-9,-3,-9,-4,-8,-3,-8,-3,-8,-3,-8,-2,-8,-2,-7,-2,-7,-2,-6,0,0,0,0,0,0,0,0,0,0,0,0,0,0,0,0,0,0,0,0,0,0,1,-18,1,-18,2,-19,3,-18,4,-19,5,-19,5,-19,6,-19,7,-18,8,-17,8,-17,8,-16,7,-16,7,-16,6,-16,5,-16,5,-15,4,-16,4,-16,2,-17,2,-17,2,-17,2,-17,2,-17,2,-16,2,-16,0,0,-8,-27,-9,-27,-9,-26,-8,-24,-9,-22,-9,-22,-9,-21,-10,-19,-10,-18,-10,-16,-12,-15,-12,-15,-12,-14,-12,-13,-12,-14,-12,-13,-12,-12,-12,-12,-11,-12,-11,-12,-10,-12,-10,-11,-9,-11,-9,-10,-8,-10,-7,-10,-7,-10,-6,-10,0,0,0,0,0,0,0,0,0,0,0,0,0,0,-16,-26,-14,-28,-12,-29,-10,-30,-9,-32,-7,-31,-6,-34,-5,-35,-3,-35,-1,-36,0,-35,0,-35,0,-33,0,-33,0,-32,-1,-31,-1,-30,-2,-30,-2,-29,-3,-30,-5,-29,-6,-30,-6,-30,-7,-30,-8,-30,-9,-29,-9,-28,-8,-29]"
618046831117500,28.380269100,91011,1881822983,-50,-98,6,0,1,7,0,0,256,0,0,"[0,0,12,-7,11,-7,10,-8,10,-7,9,-7,8,-7,8,-7,7,-7,7,-7,6,-7,6,-8,5,-8,5,-8,4,-8,4,-8,4,-8,3,-7,4,-7,4,-7,4,-6,4,-6,3,-6,3,-6,3,-6,3,-5,3,-5,0,0,0,0,0,0,0,0,0,0,0,0,0,0,0,0,0,0,0,0,0,0,12,-10,13,-9,13,-9,15,-8,15,-8,16,-7,16,-6,17,-5,17,-5,16,-5,16,-5,15,-4,15,-4,14,-5,14,-5,13,-5,13,-5,13,-6,13,-6,13,-6,13,-6,13,-8,13,-8,12,-8,12,-8,12,-8,0,0,24,-11,23,-13,22,-12,21,-12,20,-13,18,-13,17,-13,16,-13,14,-11,13,-14,12,-13,11,-14,11,-13,11,-14,10,-13,9,-13,8,-14,10,-13,9,-13,9,-13,8,-11,8,-12,8,-11,7,-11,9,-8,8,-8,7,-8,8,-8,0,0,0,0,0,0,0,0,0,0,0,0,0,0,22,-22,25,-19,26,-17,28,-16,28,-15,29,-14,30,-12,32,-11,33,-10,34,-9,33,-7,33,-6,32,-5,31,-4,30,-5,29,-5,30,-6,28,-7,28,-7,27,-8,27,-11,26,-12,26,-12,27,-13,27,-12,26,-13,26,-13,25,-13]"
618046844749800,28.393901400,91012,1881839349,-51,-98,6,0,1,7,0,0,256,0,0,"[0,0,5,14,4,13,5,13,4,12,5,11,5,10,5,9,5,9,5,8,5,8,5,7,6,7,6,7,6,7,5,6,7,6,6,6,6,5,6,5,5,5,5,5,5,5,4,5,4,5,4,4,4,4,0,0,0,0,0,0,0,0,0,0,0,0,0,0,0,0,0,0,0,0,0,0,7,14,7,16,6,15,6,17,4,17,4,18,3,18,2,19,2,18,1,18,0,18,1,17,1,17,0,16,1,16,2,15,2,16,2,15,3,15,4,15,4,15,5,15,4,15,5,15,5,15,5,14,0,0,15,22,15,21,15,20,14,19,14,18,14,16,14,16,14,14,14,13,14,12,14,11,14,10,14,9,14,9,14,8,14,8,14,7,14,7,13,7,13,7,12,7,11,7,10,7,10,6,9,6,8,7,8,7,7,7,0,0,0,0,0,0,0,0,0,0,0,0,0,0,22,18,21,21,19,23,18,24,18,25,17,26,15,29,15,30,13,30,12,32,11,31,10,32,9,31,8,31,8,29,8,28,9,28,10,27,11,26,11,26,12,26,13,25,14,25,15,25,15,24,15,25,15,24,16,23]"
618046865959500,28.415111100,91013,1881857432,-50,-98,6,0,1,7,0,0,256,0,0,"[0,0,-11,11,-9,11,-9,11,-9,10,-8,10,-7,10,-7,9,-6,9,-6,9,-5,9,-4,9,-3,9,-3,9,-2,9,-2,8,-3,8,-2,8,-3,8,-2,7,-3,7,-3,7,-3,7,-2,7,-2,7,-3,6,-3,5,0,0,0,0,0,0,0,0,0,0,0,0,0,0,0,0,0,0,0,0,0,0,-10,14,-11,14,-11,14,-12,13,-13,13,-15,13,-15,12,-16,11,-16,11,-16,10,-15,10,-15,9,-15,10,-14,9,-14,10,-13,10,-13,10,-13,10,-12,10,-11,11,-12,11,-11,12,-12,12,-10,12,-10,12,-11,12,0,0,-16,52,-15,52,-14,49,-14,48,-11,45,-8,43,-7,42,-5,40,-3,39,-1,38,0,36,1,35,3,34,4,32,5,33,5,32,6,32,6,31,6,31,4,30,4,29,3,27,2,26,1,24,1,23,0,22,-1,22,-3,21,0,0,0,0,0,0,0,0,0,0,0,0,0,0,-3,60,-9,60,-13,59,-15,58,-18,61,-21,58,-27,62,-29,60,-31,62,-35,60,-36,58,-39,58,-39,54,-38,52,-37,50,-35,49,-31,49,-31,51,-28,50,-28,54,-24,52,-22,54,-21,54,-19,56,-19,57,-20,56,-19,55,-18,55]"
618046885204100,28.434355700,91014,1881876531,-51,-98,6,0,1,7,0,0,256,0,0,"[0,0,-16,2,-15,2,-14,1,-14,2,-13,2,-12,2,-12,3,-11,3,-11,3,-10,4,-10,4,-9,4,-9,4,-8,4,-8,5,-8,5,-7,4,-8,5,-8,4,-8,4,-7,4,-7,3,-6,3,-6,3,-6,3,-6,2,0,0,0,0,0,0,0,0,0,0,0,0,0,0,0,0,0,0,0,0,0,0,-17,4,-18,3,-18,2,-19,1,-19,0,-20,0,-20,-1,-20,-2,-19,-3,-19,-3,-19,-3,-18,-3,-18,-3,-17,-3,-17,-2,-17,-2,-17,-1,-16,-1,-17,0,-16,1,-17,1,-17,1,-17,2,-16,1,-16,2,-16,2,0,0,-25,13,-25,13,-23,12,-22,12,-20,12,-19,12,-18,12,-18,12,-16,12,-14,12,-13,13,-12,13,-11,13,-11,13,-11,14,-10,13,-10,13,-9,12,-10,12,-9,11,-9,11,-9,10,-9,10,-9,9,-8,9,-8,8,-9,7,-9,6,0,0,0,0,0,0,0,0,0,0,0,0,0,0,-22,21,-25,19,-26,17,-27,15,-29,15,-28,13,-32,13,-32,11,-33,9,-35,8,-34,7,-35,6,-33,6,-32,5,-31,5,-30,6,-29,6,-30,7,-28,7,-29,9,-27,10,-28,10,-28,11,-27,11,-27,13,-26,13,-26,13,-26,13]"
618046917768300,28.466919900,91015,1881903896,-51,-98,6,0,1,7,0,0,256,0,0,"[0,0,14,-3,13,-4,12,-3,12,-4,11,-4,11,-4,10,-4,9,-4,9,-5,8,-5,8,-5,7,-5,7,-5,7,-6,6,-6,7,-6,6,-6,6,-5,6,-5,6,-5,6,-5,5,-4,5,-4,5,-4,5,-4,5,-3,0,0,0,0,0,0,0,0,0,0,0,0,0,0,0,0,0,0,0,0,0,0,14,-6,16,-6,16,-5,16,-4,17,-3,18,-3,18,-2,18,-1,18,0,17,0,17,0,17,0,16,0,15,0,15,0,15,-1,15,-1,15,-2,15,-2,15,-2,15,-3,14,-3,15,-4,14,-4,14,-4,15,-4,0,0,23,-15,22,-16,21,-16,20,-15,19,-15,17,-15,16,-14,15,-14,14,-15,12,-15,11,-15,10,-15,9,-15,9,-15,8,-16,8,-15,8,-15,8,-15,8,-14,8,-14,7,-13,8,-12,7,-12,7,-11,7,-10,7,-10,7,-9,8,-8,0,0,0,0,0,0,0,0,0,0,0,0,0,0,19,-24,22,-22,23,-21,25,-19,26,-19,27,-17,29,-17,31,-15,32,-14,33,-12,32,-11,32,-10,32,-10,31,-9,30,-9,28,-10,28,-10,27,-11,27,-11,27,-12,26,-13,26,-14,25,-14,25,-15,25,-16,25,-17,24,-17,24,-17]"
618046933275400,28.482427000,91016,1881916645,-50,-98,6,0,1,7,0,0,256,0,0,"[0,0,15,-2,14,-2,13,-2,13,-2,12,-3,11,-3,11,-3,10,-4,10,-4,9,-4,8,-5,8,-5,8,-5,8,-5,7,-5,7,-6,7,-5,7,-5,6,-5,6,-5,6,-5,6,-4,5,-4,5,-4,5,-3,5,-3,0,0,0,0,0,0,0,0,0,0,0,0,0,0,0,0,0,0,0,0,0,0,16,-4,17,-3,17,-2,17,-1,18,0,19,1,19,1,19,3,18,3,17,3,17,3,17,3,17,3,16,3,16,3,16,1,16,1,16,1,15,0,15,0,15,-1,16,-1,16,-2,15,-2,16,-2,16,-2,0,0,24,-12,23,-13,23,-13,21,-12,20,-13,18,-13,17,-13,16,-13,14,-13,13,-13,13,-13,12,-13,11,-14,10,-14,10,-14,9,-14,9,-13,9,-14,9,-13,8,-13,8,-12,8,-11,8,-10,8,-10,7,-9,7,-9,8,-8,8,-7,0,0,0,0,0,0,0,0,0,0,0,0,0,0,22,-20,25,-17,26,-16,27,-15,28,-14,29,-13,30,-11,33,-11,32,-9,34,-8,32,-7,32,-5,33,-5,31,-4,30,-4,29,-5,29,-6,28,-7,28,-8,27,-8,27,-10,27,-11,27,-12,26,-12,27,-12,27,-13,26,-13,26,-13]"
618046949218800,28.498370400,91017,1881936565,-51,-98,6,0,1,7,0,0,256,0,0,"[0,0,-10,-12,-10,-11,-10,-11,-9,-10,-9,-10,-9,-9,-9,-9,-9,-8,-9,-7,-9,-7,-9,-6,-9,-6,-9,-5,-8,-5,-9,-4,-9,-4,-9,-4,-8,-4,-8,-3,-8,-3,-7,-3,-7,-4,-7,-4,-6,-4,-6,-3,-6,-4,0,0,0,0,0,0,0,0,0,0,0,0,0,0,0,0,0,0,0,0,0,0,-12,-13,-12,-13,-12,-14,-11,-15,-11,-16,-10,-17,-10,-17,-9,-18,-9,-18,-8,-18,-7,-17,-7,-17,-7,-17,-7,-16,-7,-16,-8,-15,-8,-14,-8,-15,-9,-14,-9,-14,-10,-14,-10,-13,-10,-13,-10,-13,-10,-13,-10,-13,0,0,-24,-15,-23,-15,-22,-14,-21,-13,-20,-12,-20,-11,-20,-9,-19,-8,-19,-8,-18,-6,-18,-5,-18,-4,-18,-3,-18,-3,-17,-2,-17,-2,-17,-2,-17,-2,-16,-2,-16,-2,-14,-3,-14,-2,-14,-2,-13,-3,-12,-2,-12,-3,-11,-4,-11,-5,0,0,0,0,0,0,0,0,0,0,0,0,0,0,-29,-8,-29,-12,-28,-13,-28,-16,-27,-18,-26,-19,-26,-21,-27,-22,-25,-24,-25,-25,-23,-26,-23,-25,-22,-25,-21,-25,-21,-24,-20,-23,-21,-22,-20,-21,-21,-21,-22,-21,-22,-19,-23,-18,-23,-18,-24,-18,-25,-17,-25,-16,-25,-16,-25,-16]"
618046963121500,28.512273100,91018,1881956581,-51,-98,6,0,1,7,0,0,256,0,0,"[0,0,13,6,13,5,12,5,12,4,11,4,11,3,11,3,10,2,10,2,10,1,9,0,9,0,9,0,8,-1,9,-1,8,-2,8,-1,8,-1,8,-1,8,-1,7,-1,7,0,6,0,6,-1,6,0,6,0,0,0,0,0,0,0,0,0,0,0,0,0,0,0,0,0,0,0,0,0,0,0,16,5,15,7,15,7,16,8,16,9,16,10,15,11,14,12,14,12,13,12,13,12,13,12,12,12,12,11,12,10,12,9,12,9,13,9,13,8,13,8,13,7,14,7,14,7,14,7,14,6,14,6,0,0,27,0,26,-1,24,-1,24,-1,22,-2,21,-3,21,-3,19,-4,19,-5,18,-6,17,-6,16,-6,16,-7,15,-7,15,-8,14,-8,14,-8,13,-8,13,-8,12,-7,12,-7,12,-6,12,-6,11,-5,11,-5,10,-4,10,-4,10,-3,0,0,0,0,0,0,0,0,0,0,0,0,0,0,28,-8,29,-5,30,-3,30,-2,32,0,30,1,33,3,32,5,33,6,33,7,32,8,32,9,30,10,30,10,29,10,28,9,28,7,28,6,27,5,28,5,27,4,28,2,29,1,28,1,29,0,29,1,29,0,28,-1]"
618046985143100,28.534294700,91019,1881976553,-51,-98,6,0,1,7,0,0,256,0,0,"[0,0,-13,-9,-13,-9,-12,-8,-12,-8,-12,-7,-11,-6,-11,-6,-11,-5,-10,-4,-10,-4,-10,-3,-10,-3,-9,-3,-10,-2,-10,-2,-9,-1,-9,-2,-9,-2,-9,-1,-8,-1,-8,-1,-8,-2,-8,-2,-7,-2,-7,-2,-6,-2,0,0,0,0,0,0,0,0,0,0,0,0,0,0,0,0,0,0,0,0,0,0,-16,-9,-16,-10,-15,-10,-15,-12,-15,-12,-15,-14,-14,-14,-14,-15,-13,-14,-12,-15,-12,-14,-12,-14,-11,-14,-11,-14,-12,-13,-11,-12,-12,-12,-12,-12,-13,-11,-13,-11,-13,-10,-13,-10,-14,-10,-13,-10,-13,-9,-14,-9,0,0,-53,-16,-53,-16,-50,-14,-48,-11,-45,-12,-44,-8,-43,-7,-42,-5,-40,-4,-40,-2,-37,0,-36,1,-35,3,-34,4,-34,5,-32,5,-33,6,-31,5,-31,5,-30,5,-29,4,-28,3,-27,3,-25,2,-25,0,-23,0,-24,-1,-23,-1,0,0,0,0,0,0,0,0,0,0,0,0,0,0,-60,-3,-60,-10,-61,-14,-59,-17,-61,-19,-59,-22,-62,-27,-61,-30,-60,-32,-60,-36,-58,-37,-56,-40,-54,-39,-52,-38,-49,-37,-50,-34,-50,-31,-51,-31,-51,-28,-52,-28,-52,-24,-54,-22,-54,-21,-56,-21,-56,-21,-56,-19,-55,-19,-54,-18]"
618047004381300,28.553532900,91020,1882000798,-51,-98,6,0,1,7,0,0,256,0,0,"[0,0,-10,11,-10,11,-9,10,-9,10,-8,10,-7,10,-7,10,-6,9,-6,9,-5,9,-4,9,-4,9,-3,9,-3,9,-3,8,-3,8,-2,8,-2,8,-3,8,-3,8,-2,7,-3,7,-2,7,-2,6,-2,6,-3,5,0,0,0,0,0,0,0,0,0,0,0,0,0,0,0,0,0,0,0,0,0,0,-11,14,-12,14,-13,13,-13,13,-15,13,-16,12,-16,12,-17,11,-17,10,-17,9,-16,9,-16,9,-15,9,-15,9,-14,9,-14,9,-14,9,-13,10,-12,10,-12,11,-12,11,-12,12,-12,12,-11,12,-11,12,-10,12,0,0,-10,25,-9,25,-8,24,-7,23,-7,22,-6,21,-5,20,-4,19,-3,19,-2,18,0,17,0,17,1,17,1,16,2,16,2,16,2,15,2,15,2,15,2,15,1,14,0,13,1,12,1,12,0,11,0,11,-1,11,-2,10,0,0,0,0,0,0,0,0,0,0,0,0,0,0,-2,29,-6,29,-7,29,-10,29,-11,29,-13,29,-14,29,-17,29,-19,28,-20,28,-21,27,-21,26,-20,26,-20,25,-19,24,-18,24,-18,24,-16,24,-15,24,-15,25,-14,25,-13,25,-13,26,-12,26,-12,26,-10,27,-10,27,-10,27]"
618047026562500,28.575714100,91021,1882017097,-51,-98,6,0,1,7,0,0,256,0,0,"[0,0,3,-15,2,-15,2,-14,2,-13,1,-13,1,-12,1,-12,0,-12,0,-11,0,-10,-1,-10,-2,-10,-2,-10,-2,-10,-2,-9,-2,-9,-3,-9,-2,-9,-2,-8,-2,-8,-2,-8,-2,-8,-2,-8,-2,-7,-1,-7,-1,-7,0,0,0,0,0,0,0,0,0,0,0,0,0,0,0,0,0,0,0,0,0,0,2,-17,3,-18,3,-18,4,-18,5,-19,6,-18,7,-18,8,-18,9,-17,9,-17,9,-16,8,-16,8,-15,8,-15,7,-15,7,-15,7,-15,6,-15,5,-15,5,-16,4,-16,4,-16,4,-16,3,-16,3,-16,3,-16,0,0,-3,-28,-3,-27,-3,-26,-4,-24,-4,-23,-4,-22,-5,-21,-5,-20,-6,-19,-6,-18,-8,-17,-9,-16,-9,-16,-9,-16,-9,-15,-9,-15,-9,-14,-9,-14,-8,-14,-8,-14,-7,-13,-7,-12,-7,-12,-7,-11,-6,-11,-5,-11,-5,-11,-4,-11,0,0,0,0,0,0,0,0,0,0,0,0,0,0,-12,-28,-10,-29,-8,-30,-6,-32,-3,-31,-2,-33,-1,-33,1,-35,4,-34,5,-35,7,-33,6,-33,6,-33,5,-32,5,-31,4,-30,4,-31,4,-29,3,-29,2,-29,1,-30,1,-29,0,-29,-1,-30,-2,-30,-3,-29,-4,-29,-3,-29]"
618047044988900,28.594140500,91022,1882036829,-51,-98,6,0,1,7,0,0,256,0,0,"[0,0,15,0,14,-1,13,-1,13,-1,12,-1,11,-2,11,-2,10,-3,10,-3,10,-3,9,-4,8,-4,8,-4,7,-4,8,-5,7,-5,7,-5,7,-4,7,-4,7,-4,7,-4,6,-4,6,-3,5,-3,5,-3,5,-3,0,0,0,0,0,0,0,0,0,0,0,0,0,0,0,0,0,0,0,0,0,0,17,-2,17,-1,18,0,17,1,18,1,18,2,18,4,18,5,18,5,17,5,17,5,16,5,16,4,16,4,15,4,15,3,15,3,16,2,15,2,15,1,15,1,15,1,16,0,16,0,15,-1,15,-1,0,0,26,-9,26,-9,24,-10,23,-9,21,-9,21,-9,19,-9,18,-10,17,-10,15,-11,14,-12,14,-11,13,-12,12,-12,12,-13,12,-13,11,-12,11,-12,11,-12,10,-11,10,-10,10,-10,9,-9,9,-9,9,-8,8,-8,9,-7,9,-6,0,0,0,0,0,0,0,0,0,0,0,0,0,0,26,-16,28,-14,28,-12,29,-10,31,-9,31,-9,34,-7,34,-5,34,-4,35,-1,34,-1,35,0,34,0,33,0,31,0,30,0,29,-1,30,-2,29,-4,30,-4,29,-5,28,-6,28,-7,28,-8,29,-8,28,-9,28,-9,28,-9]"
618047063342800,28.612494400,91023,1882056614,-51,-98,6,0,1,7,0,0,256,0,0,"[0,0,10,10,10,9,9,8,10,8,9,7,9,7,9,6,9,6,9,4,8,4,8,3,8,3,8,3,8,3,8,2,8,2,8,2,7,2,8,2,7,2,7,2,6,2,6,2,6,2,5,2,5,2,0,0,0,0,0,0,0,0,0,0,0,0,0,0,0,0,0,0,0,0,0,0,13,10,13,11,13,11,13,12,12,13,12,14,11,15,10,15,9,15,9,16,8,15,8,14,8,15,8,14,8,14,9,13,9,12,9,12,10,12,10,12,10,11,10,11,11,11,11,10,11,10,11,10,0,0,24,12,24,10,24,9,22,9,22,8,21,7,20,6,20,5,19,4,19,3,18,1,18,0,17,0,17,-1,17,-2,16,-1,16,-2,16,-1,15,-1,14,-1,14,-1,13,-1,13,-1,12,-1,12,0,11,0,11,1,11,1,0,0,0,0,0,0,0,0,0,0,0,0,0,0,29,5,29,8,28,10,28,13,29,13,28,15,28,17,28,20,28,20,26,23,25,22,25,23,24,23,23,23,22,21,22,20,22,19,23,17,23,17,24,17,24,16,25,15,25,15,26,13,26,14,27,13,27,12,27,12]"
618047085807800,28.634959400,91024,1882076550,-51,-98,6,0,1,7,0,0,256,0,0,"[0,0,-1,-15,-2,-15,-2,-14,-2,-14,-2,-13,-3,-12,-3,-12,-3,-11,-4,-10,-4,-10,-4,-9,-5,-9,-5,-9,-5,-8,-5,-8,-5,-7,-5,-8,-5,-7,-5,-7,-5,-7,-4,-7,-4,-7,-4,-7,-3,-7,-3,-6,-3,-6,0,0,0,0,0,0,0,0,0,0,0,0,0,0,0,0,0,0,0,0,0,0,-3,-17,-2,-17,-1,-18,-1,-18,0,-19,1,-19,3,-19,3,-19,3,-19,5,-19,4,-18,4,-17,4,-17,4,-16,3,-16,2,-16,2,-16,1,-17,0,-16,0,-16,0,-17,-1,-16,0,-17,-1,-17,-1,-16,-1,-16,0,0,-14,-25,-14,-25,-13,-23,-13,-21,-13,-20,-13,-19,-13,-18,-13,-17,-13,-15,-14,-13,-14,-13,-14,-12,-15,-11,-14,-10,-15,-10,-14,-10,-14,-9,-14,-9,-14,-9,-13,-9,-12,-9,-12,-8,-11,-8,-11,-8,-10,-8,-9,-8,-9,-8,-8,-8,0,0,0,0,0,0,0,0,0,0,0,0,0,0,-22,-23,-19,-25,-17,-27,-15,-28,-15,-30,-13,-30,-12,-33,-11,-33,-9,-34,-8,-35,-7,-34,-7,-35,-6,-34,-6,-32,-6,-32,-7,-30,-7,-30,-8,-29,-8,-29,-9,-29,-10,-28,-12,-28,-12,-28,-13,-28,-13,-28,-15,-27,-15,-26,-14,-27]"
618047102625000,28.651776600,91025,1882096533,-51,-98,6,0,1,7,0,0,256,0,0,"[0,0,2,14,2,15,2,13,2,13,2,12,3,11,3,10,4,10,3,10,4,9,4,8,4,8,5,8,5,7,5,7,4,6,5,7,4,6,4,6,4,6,4,5,4,6,4,5,3,6,3,5,2,5,0,0,0,0,0,0,0,0,0,0,0,0,0,0,0,0,0,0,0,0,0,0,4,16,3,17,2,18,2,18,1,19,0,18,-1,19,-2,19,-2,19,-3,19,-3,18,-3,17,-3,17,-2,16,-2,16,-1,16,-1,15,-1,16,0,15,1,15,1,16,2,16,2,16,2,16,2,16,2,15,0,0,13,25,13,23,13,22,12,21,13,20,13,18,13,17,13,16,13,14,12,13,13,12,13,11,13,10,14,10,14,9,14,9,13,8,13,9,12,8,12,8,11,8,11,7,10,7,9,7,9,7,8,7,8,8,7,8,0,0,0,0,0,0,0,0,0,0,0,0,0,0,21,21,19,24,17,25,16,27,15,27,14,30,12,30,12,32,10,32,9,34,8,33,7,33,6,33,6,32,6,31,6,29,7,30,8,27,8,28,9,27,10,27,11,26,12,26,13,26,13,26,13,26,14,26,14,26]"
618047124705700,28.673857300,91026,1882118094,-51,-98,6,0,1,7,0,0,256,0,0,"[0,0,15,1,14,0,13,0,13,0,12,0,11,-1,11,-1,10,-2,10,-2,10,-3,10,-3,9,-4,8,-4,8,-4,8,-4,8,-4,7,-4,7,-4,7,-4,7,-4,7,-4,6,-3,6,-3,5,-3,6,-3,5,-2,0,0,0,0,0,0,0,0,0,0,0,0,0,0,0,0,0,0,0,0,0,0,17,0,17,2,17,2,18,3,18,4,18,5,18,6,18,7,18,7,17,7,16,7,16,7,15,7,15,6,15,6,15,5,15,5,15,4,15,4,15,3,15,3,15,2,16,2,15,1,16,1,15,1,0,0,26,-7,25,-8,25,-7,23,-8,22,-9,20,-9,19,-9,18,-9,17,-10,15,-10,14,-11,14,-12,13,-11,13,-12,12,-12,12,-12,11,-11,11,-12,11,-11,10,-11,10,-10,10,-10,9,-9,9,-9,9,-8,9,-8,8,-6,9,-6,0,0,0,0,0,0,0,0,0,0,0,0,0,0,26,-16,28,-14,29,-11,31,-9,30,-8,32,-6,32,-5,35,-4,34,-2,35,-1,34,0,33,1,33,1,32,1,31,1,30,0,30,0,29,-1,30,-2,28,-2,29,-4,29,-4,29,-5,29,-6,28,-7,28,-8,28,-8,28,-9]"
618047145581600,28.694733200,91027,1882137421,-51,-98,6,0,1,7,0,0,256,0,0,"[0,0,-14,6,-13,6,-13,5,-12,6,-11,6,-10,6,-10,6,-9,6,-9,6,-8,6,-8,6,-7,6,-7,6,-6,6,-6,6,-6,6,-5,6,-5,6,-5,6,-5,6,-5,5,-5,5,-4,5,-5,5,-5,4,-5,4,0,0,0,0,0,0,0,0,0,0,0,0,0,0,0,0,0,0,0,0,0,0,-14,9,-16,8,-16,8,-17,7,-17,6,-19,6,-19,5,-19,4,-19,3,-18,3,-19,2,-18,2,-17,2,-16,2,-16,2,-16,3,-16,4,-15,4,-16,5,-15,6,-15,6,-15,6,-15,6,-15,6,-14,7,-14,7,0,0,-22,17,-21,17,-19,17,-18,17,-17,16,-16,16,-14,15,-14,15,-12,15,-11,15,-11,15,-10,15,-9,14,-8,14,-8,15,-7,14,-6,14,-6,14,-6,14,-6,13,-6,13,-6,12,-7,12,-7,11,-6,9,-6,10,-7,9,-7,8,0,0,0,0,0,0,0,0,0,0,0,0,0,0,-18,24,-21,23,-23,21,-24,20,-25,21,-26,19,-29,19,-31,18,-31,17,-33,15,-32,14,-33,13,-33,11,-31,11,-29,9,-28,11,-27,11,-27,12,-26,13,-26,14,-25,15,-24,16,-25,16,-24,17,-25,18,-25,18,-24,17,-23,17]"
618047168043300,28.717194900,91028,1882158167,-51,-98,6,0,1,7,0,0,256,0,0,"[0,0,-8,-14,-8,-13,-8,-13,-7,-12,-7,-12,-7,-10,-8,-10,-7,-9,-7,-8,-7,-8,-8,-7,-8,-7,-8,-7,-8,-7,-8,-6,-8,-6,-8,-6,-7,-5,-7,-5,-7,-5,-7,-5,-6,-5,-6,-5,-5,-5,-5,-5,-5,-5,0,0,0,0,0,0,0,0,0,0,0,0,0,0,0,0,0,0,0,0,0,0,-11,-14,-11,-15,-10,-15,-9,-16,-9,-17,-8,-18,-8,-18,-7,-19,-6,-19,-6,-19,-5,-18,-5,-18,-5,-17,-5,-17,-5,-16,-6,-16,-6,-15,-6,-16,-7,-15,-8,-15,-8,-15,-8,-15,-8,-15,-8,-15,-9,-14,-8,-14,0,0,-21,-20,-20,-19,-20,-19,-18,-17,-19,-16,-18,-14,-18,-13,-18,-12,-17,-11,-17,-10,-17,-9,-16,-8,-17,-7,-17,-7,-16,-6,-16,-6,-16,-5,-16,-5,-15,-5,-15,-5,-14,-5,-14,-5,-13,-6,-12,-6,-12,-6,-11,-6,-10,-6,-10,-6,0,0,0,0,0,0,0,0,0,0,0,0,0,0,-27,-15,-26,-17,-25,-20,-25,-21,-24,-23,-23,-24,-23,-26,-22,-28,-21,-28,-20,-29,-19,-30,-18,-29,-17,-30,-16,-29,-15,-28,-15,-27,-17,-27,-17,-25,-17,-25,-18,-24,-19,-23,-20,-23,-20,-23,-21,-22,-21,-21,-21,-22,-21,-21,-21,-22]"
618047184370200,28.733521800,91029,1882176888,-51,-98,6,0,1,7,0,0,256,0,0,"[0,0,13,-7,12,-8,11,-7,11,-7,10,-7,10,-7,9,-7,8,-7,7,-7,7,-8,7,-8,6,-8,5,-8,5,-8,5,-8,5,-8,5,-8,5,-8,4,-7,4,-7,4,-7,4,-6,3,-6,4,-6,3,-6,4,-5,0,0,0,0,0,0,0,0,0,0,0,0,0,0,0,0,0,0,0,0,0,0,14,-11,15,-10,15,-9,16,-8,17,-8,18,-7,18,-6,19,-5,19,-5,18,-5,18,-4,17,-4,16,-4,16,-4,16,-4,15,-5,15,-5,15,-6,14,-6,14,-7,14,-7,14,-7,14,-8,14,-8,13,-8,13,-8,0,0,18,-21,17,-20,17,-21,15,-19,14,-18,13,-19,12,-18,10,-18,9,-17,8,-17,7,-17,7,-17,6,-17,5,-17,4,-17,4,-17,4,-16,4,-17,4,-16,4,-15,4,-15,4,-13,4,-12,4,-12,4,-12,4,-11,4,-10,6,-10,0,0,0,0,0,0,0,0,0,0,0,0,0,0,13,-28,16,-26,18,-25,20,-25,21,-24,23,-24,24,-23,27,-23,27,-21,28,-20,29,-19,28,-18,28,-17,28,-16,27,-16,25,-16,25,-17,23,-16,24,-18,22,-18,22,-19,21,-20,21,-21,21,-21,21,-21,20,-22,20,-22,20,-22]"
618047204397900,28.753549500,91030,1882196541,-51,-98,6,0,1,7,0,0,256,0,0,"[0,0,-12,9,-11,9,-11,9,-11,8,-10,8,-9,8,-8,8,-8,8,-7,8,-7,8,-6,8,-5,8,-5,8,-4,8,-4,8,-4,8,-4,8,-4,7,-4,7,-4,7,-4,6,-3,6,-4,6,-3,5,-4,5,-4,5,0,0,0,0,0,0,0,0,0,0,0,0,0,0,0,0,0,0,0,0,0,0,-13,12,-14,11,-14,11,-15,10,-16,10,-18,9,-18,8,-19,7,-18,7,-18,7,-18,6,-17,6,-17,6,-16,6,-16,6,-15,7,-15,7,-15,7,-15,8,-14,8,-14,8,-14,9,-14,9,-13,9,-13,10,-13,10,0,0,-13,24,-12,24,-11,23,-10,22,-9,22,-8,21,-7,20,-6,20,-5,19,-4,18,-3,18,-2,17,-1,17,-1,16,0,17,1,16,1,16,0,16,0,15,0,15,0,14,-1,13,-1,13,-1,12,-1,12,-2,11,-2,11,-3,10,0,0,0,0,0,0,0,0,0,0,0,0,0,0,-6,30,-10,30,-12,28,-14,28,-15,29,-16,28,-18,28,-21,28,-22,27,-24,26,-24,25,-24,24,-24,24,-23,23,-23,22,-21,22,-21,22,-19,23,-18,23,-18,23,-17,24,-16,25,-16,25,-14,26,-15,26,-14,26,-13,26,-13,25]"
618047224074100,28.773225700,91031,1882217018,-51,-98,6,0,1,7,0,0,256,0,0,"[0,0,-11,9,-10,9,-10,8,-9,8,-9,8,-8,8,-7,7,-6,8,-6,8,-6,7,-5,8,-4,7,-4,7,-3,7,-4,8,-3,7,-3,7,-3,7,-3,7,-3,6,-3,6,-3,6,-3,6,-3,5,-3,5,-3,4,0,0,0,0,0,0,0,0,0,0,0,0,0,0,0,0,0,0,0,0,0,0,-11,12,-12,11,-13,11,-13,10,-14,10,-16,9,-16,9,-16,8,-17,8,-16,7,-16,6,-15,6,-15,6,-14,6,-14,7,-14,7,-14,7,-13,8,-13,8,-12,9,-12,9,-12,9,-12,9,-11,10,-11,10,-11,9,0,0,-19,21,-18,21,-16,20,-16,20,-14,18,-13,20,-12,17,-11,18,-10,16,-9,15,-7,15,-7,16,-6,17,-4,15,-5,15,-5,16,-4,16,-4,15,-5,15,-5,14,-4,13,-4,13,-4,13,-4,12,-4,10,-4,9,-5,10,-5,10,0,0,0,0,0,0,0,0,0,0,0,0,0,0,-14,28,-18,25,-19,25,-21,24,-23,24,-22,24,-26,23,-28,21,-29,21,-30,20,-30,19,-30,18,-29,17,-28,16,-27,17,-26,16,-26,16,-24,17,-24,18,-24,18,-23,19,-23,21,-22,21,-20,21,-22,21,-19,22,-20,22,-20,22]"
618047244187500,28.793339100,91032,1882236976,-51,-98,6,0,1,7,0,0,256,0,0,"[0,0,14,-6,13,-6,12,-5,12,-5,11,-5,10,-5,10,-6,9,-6,9,-6,8,-7,8,-6,7,-6,7,-6,6,-7,6,-7,6,-7,6,-7,5,-6,5,-6,5,-6,5,-6,5,-5,4,-5,4,-5,5,-4,5,-4,0,0,0,0,0,0,0,0,0,0,0,0,0,0,0,0,0,0,0,0,0,0,15,-8,16,-7,17,-7,17,-6,18,-5,19,-4,19,-3,19,-3,19,-2,18,-1,18,-1,18,-1,17,-1,16,-1,16,-1,16,-2,15,-3,16,-3,15,-3,15,-4,15,-5,15,-5,15,-6,15,-5,15,-6,15,-6,0,0,22,-17,21,-18,19,-16,19,-16,17,-16,16,-16,15,-16,14,-15,13,-15,11,-16,10,-16,10,-16,8,-15,7,-15,7,-16,7,-15,7,-16,6,-15,6,-15,7,-14,6,-13,7,-12,6,-12,6,-11,6,-11,6,-10,6,-10,6,-8,0,0,0,0,0,0,0,0,0,0,0,0,0,0,18,-25,20,-24,22,-22,23,-20,26,-21,25,-18,29,-19,29,-17,31,-16,32,-14,32,-13,33,-13,31,-12,30,-12,29,-11,28,-12,27,-11,27,-13,26,-13,27,-14,24,-14,24,-16,24,-16,24,-17,25,-18,23,-18,23,-19,23,-18]"
618047264690200,28.813841800,91033,1882260631,-51,-98,6,0,1,7,0,0,256,0,0,"[0,0,-15,-5,-14,-4,-14,-4,-13,-3,-12,-4,-12,-3,-11,-3,-11,-2,-11,-2,-10,-1,-10,0,-9,0,-10,0,-9,1,-9,1,-9,1,-9,1,-8,1,-8,1,-8,0,-8,0,-7,0,-7,0,-7,0,-7,0,-7,0,0,0,0,0,0,0,0,0,0,0,0,0,0,0,0,0,0,0,0,0,0,0,-17,-2,-18,-3,-17,-4,-18,-5,-18,-6,-18,-7,-17,-8,-18,-10,-17,-10,-16,-10,-16,-9,-16,-9,-15,-9,-15,-8,-15,-8,-15,-7,-15,-7,-15,-7,-15,-7,-15,-6,-15,-6,-15,-6,-16,-5,-15,-4,-16,-4,-16,-4,0,0,-29,-2,-28,-3,-26,-2,-25,-1,-24,-1,-22,0,-22,1,-20,2,-20,3,-18,3,-18,3,-18,4,-17,5,-17,6,-16,5,-16,5,-15,5,-15,5,-15,5,-15,5,-13,4,-13,4,-13,4,-12,3,-12,3,-12,2,-11,2,-12,0,0,0,0,0,0,0,0,0,0,0,0,0,0,0,-30,6,-31,3,-32,0,-33,-1,-32,-4,-32,-5,-33,-6,-34,-7,-34,-9,-34,-10,-33,-12,-32,-12,-31,-13,-30,-13,-30,-12,-29,-12,-30,-11,-28,-10,-28,-9,-29,-8,-29,-6,-29,-6,-29,-4,-30,-4,-30,-3,-29,-3,-29,-4,-30,-3]"
618047286943000,28.836094600,91034,1882278386,-51,-98,6,0,1,7,0,0,256,0,0,"[0,0,-8,-13,-8,-13,-7,-13,-8,-12,-8,-12,-8,-11,-7,-10,-8,-9,-7,-8,-8,-8,-7,-7,-8,-7,-8,-7,-8,-6,-8,-6,-8,-5,-8,-5,-8,-6,-8,-5,-7,-5,-7,-5,-7,-5,-6,-5,-6,-5,-6,-5,-5,-5,0,0,0,0,0,0,0,0,0,0,0,0,0,0,0,0,0,0,0,0,0,0,-10,-15,-10,-16,-9,-16,-8,-17,-8,-18,-7,-19,-6,-19,-6,-20,-5,-19,-4,-19,-4,-18,-4,-18,-4,-18,-4,-17,-4,-17,-5,-16,-5,-16,-6,-16,-6,-15,-7,-15,-7,-15,-8,-15,-8,-15,-8,-15,-8,-15,-8,-15,0,0,-24,-15,-24,-15,-23,-14,-22,-13,-21,-12,-21,-11,-20,-10,-20,-9,-19,-7,-19,-6,-19,-5,-18,-4,-18,-3,-17,-3,-18,-2,-17,-2,-17,-2,-17,-2,-17,-2,-15,-2,-15,-3,-14,-3,-14,-2,-13,-2,-12,-3,-11,-3,-12,-4,-11,-4,0,0,0,0,0,0,0,0,0,0,0,0,0,0,-30,-10,-29,-13,-27,-15,-26,-16,-28,-18,-26,-19,-27,-22,-26,-23,-26,-25,-25,-27,-23,-26,-23,-28,-22,-27,-21,-26,-20,-25,-20,-23,-20,-22,-22,-22,-21,-20,-23,-21,-23,-20,-24,-19,-24,-19,-25,-18,-25,-18,-26,-17,-25,-16,-25,-16]"
618047306190100,28.855341700,91035,1882296479,-51,-98,6,0,1,7,0,0,256,0,0,"[0,0,2,-15,1,-14,1,-14,1,-13,0,-13,0,-12,-1,-12,-1,-11,-1,-11,-1,-11,-2,-10,-3,-10,-3,-10,-3,-9,-3,-9,-3,-9,-4,-8,-3,-9,-3,-8,-3,-8,-3,-8,-2,-8,-2,-7,-2,-7,-2,-6,-2,-7,0,0,0,0,0,0,0,0,0,0,0,0,0,0,0,0,0,0,0,0,0,0,1,-17,2,-18,3,-18,3,-18,4,-18,6,-18,6,-18,7,-18,7,-18,8,-17,8,-16,8,-16,8,-16,7,-15,6,-15,5,-15,5,-15,4,-15,4,-16,3,-16,3,-16,2,-16,2,-16,2,-16,2,-16,2,-16,0,0,-8,-27,-8,-27,-7,-26,-7,-24,-8,-23,-8,-22,-9,-21,-9,-19,-9,-18,-10,-16,-10,-16,-11,-16,-11,-15,-12,-14,-12,-13,-12,-14,-11,-13,-12,-12,-12,-12,-11,-12,-10,-11,-9,-11,-9,-11,-8,-11,-7,-10,-7,-10,-6,-10,-5,-10,0,0,0,0,0,0,0,0,0,0,0,0,0,0,-15,-28,-12,-30,-9,-30,-9,-31,-6,-32,-5,-33,-5,-34,-3,-35,-1,-36,0,-36,2,-35,1,-34,2,-34,3,-33,2,-32,2,-31,0,-32,1,-30,0,-30,-2,-29,-3,-30,-4,-30,-6,-29,-6,-30,-6,-29,-6,-30,-7,-29,-7,-30]"
618047324519500,28.873671100,91036,1882319127,-51,-98,6,0,1,7,0,0,256,0,0,"[0,0,-7,13,-7,12,-7,12,-6,11,-5,12,-5,11,-4,10,-4,10,-3,10,-3,9,-2,9,-1,9,-1,9,-1,9,-1,8,-1,8,0,8,-1,8,0,8,-1,7,-1,7,-1,7,-1,6,-1,6,-1,6,-1,6,0,0,0,0,0,0,0,0,0,0,0,0,0,0,0,0,0,0,0,0,0,0,-7,15,-8,16,-8,15,-9,16,-11,16,-12,16,-12,15,-13,15,-14,13,-13,13,-13,13,-13,12,-13,12,-12,12,-12,12,-11,12,-11,12,-10,12,-10,13,-9,13,-8,13,-9,14,-8,14,-8,14,-8,14,-8,14,0,0,-5,28,-5,26,-5,25,-4,24,-3,23,-2,22,-1,21,-1,20,0,19,1,18,2,18,3,17,3,16,3,16,4,15,4,16,4,15,4,15,4,14,4,14,3,14,3,13,2,12,2,11,2,12,2,11,1,11,0,11,0,0,0,0,0,0,0,0,0,0,0,0,0,0,2,29,-1,31,-4,31,-5,31,-6,32,-8,32,-10,32,-12,33,-13,32,-15,32,-16,31,-16,30,-17,29,-17,28,-15,27,-15,27,-14,27,-12,26,-12,27,-11,27,-10,28,-9,28,-8,28,-7,29,-7,29,-7,29,-6,29,-6,28]"
618047343556000,28.892707600,91037,1882337006,-51,-98,6,0,1,7,0,0,256,0,0,"[0,0,13,7,12,6,12,6,11,5,11,5,11,4,10,4,10,3,10,2,10,2,9,1,9,1,9,1,9,0,8,0,9,-1,8,0,8,-1,8,-1,8,0,8,0,7,0,6,0,6,0,6,0,5,1,0,0,0,0,0,0,0,0,0,0,0,0,0,0,0,0,0,0,0,0,0,0,15,6,16,7,15,7,15,8,15,9,15,11,14,11,13,13,13,13,12,12,12,12,12,12,12,12,12,11,12,11,12,10,12,10,12,9,12,9,12,8,13,8,13,7,14,8,14,7,13,7,13,7,0,0,27,3,27,2,26,2,25,2,23,0,22,0,22,-1,21,-2,19,-2,19,-3,18,-4,17,-4,17,-5,16,-6,16,-6,15,-6,15,-6,15,-6,14,-6,14,-5,13,-5,13,-5,13,-4,12,-4,11,-3,11,-3,11,-2,11,-1,0,0,0,0,0,0,0,0,0,0,0,0,0,0,30,-5,30,-1,31,1,31,2,32,4,31,5,33,7,32,9,32,10,32,12,32,12,31,14,29,14,29,14,28,13,27,13,27,12,28,9,27,9,28,8,27,7,28,6,29,5,30,5,30,4,29,4,29,4,29,3]"
618047362553200,28.911704800,91038,1882356806,-51,-98,6,0,1,7,0,0,256,0,0,"[0,0,8,12,7,12,7,10,7,10,7,10,7,9,7,8,7,8,6,7,7,6,7,6,7,6,7,5,7,4,7,4,7,4,7,4,7,4,7,4,7,3,6,4,5,4,5,4,5,4,5,4,4,3,0,0,0,0,0,0,0,0,0,0,0,0,0,0,0,0,0,0,0,0,0,0,11,12,10,13,10,14,9,14,9,16,8,16,7,17,7,17,6,17,5,17,5,17,5,16,5,16,5,16,5,15,5,15,5,14,6,14,7,14,7,14,7,13,8,13,8,13,8,13,8,13,8,12,0,0,20,19,20,17,19,16,18,15,18,14,17,14,17,13,16,11,17,10,16,9,16,7,16,6,17,5,16,5,16,4,16,4,16,4,15,4,14,4,14,5,13,5,12,4,12,4,12,4,11,4,10,5,10,5,9,5,0,0,0,0,0,0,0,0,0,0,0,0,0,0,27,12,26,16,25,17,24,20,23,21,22,22,22,25,21,26,19,28,17,30,17,30,17,29,17,28,17,27,16,26,16,26,16,25,16,23,17,23,18,23,18,22,18,22,18,22,20,22,21,21,22,19,22,19,21,19]"
618047390199300,28.939350900,91039,1882383995,-51,-98,6,0,1,7,0,0,256,0,0,"[0,0,3,15,4,14,4,13,3,12,4,12,4,11,4,10,4,10,4,9,5,9,5,7,5,7,5,7,5,7,5,7,5,6,6,7,5,6,5,6,5,5,4,5,4,6,4,5,4,5,3,4,3,4,0,0,0,0,0,0,0,0,0,0,0,0,0,0,0,0,0,0,0,0,0,0,6,16,5,16,5,17,4,17,3,18,2,18,1,19,0,19,0,19,-1,19,-1,18,0,18,-1,17,0,17,0,16,0,16,1,15,1,16,2,15,2,16,3,15,3,16,3,16,4,15,4,15,4,14,0,0,17,22,17,21,16,19,15,18,16,18,15,16,15,15,15,14,15,12,14,11,15,10,15,9,15,8,15,7,15,7,15,7,14,6,15,7,14,6,13,6,13,6,12,6,11,5,11,5,10,5,9,6,9,6,8,6,0,0,0,0,0,0,0,0,0,0,0,0,0,0,23,17,22,21,20,22,20,24,18,25,18,27,17,28,16,31,15,31,14,32,12,32,11,31,11,31,11,29,10,29,10,28,11,28,11,26,12,26,13,25,14,25,15,24,16,25,16,24,16,24,18,24,18,23,18,23]"
618047403699000,28.952850600,91040,1882398097,-51,-98,6,0,1,7,0,0,256,0,0,"[0,0,4,14,4,13,4,13,3,12,4,12,4,11,4,10,5,10,5,8,5,8,5,8,5,8,5,7,6,7,5,6,5,6,5,6,5,6,5,5,5,6,5,5,4,5,4,5,3,5,3,5,3,4,0,0,0,0,0,0,0,0,0,0,0,0,0,0,0,0,0,0,0,0,0,0,6,15,6,16,4,16,4,17,3,17,2,18,2,18,1,18,1,18,0,18,-1,18,-1,17,-1,17,-1,16,0,16,1,15,1,16,1,15,2,15,3,15,3,15,4,15,3,15,4,15,4,15,4,15,0,0,18,21,17,20,17,20,16,18,16,17,16,15,16,14,16,13,15,12,15,10,15,9,16,9,15,8,15,8,15,7,15,7,15,6,15,7,14,6,14,6,13,6,12,6,11,6,11,6,10,6,9,6,8,6,8,7,0,0,0,0,0,0,0,0,0,0,0,0,0,0,25,16,23,20,21,21,21,23,20,24,19,27,18,28,18,30,17,30,16,30,14,31,13,31,12,30,12,29,11,29,11,28,13,27,12,26,13,27,14,25,16,25,16,23,17,23,18,23,18,23,18,23,19,23,19,22]"
618047424599800,28.973751400,91041,1882416844,-51,-98,6,0,1,7,0,0,256,0,0,"[0,0,-10,11,-10,11,-9,10,-9,10,-7,10,-7,10,-6,9,-6,9,-5,9,-5,9,-4,9,-3,8,-3,8,-3,8,-3,9,-3,8,-2,8,-2,8,-2,8,-2,7,-2,7,-2,6,-2,6,-2,6,-2,6,-2,5,0,0,0,0,0,0,0,0,0,0,0,0,0,0,0,0,0,0,0,0,0,0,-10,13,-11,13,-12,13,-13,12,-14,13,-15,12,-15,11,-16,10,-16,10,-16,10,-16,9,-16,8,-15,8,-14,8,-14,9,-14,9,-13,9,-13,10,-12,10,-11,10,-11,11,-11,11,-12,12,-11,12,-10,12,-10,11,0,0,-26,51,-22,50,-20,48,-20,45,-18,45,-16,42,-16,41,-13,39,-11,39,-8,37,-4,37,-2,37,-1,35,-2,35,1,35,1,34,1,32,0,33,1,30,0,31,-2,28,-2,28,-2,26,-2,25,-1,24,-3,23,-5,22,-6,20,0,0,0,0,0,0,0,0,0,0,0,0,0,0,-9,60,-15,61,-20,59,-26,59,-27,58,-31,58,-36,58,-39,58,-44,55,-48,53,-47,51,-46,50,-45,49,-45,48,-42,47,-40,46,-41,47,-36,47,-36,48,-34,47,-32,50,-32,49,-33,51,-31,52,-28,51,-25,53,-23,54,-25,53]"
618047445148800,28.994300400,91042,1882436532,-51,-98,6,0,1,7,0,0,256,0,0,"[0,0,-3,-15,-4,-15,-4,-14,-3,-13,-4,-13,-4,-12,-4,-12,-4,-11,-5,-10,-5,-10,-5,-9,-5,-9,-6,-8,-6,-8,-6,-7,-6,-7,-6,-7,-6,-7,-6,-7,-5,-7,-5,-7,-4,-7,-4,-7,-4,-6,-4,-6,-3,-6,0,0,0,0,0,0,0,0,0,0,0,0,0,0,0,0,0,0,0,0,0,0,-6,-16,-5,-17,-4,-18,-4,-18,-3,-19,-2,-20,-1,-19,0,-19,1,-19,1,-19,1,-18,1,-18,1,-18,1,-17,0,-17,0,-16,-1,-16,-1,-16,-2,-16,-2,-17,-2,-16,-3,-17,-3,-16,-4,-16,-4,-16,-4,-16,0,0,-15,-25,-14,-24,-14,-23,-13,-21,-13,-20,-14,-18,-14,-18,-14,-16,-14,-16,-14,-14,-15,-13,-14,-12,-15,-12,-15,-11,-15,-11,-14,-10,-15,-9,-14,-10,-13,-9,-13,-9,-12,-9,-12,-9,-11,-8,-11,-9,-10,-9,-9,-9,-8,-9,-8,-8,0,0,0,0,0,0,0,0,0,0,0,0,0,0,-22,-21,-21,-24,-19,-26,-18,-27,-16,-28,-16,-29,-15,-31,-14,-32,-12,-33,-11,-34,-9,-35,-9,-33,-8,-32,-8,-32,-8,-31,-9,-31,-9,-30,-9,-29,-9,-29,-10,-28,-12,-27,-12,-28,-13,-27,-14,-28,-14,-26,-15,-26,-15,-26,-15,-27]"
618047465471700,29.014623300,91043,1882456804,-51,-98,6,0,1,7,0,0,256,0,0,"[0,0,-11,11,-10,11,-10,10,-9,10,-8,9,-8,9,-7,9,-6,9,-6,9,-5,9,-5,8,-4,8,-3,8,-3,8,-3,8,-3,8,-2,8,-3,8,-3,8,-3,7,-3,7,-3,7,-3,6,-3,6,-3,5,-3,5,0,0,0,0,0,0,0,0,0,0,0,0,0,0,0,0,0,0,0,0,0,0,-10,13,-11,13,-12,13,-12,13,-14,13,-14,12,-15,11,-16,10,-16,10,-17,9,-16,9,-15,9,-15,8,-14,9,-14,8,-14,9,-13,9,-13,9,-12,10,-12,10,-12,10,-12,11,-12,11,-11,11,-11,11,-11,11,0,0,-11,26,-10,26,-9,23,-9,23,-8,22,-7,21,-6,21,-5,20,-4,20,-3,19,-2,18,-1,18,0,17,0,16,1,17,1,16,1,16,1,16,1,15,0,15,0,14,-1,14,-1,13,-1,12,-1,12,-1,11,-2,11,-3,10,0,0,0,0,0,0,0,0,0,0,0,0,0,0,-2,30,-6,30,-9,29,-10,29,-12,30,-13,29,-15,31,-18,29,-18,29,-20,29,-21,27,-22,28,-22,26,-21,25,-20,24,-19,24,-18,24,-17,25,-16,24,-16,26,-15,24,-13,26,-13,26,-13,27,-13,28,-11,27,-11,27,-11,27]"
618047484315200,29.033466800,91044,1882476591,-51,-98,6,0,1,7,0,0,256,0,0,"[0,0,-16,3,-15,2,-14,2,-14,2,-13,2,-12,3,-11,3,-11,3,-10,4,-10,4,-10,4,-9,4,-8,4,-8,5,-8,5,-8,5,-7,5,-7,4,-7,4,-7,4,-7,4,-6,3,-6,4,-6,3,-6,2,-6,2,0,0,0,0,0,0,0,0,0,0,0,0,0,0,0,0,0,0,0,0,0,0,-17,4,-18,3,-18,2,-19,1,-19,0,-20,0,-20,-1,-20,-2,-20,-2,-18,-3,-18,-4,-18,-4,-17,-3,-17,-3,-17,-3,-16,-2,-17,-1,-16,-1,-16,0,-16,1,-17,1,-16,1,-16,2,-16,2,-16,2,-16,2,0,0,-24,14,-23,14,-21,14,-21,14,-19,13,-18,13,-17,13,-16,13,-15,13,-14,13,-12,14,-12,14,-10,14,-10,14,-10,14,-9,14,-9,13,-9,13,-9,13,-9,12,-9,11,-9,11,-8,10,-8,10,-8,9,-8,8,-8,8,-8,7,0,0,0,0,0,0,0,0,0,0,0,0,0,0,-21,22,-23,19,-25,18,-26,16,-27,16,-28,15,-30,14,-32,12,-32,11,-34,9,-33,8,-34,8,-32,7,-32,7,-30,7,-29,7,-28,8,-28,9,-27,9,-28,10,-27,11,-26,12,-26,13,-26,14,-26,14,-25,15,-25,15,-25,15]"
618047514737900,29.063889500,91045,1882497698,-51,-98,6,0,1,7,0,0,256,0,0,"[0,0,-11,-11,-11,-11,-10,-10,-10,-9,-10,-9,-10,-9,-10,-8,-9,-7,-10,-6,-9,-6,-9,-5,-9,-5,-10,-4,-9,-4,-9,-3,-9,-4,-9,-3,-9,-3,-8,-3,-8,-3,-8,-3,-7,-3,-7,-3,-6,-4,-7,-3,-6,-3,0,0,0,0,0,0,0,0,0,0,0,0,0,0,0,0,0,0,0,0,0,0,-14,-11,-14,-11,-14,-13,-13,-14,-13,-15,-12,-15,-12,-16,-11,-16,-10,-17,-9,-17,-9,-16,-9,-16,-9,-15,-9,-15,-9,-15,-10,-14,-9,-13,-10,-14,-10,-13,-10,-12,-11,-13,-12,-12,-12,-12,-12,-12,-12,-12,-11,-11,0,0,-25,-11,-26,-11,-25,-10,-23,-9,-22,-9,-22,-7,-21,-6,-21,-6,-19,-4,-19,-3,-19,-3,-18,-2,-18,-1,-17,0,-17,0,-17,0,-16,1,-16,0,-16,0,-15,0,-15,0,-14,0,-14,-1,-13,-1,-12,-1,-11,-2,-12,-2,-11,-3,0,0,0,0,0,0,0,0,0,0,0,0,0,0,-30,-5,-30,-9,-29,-11,-28,-12,-30,-14,-29,-15,-29,-17,-28,-20,-28,-19,-28,-22,-27,-22,-26,-23,-25,-23,-23,-22,-23,-22,-22,-21,-23,-19,-24,-18,-24,-17,-24,-17,-25,-16,-26,-14,-26,-15,-26,-14,-27,-14,-27,-14,-27,-13,-26,-13]"
618047527886000,29.077037600,91046,1882517198,-51,-98,6,0,1,7,0,0,256,0,0,"[0,0,-15,-6,-14,-5,-13,-5,-13,-4,-13,-4,-12,-3,-12,-3,-11,-2,-11,-1,-11,-1,-10,-1,-10,-1,-10,0,-10,0,-10,0,-9,1,-9,1,-9,1,-9,0,-9,0,-8,0,-8,0,-8,0,-7,-1,-7,0,-7,-1,0,0,0,0,0,0,0,0,0,0,0,0,0,0,0,0,0,0,0,0,0,0,-17,-4,-17,-5,-17,-6,-17,-7,-17,-8,-18,-9,-17,-10,-16,-11,-16,-11,-15,-11,-15,-11,-15,-11,-14,-11,-14,-11,-14,-10,-14,-9,-15,-9,-15,-8,-15,-8,-15,-7,-15,-7,-15,-6,-16,-6,-15,-6,-15,-6,-15,-6,0,0,-29,4,-28,1,-27,1,-24,3,-23,3,-23,3,-21,4,-20,5,-19,5,-18,7,-17,7,-17,8,-16,8,-15,8,-15,9,-15,8,-15,9,-14,8,-14,8,-13,8,-13,7,-13,6,-13,6,-12,5,-11,5,-11,5,-11,4,-11,3,0,0,0,0,0,0,0,0,0,0,0,0,0,0,-28,10,-30,7,-30,5,-31,3,-32,1,-32,-1,-34,-2,-35,-3,-34,-6,-35,-6,-33,-8,-34,-8,-32,-7,-32,-7,-31,-7,-29,-6,-29,-6,-29,-6,-29,-5,-29,-3,-29,-2,-30,-2,-30,0,-30,0,-30,1,-29,2,-29,2,-30,2]"
618047549476000,29.098627600,91047,1882538248,-51,-98,6,0,1,7,0,0,256,0,0,"[0,0,9,-12,8,-12,7,-12,7,-11,7,-11,6,-11,5,-11,4,-10,4,-10,3,-10,3,-10,2,-10,2,-10,1,-9,2,-9,1,-9,1,-9,1,-9,1,-8,1,-8,1,-8,1,-8,1,-8,1,-7,1,-7,2,-6,0,0,0,0,0,0,0,0,0,0,0,0,0,0,0,0,0,0,0,0,0,0,9,-15,9,-14,10,-14,11,-14,12,-14,13,-13,14,-12,14,-12,15,-12,15,-11,14,-10,14,-10,13,-10,13,-10,12,-10,12,-11,11,-11,12,-11,11,-12,10,-12,10,-12,10,-13,10,-13,9,-13,9,-13,9,-13,0,0,14,-52,14,-52,13,-51,11,-48,10,-46,7,-45,5,-43,3,-40,3,-40,0,-38,-2,-38,-4,-36,-5,-35,-5,-35,-6,-34,-7,-34,-7,-32,-6,-33,-6,-31,-6,-30,-5,-29,-4,-28,-4,-26,-3,-26,-3,-24,-1,-23,0,-22,1,-22,0,0,0,0,0,0,0,0,0,0,0,0,0,0,1,-60,8,-61,12,-60,16,-60,20,-60,23,-59,26,-61,29,-62,33,-61,35,-61,37,-57,37,-56,36,-55,35,-53,34,-52,32,-51,30,-51,29,-50,28,-51,26,-51,24,-54,22,-55,20,-55,19,-56,17,-55,17,-56,15,-55,16,-57]"
618047564424800,29.113576400,91048,1882556654,-51,-98,6,0,1,7,0,0,256,0,0,"[0,0,14,2,13,2,13,1,13,1,12,1,11,1,11,0,10,-1,10,-1,10,-1,10,-2,9,-2,8,-2,9,-2,8,-3,8,-3,8,-3,8,-3,7,-3,8,-3,7,-2,7,-2,6,-2,6,-1,6,-1,6,-1,0,0,0,0,0,0,0,0,0,0,0,0,0,0,0,0,0,0,0,0,0,0,17,0,17,1,17,2,17,3,17,4,18,5,18,6,17,7,17,7,16,8,16,7,15,8,15,7,14,7,15,6,14,6,15,5,15,5,15,4,15,3,15,3,15,3,16,3,16,3,15,3,15,2,0,0,26,-6,26,-8,24,-8,23,-7,22,-7,21,-7,20,-8,19,-8,18,-9,16,-10,15,-10,14,-11,13,-11,13,-11,13,-12,12,-11,12,-11,12,-11,12,-10,12,-9,11,-9,11,-8,11,-8,10,-8,9,-7,9,-6,10,-6,9,-5,0,0,0,0,0,0,0,0,0,0,0,0,0,0,25,-16,26,-14,28,-12,28,-10,30,-9,30,-8,32,-6,33,-4,33,-3,34,0,33,1,33,1,32,0,32,1,30,0,30,0,29,0,28,-2,28,-2,29,-3,28,-4,28,-4,28,-4,28,-5,29,-6,28,-8,27,-8,28,-8]"
618047582686000,29.131837600,91049,1882576401,-51,-98,6,0,1,7,0,0,256,0,0,"[0,0,-1,13,-2,13,-1,13,-1,12,-1,11,0,11,0,10,1,10,1,9,1,9,1,8,2,8,3,8,2,8,2,8,2,7,3,7,3,7,2,7,2,6,2,6,2,6,2,6,1,6,1,5,1,5,0,0,0,0,0,0,0,0,0,0,0,0,0,0,0,0,0,0,0,0,0,0,0,15,-1,15,-2,16,-3,16,-4,16,-4,16,-5,16,-6,16,-7,16,-7,15,-7,15,-6,14,-6,14,-6,14,-6,14,-5,14,-4,14,-4,14,-3,14,-3,14,-3,14,-2,14,-3,14,-1,15,-1,14,-2,14,0,0,-3,27,-2,26,-2,24,-2,23,-1,23,0,22,0,21,2,20,2,18,3,18,3,17,4,17,4,16,5,15,5,15,6,15,7,15,5,14,5,14,5,14,4,13,3,13,3,12,4,12,2,10,3,11,1,11,0,9,0,0,0,0,0,0,0,0,0,0,0,0,0,0,5,30,2,31,-1,30,-2,31,-4,32,-6,32,-8,33,-8,33,-11,32,-11,33,-12,31,-14,31,-14,30,-13,29,-12,28,-12,27,-11,28,-10,27,-9,26,-9,28,-7,27,-6,28,-5,28,-4,29,-4,28,-4,28,-3,28,-2,27]"
618047604070400,29.153222000,91050,1882596605,-51,-98,6,0,1,7,0,0,256,0,0,"[0,0,12,9,11,8,11,7,11,7,10,7,10,6,10,5,10,4,9,4,9,3,9,3,9,3,8,2,8,2,9,2,8,1,8,1,8,1,8,1,8,1,7,1,7,2,7,2,6,1,6,1,5,1,0,0,0,0,0,0,0,0,0,0,0,0,0,0,0,0,0,0,0,0,0,0,14,8,14,9,14,10,13,11,13,12,13,13,13,13,12,14,12,14,10,14,10,14,10,14,10,13,9,13,10,12,10,12,10,11,11,11,11,11,12,10,12,10,12,9,13,10,12,10,12,9,12,9,0,0,53,15,52,12,50,11,47,11,46,10,44,7,42,7,41,4,38,2,38,0,37,-2,35,-3,34,-4,33,-5,34,-6,34,-6,32,-7,32,-6,31,-6,30,-5,28,-4,27,-4,26,-3,25,-3,23,-3,22,-1,23,0,22,2,0,0,0,0,0,0,0,0,0,0,0,0,0,0,59,-1,60,6,60,10,59,15,61,16,60,19,61,24,62,28,60,30,59,35,57,34,56,38,54,36,53,36,51,34,49,31,50,31,51,27,51,26,52,25,52,23,53,20,54,20,55,18,57,18,56,17,56,16,56,16]"
618047625136600,29.174288200,91051,1882619029,-51,-98,6,0,1,7,0,0,256,0,0,"[0,0,-5,14,-4,14,-4,13,-4,12,-4,12,-3,11,-2,11,-2,10,-2,10,-1,9,-1,9,0,9,0,9,1,8,1,8,1,8,1,8,1,8,0,8,0,8,0,7,0,7,0,7,0,6,0,6,-1,6,0,0,0,0,0,0,0,0,0,0,0,0,0,0,0,0,0,0,0,0,0,0,-3,16,-5,16,-5,17,-6,16,-7,17,-8,16,-9,16,-10,16,-10,15,-10,15,-10,15,-10,14,-9,14,-9,14,-9,14,-8,14,-8,14,-7,14,-7,14,-6,15,-6,15,-5,15,-6,15,-5,15,-5,15,-5,15,0,0,2,27,3,26,3,24,3,23,3,23,4,21,4,21,5,19,6,19,6,17,8,17,7,15,9,15,8,15,9,14,8,14,8,13,8,13,7,13,7,13,7,12,5,11,6,11,5,11,5,10,4,10,4,10,3,10,0,0,0,0,0,0,0,0,0,0,0,0,0,0,11,27,9,28,6,29,4,29,3,31,1,31,-1,33,-2,33,-4,33,-6,34,-7,33,-7,33,-6,32,-7,31,-6,30,-5,29,-5,29,-5,29,-4,29,-3,28,-2,29,0,29,-1,29,1,29,2,29,3,29,3,28,3,28]"
618047648170600,29.197322200,91052,1882640579,-51,-98,6,0,1,7,0,0,256,0,0,"[0,0,11,10,10,9,10,9,10,8,9,8,9,7,9,7,9,6,9,5,8,4,8,4,8,3,8,3,8,3,8,2,8,2,8,2,7,2,7,2,7,2,7,2,6,2,6,3,5,3,5,2,5,3,0,0,0,0,0,0,0,0,0,0,0,0,0,0,0,0,0,0,0,0,0,0,13,9,13,10,13,11,12,12,12,13,12,14,11,14,11,15,10,15,9,16,9,15,9,14,8,14,8,14,9,14,9,13,9,12,9,12,10,12,10,11,11,11,11,11,11,11,11,11,11,11,11,10,0,0,24,13,23,12,23,11,21,10,21,10,20,8,20,7,19,6,19,4,18,4,17,3,17,2,17,2,17,1,16,1,16,1,16,0,16,0,15,0,15,0,14,0,13,1,12,1,12,1,12,2,11,2,11,2,10,3,0,0,0,0,0,0,0,0,0,0,0,0,0,0,28,6,28,9,28,11,28,13,27,14,27,16,27,18,27,19,26,20,26,22,24,22,23,23,22,23,21,23,21,22,21,21,21,20,21,18,22,18,22,17,23,17,24,15,24,15,25,14,25,14,25,14,25,14,26,14]"
618047668841500,29.217993100,91053,1882658150,-51,-98,6,0,1,7,0,0,256,0,0,"[0,0,5,-14,4,-14,4,-14,4,-13,3,-12,3,-12,2,-12,2,-11,2,-11,1,-11,0,-10,-1,-10,-1,-10,-1,-10,-1,-10,-1,-9,-2,-9,-1,-9,-1,-9,0,-8,-1,-8,-1,-8,-1,-7,-1,-7,0,-6,0,-6,0,0,0,0,0,0,0,0,0,0,0,0,0,0,0,0,0,0,0,0,0,0,4,-17,5,-17,5,-17,7,-17,7,-17,9,-17,10,-16,10,-16,11,-15,11,-15,11,-15,10,-14,10,-14,9,-14,9,-14,8,-14,8,-14,8,-14,7,-14,7,-14,6,-15,6,-15,6,-15,5,-15,5,-15,5,-15,0,0,-1,-29,-2,-28,-2,-27,-2,-25,-2,-24,-4,-23,-4,-22,-5,-21,-5,-20,-6,-19,-7,-18,-7,-17,-8,-17,-8,-17,-8,-16,-9,-16,-8,-15,-8,-15,-8,-14,-7,-14,-7,-14,-6,-13,-6,-13,-5,-12,-5,-12,-4,-12,-3,-11,-3,-11,0,0,0,0,0,0,0,0,0,0,0,0,0,0,-9,-30,-6,-31,-4,-32,-3,-32,-1,-32,0,-33,2,-34,4,-35,5,-35,7,-35,8,-34,8,-34,9,-32,9,-31,8,-31,7,-30,6,-30,5,-29,5,-30,3,-30,3,-30,2,-30,1,-30,0,-31,0,-30,-1,-30,-1,-30,-1,-30]"
618047684042000,29.233193600,91054,1882676514,-51,-98,6,0,1,7,0,0,256,0,0,"[0,0,8,12,8,12,7,11,7,11,7,10,7,9,7,9,7,8,7,7,7,6,7,6,7,5,7,5,8,5,8,4,7,4,8,4,7,4,7,3,6,3,6,4,6,4,5,4,5,3,5,3,5,4,0,0,0,0,0,0,0,0,0,0,0,0,0,0,0,0,0,0,0,0,0,0,10,13,9,14,9,15,8,15,8,16,7,17,6,17,6,18,5,18,4,18,4,17,4,16,3,16,4,16,4,16,5,15,5,14,6,14,6,14,7,14,7,14,8,14,8,14,8,14,8,13,8,13,0,0,15,20,17,22,15,20,14,18,14,17,15,15,14,15,14,13,14,12,14,11,15,10,14,9,13,8,14,8,15,7,14,7,13,6,13,7,14,6,13,6,12,6,10,6,11,6,10,6,10,5,9,5,8,6,7,6,0,0,0,0,0,0,0,0,0,0,0,0,0,0,23,18,20,22,20,23,19,25,18,25,16,27,16,29,15,31,14,30,12,32,12,31,10,31,9,31,8,31,8,29,9,28,10,28,10,26,12,26,12,25,13,25,14,24,15,24,16,24,16,23,16,23,17,24,17,23]"
618047705254200,29.254405800,91055,1882696607,-50,-98,6,0,1,7,0,0,256,0,0,"[0,0,-8,12,-7,11,-7,11,-6,11,-5,11,-5,10,-5,10,-4,9,-3,9,-3,9,-2,9,-2,8,-1,8,-1,8,-1,8,-1,8,-1,8,-1,8,-1,7,-1,7,-1,7,-1,6,-1,6,-2,6,-2,5,-1,5,0,0,0,0,0,0,0,0,0,0,0,0,0,0,0,0,0,0,0,0,0,0,-7,14,-8,14,-8,14,-9,14,-10,14,-12,13,-12,13,-13,12,-13,12,-13,12,-13,11,-13,11,-12,11,-12,10,-11,10,-11,11,-11,11,-10,11,-10,11,-10,12,-9,12,-8,12,-9,13,-8,13,-8,13,-8,12,0,0,-21,50,-19,49,-15,49,-16,45,-14,43,-14,42,-12,41,-8,39,-7,38,-3,35,0,33,0,36,2,33,2,33,5,33,2,31,6,32,3,31,2,29,2,29,1,26,1,27,2,25,1,24,0,22,-2,21,-2,23,-4,20,0,0,0,0,0,0,0,0,0,0,0,0,0,0,-4,58,-12,61,-16,58,-21,59,-24,60,-26,61,-30,60,-36,60,-37,57,-42,55,-41,52,-41,53,-38,53,-41,48,-36,49,-34,49,-34,47,-32,47,-33,48,-31,48,-29,51,-25,52,-27,50,-24,52,-22,53,-19,56,-20,54,-20,54]"
618047724541100,29.273692700,91056,1882717464,-51,-98,6,0,1,7,0,0,256,0,0,"[0,0,2,14,2,14,2,13,3,13,3,12,3,11,3,11,4,10,4,9,4,9,4,8,5,8,5,7,5,7,5,6,5,6,5,7,5,6,5,6,4,6,4,6,4,6,3,6,3,5,3,5,3,4,0,0,0,0,0,0,0,0,0,0,0,0,0,0,0,0,0,0,0,0,0,0,4,16,3,17,3,17,1,17,1,18,0,18,-1,18,-1,19,-2,19,-3,18,-3,17,-3,17,-3,17,-2,16,-2,16,-1,16,-1,15,0,16,0,15,1,16,1,15,2,16,2,16,2,15,2,16,2,15,0,0,14,24,14,22,13,21,13,20,13,20,13,18,13,16,13,15,13,14,13,13,14,11,13,11,14,10,13,10,14,9,14,8,14,8,13,8,13,8,12,8,11,8,11,8,10,7,9,7,8,7,8,7,8,7,7,7,0,0,0,0,0,0,0,0,0,0,0,0,0,0,20,21,19,23,17,24,16,26,14,27,14,28,12,29,12,32,10,32,9,33,7,32,6,32,6,32,6,31,6,30,6,29,7,29,7,27,8,27,10,27,11,27,11,26,12,26,13,26,14,25,14,25,15,25,15,25]"
618047743695900,29.292847500,91057,1882736517,-51,-98,6,0,1,7,0,0,256,0,0,"[0,0,-15,3,-15,3,-14,3,-14,3,-13,3,-12,3,-11,3,-11,4,-10,4,-10,4,-9,4,-9,4,-9,5,-8,5,-8,5,-8,5,-7,5,-8,5,-7,5,-7,4,-7,4,-6,4,-6,3,-6,3,-6,3,-6,2,0,0,0,0,0,0,0,0,0,0,0,0,0,0,0,0,0,0,0,0,0,0,-17,4,-18,3,-18,2,-18,2,-19,1,-20,0,-19,-1,-20,-1,-20,-2,-19,-2,-18,-3,-18,-3,-18,-3,-17,-2,-17,-1,-17,-1,-17,-1,-17,0,-17,0,-16,1,-16,2,-16,2,-17,2,-16,2,-16,2,-16,3,0,0,-24,14,-24,14,-22,13,-21,14,-20,13,-18,13,-17,13,-17,13,-15,13,-14,14,-13,13,-12,13,-11,13,-10,13,-10,14,-9,13,-10,14,-9,13,-9,13,-9,12,-9,11,-8,11,-9,10,-8,9,-8,9,-8,8,-9,8,-9,7,0,0,0,0,0,0,0,0,0,0,0,0,0,0,-22,20,-24,18,-26,16,-26,15,-29,15,-28,14,-31,13,-32,11,-32,11,-34,9,-33,8,-34,6,-33,5,-32,5,-31,5,-29,6,-28,6,-29,8,-27,9,-29,9,-27,10,-26,13,-27,12,-26,13,-28,13,-27,13,-26,14,-26,13]"
618047762821500,29.311973100,91058,1882758372,-51,-98,6,0,1,7,0,0,256,0,0,"[0,0,-13,9,-12,9,-11,8,-11,8,-10,8,-9,8,-9,7,-8,7,-7,8,-8,8,-6,7,-6,7,-5,8,-5,7,-5,7,-5,7,-4,7,-4,7,-5,7,-5,7,-5,6,-4,6,-5,6,-4,5,-4,5,-4,4,0,0,0,0,0,0,0,0,0,0,0,0,0,0,0,0,0,0,0,0,0,0,-13,12,-13,11,-14,11,-14,10,-15,10,-17,9,-17,9,-18,8,-18,7,-18,6,-17,6,-17,6,-16,6,-16,6,-15,6,-15,7,-14,7,-15,7,-14,7,-14,8,-13,8,-14,9,-14,9,-13,9,-13,9,-13,9,0,0,-13,25,-12,24,-12,23,-11,22,-9,21,-8,20,-7,20,-6,19,-5,19,-4,18,-3,18,-2,17,-2,17,-1,17,0,17,-1,16,-1,16,-1,16,-1,16,-1,15,-1,14,-1,13,-1,13,-2,12,-2,12,-2,11,-3,11,-3,10,0,0,0,0,0,0,0,0,0,0,0,0,0,0,-5,29,-9,29,-11,28,-13,28,-14,28,-16,27,-18,28,-20,28,-21,27,-23,26,-23,25,-23,24,-23,23,-22,23,-22,22,-20,22,-20,23,-19,22,-18,22,-18,23,-16,24,-16,24,-15,24,-15,25,-14,26,-14,26,-13,26,-13,26]"
618047787004100,29.336155700,91059,1882776648,-51,-98,6,0,1,7,0,0,256,0,0,"[0,0,14,2,14,2,13,2,13,1,12,1,12,1,11,0,11,0,10,-1,10,-2,9,-2,9,-2,8,-3,8,-3,9,-3,8,-4,8,-3,8,-3,8,-3,7,-3,7,-2,6,-2,6,-2,6,-2,6,-2,5,-2,0,0,0,0,0,0,0,0,0,0,0,0,0,0,0,0,0,0,0,0,0,0,16,1,16,2,17,3,17,4,17,5,17,6,17,7,17,8,16,8,16,9,16,8,15,8,15,8,14,7,14,7,14,6,14,5,15,5,14,4,15,4,15,4,15,3,16,3,15,3,15,2,15,2,0,0,26,-9,25,-10,24,-10,22,-9,21,-10,20,-10,19,-10,18,-10,17,-10,15,-11,14,-12,13,-12,12,-12,12,-12,12,-12,12,-12,11,-12,11,-12,10,-11,10,-10,10,-10,10,-9,9,-9,9,-9,8,-8,8,-7,9,-6,9,-6,0,0,0,0,0,0,0,0,0,0,0,0,0,0,24,-17,26,-15,27,-13,29,-11,29,-11,30,-9,31,-7,34,-6,33,-5,34,-2,33,-2,33,-2,33,-1,31,-1,30,-1,30,-2,30,-3,28,-4,29,-4,28,-4,29,-6,28,-7,28,-8,28,-8,28,-9,28,-10,27,-10,28,-10]"
618047805618100,29.354769700,91060,1882796842,-51,-98,6,0,1,7,0,0,256,0,0,"[0,0,13,-8,11,-8,11,-8,11,-8,10,-8,9,-8,9,-8,8,-8,7,-8,7,-8,6,-8,5,-8,5,-9,5,-9,5,-8,5,-8,4,-8,4,-8,4,-8,4,-7,4,-7,4,-7,3,-6,3,-6,4,-6,4,-5,0,0,0,0,0,0,0,0,0,0,0,0,0,0,0,0,0,0,0,0,0,0,13,-11,14,-10,14,-9,15,-9,16,-8,17,-8,18,-6,18,-6,19,-5,17,-5,17,-5,16,-5,15,-5,15,-5,15,-5,15,-5,15,-6,14,-6,14,-7,14,-7,14,-7,14,-8,14,-8,13,-9,13,-9,13,-9,0,0,24,-11,24,-12,22,-11,21,-11,20,-11,17,-12,17,-13,16,-12,15,-12,14,-12,12,-12,12,-13,12,-14,11,-14,9,-13,10,-13,9,-13,10,-13,9,-13,9,-13,9,-11,9,-11,9,-9,7,-9,8,-8,8,-8,7,-7,8,-7,0,0,0,0,0,0,0,0,0,0,0,0,0,0,23,-19,25,-17,27,-15,29,-14,29,-13,30,-11,31,-10,34,-9,34,-7,34,-7,34,-4,31,-5,32,-3,30,-4,30,-4,30,-5,30,-6,28,-5,28,-6,27,-8,28,-9,28,-10,27,-12,27,-11,26,-12,25,-13,24,-13,27,-13]"
618047824849900,29.374001500,91061,1882819533,-51,-98,6,0,1,7,0,0,256,0,0,"[0,0,-9,12,-8,12,-8,11,-7,11,-7,11,-6,11,-5,10,-5,10,-5,9,-4,9,-3,9,-2,9,-3,8,-2,9,-2,8,-2,9,-1,8,-2,8,-2,8,-2,7,-2,7,-2,7,-2,6,-2,6,-2,6,-2,5,0,0,0,0,0,0,0,0,0,0,0,0,0,0,0,0,0,0,0,0,0,0,-9,15,-10,14,-10,14,-11,14,-12,14,-13,13,-14,13,-15,12,-15,12,-15,11,-15,10,-14,10,-14,10,-13,10,-13,11,-12,10,-12,11,-12,11,-11,11,-10,12,-10,12,-10,12,-10,12,-10,13,-10,13,-9,13,0,0,-11,53,-11,52,-9,50,-7,46,-7,44,-5,44,-3,42,-2,39,0,40,2,36,3,36,4,35,5,33,6,33,9,31,9,30,8,31,8,31,9,30,8,29,6,27,5,26,3,25,2,23,2,23,2,23,0,22,-1,20,0,0,0,0,0,0,0,0,0,0,0,0,0,0,4,57,-6,59,-11,59,-13,59,-14,61,-16,61,-21,62,-24,62,-27,64,-28,62,-32,60,-34,57,-35,54,-34,53,-32,52,-31,51,-28,53,-25,51,-24,53,-22,54,-20,53,-17,55,-15,55,-16,55,-15,57,-14,58,-14,55,-12,56]"
618047844137900,29.393289500,91062,1882836926,-51,-98,6,0,1,7,0,0,256,0,0,"[0,0,-14,-6,-14,-5,-14,-5,-13,-4,-12,-4,-12,-4,-12,-4,-11,-3,-11,-3,-11,-2,-11,-1,-10,-1,-10,0,-10,0,-9,0,-9,0,-9,0,-9,1,-9,0,-9,0,-8,0,-8,-1,-7,-1,-7,-1,-7,0,-7,-1,0,0,0,0,0,0,0,0,0,0,0,0,0,0,0,0,0,0,0,0,0,0,-17,-4,-18,-5,-17,-6,-17,-7,-17,-8,-17,-9,-17,-10,-17,-11,-16,-12,-15,-12,-15,-11,-15,-11,-14,-11,-14,-10,-14,-10,-14,-9,-14,-9,-14,-8,-15,-8,-15,-8,-15,-7,-15,-7,-16,-7,-15,-6,-16,-5,-15,-6,0,0,-28,-4,-27,-3,-26,-3,-24,-2,-24,-2,-22,-1,-22,-1,-22,0,-20,1,-19,2,-18,3,-18,2,-17,4,-17,4,-16,4,-16,6,-16,5,-15,4,-15,5,-15,4,-14,3,-13,4,-13,3,-12,3,-12,2,-11,1,-11,1,-11,0,0,0,0,0,0,0,0,0,0,0,0,0,0,0,-30,3,-31,-1,-31,-2,-31,-4,-33,-4,-32,-7,-32,-9,-33,-10,-32,-13,-33,-13,-31,-14,-31,-15,-30,-16,-29,-15,-28,-14,-28,-13,-28,-12,-28,-11,-28,-10,-28,-9,-29,-7,-29,-7,-29,-7,-29,-6,-30,-6,-29,-5,-29,-5,-29,-5]"
618047861454200,29.410605800,91063,1882856562,-51,-98,6,0,1,7,0,0,256,0,0,"[0,0,13,7,13,6,12,6,12,5,11,5,11,4,11,4,10,3,10,2,10,2,10,1,9,0,9,0,9,0,9,0,8,-1,8,0,8,-1,8,0,7,0,7,0,7,0,7,0,6,0,6,0,6,0,0,0,0,0,0,0,0,0,0,0,0,0,0,0,0,0,0,0,0,0,0,0,16,6,16,7,16,8,15,9,16,10,15,10,15,12,15,13,14,12,13,13,13,12,12,12,12,12,12,12,12,11,12,10,12,10,13,9,13,9,13,8,13,8,14,8,14,8,14,7,14,7,14,6,0,0,26,3,25,2,26,1,24,1,23,0,21,0,21,-1,20,-2,19,-3,18,-3,17,-5,17,-5,16,-6,16,-6,15,-7,15,-7,14,-7,14,-6,14,-6,14,-5,13,-5,12,-5,12,-4,11,-4,11,-4,10,-3,10,-2,10,-2,0,0,0,0,0,0,0,0,0,0,0,0,0,0,29,-6,30,-3,30,-1,30,2,31,2,31,4,31,6,33,8,32,10,32,12,31,12,31,13,30,12,29,12,28,11,27,10,27,10,27,8,27,8,27,7,28,6,28,6,28,5,29,4,29,4,28,2,29,2,28,2]"
618047884775800,29.433927400,91064,1882876529,-51,-98,6,0,1,7,0,0,256,0,0,"[0,0,-8,-14,-8,-13,-8,-12,-7,-11,-7,-12,-7,-10,-7,-10,-7,-9,-8,-8,-8,-8,-8,-7,-8,-7,-8,-6,-8,-6,-8,-6,-8,-6,-7,-5,-8,-5,-7,-5,-7,-5,-7,-5,-6,-5,-6,-5,-5,-5,-5,-5,-5,-5,0,0,0,0,0,0,0,0,0,0,0,0,0,0,0,0,0,0,0,0,0,0,-11,-14,-10,-15,-9,-16,-9,-16,-8,-17,-8,-18,-7,-18,-6,-19,-5,-19,-5,-18,-5,-18,-5,-17,-5,-17,-4,-17,-5,-17,-5,-15,-5,-15,-6,-15,-7,-15,-7,-15,-7,-15,-8,-15,-8,-14,-8,-15,-8,-14,-8,-14,0,0,-22,-18,-22,-18,-21,-17,-20,-16,-19,-15,-19,-14,-19,-13,-19,-12,-18,-11,-18,-10,-17,-8,-17,-8,-17,-7,-17,-6,-17,-5,-17,-5,-17,-5,-16,-5,-15,-5,-15,-5,-15,-5,-14,-5,-13,-5,-12,-5,-12,-6,-11,-5,-11,-6,-10,-6,0,0,0,0,0,0,0,0,0,0,0,0,0,0,-28,-13,-27,-17,-26,-19,-26,-20,-25,-21,-24,-22,-24,-25,-23,-26,-22,-27,-21,-29,-20,-29,-19,-30,-18,-29,-17,-29,-17,-28,-17,-27,-17,-25,-18,-25,-18,-24,-20,-23,-20,-22,-21,-22,-21,-21,-23,-21,-22,-21,-22,-21,-23,-20,-23,-20]"
618047903903500,29.453055100,91065,1882896675,-51,-98,6,0,1,7,0,0,256,0,0,"[0,0,-7,-14,-7,-13,-6,-13,-6,-12,-6,-11,-6,-11,-7,-10,-7,-9,-7,-8,-7,-9,-7,-8,-7,-7,-7,-7,-7,-6,-8,-6,-7,-6,-7,-6,-7,-5,-7,-5,-6,-5,-6,-5,-6,-5,-6,-5,-5,-5,-5,-5,-4,-5,0,0,0,0,0,0,0,0,0,0,0,0,0,0,0,0,0,0,0,0,0,0,-8,-15,-8,-16,-7,-16,-7,-17,-6,-18,-5,-18,-4,-19,-4,-19,-3,-19,-3,-19,-2,-18,-2,-18,-2,-17,-2,-17,-3,-17,-3,-16,-3,-16,-5,-16,-5,-15,-5,-15,-6,-15,-6,-15,-6,-16,-6,-15,-6,-15,-6,-14,0,0,-21,-18,-21,-18,-20,-17,-19,-16,-19,-15,-19,-14,-18,-13,-18,-12,-17,-10,-17,-9,-18,-8,-17,-7,-17,-6,-16,-6,-17,-5,-17,-5,-16,-5,-16,-5,-16,-4,-15,-5,-14,-5,-13,-4,-13,-5,-12,-5,-11,-5,-10,-5,-10,-5,-10,-6,0,0,0,0,0,0,0,0,0,0,0,0,0,0,-26,-15,-25,-18,-23,-19,-22,-21,-23,-22,-23,-23,-21,-26,-21,-28,-21,-28,-19,-30,-18,-28,-17,-30,-16,-30,-15,-29,-14,-28,-15,-26,-15,-25,-17,-25,-17,-24,-18,-24,-19,-24,-20,-22,-20,-23,-21,-20,-21,-22,-22,-21,-21,-21,-21,-21]"
618047925192000,29.474343600,91066,1882916599,-51,-98,6,0,1,7,0,0,256,0,0,"[0,0,-9,11,-8,10,-8,10,-8,10,-7,10,-6,9,-6,9,-5,8,-5,8,-4,8,-4,8,-3,8,-3,8,-2,7,-3,7,-2,7,-2,7,-2,7,-2,7,-3,6,-3,6,-2,6,-2,6,-2,5,-2,5,-3,4,0,0,0,0,0,0,0,0,0,0,0,0,0,0,0,0,0,0,0,0,0,0,-7,13,-8,14,-9,14,-10,13,-11,13,-12,12,-13,12,-14,12,-13,11,-14,11,-14,10,-13,10,-13,9,-12,10,-12,10,-11,9,-11,9,-11,10,-11,10,-10,11,-10,11,-10,11,-10,11,-9,12,-9,12,-9,11,0,0,-39,42,-34,39,-31,37,-33,38,-28,39,-25,35,-23,35,-22,35,-21,32,-17,33,-15,32,-12,34,-9,33,-10,33,-10,32,-10,29,-8,31,-8,31,-9,28,-10,26,-9,26,-9,26,-10,24,-10,22,-9,21,-9,19,-11,17,-11,16,0,0,0,0,0,0,0,0,0,0,0,0,0,0,-23,56,-28,54,-34,53,-38,51,-42,49,-44,47,-47,48,-53,46,-54,42,-55,41,-60,37,-55,38,-54,37,-54,34,-53,36,-50,35,-50,36,-46,34,-47,32,-46,37,-42,38,-42,40,-41,42,-40,45,-40,43,-39,45,-37,45,-38,40]"
618047942693500,29.491845100,91067,1882936521,-51,-98,6,0,1,7,0,0,256,0,0,"[0,0,14,3,13,3,13,2,12,2,12,2,12,1,11,1,11,1,10,0,10,-1,9,-1,9,-1,9,-2,9,-2,9,-2,8,-3,8,-2,8,-2,8,-2,8,-2,7,-2,7,-1,6,-1,6,-1,6,-1,6,-1,0,0,0,0,0,0,0,0,0,0,0,0,0,0,0,0,0,0,0,0,0,0,16,1,17,2,17,3,17,4,17,5,17,6,17,7,17,9,16,9,15,9,15,8,15,8,14,8,14,8,14,7,14,6,14,6,14,6,14,5,14,5,15,5,15,4,15,4,15,3,15,3,15,3,0,0,28,-3,26,-4,25,-4,23,-4,23,-5,21,-4,21,-5,19,-5,18,-6,17,-7,16,-8,16,-8,15,-9,15,-9,13,-8,14,-10,14,-9,13,-9,13,-8,12,-8,12,-8,12,-7,11,-6,11,-6,10,-5,10,-5,10,-4,10,-3,0,0,0,0,0,0,0,0,0,0,0,0,0,0,27,-12,28,-10,30,-8,31,-6,30,-4,31,-3,32,0,33,1,34,2,33,4,33,5,33,6,31,5,31,5,30,5,29,4,30,4,29,4,28,2,28,2,28,1,28,-1,28,-1,29,-1,28,-2,28,-3,28,-3,28,-4]"
618047963842900,29.512994500,91068,1882957483,-51,-98,6,0,1,7,0,0,256,0,0,"[0,0,-12,-9,-12,-9,-11,-9,-11,-8,-11,-8,-10,-7,-10,-6,-10,-6,-10,-5,-10,-4,-9,-3,-9,-4,-10,-3,-9,-3,-9,-3,-9,-2,-9,-2,-8,-2,-9,-2,-8,-2,-8,-2,-7,-2,-7,-2,-7,-3,-7,-2,-6,-3,0,0,0,0,0,0,0,0,0,0,0,0,0,0,0,0,0,0,0,0,0,0,-15,-9,-15,-10,-14,-11,-14,-12,-14,-13,-13,-14,-13,-14,-12,-15,-11,-16,-11,-16,-10,-15,-10,-15,-10,-15,-10,-14,-10,-14,-11,-13,-11,-12,-11,-12,-11,-12,-12,-12,-12,-11,-12,-11,-12,-10,-13,-11,-13,-10,-12,-10,0,0,-53,-19,-52,-19,-49,-18,-47,-17,-45,-14,-43,-13,-42,-11,-42,-9,-39,-8,-39,-4,-37,-2,-36,-1,-35,1,-34,1,-35,2,-33,3,-34,3,-32,2,-31,2,-31,1,-29,1,-28,0,-27,0,-25,0,-24,-1,-22,-2,-22,-3,-22,-4,0,0,0,0,0,0,0,0,0,0,0,0,0,0,-60,-6,-59,-12,-59,-16,-58,-21,-60,-23,-58,-27,-60,-32,-59,-34,-57,-36,-57,-40,-55,-40,-54,-43,-52,-41,-51,-40,-48,-39,-47,-37,-48,-35,-50,-33,-49,-31,-50,-32,-51,-29,-52,-26,-52,-26,-55,-25,-56,-23,-54,-22,-55,-21,-54,-21]"
618047982771900,29.531923500,91069,1882976540,-51,-98,6,0,1,7,0,0,256,0,0,"[0,0,13,-8,11,-9,11,-8,11,-8,10,-8,9,-7,9,-7,8,-8,7,-7,6,-8,6,-8,5,-8,5,-8,5,-8,5,-8,4,-8,4,-8,4,-8,4,-7,5,-7,4,-7,3,-6,3,-6,3,-6,3,-6,3,-5,0,0,0,0,0,0,0,0,0,0,0,0,0,0,0,0,0,0,0,0,0,0,13,-12,14,-10,14,-10,15,-9,16,-9,17,-8,18,-7,18,-6,18,-5,17,-6,17,-5,16,-5,16,-5,15,-6,15,-6,15,-6,14,-6,14,-7,14,-7,14,-7,14,-7,14,-8,14,-8,12,-9,12,-9,13,-9,0,0,16,-22,15,-22,14,-21,13,-21,12,-20,12,-19,11,-19,9,-18,9,-18,6,-18,5,-18,4,-17,3,-18,4,-17,3,-18,3,-17,2,-16,2,-16,3,-15,3,-15,3,-14,3,-13,3,-13,2,-12,3,-12,3,-11,4,-10,4,-10,0,0,0,0,0,0,0,0,0,0,0,0,0,0,10,-28,12,-28,14,-27,17,-26,18,-26,20,-25,21,-25,24,-24,25,-22,27,-21,27,-21,26,-20,26,-20,25,-19,24,-19,23,-19,23,-18,22,-19,21,-20,21,-20,20,-21,19,-21,19,-21,18,-23,18,-23,17,-24,16,-24,17,-24]"
618048002441400,29.551593000,91070,1882996585,-51,-98,6,0,1,7,0,0,256,0,0,"[0,0,-1,15,0,14,-1,13,0,13,1,12,0,12,1,11,1,10,1,10,2,9,3,9,3,8,3,9,3,8,3,8,3,7,3,8,3,7,3,7,3,7,3,6,2,7,2,6,2,6,2,5,1,5,0,0,0,0,0,0,0,0,0,0,0,0,0,0,0,0,0,0,0,0,0,0,1,17,1,17,0,17,-1,17,-2,18,-3,18,-4,18,-5,18,-5,18,-6,18,-6,16,-5,16,-5,16,-5,16,-5,15,-4,15,-4,15,-3,15,-3,15,-2,15,-2,15,-1,15,-1,16,0,16,0,16,0,15,0,0,11,24,11,24,10,22,10,22,10,20,11,19,11,18,11,16,11,15,12,14,11,13,12,12,12,12,12,11,12,11,12,10,12,10,12,9,12,9,11,9,10,9,10,9,9,8,8,8,7,8,7,8,7,8,6,8,0,0,0,0,0,0,0,0,0,0,0,0,0,0,18,23,16,25,14,26,12,27,12,29,10,29,10,31,9,32,7,33,6,33,4,32,4,33,3,32,3,31,2,30,3,29,4,28,5,28,5,27,6,29,8,27,9,27,10,27,10,26,11,27,11,27,12,26,11,25]"
618048025278600,29.574430200,91071,1883016990,-51,-98,6,0,1,7,0,0,256,0,0,"[0,0,-16,-2,-15,-1,-14,-1,-14,-1,-13,0,-12,0,-12,0,-11,1,-11,1,-10,2,-10,2,-9,2,-9,2,-9,2,-9,3,-9,3,-8,3,-8,3,-9,3,-8,2,-8,2,-7,2,-7,1,-7,1,-7,1,-6,1,0,0,0,0,0,0,0,0,0,0,0,0,0,0,0,0,0,0,0,0,0,0,-17,1,-18,0,-18,-1,-19,-2,-19,-3,-19,-4,-19,-5,-19,-6,-19,-7,-18,-6,-18,-6,-17,-6,-17,-5,-17,-5,-16,-5,-16,-5,-16,-4,-16,-4,-16,-3,-16,-3,-16,-3,-16,-2,-17,-1,-16,-1,-16,-1,-17,-1,0,0,-28,5,-27,5,-26,4,-24,5,-23,5,-22,5,-21,6,-20,6,-19,7,-17,8,-17,8,-16,9,-15,9,-15,9,-15,10,-14,9,-14,10,-13,9,-13,9,-13,8,-12,7,-12,7,-12,6,-11,6,-11,5,-10,5,-11,4,-10,3,0,0,0,0,0,0,0,0,0,0,0,0,0,0,-27,12,-29,10,-30,8,-31,6,-32,5,-31,3,-34,2,-34,0,-34,-1,-35,-2,-34,-4,-34,-4,-33,-5,-32,-4,-31,-4,-30,-4,-30,-3,-30,-2,-29,-1,-30,0,-29,1,-29,2,-29,3,-30,3,-30,4,-29,4,-29,5,-29,4]"
618048042301800,29.591453400,91072,1883036639,-50,-98,6,0,1,7,0,0,256,0,0,"[0,0,15,1,14,0,13,0,14,0,12,0,12,-1,11,-2,11,-2,10,-2,10,-3,9,-3,9,-3,8,-4,8,-4,8,-4,8,-4,8,-4,8,-4,8,-4,7,-4,7,-3,6,-3,6,-2,6,-2,6,-2,6,-2,0,0,0,0,0,0,0,0,0,0,0,0,0,0,0,0,0,0,0,0,0,0,17,-2,18,0,17,0,17,1,18,2,19,3,18,4,18,5,18,6,17,6,17,6,16,6,16,6,15,5,16,5,15,4,16,3,16,3,16,2,16,2,16,1,16,1,16,1,15,1,16,1,16,1,0,0,26,-6,26,-7,25,-7,23,-7,22,-6,21,-8,20,-8,19,-8,17,-8,16,-9,15,-9,15,-10,14,-10,14,-10,13,-11,13,-11,12,-11,12,-11,12,-10,11,-9,11,-9,11,-8,11,-8,10,-7,9,-7,10,-6,9,-6,9,-5,0,0,0,0,0,0,0,0,0,0,0,0,0,0,24,-13,28,-11,28,-10,29,-9,30,-8,30,-5,33,-5,33,-3,34,-2,34,0,33,1,33,3,32,3,31,3,30,3,29,2,29,1,29,0,28,-1,29,-2,28,-3,28,-4,28,-4,29,-6,29,-5,28,-6,28,-6,29,-7]"
618048062516400,29.611668000,91073,1883057089,-51,-98,6,0,1,7,0,0,256,0,0,"[0,0,10,10,10,10,9,9,10,8,9,8,9,7,9,7,8,6,8,5,8,5,8,4,8,3,8,3,7,3,8,2,8,2,8,2,8,2,7,2,7,2,7,2,6,3,6,2,5,2,5,2,5,2,0,0,0,0,0,0,0,0,0,0,0,0,0,0,0,0,0,0,0,0,0,0,13,10,12,11,12,12,12,12,12,14,11,14,10,15,10,16,9,16,8,16,9,15,8,14,8,14,8,14,8,14,8,13,8,12,9,12,9,12,10,12,10,12,10,11,11,11,11,11,11,11,11,10,0,0,22,15,22,13,22,13,21,12,20,11,20,10,19,9,18,8,17,7,17,5,17,4,17,3,17,3,17,2,16,1,16,1,16,1,16,1,15,1,14,2,14,2,13,2,12,2,12,2,11,2,10,3,10,3,10,4,0,0,0,0,0,0,0,0,0,0,0,0,0,0,28,8,27,11,27,13,26,15,26,16,26,18,25,20,25,22,24,23,23,25,22,25,21,25,21,24,20,24,19,24,19,22,19,22,20,20,20,20,21,19,22,19,22,18,22,18,23,17,24,16,24,15,24,15,24,15]"
618048086147600,29.635299200,91074,1883079386,-51,-98,6,0,1,7,0,0,256,0,0,"[0,0,3,-15,2,-15,2,-14,2,-14,2,-13,1,-13,1,-12,0,-12,0,-11,-1,-11,-1,-10,-2,-10,-2,-10,-3,-10,-2,-10,-2,-9,-3,-9,-2,-9,-2,-9,-2,-8,-2,-8,-2,-8,-2,-8,-2,-7,-2,-7,-1,-6,0,0,0,0,0,0,0,0,0,0,0,0,0,0,0,0,0,0,0,0,0,0,2,-17,3,-18,4,-18,5,-18,6,-18,7,-18,8,-17,9,-17,9,-17,9,-16,8,-16,8,-15,8,-16,7,-15,7,-15,7,-15,6,-15,6,-15,5,-15,5,-16,4,-16,4,-16,4,-16,3,-16,3,-16,3,-16,0,0,-4,-27,-4,-28,-4,-26,-4,-25,-5,-24,-5,-23,-6,-21,-7,-20,-7,-19,-8,-18,-8,-17,-9,-16,-9,-15,-9,-15,-9,-15,-10,-14,-10,-14,-9,-14,-9,-13,-9,-13,-8,-13,-7,-12,-7,-12,-6,-11,-6,-11,-5,-10,-5,-11,-4,-10,0,0,0,0,0,0,0,0,0,0,0,0,0,0,-11,-29,-8,-30,-5,-30,-4,-31,-3,-32,-2,-32,0,-34,1,-34,2,-34,4,-35,5,-33,6,-34,6,-32,6,-31,7,-31,5,-30,4,-29,2,-30,2,-30,1,-30,1,-29,-1,-29,-2,-30,-3,-30,-3,-30,-3,-30,-3,-29,-3,-29]"
618048103156300,29.652307900,91075,1883096509,-51,-98,6,0,1,7,0,0,256,0,0,"[0,0,7,-13,7,-13,7,-12,6,-12,6,-12,5,-12,4,-11,3,-11,3,-10,3,-10,2,-10,1,-10,1,-10,1,-10,0,-10,1,-10,0,-9,0,-9,0,-9,1,-8,0,-8,0,-8,0,-7,0,-7,1,-6,1,-6,0,0,0,0,0,0,0,0,0,0,0,0,0,0,0,0,0,0,0,0,0,0,8,-15,9,-15,10,-15,10,-15,12,-15,13,-14,13,-14,14,-14,14,-13,14,-12,14,-12,14,-11,13,-11,13,-11,12,-11,11,-11,11,-11,10,-12,10,-12,9,-13,9,-13,9,-14,9,-14,8,-14,8,-14,8,-14,0,0,17,-52,15,-52,14,-51,13,-47,11,-46,9,-45,6,-43,5,-41,4,-40,1,-39,-1,-37,-3,-36,-4,-35,-4,-34,-5,-34,-6,-33,-6,-32,-6,-32,-6,-31,-5,-30,-5,-29,-3,-26,-3,-26,-3,-24,-3,-24,-1,-23,0,-22,1,-21,0,0,0,0,0,0,0,0,0,0,0,0,0,0,6,-60,13,-60,16,-58,20,-57,23,-59,26,-59,30,-60,33,-60,35,-58,38,-57,40,-55,40,-53,40,-52,39,-50,38,-49,35,-48,33,-48,32,-49,30,-50,29,-51,27,-52,24,-54,23,-54,21,-55,20,-55,19,-56,18,-56,19,-56]"
618048121861300,29.671012900,91076,1883116529,-51,-98,6,0,1,7,0,0,256,0,0,"[0,0,-1,15,0,13,0,13,0,13,0,13,0,12,1,11,1,11,2,10,2,9,2,9,3,9,3,8,3,8,3,7,3,8,4,7,3,7,3,7,3,7,3,6,2,6,2,6,2,6,1,5,1,5,0,0,0,0,0,0,0,0,0,0,0,0,0,0,0,0,0,0,0,0,0,0,0,16,0,17,-1,17,-2,18,-3,18,-4,19,-5,18,-6,18,-6,18,-7,17,-7,16,-7,16,-7,16,-6,15,-6,15,-4,15,-4,15,-4,15,-3,16,-2,15,-2,16,-2,16,-2,15,-1,16,-1,15,-1,15,0,0,9,25,10,24,9,23,9,22,9,21,9,20,9,19,10,17,10,16,11,15,12,13,12,12,12,12,12,11,12,11,12,11,12,10,11,10,11,10,10,10,10,10,9,9,9,9,8,8,8,8,7,8,6,8,6,8,0,0,0,0,0,0,0,0,0,0,0,0,0,0,17,24,15,26,13,26,10,28,10,30,9,30,7,33,6,33,4,34,1,34,1,33,1,34,2,33,1,32,2,30,2,29,2,29,3,28,4,28,5,28,6,28,6,28,6,28,8,28,9,28,11,27,11,27,10,26]"
618048143849300,29.693000900,91077,1883137494,-51,-98,6,0,1,7,0,0,256,0,0,"[0,0,5,-15,4,-14,4,-14,4,-13,3,-13,2,-13,2,-12,2,-12,1,-11,0,-11,0,-11,-1,-10,-1,-10,-2,-9,-1,-9,-1,-9,-2,-9,-1,-9,-1,-9,-1,-8,-1,-8,-1,-8,-1,-8,-1,-7,-1,-6,0,-6,0,0,0,0,0,0,0,0,0,0,0,0,0,0,0,0,0,0,0,0,0,0,5,-17,6,-17,6,-16,8,-17,8,-17,10,-17,11,-16,11,-16,11,-15,11,-15,11,-15,11,-14,10,-14,10,-14,10,-14,9,-14,8,-13,8,-14,7,-15,7,-15,7,-15,6,-15,6,-16,5,-15,5,-15,5,-15,0,0,0,-27,-2,-28,-3,-27,-3,-25,-3,-24,-3,-23,-3,-22,-4,-21,-5,-20,-6,-19,-8,-18,-8,-17,-8,-16,-8,-16,-9,-16,-9,-15,-9,-14,-8,-14,-8,-15,-7,-14,-7,-14,-6,-13,-6,-12,-6,-11,-5,-11,-4,-11,-4,-11,-4,-11,0,0,0,0,0,0,0,0,0,0,0,0,0,0,-7,-31,-4,-30,-4,-31,-1,-31,-1,-32,2,-33,4,-33,6,-34,7,-34,10,-33,10,-32,10,-33,9,-32,10,-31,9,-30,7,-29,7,-29,6,-29,5,-29,5,-29,4,-29,3,-30,3,-30,1,-30,1,-30,-1,-30,-1,-29,0,-30]"
618048162245500,29.711397100,91078,1883156815,-51,-98,6,0,1,7,0,0,256,0,0,"[0,0,-3,14,-3,13,-2,14,-2,12,-2,12,-1,12,-1,11,-1,11,0,10,0,10,1,9,1,9,2,9,2,9,2,8,2,8,2,8,1,8,2,7,1,7,1,7,1,7,1,6,1,6,0,5,0,5,0,0,0,0,0,0,0,0,0,0,0,0,0,0,0,0,0,0,0,0,0,0,-1,16,-2,17,-3,17,-4,17,-5,17,-6,18,-7,17,-8,17,-8,17,-9,16,-8,16,-9,15,-8,15,-7,15,-7,15,-6,14,-6,15,-6,14,-5,15,-4,15,-4,15,-4,15,-4,15,-3,16,-3,15,-3,15,0,0,6,27,6,26,6,24,6,23,6,22,7,20,7,20,8,18,7,18,8,16,9,15,9,15,9,13,9,14,10,13,10,13,10,12,9,12,9,11,8,12,8,11,7,11,6,10,6,9,6,10,5,9,4,9,4,9,0,0,0,0,0,0,0,0,0,0,0,0,0,0,14,26,11,27,9,28,8,29,7,30,6,30,5,32,2,33,1,33,-1,34,-1,33,-3,34,-3,32,-4,31,-3,30,-3,30,-2,29,-1,29,1,28,2,29,2,29,3,28,3,28,5,29,5,29,5,29,6,28,6,28]"
618048186433800,29.735585400,91079,1883177184,-51,-98,6,0,1,7,0,0,256,0,0,"[0,0,-7,-14,-7,-14,-7,-13,-7,-12,-7,-12,-7,-11,-7,-10,-7,-9,-7,-8,-7,-8,-7,-7,-8,-7,-7,-7,-8,-6,-8,-6,-8,-6,-8,-5,-7,-5,-7,-5,-7,-5,-7,-5,-6,-5,-6,-5,-5,-5,-5,-5,-5,-5,0,0,0,0,0,0,0,0,0,0,0,0,0,0,0,0,0,0,0,0,0,0,-9,-15,-8,-16,-8,-17,-7,-17,-6,-18,-6,-19,-5,-19,-4,-19,-4,-19,-3,-19,-2,-18,-2,-18,-2,-18,-2,-17,-3,-17,-4,-16,-4,-16,-4,-16,-6,-16,-6,-15,-7,-15,-7,-15,-7,-16,-7,-15,-7,-15,-7,-14,0,0,-17,-22,-18,-22,-17,-20,-17,-19,-16,-17,-17,-16,-16,-15,-16,-14,-16,-13,-16,-12,-16,-10,-16,-10,-16,-9,-15,-8,-16,-7,-15,-7,-16,-6,-15,-7,-15,-7,-14,-6,-14,-7,-13,-6,-13,-7,-11,-6,-11,-6,-10,-6,-10,-7,-9,-7,0,0,0,0,0,0,0,0,0,0,0,0,0,0,-23,-20,-21,-23,-20,-24,-19,-24,-19,-27,-17,-26,-18,-30,-16,-30,-15,-31,-14,-33,-13,-32,-12,-33,-10,-32,-10,-30,-10,-30,-11,-29,-11,-27,-13,-28,-13,-26,-14,-27,-14,-25,-16,-25,-16,-25,-17,-25,-18,-25,-17,-24,-18,-24,-18,-24]"
618048208751300,29.757902900,91080,1883199985,-51,-98,6,0,1,7,0,0,256,0,0,"[0,0,5,-14,4,-14,4,-13,4,-13,3,-12,3,-12,2,-11,2,-11,2,-10,1,-10,0,-10,0,-10,-1,-10,-1,-9,-1,-9,-1,-9,-1,-9,-1,-8,-1,-9,-1,-8,0,-8,0,-8,0,-8,0,-7,0,-7,0,-6,0,0,0,0,0,0,0,0,0,0,0,0,0,0,0,0,0,0,0,0,0,0,4,-16,4,-17,5,-17,6,-16,7,-17,8,-17,9,-16,10,-16,10,-16,11,-15,10,-14,10,-14,10,-14,9,-14,9,-14,8,-14,8,-14,8,-14,7,-14,6,-15,6,-15,6,-15,6,-15,6,-15,5,-15,5,-14,0,0,6,-27,6,-26,6,-26,4,-23,4,-24,3,-23,3,-21,1,-22,1,-19,-1,-18,-1,-17,-2,-18,-3,-17,-3,-17,-4,-16,-3,-16,-4,-16,-4,-15,-3,-15,-3,-15,-3,-14,-1,-14,-2,-13,-2,-13,-1,-12,0,-11,0,-12,0,-11,0,0,0,0,0,0,0,0,0,0,0,0,0,0,-1,-31,1,-31,5,-31,7,-30,7,-31,9,-31,12,-31,14,-31,15,-31,17,-31,16,-30,17,-29,18,-28,16,-28,16,-27,14,-26,14,-26,13,-26,12,-26,12,-26,9,-27,10,-27,9,-28,8,-29,9,-28,8,-29,7,-30,7,-29]"
618048222101100,29.771252700,91081,1883216660,-51,-98,6,0,1,7,0,0,256,0,0,"[0,0,6,11,6,11,6,11,6,10,6,10,6,9,6,8,6,7,5,7,6,6,6,6,6,5,6,5,6,5,6,5,6,4,6,4,6,4,6,4,5,4,5,3,5,4,4,4,4,4,4,3,4,3,0,0,0,0,0,0,0,0,0,0,0,0,0,0,0,0,0,0,0,0,0,0,9,12,9,13,8,13,7,14,7,15,6,16,5,16,5,16,5,16,4,16,3,15,3,15,3,15,3,15,4,14,4,13,4,13,4,13,5,13,6,13,6,13,6,12,6,13,6,13,7,13,7,12,0,0,15,24,14,22,14,21,14,18,14,17,13,17,13,15,14,15,14,12,13,11,13,10,13,10,14,10,14,9,13,8,14,8,13,8,13,7,12,6,12,7,11,7,11,7,10,6,10,6,9,6,9,7,7,6,7,7,0,0,0,0,0,0,0,0,0,0,0,0,0,0,22,19,20,22,19,24,19,26,16,25,16,28,14,28,15,31,13,31,12,32,10,32,8,31,9,31,8,30,8,30,9,29,10,28,9,25,11,28,11,25,12,26,13,25,14,25,15,26,15,23,15,23,15,24,16,24]"
618048243300300,29.792451900,91082,1883236797,-51,-98,6,0,1,7,0,0,256,0,0,"[0,0,-2,13,-2,13,-2,12,-2,12,-1,11,0,11,-1,10,0,10,0,9,1,9,1,9,2,8,2,8,2,7,2,7,2,7,3,7,2,7,2,7,2,7,2,6,2,6,1,6,1,6,1,5,1,5,0,0,0,0,0,0,0,0,0,0,0,0,0,0,0,0,0,0,0,0,0,0,-2,15,-2,16,-3,16,-4,16,-4,16,-6,16,-6,16,-7,16,-7,15,-8,15,-8,15,-8,14,-8,14,-7,13,-7,13,-5,13,-5,13,-5,14,-4,14,-4,14,-4,14,-3,14,-3,14,-3,14,-2,14,-3,13,0,0,-5,26,-6,25,-5,24,-4,23,-4,24,-4,23,-2,21,-2,20,0,19,1,18,1,16,2,17,3,17,4,16,4,15,4,15,4,14,3,14,3,13,4,14,3,13,2,12,2,12,1,11,2,11,1,10,-1,10,-1,10,0,0,0,0,0,0,0,0,0,0,0,0,0,0,0,30,-2,30,-4,29,-6,30,-6,32,-8,31,-10,31,-12,32,-13,31,-16,31,-16,30,-17,28,-17,29,-16,27,-16,26,-15,27,-14,25,-12,26,-12,26,-12,26,-10,27,-9,28,-9,28,-7,29,-7,28,-7,27,-6,29,-5,28]"
618048264252800,29.813404400,91083,1883258311,-51,-98,6,0,1,7,0,0,256,0,0,"[0,0,0,14,0,14,0,13,0,12,0,11,0,11,1,11,1,10,2,9,2,9,2,8,2,8,2,8,3,8,3,7,3,7,3,7,3,6,2,7,3,6,2,6,2,6,2,6,2,5,2,5,1,5,0,0,0,0,0,0,0,0,0,0,0,0,0,0,0,0,0,0,0,0,0,0,1,16,0,16,-1,16,-1,16,-3,17,-3,17,-4,17,-5,17,-6,17,-6,17,-6,15,-5,15,-5,15,-5,15,-5,14,-4,14,-4,14,-3,14,-3,15,-2,14,-2,15,-2,14,-1,15,0,14,-1,15,-1,14,0,0,0,27,-1,28,0,25,0,25,0,22,1,20,1,21,1,19,3,18,4,18,5,16,6,17,5,16,6,15,6,15,7,14,7,15,6,13,6,12,6,13,5,12,4,12,4,13,3,11,4,11,2,10,2,10,2,10,0,0,0,0,0,0,0,0,0,0,0,0,0,0,5,30,1,30,0,31,-2,29,-4,32,-5,30,-8,33,-7,32,-9,32,-11,33,-12,32,-13,32,-13,29,-13,29,-12,29,-11,28,-9,28,-8,27,-8,27,-7,28,-6,27,-4,28,-3,28,-3,29,-3,30,-3,30,-3,29,-3,27]"
618048283932800,29.833084400,91084,1883276716,-51,-98,6,0,1,7,0,0,256,0,0,"[0,0,-14,2,-13,2,-13,2,-13,2,-12,2,-11,2,-10,3,-10,3,-10,3,-9,4,-9,4,-8,4,-8,4,-7,4,-7,5,-7,5,-7,4,-7,4,-7,4,-7,4,-7,4,-6,3,-6,3,-5,3,-5,2,-6,2,0,0,0,0,0,0,0,0,0,0,0,0,0,0,0,0,0,0,0,0,0,0,-16,3,-16,2,-16,2,-17,1,-17,0,-18,-1,-18,-1,-18,-2,-18,-3,-17,-3,-17,-3,-16,-3,-16,-3,-16,-3,-15,-2,-15,-2,-15,-1,-15,-1,-15,0,-15,1,-15,1,-15,1,-15,1,-15,2,-15,2,-15,2,0,0,-28,4,-27,4,-25,4,-24,4,-24,5,-21,6,-20,6,-19,5,-18,7,-17,6,-16,7,-15,8,-15,9,-14,10,-14,9,-14,9,-13,8,-13,9,-11,9,-13,8,-12,8,-11,8,-10,5,-11,6,-10,5,-11,5,-9,4,-10,4,0,0,0,0,0,0,0,0,0,0,0,0,0,0,-27,12,-30,9,-31,6,-32,5,-30,3,-33,2,-34,0,-36,-1,-35,-2,-36,-5,-34,-5,-33,-5,-32,-7,-33,-6,-31,-6,-30,-5,-31,-5,-29,-3,-29,-2,-28,-2,-30,0,-29,2,-29,2,-30,3,-29,4,-29,3,-29,4,-29,4]"
618048304585900,29.853737500,91085,1883297085,-50,-98,6,0,1,7,0,0,256,0,0,"[0,0,10,-9,9,-9,9,-9,8,-8,8,-8,7,-8,6,-8,6,-8,6,-8,5,-8,5,-8,4,-8,3,-8,3,-8,3,-8,3,-8,3,-8,3,-8,3,-7,3,-7,3,-7,3,-6,3,-6,2,-6,3,-5,3,-5,0,0,0,0,0,0,0,0,0,0,0,0,0,0,0,0,0,0,0,0,0,0,10,-12,11,-12,11,-11,12,-11,13,-10,14,-10,14,-9,14,-9,15,-8,14,-8,14,-7,14,-7,14,-7,13,-7,13,-7,12,-7,12,-7,12,-8,11,-8,11,-9,11,-9,11,-9,11,-10,10,-10,10,-10,10,-10,0,0,43,-33,42,-33,40,-32,36,-32,36,-30,32,-30,30,-30,26,-30,26,-27,23,-30,22,-29,19,-31,16,-30,17,-32,16,-30,15,-29,13,-30,14,-29,12,-27,12,-26,14,-24,14,-26,12,-24,12,-24,11,-20,12,-18,13,-17,12,-17,0,0,0,0,0,0,0,0,0,0,0,0,0,0,36,-51,41,-46,44,-43,47,-42,49,-38,52,-37,55,-32,60,-36,63,-31,63,-28,63,-24,62,-25,62,-22,62,-22,57,-22,55,-22,54,-24,53,-24,52,-23,52,-28,50,-31,50,-32,48,-32,46,-33,47,-34,47,-37,47,-34,44,-34]"
618048325471700,29.874623300,91086,1883318085,-51,-98,6,0,1,7,0,0,256,0,0,"[0,0,-16,3,-15,3,-13,3,-13,3,-12,3,-12,3,-11,3,-10,3,-10,4,-10,4,-9,5,-8,5,-8,5,-8,5,-8,5,-8,5,-7,5,-7,5,-7,4,-7,4,-7,4,-6,3,-6,4,-6,3,-6,3,-6,3,0,0,0,0,0,0,0,0,0,0,0,0,0,0,0,0,0,0,0,0,0,0,-16,6,-17,5,-17,4,-17,3,-19,3,-19,1,-19,0,-19,0,-19,-1,-19,-1,-18,-1,-18,-1,-17,-1,-17,-1,-17,-1,-17,0,-16,0,-16,1,-16,1,-16,2,-16,2,-16,2,-17,3,-16,4,-16,4,-15,4,0,0,-25,13,-24,12,-23,12,-22,12,-20,12,-19,12,-18,12,-17,12,-16,13,-14,13,-14,13,-13,13,-12,13,-11,13,-11,13,-11,13,-10,12,-10,13,-10,12,-10,12,-10,11,-9,10,-9,10,-9,8,-9,8,-8,7,-9,7,-9,6,0,0,0,0,0,0,0,0,0,0,0,0,0,0,-21,21,-24,18,-25,16,-27,16,-28,14,-30,13,-31,12,-33,12,-33,10,-34,9,-33,6,-33,7,-32,6,-32,6,-31,5,-30,6,-30,7,-29,7,-29,7,-28,9,-28,10,-27,11,-27,12,-28,12,-27,13,-26,13,-26,14,-26,13]"
618048343510400,29.892662000,91087,1883336570,-50,-98,6,0,1,7,0,0,256,0,0,"[0,0,-15,3,-14,3,-13,2,-13,3,-12,3,-11,3,-10,3,-10,3,-9,4,-9,4,-8,4,-8,5,-7,5,-7,4,-7,5,-7,5,-7,5,-7,5,-7,5,-7,4,-6,4,-6,4,-6,3,-6,3,-6,3,-5,2,0,0,0,0,0,0,0,0,0,0,0,0,0,0,0,0,0,0,0,0,0,0,-16,4,-16,4,-17,3,-17,2,-18,2,-18,0,-18,0,-19,-1,-18,-1,-18,-2,-17,-2,-17,-2,-17,-2,-16,-1,-16,-1,-16,0,-16,0,-16,0,-15,1,-15,1,-15,2,-15,3,-16,2,-15,3,-15,3,-15,3,0,0,-25,13,-24,12,-23,12,-23,11,-21,11,-19,11,-18,12,-15,12,-16,11,-13,13,-13,12,-11,12,-10,13,-10,13,-10,13,-10,12,-9,13,-10,13,-8,13,-9,12,-8,11,-8,10,-8,10,-8,9,-8,8,-8,7,-8,8,-8,7,0,0,0,0,0,0,0,0,0,0,0,0,0,0,-23,19,-25,17,-28,14,-29,13,-31,13,-30,11,-33,10,-33,9,-33,8,-36,6,-35,5,-34,5,-33,3,-33,3,-31,4,-30,4,-30,5,-29,5,-28,6,-29,7,-28,9,-28,9,-27,10,-27,11,-27,12,-27,12,-27,13,-27,12]"
618048364623000,29.913774600,91088,1883358594,-50,-98,6,0,1,7,0,0,256,0,0,"[0,0,13,-5,12,-5,11,-5,11,-5,11,-5,9,-6,9,-6,8,-6,8,-6,7,-6,7,-6,6,-6,6,-6,6,-7,5,-7,5,-7,5,-6,5,-6,5,-6,5,-6,5,-6,4,-5,4,-5,4,-5,4,-4,4,-4,0,0,0,0,0,0,0,0,0,0,0,0,0,0,0,0,0,0,0,0,0,0,14,-7,15,-6,14,-5,15,-5,16,-4,17,-3,17,-3,17,-2,17,-1,16,-1,16,-1,16,-1,15,-1,15,-1,15,-2,14,-2,14,-2,14,-3,14,-4,14,-4,14,-4,14,-5,14,-5,13,-5,13,-5,13,-5,0,0,26,-9,24,-11,23,-11,22,-11,20,-10,19,-11,19,-10,17,-10,16,-9,16,-12,13,-12,13,-11,12,-13,11,-12,12,-13,12,-12,10,-13,11,-11,11,-11,11,-9,9,-10,9,-9,9,-10,9,-9,9,-8,9,-7,8,-7,9,-6,0,0,0,0,0,0,0,0,0,0,0,0,0,0,24,-19,25,-16,28,-14,28,-12,30,-12,29,-11,31,-9,33,-7,33,-6,35,-3,33,-3,33,-3,33,-2,31,0,31,-1,29,-3,29,-3,28,-5,27,-6,29,-5,28,-6,28,-7,28,-8,27,-9,28,-10,27,-10,26,-10,27,-10]"
618048382518500,29.931670100,91089,1883376665,-50,-98,6,0,1,7,0,0,256,0,0,"[0,0,7,13,7,12,7,12,7,11,7,10,7,9,7,9,7,8,7,8,7,7,7,6,7,6,7,5,7,5,7,5,7,5,7,4,7,5,6,4,6,4,6,4,6,4,5,4,5,4,4,4,4,4,0,0,0,0,0,0,0,0,0,0,0,0,0,0,0,0,0,0,0,0,0,0,10,13,9,14,8,14,8,15,8,16,7,17,6,17,6,17,5,17,4,17,3,17,3,17,3,16,4,16,4,16,4,14,5,15,5,14,6,14,7,14,7,14,7,14,7,14,7,14,7,13,7,13,0,0,5,26,5,27,5,24,6,23,6,23,6,22,7,20,7,18,8,16,7,16,8,16,8,16,9,14,8,13,11,14,10,14,10,13,10,12,10,12,9,10,9,11,6,10,7,11,6,9,6,9,6,8,5,9,3,10,0,0,0,0,0,0,0,0,0,0,0,0,0,0,14,27,10,30,8,29,7,29,7,32,5,32,2,34,0,34,2,35,-2,36,-2,34,-5,35,-5,33,-6,32,-5,30,-4,30,-3,29,-1,30,0,29,-1,30,0,29,3,29,3,30,5,29,4,30,5,29,5,29,5,27]"
618048401951400,29.951103000,91090,1883396526,-51,-98,6,0,1,7,0,0,256,0,0,"[0,0,6,13,6,13,5,12,5,11,5,11,6,10,6,9,6,9,5,8,6,7,6,7,7,7,6,6,7,6,7,5,6,5,6,5,6,5,6,5,6,5,5,5,5,5,5,5,4,5,4,4,4,4,0,0,0,0,0,0,0,0,0,0,0,0,0,0,0,0,0,0,0,0,0,0,7,14,8,15,7,16,6,16,5,17,5,18,4,18,3,18,3,18,2,18,1,17,1,17,1,16,1,16,2,16,2,15,3,15,3,15,4,15,5,15,5,15,5,15,6,15,6,15,6,14,6,14,0,0,15,22,15,20,15,20,14,18,15,18,14,16,14,15,14,14,14,13,14,11,15,10,15,9,14,8,15,8,14,7,14,7,14,6,14,7,13,7,13,7,12,7,11,6,10,6,10,6,10,6,9,6,8,6,8,6,0,0,0,0,0,0,0,0,0,0,0,0,0,0,23,18,22,21,19,22,17,24,17,25,17,26,16,29,14,30,14,31,11,32,10,32,10,31,10,30,9,30,9,29,10,28,10,27,10,26,11,26,12,26,14,26,14,25,14,25,15,24,16,24,17,23,17,23,17,23]"
618048424752900,29.973904500,91091,1883416603,-51,-98,6,0,1,7,0,0,256,0,0,"[0,0,-16,3,-14,3,-15,3,-14,3,-13,3,-12,3,-11,3,-11,3,-11,4,-9,4,-9,4,-8,5,-8,5,-8,5,-8,5,-8,6,-7,5,-8,5,-8,5,-7,4,-7,4,-7,4,-6,3,-6,4,-6,3,-6,2,0,0,0,0,0,0,0,0,0,0,0,0,0,0,0,0,0,0,0,0,0,0,-17,5,-18,4,-18,4,-19,3,-19,2,-20,1,-20,0,-20,-1,-20,-2,-19,-2,-19,-2,-18,-2,-18,-2,-18,-1,-17,-1,-17,-1,-17,0,-17,1,-17,1,-16,1,-17,2,-17,2,-17,2,-17,3,-16,3,-16,3,0,0,-25,12,-24,13,-22,12,-22,12,-20,12,-19,12,-18,12,-17,12,-16,12,-15,13,-13,13,-12,13,-11,13,-11,13,-11,13,-10,13,-10,13,-10,13,-9,12,-9,12,-10,11,-9,10,-9,9,-8,9,-8,8,-8,8,-9,7,-9,6,0,0,0,0,0,0,0,0,0,0,0,0,0,0,-22,21,-24,19,-26,17,-27,15,-29,15,-28,13,-32,12,-32,11,-33,10,-34,8,-34,7,-34,7,-33,6,-32,6,-31,6,-30,6,-29,6,-29,7,-28,7,-29,8,-27,9,-27,10,-27,11,-27,12,-27,13,-26,13,-25,14,-26,13]"
618048446399400,29.995551000,91092,1883438790,-51,-98,6,0,1,7,0,0,256,0,0,"[0,0,-14,6,-14,5,-13,5,-12,5,-12,5,-11,5,-10,5,-10,6,-9,6,-9,6,-8,6,-7,6,-7,6,-7,7,-6,7,-6,6,-6,6,-6,7,-6,6,-6,5,-6,5,-5,5,-5,5,-5,4,-5,4,-5,3,0,0,0,0,0,0,0,0,0,0,0,0,0,0,0,0,0,0,0,0,0,0,-15,8,-16,7,-17,7,-17,6,-18,5,-19,4,-19,4,-19,3,-20,2,-19,1,-18,1,-18,1,-18,2,-17,2,-17,2,-16,2,-16,3,-16,3,-16,4,-15,4,-16,5,-16,5,-16,6,-15,6,-15,6,-15,6,0,0,-24,15,-22,16,-21,14,-20,15,-19,14,-18,14,-17,13,-16,14,-14,14,-13,14,-11,14,-11,14,-10,15,-9,14,-8,15,-8,14,-8,14,-8,13,-8,13,-9,13,-8,12,-8,11,-8,10,-7,10,-7,9,-7,9,-8,8,-8,7,0,0,0,0,0,0,0,0,0,0,0,0,0,0,-20,22,-22,20,-24,19,-26,17,-27,18,-28,16,-29,16,-31,14,-32,13,-34,11,-33,10,-33,9,-32,9,-32,8,-30,8,-29,9,-28,9,-28,11,-27,11,-27,12,-26,13,-26,13,-26,13,-26,14,-26,15,-24,16,-24,16,-24,15]"
618048465718400,30.014870000,91093,1883460369,-51,-98,6,0,1,7,0,0,256,0,0,"[0,0,4,14,5,13,5,12,4,12,5,11,5,10,5,10,5,9,5,8,5,8,6,7,6,7,6,7,6,6,6,6,6,5,6,6,6,5,6,5,5,5,5,5,5,5,5,5,4,4,4,4,3,4,0,0,0,0,0,0,0,0,0,0,0,0,0,0,0,0,0,0,0,0,0,0,7,15,6,15,6,16,5,16,4,18,3,17,3,18,2,19,1,18,0,18,0,17,0,17,0,17,1,17,1,15,2,16,2,15,3,15,3,15,4,15,4,15,4,15,5,15,5,15,5,15,5,14,0,0,17,22,17,20,16,19,16,17,15,17,15,15,15,14,14,14,15,12,15,10,15,9,15,9,15,8,15,7,15,7,15,6,14,6,14,6,13,6,13,6,12,6,12,6,11,6,10,6,9,6,9,6,9,6,8,6,0,0,0,0,0,0,0,0,0,0,0,0,0,0,24,17,21,20,20,21,20,23,19,24,18,25,17,26,17,29,16,29,14,31,13,31,11,31,12,30,11,29,11,28,11,27,12,27,12,25,13,25,14,25,15,24,16,24,16,23,17,23,17,23,18,23,18,22,18,22]"
618048483314800,30.032466400,91094,1883477484,-51,-98,6,0,1,7,0,0,256,0,0,"[0,0,-1,13,-1,13,0,12,-1,11,0,11,0,10,1,10,1,9,1,9,2,8,2,8,2,8,3,7,3,7,3,7,3,6,3,7,2,6,3,6,2,6,2,6,2,6,2,6,1,5,1,5,1,5,0,0,0,0,0,0,0,0,0,0,0,0,0,0,0,0,0,0,0,0,0,0,0,14,-1,14,-1,15,-2,15,-3,16,-4,16,-5,16,-5,16,-6,15,-6,15,-6,15,-6,14,-5,14,-5,14,-5,13,-5,13,-4,13,-4,13,-3,13,-2,13,-2,14,-1,14,-2,14,-1,14,-1,14,-1,13,0,0,-5,28,-4,25,-4,25,-3,22,-3,24,-2,22,-1,21,0,20,0,19,1,18,3,16,4,17,5,16,5,16,5,14,5,14,5,15,5,15,4,14,4,14,3,13,3,13,3,12,2,11,4,10,2,11,1,11,0,9,0,0,0,0,0,0,0,0,0,0,0,0,0,0,2,30,-1,31,-3,30,-5,32,-6,31,-7,32,-9,33,-12,34,-15,32,-16,31,-16,30,-16,29,-15,30,-16,29,-15,28,-14,27,-14,28,-12,26,-10,26,-10,27,-10,28,-9,28,-8,27,-8,29,-7,28,-5,29,-4,29,-5,28]"
618048505950400,30.055102000,91095,1883496516,-51,-98,6,0,1,7,0,0,256,0,0,"[0,0,-8,-14,-8,-13,-8,-12,-7,-12,-7,-11,-7,-11,-7,-10,-8,-9,-7,-9,-7,-8,-8,-7,-8,-7,-8,-6,-8,-6,-8,-6,-8,-5,-8,-5,-8,-5,-7,-5,-7,-5,-7,-5,-6,-5,-6,-5,-6,-4,-5,-4,-5,-4,0,0,0,0,0,0,0,0,0,0,0,0,0,0,0,0,0,0,0,0,0,0,-10,-14,-10,-15,-9,-16,-8,-17,-8,-17,-7,-18,-6,-19,-5,-19,-4,-19,-4,-18,-5,-18,-4,-17,-5,-17,-5,-17,-4,-17,-5,-16,-5,-16,-6,-15,-6,-15,-7,-15,-7,-15,-7,-15,-8,-14,-9,-15,-9,-14,-8,-14,0,0,-19,-21,-20,-21,-19,-19,-18,-18,-18,-17,-17,-15,-17,-14,-17,-13,-17,-12,-17,-11,-16,-9,-17,-8,-16,-8,-16,-7,-16,-7,-16,-6,-16,-6,-15,-6,-15,-6,-14,-6,-14,-6,-13,-6,-13,-6,-12,-5,-11,-6,-10,-6,-10,-6,-9,-7,0,0,0,0,0,0,0,0,0,0,0,0,0,0,-26,-17,-24,-20,-23,-21,-22,-22,-21,-24,-20,-25,-20,-28,-19,-28,-18,-29,-17,-31,-16,-31,-16,-31,-14,-30,-14,-29,-14,-28,-14,-27,-14,-26,-14,-26,-15,-25,-16,-25,-17,-24,-18,-23,-18,-24,-19,-23,-20,-23,-20,-22,-20,-22,-19,-22]"
618048527882600,30.077034200,91096,1883517335,-51,-98,6,0,1,7,0,0,256,0,0,"[0,0,0,-14,-1,-14,-1,-13,-1,-13,-2,-12,-2,-11,-2,-11,-2,-11,-3,-10,-3,-10,-3,-9,-4,-9,-4,-9,-4,-8,-4,-8,-4,-8,-4,-8,-4,-8,-4,-7,-3,-7,-3,-7,-3,-7,-3,-7,-3,-6,-2,-6,-2,-6,0,0,0,0,0,0,0,0,0,0,0,0,0,0,0,0,0,0,0,0,0,0,-3,-16,-2,-16,-1,-17,0,-17,1,-18,1,-17,2,-18,3,-18,3,-17,4,-17,4,-16,4,-15,4,-16,4,-15,3,-15,2,-15,2,-15,2,-15,1,-15,0,-15,0,-15,0,-15,0,-15,-1,-15,-1,-15,-1,-15,0,0,-1,-27,-1,-27,-1,-26,-1,-24,-1,-23,-2,-22,-3,-22,-3,-21,-3,-19,-5,-18,-6,-18,-6,-18,-7,-16,-6,-16,-8,-16,-7,-14,-8,-15,-7,-14,-6,-14,-6,-13,-6,-13,-5,-13,-5,-12,-4,-11,-5,-11,-4,-10,-3,-11,-1,-10,0,0,0,0,0,0,0,0,0,0,0,0,0,0,-10,-30,-7,-31,-4,-31,-1,-32,0,-32,1,-31,4,-34,5,-34,8,-33,9,-33,11,-32,9,-33,9,-30,10,-31,9,-30,8,-29,8,-29,7,-29,5,-27,5,-29,3,-29,3,-30,3,-29,1,-30,2,-29,0,-29,0,-30,0,-29]"
618048546333900,30.095485500,91097,1883541903,-51,-98,6,0,1,7,0,0,256,0,0,"[0,0,-9,-10,-9,-10,-9,-10,-9,-9,-9,-8,-8,-8,-8,-8,-8,-7,-8,-6,-8,-6,-8,-5,-8,-5,-8,-5,-8,-4,-8,-4,-8,-3,-8,-3,-8,-3,-8,-4,-7,-3,-7,-3,-6,-4,-6,-4,-6,-3,-6,-3,-5,-3,0,0,0,0,0,0,0,0,0,0,0,0,0,0,0,0,0,0,0,0,0,0,-12,-10,-12,-12,-11,-12,-11,-14,-10,-14,-10,-15,-9,-16,-9,-16,-8,-16,-7,-16,-8,-15,-7,-15,-8,-14,-7,-14,-8,-15,-7,-13,-8,-13,-8,-13,-9,-13,-9,-12,-9,-12,-10,-13,-10,-12,-10,-11,-10,-11,-11,-11,0,0,-39,-42,-38,-39,-36,-37,-36,-34,-35,-35,-35,-30,-36,-27,-32,-24,-33,-23,-32,-19,-33,-19,-31,-16,-31,-15,-32,-13,-35,-12,-31,-11,-31,-12,-32,-11,-29,-11,-28,-12,-27,-12,-24,-11,-25,-13,-22,-12,-23,-10,-20,-12,-19,-14,-17,-13,0,0,0,0,0,0,0,0,0,0,0,0,0,0,-54,-33,-54,-34,-50,-41,-49,-45,-47,-46,-43,-48,-44,-56,-43,-58,-44,-58,-40,-61,-33,-59,-31,-64,-30,-61,-30,-61,-26,-57,-27,-55,-29,-53,-34,-50,-34,-49,-33,-49,-37,-49,-38,-45,-37,-45,-39,-44,-40,-43,-42,-44,-39,-41,-43,-42]"
618048562721700,30.111873300,91098,1883562194,-51,-98,6,0,1,7,0,0,256,0,0,"[0,0,-4,14,-4,14,-4,13,-3,13,-3,12,-2,12,-2,11,-1,11,-1,10,0,9,0,9,1,9,0,9,1,9,1,8,1,8,1,8,2,8,1,8,1,7,1,7,1,7,0,7,0,6,0,6,0,5,0,0,0,0,0,0,0,0,0,0,0,0,0,0,0,0,0,0,0,0,0,0,-2,16,-3,17,-4,17,-5,17,-6,17,-7,17,-8,17,-8,17,-9,16,-9,16,-9,15,-9,14,-9,15,-9,14,-8,14,-8,14,-7,14,-6,14,-6,15,-5,15,-5,15,-4,15,-5,15,-4,15,-4,15,-4,15,0,0,3,27,3,26,3,25,3,23,4,22,4,21,5,21,5,19,6,18,6,17,7,17,7,16,8,14,8,14,8,14,8,13,9,13,8,13,7,13,7,13,6,12,6,12,6,11,5,10,4,10,4,10,4,10,2,9,0,0,0,0,0,0,0,0,0,0,0,0,0,0,12,26,9,29,7,28,6,30,4,30,2,31,1,32,-1,33,-2,33,-4,33,-5,33,-6,32,-6,31,-6,31,-6,30,-4,29,-4,29,-3,28,-3,28,-2,28,-1,28,0,29,1,28,2,29,2,29,3,29,3,28,3,28]"
618048584085000,30.133236600,91099,1883579265,-51,-98,6,0,1,7,0,0,256,0,0,"[0,0,-14,1,-14,1,-13,1,-13,1,-12,1,-11,2,-11,2,-10,2,-10,3,-10,3,-9,3,-8,3,-8,4,-8,4,-8,4,-7,4,-7,4,-7,4,-7,4,-7,4,-6,3,-6,3,-6,3,-6,2,-6,2,-6,2,0,0,0,0,0,0,0,0,0,0,0,0,0,0,0,0,0,0,0,0,0,0,-16,1,-17,1,-17,0,-17,-1,-17,-2,-18,-3,-18,-3,-18,-4,-17,-5,-17,-5,-17,-5,-16,-5,-15,-5,-15,-5,-15,-3,-15,-3,-15,-3,-15,-2,-15,-2,-15,-1,-15,-1,-15,0,-16,0,-15,0,-15,0,-15,0,0,0,-27,4,-27,4,-26,5,-25,5,-23,5,-21,7,-20,6,-20,6,-19,7,-18,7,-17,7,-16,9,-14,9,-13,9,-15,9,-13,10,-12,9,-13,9,-12,9,-13,9,-12,8,-10,7,-11,6,-10,6,-10,5,-10,6,-10,5,-10,4,0,0,0,0,0,0,0,0,0,0,0,0,0,0,-29,12,-31,8,-30,7,-31,4,-33,5,-33,3,-35,1,-35,-1,-36,-1,-36,-4,-35,-5,-35,-7,-33,-7,-33,-6,-30,-6,-30,-5,-29,-3,-30,-2,-30,-1,-30,-2,-29,0,-29,2,-29,2,-30,3,-30,4,-30,3,-28,3,-28,4]"
618048603127300,30.152278900,91100,1883596651,-51,-98,6,0,1,7,0,0,256,0,0,"[0,0,7,-14,6,-14,6,-13,5,-13,5,-12,4,-12,3,-12,3,-11,2,-11,2,-11,1,-10,1,-10,0,-10,0,-10,0,-10,0,-10,0,-10,0,-9,0,-9,0,-8,1,-8,0,-8,0,-8,0,-7,1,-7,1,-6,0,0,0,0,0,0,0,0,0,0,0,0,0,0,0,0,0,0,0,0,0,0,5,-17,6,-17,7,-17,8,-17,9,-17,10,-17,11,-16,12,-15,12,-15,12,-15,12,-14,11,-14,11,-13,11,-13,11,-13,10,-13,10,-13,10,-14,9,-14,8,-14,8,-14,8,-15,8,-15,7,-15,6,-15,7,-15,0,0,3,-28,3,-27,2,-27,2,-25,1,-25,0,-23,0,-22,-1,-21,-2,-21,-3,-19,-4,-19,-4,-18,-5,-18,-5,-18,-6,-16,-6,-17,-6,-16,-6,-16,-6,-15,-5,-15,-5,-14,-4,-14,-3,-13,-3,-12,-3,-12,-3,-12,-2,-11,-1,-11,0,0,0,0,0,0,0,0,0,0,0,0,0,0,-4,-30,-1,-31,1,-31,3,-32,4,-32,5,-33,7,-33,10,-35,10,-33,13,-33,13,-32,14,-31,15,-30,14,-29,14,-28,13,-28,12,-29,10,-28,10,-29,9,-28,8,-29,6,-29,6,-30,5,-30,5,-29,5,-29,4,-30,5,-30]"
618048624069200,30.173220800,91101,1883616480,-51,-98,6,0,1,7,0,0,256,0,0,"[0,0,8,-12,7,-12,7,-12,7,-12,6,-11,5,-11,4,-11,4,-10,4,-10,3,-10,3,-10,2,-9,2,-9,1,-9,1,-9,0,-9,0,-9,1,-9,1,-9,1,-8,1,-8,0,-8,1,-7,1,-7,1,-7,1,-6,0,0,0,0,0,0,0,0,0,0,0,0,0,0,0,0,0,0,0,0,0,0,8,-15,8,-15,9,-15,10,-15,11,-15,12,-14,13,-14,14,-13,14,-13,14,-12,14,-11,14,-11,13,-11,12,-10,12,-11,11,-11,11,-11,11,-12,10,-12,9,-13,9,-13,9,-13,9,-13,9,-13,9,-13,9,-13,0,0,12,-55,11,-53,11,-52,9,-48,8,-48,4,-46,3,-44,0,-42,0,-40,-2,-38,-2,-37,-5,-37,-6,-36,-8,-36,-7,-33,-8,-34,-8,-32,-8,-33,-8,-32,-8,-30,-6,-29,-7,-28,-5,-26,-3,-25,-3,-25,-2,-24,0,-22,1,-22,0,0,0,0,0,0,0,0,0,0,0,0,0,0,-2,-60,5,-62,9,-61,12,-63,15,-61,19,-63,21,-62,25,-66,28,-64,29,-64,34,-61,33,-59,34,-57,34,-55,33,-54,30,-53,28,-56,27,-51,26,-54,22,-54,21,-57,17,-57,15,-58,16,-58,15,-57,15,-57,15,-57,15,-58]"
618048646314700,30.195466300,91102,1883639276,-51,-98,6,0,1,7,0,0,256,0,0,"[0,0,15,1,14,0,13,0,13,0,12,0,12,-1,11,-1,10,-1,10,-2,10,-2,9,-3,8,-3,8,-4,8,-4,8,-4,8,-4,8,-4,7,-4,7,-4,7,-4,7,-3,6,-3,6,-3,6,-2,6,-2,6,-2,0,0,0,0,0,0,0,0,0,0,0,0,0,0,0,0,0,0,0,0,0,0,17,-1,17,0,18,0,17,1,18,2,18,3,18,4,18,5,18,6,18,6,17,6,16,6,16,6,16,6,15,5,15,4,15,4,16,3,15,2,15,2,15,2,16,2,16,1,15,1,16,0,15,1,0,0,26,-9,25,-10,23,-10,23,-9,21,-9,19,-10,19,-10,17,-11,17,-11,15,-11,15,-11,14,-11,13,-12,12,-13,12,-13,11,-13,11,-12,11,-12,10,-12,11,-11,10,-10,10,-10,9,-9,9,-9,9,-8,8,-8,9,-7,9,-6,0,0,0,0,0,0,0,0,0,0,0,0,0,0,24,-18,27,-15,28,-13,29,-12,30,-11,31,-10,32,-8,34,-7,34,-6,35,-4,35,-3,34,-2,33,-1,32,0,31,0,30,-1,29,-2,29,-4,29,-4,29,-5,28,-6,28,-7,28,-8,28,-9,29,-9,28,-9,28,-9,28,-9]"
618048664166300,30.213317900,91103,1883656562,-51,-98,6,0,1,7,0,0,256,0,0,"[0,0,-15,-4,-15,-4,-14,-3,-14,-3,-13,-3,-12,-2,-12,-2,-11,-1,-11,-1,-11,0,-10,0,-10,0,-10,0,-9,1,-10,1,-9,2,-9,1,-9,1,-8,2,-8,1,-8,1,-8,1,-7,0,-7,0,-7,0,-7,0,0,0,0,0,0,0,0,0,0,0,0,0,0,0,0,0,0,0,0,0,0,0,-17,-4,-17,-4,-18,-5,-17,-6,-18,-7,-17,-8,-17,-9,-17,-9,-17,-10,-16,-11,-15,-11,-15,-10,-14,-10,-14,-10,-14,-9,-15,-8,-14,-8,-15,-7,-15,-7,-15,-6,-15,-6,-16,-5,-16,-5,-16,-5,-15,-5,-15,-5,0,0,-28,3,-28,3,-27,3,-25,4,-24,4,-23,5,-22,5,-21,5,-19,6,-19,7,-17,7,-17,7,-16,8,-16,8,-15,9,-14,9,-14,9,-14,9,-13,8,-13,8,-13,7,-12,6,-12,6,-11,5,-11,5,-11,5,-11,4,-11,3,0,0,0,0,0,0,0,0,0,0,0,0,0,0,-29,9,-30,6,-31,4,-32,3,-33,2,-33,1,-34,-1,-36,-3,-35,-3,-35,-6,-35,-7,-34,-8,-33,-8,-32,-8,-31,-8,-30,-7,-30,-6,-30,-4,-30,-3,-30,-3,-30,-2,-30,0,-30,0,-31,2,-30,1,-30,1,-30,2,-30,2]"
618048683222500,30.232374100,91104,1883676542,-51,-98,6,0,1,7,0,0,256,0,0,"[0,0,12,7,12,7,12,6,12,6,11,5,11,4,10,3,10,3,9,3,10,2,9,2,9,1,9,1,8,0,9,0,9,0,8,0,8,0,8,0,8,0,8,0,7,0,7,1,6,0,6,0,5,1,0,0,0,0,0,0,0,0,0,0,0,0,0,0,0,0,0,0,0,0,0,0,15,6,15,7,15,8,15,9,15,10,15,11,14,12,14,13,13,13,12,13,12,13,11,13,11,12,11,12,11,11,12,11,12,10,12,10,12,9,13,9,13,9,13,8,14,9,13,8,13,7,13,7,0,0,54,6,53,4,51,4,48,3,48,2,46,1,44,1,41,-2,39,-4,38,-7,36,-9,35,-9,33,-10,33,-11,32,-12,32,-13,30,-12,31,-12,30,-11,29,-10,27,-9,26,-8,25,-8,24,-7,22,-6,21,-4,22,-4,21,-3,0,0,0,0,0,0,0,0,0,0,0,0,0,0,59,-10,62,-4,61,0,62,5,63,6,64,10,65,14,67,18,67,21,65,25,62,26,63,26,60,26,59,26,56,25,55,22,54,22,55,19,56,18,57,17,58,14,58,13,58,12,57,10,59,9,59,7,58,6,59,6]"
618048704237000,30.253388600,91105,1883697038,-51,-98,6,0,1,7,0,0,256,0,0,"[0,0,11,9,11,8,10,8,10,8,10,7,10,6,9,6,9,5,9,4,9,3,9,3,9,3,8,2,8,2,8,1,8,1,8,1,8,1,8,1,8,1,7,1,7,1,6,2,6,2,5,1,5,2,0,0,0,0,0,0,0,0,0,0,0,0,0,0,0,0,0,0,0,0,0,0,14,9,14,10,13,11,13,12,13,13,13,14,12,14,11,15,11,15,10,15,9,15,9,14,8,14,9,14,9,13,10,12,10,12,10,12,11,11,11,11,11,11,11,10,12,11,12,10,12,10,12,9,0,0,53,18,50,14,50,14,45,13,46,11,44,10,42,8,41,7,39,5,36,0,37,-3,36,-4,34,-5,34,-5,32,-5,33,-5,32,-6,32,-6,30,-5,29,-3,28,-3,27,-3,25,-4,25,-3,23,-2,23,0,22,0,22,1,0,0,0,0,0,0,0,0,0,0,0,0,0,0,60,1,60,6,61,10,61,15,60,18,60,23,61,27,64,31,60,34,58,39,56,39,55,38,56,36,54,35,52,34,52,32,52,32,50,29,52,28,50,27,53,26,53,24,54,24,55,22,55,19,58,16,56,15,57,17]"
618048722891200,30.272042800,91106,1883716570,-51,-98,6,0,1,7,0,0,256,0,0,"[0,0,15,-3,14,-3,13,-4,13,-4,12,-4,11,-4,10,-4,10,-4,9,-4,9,-5,8,-5,7,-5,7,-6,6,-6,7,-6,6,-6,6,-6,7,-6,6,-6,6,-6,6,-5,5,-5,5,-5,5,-4,5,-4,5,-3,0,0,0,0,0,0,0,0,0,0,0,0,0,0,0,0,0,0,0,0,0,0,16,-5,17,-4,17,-4,17,-2,18,-2,19,-1,19,0,19,1,19,1,18,2,18,2,17,2,17,2,16,1,16,1,16,0,16,0,16,-1,15,-1,15,-2,15,-2,15,-3,16,-3,16,-3,16,-3,15,-3,0,0,23,-14,23,-15,22,-14,21,-14,19,-13,17,-14,16,-14,15,-14,14,-14,13,-14,13,-14,11,-14,11,-14,9,-14,10,-15,9,-14,8,-14,8,-14,8,-14,8,-13,8,-13,7,-12,7,-11,7,-10,7,-10,6,-9,7,-9,8,-7,0,0,0,0,0,0,0,0,0,0,0,0,0,0,22,-22,25,-19,26,-17,26,-16,29,-15,28,-14,31,-14,32,-12,33,-12,34,-10,33,-8,34,-7,33,-6,32,-6,30,-5,29,-6,28,-8,29,-8,28,-9,28,-10,27,-11,26,-13,26,-14,26,-14,27,-14,26,-14,25,-14,26,-15]"
618048744239500,30.293391100,91107,1883736526,-51,-98,6,0,1,7,0,0,256,0,0,"[0,0,-15,-5,-14,-5,-14,-5,-13,-4,-12,-4,-12,-3,-12,-3,-11,-2,-11,-2,-10,-1,-10,-1,-10,-1,-10,0,-10,0,-9,0,-9,1,-9,1,-9,1,-9,1,-9,0,-8,0,-7,0,-7,0,-7,-1,-7,-1,-6,-1,0,0,0,0,0,0,0,0,0,0,0,0,0,0,0,0,0,0,0,0,0,0,-17,-4,-17,-5,-17,-6,-17,-7,-17,-8,-17,-9,-17,-10,-17,-11,-16,-12,-15,-11,-15,-11,-14,-11,-13,-10,-14,-10,-14,-9,-14,-8,-14,-8,-14,-8,-14,-8,-15,-7,-15,-6,-15,-7,-16,-6,-15,-6,-15,-6,-16,-5,0,0,-28,0,-29,0,-27,0,-26,1,-24,1,-22,2,-22,3,-21,3,-20,4,-19,4,-18,5,-17,5,-17,6,-16,6,-17,7,-15,6,-15,7,-16,6,-15,6,-14,6,-13,5,-14,5,-13,4,-11,4,-12,3,-11,3,-12,3,-11,2,0,0,0,0,0,0,0,0,0,0,0,0,0,0,-29,7,-31,3,-31,2,-32,0,-32,0,-32,-2,-34,-4,-34,-6,-35,-6,-35,-9,-34,-10,-34,-11,-32,-11,-31,-12,-30,-11,-30,-10,-29,-9,-30,-7,-29,-6,-30,-6,-29,-5,-30,-3,-30,-3,-31,-1,-30,-2,-30,-1,-30,-3,-30,-1]"
618048762724200,30.311875800,91108,1883756631,-51,-98,6,0,1,7,0,0,256,0,0,"[0,0,-1,-15,-2,-14,-2,-14,-1,-13,-2,-13,-3,-12,-3,-11,-3,-11,-3,-10,-3,-9,-4,-9,-4,-9,-4,-9,-5,-8,-5,-8,-5,-7,-5,-8,-5,-7,-5,-7,-4,-7,-4,-7,-4,-7,-4,-7,-3,-6,-3,-6,-3,-6,0,0,0,0,0,0,0,0,0,0,0,0,0,0,0,0,0,0,0,0,0,0,-2,-17,-1,-17,-1,-17,0,-18,1,-18,2,-18,2,-18,3,-18,3,-18,4,-18,5,-17,4,-17,4,-16,4,-16,3,-16,2,-16,2,-16,2,-16,1,-16,0,-16,0,-16,-1,-16,0,-16,-1,-16,-1,-15,-1,-15,0,0,-5,-27,-6,-28,-5,-26,-5,-24,-6,-23,-6,-22,-6,-21,-6,-19,-8,-19,-9,-17,-9,-15,-10,-15,-11,-15,-10,-15,-10,-14,-10,-13,-12,-13,-10,-13,-10,-12,-9,-12,-8,-12,-8,-11,-9,-10,-8,-10,-8,-10,-7,-10,-6,-10,-5,-10,0,0,0,0,0,0,0,0,0,0,0,0,0,0,-10,-30,-8,-31,-8,-32,-4,-31,-3,-33,-1,-33,0,-35,2,-35,4,-35,6,-36,7,-34,7,-35,5,-33,5,-32,5,-32,5,-32,4,-29,3,-30,2,-29,0,-30,-1,-30,-1,-30,-1,-31,-1,-30,-4,-29,-5,-30,-6,-29,-5,-30]"
618048783580300,30.332731900,91109,1883776537,-51,-98,6,0,1,7,0,0,256,0,0,"[0,0,-16,1,-15,0,-14,1,-14,1,-13,1,-12,1,-12,1,-11,2,-11,2,-10,3,-9,3,-9,3,-9,4,-8,4,-8,4,-8,4,-7,4,-8,4,-8,4,-7,3,-7,3,-7,3,-6,3,-6,3,-6,2,-6,2,0,0,0,0,0,0,0,0,0,0,0,0,0,0,0,0,0,0,0,0,0,0,-17,3,-18,2,-18,1,-18,0,-19,-1,-19,-2,-20,-3,-19,-5,-19,-5,-19,-5,-18,-4,-18,-4,-17,-4,-17,-4,-17,-3,-17,-3,-16,-2,-17,-2,-16,-1,-16,-1,-17,-1,-17,-1,-17,0,-17,1,-16,1,-16,1,0,0,-27,9,-26,9,-25,8,-23,9,-21,8,-21,9,-20,9,-18,9,-17,10,-16,10,-15,11,-15,11,-14,11,-13,11,-12,12,-12,11,-12,12,-11,11,-11,10,-11,10,-11,10,-11,9,-10,8,-10,8,-9,7,-10,7,-10,6,-10,5,0,0,0,0,0,0,0,0,0,0,0,0,0,0,-25,16,-28,14,-29,12,-30,10,-30,10,-32,8,-34,7,-34,5,-35,4,-35,2,-35,1,-35,0,-33,0,-34,0,-32,0,-31,0,-31,1,-29,2,-30,3,-30,3,-29,5,-29,6,-29,6,-30,8,-29,8,-28,9,-29,9,-28,8]"
618048804420100,30.353571700,91110,1883796590,-51,-98,6,0,1,7,0,0,256,0,0,"[0,0,8,-11,7,-11,7,-11,7,-10,6,-10,5,-10,5,-10,4,-10,4,-9,3,-9,3,-9,2,-9,2,-9,2,-9,2,-8,2,-8,1,-8,1,-8,1,-8,1,-8,1,-7,1,-7,1,-6,1,-6,2,-6,2,-5,0,0,0,0,0,0,0,0,0,0,0,0,0,0,0,0,0,0,0,0,0,0,8,-14,9,-14,10,-13,10,-13,11,-13,12,-12,12,-12,13,-12,14,-11,13,-10,13,-9,13,-9,12,-9,12,-9,12,-9,11,-9,11,-10,10,-10,10,-10,9,-11,9,-12,9,-12,9,-12,9,-12,9,-11,9,-12,0,0,37,-40,38,-42,32,-38,34,-37,30,-37,25,-36,24,-35,22,-34,18,-31,18,-33,16,-33,15,-35,11,-31,11,-31,11,-33,10,-31,8,-33,9,-28,7,-30,8,-27,8,-27,8,-25,8,-24,10,-23,9,-20,9,-20,11,-19,12,-19,0,0,0,0,0,0,0,0,0,0,0,0,0,0,28,-56,34,-52,39,-49,39,-48,43,-49,46,-46,51,-47,54,-43,54,-45,58,-40,57,-37,58,-36,60,-32,55,-29,55,-29,52,-31,50,-31,51,-34,46,-33,48,-35,45,-37,42,-41,41,-41,42,-43,43,-41,41,-42,39,-41,39,-41]"
618048826168900,30.375320500,91111,1883818115,-51,-98,6,0,1,7,0,0,256,0,0,"[0,0,7,-14,6,-13,6,-13,6,-12,5,-12,5,-11,4,-11,3,-11,3,-10,3,-10,2,-10,1,-10,0,-10,0,-10,1,-9,0,-9,0,-9,0,-9,0,-9,0,-8,0,-8,0,-8,0,-7,1,-7,0,-7,1,-6,0,0,0,0,0,0,0,0,0,0,0,0,0,0,0,0,0,0,0,0,0,0,6,-16,7,-17,8,-16,9,-16,10,-16,11,-16,12,-15,12,-15,13,-14,12,-14,13,-13,13,-13,12,-13,11,-12,11,-13,11,-12,10,-12,10,-13,9,-13,9,-14,8,-14,8,-14,8,-15,8,-14,7,-15,7,-14,0,0,11,-26,10,-25,9,-24,8,-23,7,-22,6,-21,6,-21,4,-20,3,-19,3,-19,2,-19,1,-18,0,-18,-1,-17,-1,-17,-1,-17,-2,-17,-1,-17,-1,-16,-1,-15,-1,-15,0,-15,0,-14,0,-13,0,-12,1,-12,1,-11,2,-11,0,0,0,0,0,0,0,0,0,0,0,0,0,0,3,-31,6,-31,9,-30,10,-30,11,-31,13,-29,16,-30,17,-30,18,-29,20,-29,21,-27,21,-27,21,-25,21,-25,20,-24,19,-24,18,-24,17,-24,16,-24,16,-25,14,-25,14,-26,13,-26,12,-27,13,-27,12,-27,11,-27,12,-27]"
618048842418400,30.391570000,91112,1883836489,-51,-98,6,0,1,7,0,0,256,0,0,"[0,0,7,12,7,12,7,11,7,10,7,10,6,9,7,9,7,8,6,7,7,7,6,6,7,5,7,5,7,5,7,5,7,4,7,4,7,4,6,4,6,4,6,4,5,4,5,4,5,4,4,3,5,3,0,0,0,0,0,0,0,0,0,0,0,0,0,0,0,0,0,0,0,0,0,0,10,13,9,14,8,15,8,15,8,16,7,17,6,17,5,18,4,18,4,17,4,17,4,17,4,16,4,16,4,15,5,15,5,14,5,14,6,14,6,14,7,14,7,14,7,14,7,14,8,13,8,13,0,0,20,18,19,18,19,17,18,15,18,15,17,13,17,12,16,11,16,10,16,8,16,7,16,6,16,5,16,5,15,5,15,4,15,4,15,4,14,4,14,4,13,4,13,4,11,4,11,4,10,4,10,4,9,4,8,5,0,0,0,0,0,0,0,0,0,0,0,0,0,0,26,13,25,17,24,18,23,20,22,22,21,23,21,25,21,27,19,28,19,28,17,29,16,29,15,29,15,28,15,27,15,25,16,26,15,24,16,24,16,23,18,23,19,22,19,21,20,21,20,20,20,20,21,20,21,20]"
618048862874100,30.412025700,91113,1883856576,-51,-98,6,0,1,7,0,0,256,0,0,"[0,0,-12,7,-11,6,-11,6,-10,6,-9,6,-9,6,-8,6,-8,6,-8,6,-7,6,-6,6,-6,6,-6,6,-5,6,-5,6,-5,6,-4,6,-5,6,-5,6,-4,5,-4,5,-4,5,-5,4,-4,4,-5,4,-4,3,0,0,0,0,0,0,0,0,0,0,0,0,0,0,0,0,0,0,0,0,0,0,-12,10,-13,9,-14,8,-14,8,-15,7,-16,6,-17,6,-17,5,-17,5,-16,4,-16,4,-16,3,-15,4,-14,4,-15,4,-14,5,-14,5,-14,5,-13,6,-13,6,-13,6,-13,7,-13,7,-12,7,-12,7,-12,7,0,0,-25,12,-26,11,-24,11,-24,10,-22,11,-20,11,-18,10,-17,10,-16,11,-15,11,-15,11,-14,12,-13,12,-11,11,-11,13,-11,11,-10,13,-10,12,-10,11,-11,11,-10,10,-10,11,-9,8,-9,10,-9,7,-9,7,-9,7,-9,7,0,0,0,0,0,0,0,0,0,0,0,0,0,0,-26,19,-29,16,-29,13,-30,12,-32,11,-32,10,-34,8,-35,7,-35,7,-37,4,-35,3,-36,2,-34,1,-34,1,-32,1,-31,2,-31,4,-30,4,-30,5,-30,7,-30,7,-28,8,-29,8,-28,10,-29,10,-27,10,-27,10,-28,10]"
618048882776900,30.431928500,91114,1883876833,-51,-98,6,0,1,7,0,0,256,0,0,"[0,0,8,12,8,11,8,11,8,10,8,10,8,9,7,8,8,7,7,6,8,6,7,5,7,5,7,4,8,4,7,4,7,4,7,3,7,3,7,3,6,3,6,3,6,3,5,3,5,3,5,3,4,3,0,0,0,0,0,0,0,0,0,0,0,0,0,0,0,0,0,0,0,0,0,0,11,13,10,14,9,14,9,15,8,16,8,17,7,17,7,18,6,18,5,17,5,17,5,16,5,16,5,15,5,15,5,14,6,15,6,13,7,14,7,13,8,13,8,13,8,13,8,13,9,13,9,12,0,0,20,18,20,17,20,16,19,15,18,14,18,12,17,11,17,10,16,9,16,8,16,7,16,6,16,5,16,4,16,4,16,4,15,3,15,3,15,3,14,4,13,3,12,3,12,4,11,4,11,4,9,4,10,4,9,4,0,0,0,0,0,0,0,0,0,0,0,0,0,0,27,12,25,16,24,18,24,19,24,21,23,21,23,24,22,26,21,26,19,28,19,28,17,29,16,28,16,28,15,26,15,25,16,24,17,23,17,22,19,23,19,21,20,20,20,20,21,20,22,20,21,19,21,19,22,19]"
618048906944200,30.456095800,91115,1883898537,-51,-98,6,0,1,7,0,0,256,0,0,"[0,0,-12,-10,-11,-10,-11,-9,-11,-9,-11,-8,-10,-7,-10,-6,-10,-7,-9,-5,-9,-5,-10,-4,-10,-4,-9,-3,-9,-3,-9,-3,-9,-2,-8,-3,-9,-2,-8,-2,-8,-2,-8,-2,-7,-2,-7,-2,-6,-2,-7,-3,-6,-2,0,0,0,0,0,0,0,0,0,0,0,0,0,0,0,0,0,0,0,0,0,0,-14,-10,-14,-11,-13,-12,-13,-13,-13,-14,-13,-15,-12,-15,-11,-16,-11,-16,-10,-16,-10,-16,-10,-15,-9,-15,-9,-14,-9,-14,-10,-13,-10,-13,-11,-13,-11,-12,-11,-12,-11,-12,-12,-12,-12,-11,-12,-11,-12,-11,-12,-10,0,0,-46,-33,-43,-31,-44,-31,-40,-28,-39,-26,-39,-21,-38,-21,-36,-17,-37,-15,-37,-15,-38,-11,-33,-10,-32,-8,-33,-6,-33,-5,-33,-4,-32,-5,-32,-4,-31,-5,-30,-5,-28,-4,-27,-6,-26,-5,-24,-6,-23,-6,-22,-7,-22,-9,-18,-9,0,0,0,0,0,0,0,0,0,0,0,0,0,0,-58,-24,-54,-32,-54,-34,-53,-38,-53,-41,-50,-43,-48,-48,-49,-51,-47,-52,-47,-56,-43,-55,-41,-58,-37,-56,-37,-56,-34,-53,-36,-49,-37,-49,-40,-47,-41,-45,-41,-42,-41,-42,-44,-39,-44,-38,-47,-39,-49,-39,-45,-38,-47,-36,-45,-36]"
618048923142300,30.472293900,91116,1883917230,-51,-98,6,0,1,7,0,0,256,0,0,"[0,0,13,1,12,0,12,0,12,0,11,0,10,0,10,-1,10,-1,9,-2,9,-2,8,-3,8,-3,8,-3,7,-3,7,-3,7,-3,7,-4,7,-3,7,-3,7,-3,6,-3,6,-3,6,-2,5,-2,5,-2,5,-2,0,0,0,0,0,0,0,0,0,0,0,0,0,0,0,0,0,0,0,0,0,0,15,-1,15,0,15,1,16,2,16,2,16,4,16,5,16,6,15,6,15,6,14,6,14,6,14,6,14,5,13,5,14,4,13,4,14,3,13,3,14,2,14,2,14,2,14,1,14,1,14,1,14,1,0,0,28,4,27,3,24,3,25,3,21,2,21,1,21,1,21,0,19,0,19,-2,17,-4,17,-4,17,-4,16,-5,16,-5,16,-5,15,-6,16,-6,14,-4,14,-4,13,-4,12,-4,12,-3,11,-3,12,-2,11,-2,11,-1,10,-1,0,0,0,0,0,0,0,0,0,0,0,0,0,0,30,-4,31,1,31,2,32,4,32,6,31,7,33,8,33,11,31,12,33,14,31,15,30,15,29,15,28,15,27,14,27,13,27,12,26,12,27,11,29,9,26,8,28,7,27,7,29,6,29,6,28,5,28,4,29,5]"
618048944008900,30.493160500,91117,1883936721,-51,-98,6,0,1,7,0,0,256,0,0,"[0,0,14,2,14,2,13,1,13,1,12,0,12,0,11,0,10,-1,10,-1,10,-2,9,-2,9,-2,9,-3,9,-3,8,-3,8,-3,7,-3,8,-3,8,-3,7,-3,7,-3,6,-2,6,-2,5,-2,6,-1,5,-1,0,0,0,0,0,0,0,0,0,0,0,0,0,0,0,0,0,0,0,0,0,0,17,-1,18,0,17,1,17,1,18,3,18,4,18,4,18,5,18,6,17,6,16,7,16,6,16,6,15,6,15,5,15,5,15,4,15,4,15,3,15,3,15,2,16,2,16,2,15,2,15,2,16,1,0,0,26,-6,27,-6,25,-6,24,-6,22,-6,21,-7,20,-7,19,-8,18,-8,17,-9,16,-9,15,-9,14,-9,13,-10,14,-11,13,-11,12,-11,12,-10,12,-10,11,-9,11,-9,11,-8,11,-8,10,-7,10,-6,9,-6,10,-5,10,-4,0,0,0,0,0,0,0,0,0,0,0,0,0,0,26,-14,28,-11,28,-9,29,-8,31,-7,31,-6,33,-4,34,-2,34,-2,35,1,34,1,34,3,33,4,32,4,30,4,29,3,29,2,29,0,28,0,29,-1,29,-2,29,-4,29,-4,29,-5,30,-5,29,-5,29,-5,29,-6]"
618048961951900,30.511103500,91118,1883956521,-51,-98,6,0,1,7,0,0,256,0,0,"[0,0,13,7,12,6,12,6,11,5,11,5,10,5,10,4,9,3,9,3,9,2,9,1,9,1,8,1,8,0,8,0,8,-1,8,0,8,0,8,0,7,0,7,0,6,1,6,0,6,1,6,0,5,1,0,0,0,0,0,0,0,0,0,0,0,0,0,0,0,0,0,0,0,0,0,0,15,6,15,7,15,8,14,8,15,10,14,11,14,12,13,12,13,12,12,13,12,12,11,12,12,12,11,11,11,11,11,10,11,9,12,9,12,9,12,9,12,8,13,8,14,8,13,7,13,7,13,7,0,0,55,7,54,4,50,3,49,3,47,3,44,1,43,-1,40,-3,39,-3,37,-6,35,-8,34,-9,33,-10,32,-11,32,-12,30,-11,31,-12,30,-11,29,-10,28,-9,26,-8,26,-7,25,-7,23,-7,22,-6,21,-5,22,-3,21,-2,0,0,0,0,0,0,0,0,0,0,0,0,0,0,59,-12,60,-7,61,-2,61,2,64,6,61,9,67,13,66,16,65,21,65,23,63,25,63,25,61,25,59,24,57,22,56,22,55,21,55,18,54,17,57,16,56,14,57,12,57,11,58,10,59,8,59,5,58,5,58,4]"
618048983390200,30.532541800,91119,1883976613,-51,-98,6,0,1,7,0,0,256,0,0,"[0,0,-3,14,-3,13,-3,13,-3,12,-2,12,-1,11,-1,11,0,10,-1,10,0,9,0,8,1,8,1,8,2,8,2,8,1,8,2,7,2,7,2,7,1,7,1,7,1,6,1,6,0,6,0,5,0,5,0,0,0,0,0,0,0,0,0,0,0,0,0,0,0,0,0,0,0,0,0,0,-1,16,-2,16,-3,16,-4,17,-5,17,-6,17,-7,17,-8,16,-8,16,-8,15,-8,15,-8,15,-7,14,-7,14,-7,14,-7,14,-6,14,-6,14,-5,14,-4,14,-4,14,-4,15,-3,15,-3,15,-3,15,-3,14,0,0,-2,28,-1,27,0,25,-1,24,1,23,1,21,2,21,2,20,2,19,4,18,4,17,5,17,6,16,6,16,6,15,6,15,6,14,6,14,5,14,5,14,5,13,4,12,4,12,4,11,3,11,3,10,2,10,1,10,0,0,0,0,0,0,0,0,0,0,0,0,0,0,8,28,5,30,3,30,1,31,-1,32,-2,32,-4,33,-6,33,-7,33,-9,34,-10,32,-10,32,-10,31,-11,30,-10,30,-9,29,-9,29,-8,28,-7,28,-7,28,-5,28,-4,28,-3,29,-3,29,-2,29,-1,29,-1,29,-1,28]"
618049003241800,30.552393400,91120,1883996843,-51,-98,6,0,1,7,0,0,256,0,0,"[0,0,11,6,11,6,11,5,10,5,10,4,9,4,9,3,8,3,8,2,8,1,8,1,8,1,8,1,8,0,8,0,8,0,7,-1,7,0,7,-1,7,0,6,0,6,0,6,0,5,0,5,0,5,1,0,0,0,0,0,0,0,0,0,0,0,0,0,0,0,0,0,0,0,0,0,0,13,5,13,7,13,7,13,8,13,9,13,10,12,10,12,11,11,11,11,11,10,11,10,11,10,11,10,10,10,10,10,9,10,9,10,8,11,8,11,7,12,7,11,7,11,7,12,7,12,6,12,6,0,0,50,27,47,25,43,24,42,22,42,18,41,16,40,15,39,13,39,8,39,6,35,6,34,4,33,3,32,2,36,0,33,0,32,-1,30,0,30,-1,29,0,28,0,26,1,26,1,22,1,24,3,20,3,21,4,20,3,0,0,0,0,0,0,0,0,0,0,0,0,0,0,59,14,57,21,57,26,55,26,56,32,54,33,56,39,53,41,56,42,51,49,50,49,49,50,46,49,44,47,41,46,42,41,42,40,46,39,43,36,48,39,43,33,51,31,50,30,52,30,53,31,51,30,51,28,51,26]"
618049027452600,30.576604200,91121,1884018107,-51,-98,6,0,1,7,0,0,256,0,0,"[0,0,5,-14,4,-14,4,-14,4,-13,3,-13,3,-13,2,-12,2,-12,1,-11,0,-11,0,-10,-1,-10,-1,-10,-1,-10,-1,-9,-1,-9,-2,-9,-2,-9,-1,-8,-1,-8,-1,-8,-1,-8,-1,-7,-1,-7,0,-6,0,-7,0,0,0,0,0,0,0,0,0,0,0,0,0,0,0,0,0,0,0,0,0,0,4,-17,5,-18,5,-17,7,-18,7,-17,9,-18,10,-17,10,-17,11,-16,10,-16,10,-15,10,-14,10,-14,9,-14,9,-15,8,-13,9,-14,7,-14,7,-15,6,-15,6,-15,6,-15,5,-15,5,-16,5,-15,5,-15,0,0,4,-27,3,-28,3,-26,2,-25,1,-24,0,-23,0,-22,-1,-21,-1,-20,-3,-19,-4,-19,-4,-18,-5,-17,-5,-17,-6,-17,-6,-16,-6,-15,-6,-15,-6,-16,-5,-15,-4,-15,-4,-13,-4,-13,-4,-13,-3,-12,-3,-12,-2,-11,-1,-11,0,0,0,0,0,0,0,0,0,0,0,0,0,0,-5,-30,-2,-31,0,-31,2,-31,3,-32,6,-32,8,-33,10,-33,11,-33,13,-33,14,-31,14,-32,14,-30,13,-29,13,-28,12,-28,11,-28,10,-28,10,-28,9,-28,8,-29,7,-29,6,-29,6,-30,6,-30,4,-30,3,-29,4,-30]"
618049043977500,30.593129100,91122,1884036555,-51,-98,6,0,1,7,0,0,256,0,0,"[0,0,11,-10,10,-10,9,-10,9,-10,9,-9,8,-10,7,-9,6,-9,5,-9,5,-9,5,-9,4,-9,3,-9,3,-9,3,-9,3,-9,2,-9,3,-8,2,-8,3,-8,2,-7,2,-7,2,-7,2,-7,3,-6,3,-6,0,0,0,0,0,0,0,0,0,0,0,0,0,0,0,0,0,0,0,0,0,0,11,-13,12,-13,13,-12,14,-11,15,-11,16,-11,16,-10,17,-9,17,-8,17,-8,17,-8,16,-7,15,-7,15,-7,14,-8,14,-8,13,-8,13,-9,13,-9,12,-10,12,-10,12,-11,13,-11,12,-11,12,-11,11,-11,0,0,12,-25,10,-25,10,-24,9,-23,8,-23,7,-22,6,-21,5,-20,4,-20,3,-19,1,-19,0,-19,0,-18,0,-18,-1,-17,-1,-17,-1,-16,-1,-17,-1,-16,-1,-16,0,-15,0,-14,0,-13,0,-13,0,-13,1,-12,1,-11,2,-11,0,0,0,0,0,0,0,0,0,0,0,0,0,0,5,-30,8,-30,11,-29,13,-29,14,-28,16,-28,18,-28,20,-29,21,-27,23,-26,23,-26,23,-25,22,-24,22,-23,21,-23,20,-23,20,-23,18,-23,18,-24,17,-24,16,-25,16,-25,15,-25,14,-26,13,-26,12,-27,12,-27,13,-27]"
618049062672500,30.611824100,91123,1884058724,-51,-98,6,0,1,7,0,0,256,0,0,"[0,0,12,-10,10,-9,10,-10,10,-9,9,-9,8,-9,7,-9,7,-9,6,-8,6,-9,5,-9,4,-9,4,-9,3,-9,3,-9,3,-9,3,-8,3,-8,3,-8,3,-8,3,-8,3,-8,2,-7,2,-6,3,-6,3,-6,0,0,0,0,0,0,0,0,0,0,0,0,0,0,0,0,0,0,0,0,0,0,13,-12,14,-11,14,-11,15,-10,16,-10,17,-9,17,-8,18,-7,18,-7,17,-6,17,-6,16,-6,16,-6,15,-6,15,-7,14,-7,14,-7,14,-8,13,-8,13,-9,13,-9,13,-10,13,-10,13,-10,12,-10,13,-10,0,0,13,-24,11,-25,11,-23,10,-24,9,-22,8,-21,7,-20,7,-20,5,-19,3,-19,2,-19,1,-18,0,-18,0,-17,0,-18,-1,-17,-1,-17,0,-16,0,-16,0,-16,0,-15,0,-14,0,-14,0,-13,0,-12,1,-12,1,-12,2,-11,0,0,0,0,0,0,0,0,0,0,0,0,0,0,6,-30,9,-30,11,-29,13,-28,15,-29,16,-27,19,-29,20,-28,22,-27,24,-26,24,-25,24,-24,22,-24,22,-23,21,-23,20,-22,19,-22,19,-23,18,-23,18,-24,16,-24,16,-24,15,-25,15,-25,14,-27,13,-27,12,-26,13,-26]"
618049085185400,30.634337000,91124,1884078234,-51,-98,6,0,1,7,0,0,256,0,0,"[0,0,4,-14,3,-13,3,-13,3,-13,3,-12,1,-12,1,-11,1,-11,1,-10,0,-10,0,-10,-1,-9,-1,-9,-2,-9,-2,-9,-1,-8,-2,-9,-2,-8,-2,-8,-1,-8,-2,-7,-1,-7,-1,-7,-1,-7,-1,-6,-1,-6,0,0,0,0,0,0,0,0,0,0,0,0,0,0,0,0,0,0,0,0,0,0,3,-16,3,-16,5,-17,5,-16,6,-16,7,-16,8,-16,8,-16,9,-15,9,-15,9,-14,9,-14,9,-13,8,-13,8,-13,7,-13,7,-13,6,-14,6,-14,5,-14,5,-14,4,-15,5,-15,4,-15,4,-15,4,-14,0,0,10,-24,11,-26,9,-25,9,-23,8,-23,6,-22,5,-21,4,-20,4,-19,1,-19,1,-19,0,-19,0,-19,-1,-18,0,-17,0,-17,-1,-16,-1,-16,-1,-16,-1,-15,-1,-14,-1,-14,0,-12,0,-13,1,-13,1,-12,1,-11,2,-11,0,0,0,0,0,0,0,0,0,0,0,0,0,0,2,-31,7,-31,9,-30,11,-31,12,-30,14,-31,16,-31,18,-31,19,-29,21,-29,21,-27,22,-26,21,-26,21,-25,20,-25,19,-24,19,-25,16,-23,16,-25,15,-25,15,-26,14,-26,13,-28,12,-27,13,-26,13,-28,11,-28,11,-28]"
618049102485900,30.651637500,91125,1884097646,-50,-98,6,0,1,7,0,0,256,0,0,"[0,0,13,1,13,0,12,0,12,0,12,0,11,-1,10,-1,10,-1,9,-2,9,-2,8,-3,8,-3,8,-3,8,-4,8,-4,7,-4,7,-4,7,-4,7,-3,7,-3,6,-3,6,-3,6,-3,6,-2,5,-2,5,-2,0,0,0,0,0,0,0,0,0,0,0,0,0,0,0,0,0,0,0,0,0,0,15,0,16,0,15,1,16,2,16,3,16,4,16,4,16,5,16,6,15,6,15,6,14,6,14,6,14,5,14,5,14,4,14,4,14,3,14,3,14,2,14,2,14,2,14,1,14,1,14,1,14,1,0,0,24,11,24,10,21,9,23,10,20,7,19,7,19,6,18,5,18,4,18,3,17,2,16,1,17,1,15,0,17,-1,15,-1,16,-2,14,-1,14,-2,14,-1,14,-1,13,0,12,0,11,-1,12,1,10,1,11,1,9,2,0,0,0,0,0,0,0,0,0,0,0,0,0,0,30,5,29,9,29,11,27,12,30,14,27,14,29,18,27,19,27,20,27,23,25,22,25,25,24,22,23,23,21,21,21,20,21,19,24,19,22,16,24,17,22,15,23,14,24,15,25,13,28,14,26,14,25,12,25,12]"
618049127845900,30.676997500,91126,1884121798,-51,-98,6,0,1,7,0,0,256,0,0,"[0,0,4,14,5,13,4,13,4,12,4,11,5,11,5,10,5,9,5,8,5,8,5,7,6,7,5,7,6,6,6,6,6,5,6,6,6,5,6,5,5,5,5,5,4,5,4,5,4,5,4,4,3,4,0,0,0,0,0,0,0,0,0,0,0,0,0,0,0,0,0,0,0,0,0,0,7,15,6,16,6,16,4,17,4,18,3,18,2,18,2,19,1,18,0,19,0,18,0,17,0,17,0,16,1,16,1,15,1,15,2,15,3,15,3,15,3,15,4,15,4,15,4,15,4,15,5,14,0,0,18,20,18,19,17,18,17,17,16,15,17,14,16,13,16,12,15,11,16,10,15,9,15,8,15,7,15,6,16,6,15,5,15,5,14,5,15,5,13,5,13,5,12,5,11,5,11,5,10,5,9,5,9,5,8,5,0,0,0,0,0,0,0,0,0,0,0,0,0,0,25,16,24,20,22,21,21,22,21,24,20,24,19,27,18,28,18,29,16,30,15,30,14,31,12,30,12,29,12,28,12,27,13,26,14,25,14,24,15,25,16,23,17,23,18,23,18,22,19,22,19,22,19,22,19,21]"
618049146908100,30.696059700,91127,1884140727,-51,-98,6,0,1,7,0,0,256,0,0,"[0,0,9,-12,8,-12,7,-11,7,-11,6,-11,5,-11,5,-10,4,-10,4,-10,4,-10,3,-10,2,-10,2,-10,1,-9,1,-9,1,-9,1,-9,1,-8,1,-9,1,-8,1,-8,1,-8,1,-7,1,-7,1,-6,1,-6,0,0,0,0,0,0,0,0,0,0,0,0,0,0,0,0,0,0,0,0,0,0,9,-14,10,-14,11,-14,11,-13,13,-13,14,-12,14,-12,15,-12,15,-11,15,-10,15,-10,14,-9,14,-9,14,-9,12,-10,13,-10,11,-10,11,-11,11,-11,10,-12,10,-12,10,-12,10,-13,10,-12,9,-12,10,-12,0,0,16,-54,14,-52,13,-53,11,-47,10,-47,9,-45,7,-42,4,-42,4,-40,-1,-37,-3,-38,-4,-36,-6,-34,-6,-36,-6,-34,-6,-35,-7,-31,-7,-33,-7,-31,-6,-31,-5,-29,-4,-28,-5,-26,-4,-25,-3,-25,-3,-24,-1,-22,1,-23,0,0,0,0,0,0,0,0,0,0,0,0,0,0,1,-60,7,-62,12,-62,16,-61,19,-61,24,-62,25,-61,31,-64,33,-61,37,-61,39,-57,36,-57,37,-56,35,-55,34,-52,32,-52,31,-53,29,-49,30,-53,26,-51,25,-55,23,-54,22,-55,21,-56,18,-55,17,-57,17,-56,16,-57]"
618049174172000,30.723323600,91128,1884163953,-51,-98,6,0,1,7,0,0,256,0,0,"[0,0,-3,-15,-3,-15,-3,-15,-3,-13,-3,-13,-3,-12,-4,-12,-4,-11,-4,-10,-4,-10,-5,-9,-6,-9,-6,-9,-5,-8,-5,-8,-6,-8,-6,-7,-5,-7,-5,-7,-5,-7,-4,-7,-4,-7,-4,-6,-4,-6,-4,-6,-3,-6,0,0,0,0,0,0,0,0,0,0,0,0,0,0,0,0,0,0,0,0,0,0,-5,-17,-4,-18,-4,-18,-3,-18,-1,-19,-1,-20,0,-19,1,-19,2,-19,2,-19,2,-18,2,-17,2,-18,1,-17,1,-17,0,-16,0,-16,0,-16,-1,-17,-1,-17,-2,-16,-2,-17,-2,-16,-3,-16,-3,-16,-3,-16,0,0,-12,-25,-12,-25,-12,-24,-11,-22,-11,-22,-11,-20,-11,-19,-11,-18,-12,-17,-12,-15,-13,-14,-13,-13,-13,-12,-13,-12,-13,-12,-13,-11,-13,-10,-12,-11,-12,-11,-12,-11,-11,-10,-10,-10,-10,-10,-9,-9,-9,-9,-8,-9,-8,-9,-7,-9,0,0,0,0,0,0,0,0,0,0,0,0,0,0,-20,-24,-18,-26,-16,-27,-14,-28,-13,-30,-12,-30,-11,-33,-10,-34,-8,-34,-7,-34,-5,-34,-5,-34,-4,-33,-4,-33,-4,-32,-5,-30,-5,-30,-6,-29,-6,-29,-7,-30,-8,-28,-9,-29,-10,-29,-11,-28,-11,-28,-12,-28,-12,-27,-12,-27]"
618049186811400,30.735963000,91129,1884176575,-51,-98,6,0,1,7,0,0,256,0,0,"[0,0,8,12,8,12,8,11,7,10,7,9,7,9,7,8,7,8,7,7,7,6,7,5,7,5,7,5,7,5,7,4,7,3,7,4,7,3,7,3,7,4,6,3,6,3,5,4,5,3,5,3,5,3,0,0,0,0,0,0,0,0,0,0,0,0,0,0,0,0,0,0,0,0,0,0,11,12,10,13,10,14,9,15,9,16,8,16,7,17,6,18,6,17,5,18,5,17,5,16,5,16,5,16,5,15,6,15,6,14,6,14,7,14,7,14,7,14,8,13,9,13,8,13,9,13,9,13,0,0,21,17,22,16,20,14,20,14,19,13,18,11,18,10,18,9,17,9,17,7,17,5,17,5,16,4,16,3,17,3,15,3,16,3,15,3,15,3,14,3,13,3,13,3,12,3,11,3,11,3,10,3,10,4,9,4,0,0,0,0,0,0,0,0,0,0,0,0,0,0,28,11,27,13,25,15,24,17,26,19,23,19,24,23,23,24,23,26,21,27,20,27,20,28,19,27,18,26,17,25,17,24,17,23,19,22,18,21,20,22,19,20,21,20,21,20,22,19,23,19,23,18,23,17,22,17]"
618049202916700,30.752068300,91130,1884196672,-51,-98,6,0,1,7,0,0,256,0,0,"[0,0,-11,11,-10,11,-9,10,-9,10,-8,10,-7,10,-7,9,-6,9,-6,9,-5,9,-4,8,-3,8,-3,9,-3,8,-3,8,-3,8,-2,8,-2,8,-3,8,-3,7,-3,7,-2,7,-2,6,-2,6,-3,6,-3,5,0,0,0,0,0,0,0,0,0,0,0,0,0,0,0,0,0,0,0,0,0,0,-11,14,-12,13,-13,13,-13,12,-14,12,-16,11,-16,11,-17,10,-17,9,-17,10,-16,9,-15,9,-15,9,-15,9,-15,9,-14,8,-13,9,-13,9,-13,10,-12,10,-12,11,-12,11,-12,11,-11,11,-11,12,-11,12,0,0,-15,24,-13,23,-13,22,-12,21,-11,21,-10,20,-9,19,-8,18,-7,19,-5,18,-4,18,-4,17,-3,17,-2,17,-1,16,-1,16,-1,16,-1,15,-1,15,-1,14,-2,14,-2,13,-2,12,-2,11,-2,12,-2,11,-3,10,-3,10,0,0,0,0,0,0,0,0,0,0,0,0,0,0,-9,28,-13,27,-14,27,-17,27,-17,26,-19,26,-21,26,-23,25,-24,24,-26,24,-26,23,-26,22,-25,21,-25,20,-24,20,-23,20,-22,21,-21,21,-21,21,-20,22,-19,22,-18,23,-17,23,-17,25,-17,24,-16,24,-16,25,-16,24]"
618049225401700,30.774553300,91131,1884222454,-51,-98,6,0,1,7,0,0,256,0,0,"[0,0,-9,-13,-9,-13,-8,-12,-8,-11,-8,-11,-8,-10,-8,-9,-8,-9,-8,-8,-8,-7,-8,-7,-8,-6,-8,-6,-8,-5,-8,-5,-8,-5,-8,-5,-8,-4,-8,-4,-7,-4,-7,-4,-7,-4,-7,-4,-6,-4,-6,-4,-5,-4,0,0,0,0,0,0,0,0,0,0,0,0,0,0,0,0,0,0,0,0,0,0,-11,-14,-10,-15,-10,-16,-9,-16,-8,-18,-8,-18,-7,-18,-6,-19,-5,-19,-5,-19,-5,-18,-5,-17,-5,-17,-5,-17,-5,-17,-6,-16,-6,-15,-7,-15,-7,-15,-8,-15,-8,-15,-8,-15,-9,-15,-9,-14,-9,-14,-9,-14,0,0,-21,-18,-22,-17,-21,-16,-20,-15,-20,-14,-19,-13,-19,-12,-19,-11,-18,-9,-18,-8,-18,-7,-17,-6,-17,-5,-17,-5,-17,-4,-17,-4,-16,-3,-16,-4,-15,-3,-15,-4,-14,-4,-14,-3,-13,-4,-12,-4,-12,-4,-11,-4,-11,-4,-10,-5,0,0,0,0,0,0,0,0,0,0,0,0,0,0,-28,-14,-26,-18,-25,-18,-23,-21,-24,-22,-23,-22,-23,-25,-22,-27,-22,-28,-20,-30,-19,-29,-18,-29,-17,-29,-17,-28,-16,-27,-17,-26,-17,-25,-18,-24,-18,-23,-19,-23,-20,-22,-21,-22,-21,-22,-22,-21,-22,-21,-22,-20,-22,-20,-22,-20]"
618049244232000,30.793383600,91132,1884236578,-51,-98,6,0,1,7,0,0,256,0,0,"[0,0,-11,-12,-11,-11,-10,-10,-10,-10,-10,-9,-10,-9,-9,-8,-9,-7,-9,-6,-9,-6,-9,-5,-9,-5,-9,-5,-9,-4,-9,-4,-9,-3,-9,-4,-9,-3,-8,-4,-8,-3,-8,-3,-7,-3,-7,-4,-6,-3,-6,-4,-6,-4,0,0,0,0,0,0,0,0,0,0,0,0,0,0,0,0,0,0,0,0,0,0,-14,-11,-14,-12,-13,-13,-12,-14,-13,-15,-12,-16,-11,-16,-11,-17,-10,-17,-9,-17,-9,-17,-8,-16,-8,-16,-8,-16,-8,-15,-9,-14,-9,-14,-10,-14,-10,-14,-11,-13,-11,-13,-11,-13,-11,-13,-11,-13,-11,-12,-11,-12,0,0,-27,-9,-27,-9,-25,-8,-25,-7,-23,-6,-22,-6,-22,-5,-21,-4,-20,-2,-19,-2,-19,0,-19,1,-18,1,-17,1,-18,2,-17,2,-17,2,-16,2,-16,2,-16,1,-15,1,-14,1,-14,1,-13,1,-12,0,-11,0,-12,-1,-11,-1,0,0,0,0,0,0,0,0,0,0,0,0,0,0,-31,-2,-31,-5,-31,-7,-30,-10,-32,-11,-30,-12,-32,-15,-30,-16,-31,-18,-30,-20,-29,-20,-29,-21,-28,-19,-27,-19,-26,-19,-26,-18,-25,-17,-27,-16,-25,-15,-27,-15,-26,-13,-27,-13,-28,-13,-28,-12,-30,-11,-29,-10,-28,-9,-28,-10]"
618049263226100,30.812377700,91133,1884257545,-51,-98,6,0,1,7,0,0,256,0,0,"[0,0,-2,13,-1,12,-1,12,-1,11,0,11,0,10,0,10,1,9,1,9,2,8,2,8,2,8,2,7,2,7,2,7,2,7,3,7,2,6,2,6,2,6,2,6,2,6,2,5,1,5,1,5,1,4,0,0,0,0,0,0,0,0,0,0,0,0,0,0,0,0,0,0,0,0,0,0,0,15,-1,14,-1,15,-2,15,-3,16,-4,15,-5,16,-6,16,-6,15,-7,15,-6,14,-6,14,-6,14,-5,13,-5,13,-5,13,-4,13,-4,13,-3,13,-2,13,-2,14,-2,14,-2,14,-1,14,-1,14,-2,13,0,0,-1,29,2,27,1,25,1,24,2,23,2,22,2,21,4,20,5,19,6,17,7,15,8,16,6,15,7,15,7,14,7,13,8,14,8,12,6,13,7,13,6,12,4,12,5,12,4,10,4,11,3,10,3,10,2,11,0,0,0,0,0,0,0,0,0,0,0,0,0,0,10,29,6,31,5,30,2,31,1,32,-2,32,-3,33,-3,33,-7,34,-8,34,-10,33,-9,33,-8,32,-8,31,-8,30,-7,30,-8,30,-6,28,-6,28,-4,29,-3,28,-3,28,-2,29,-3,30,-1,30,2,29,1,29,2,29]"
618049287466500,30.836618100,91134,1884278928,-51,-98,6,0,1,7,0,0,256,0,0,"[0,0,-5,-15,-6,-14,-5,-14,-5,-13,-5,-12,-5,-12,-6,-11,-6,-11,-6,-10,-6,-9,-7,-8,-6,-8,-7,-8,-7,-7,-7,-7,-7,-6,-7,-6,-7,-6,-7,-7,-6,-6,-6,-6,-5,-6,-5,-6,-5,-6,-5,-6,-4,-5,0,0,0,0,0,0,0,0,0,0,0,0,0,0,0,0,0,0,0,0,0,0,-8,-16,-7,-16,-7,-17,-6,-18,-5,-19,-4,-19,-3,-20,-3,-20,-2,-19,-1,-20,-1,-19,-1,-18,-1,-18,-1,-18,-2,-17,-3,-17,-2,-16,-3,-17,-4,-16,-4,-16,-4,-16,-5,-16,-5,-17,-6,-16,-6,-16,-6,-15,0,0,-9,-27,-11,-26,-10,-25,-9,-22,-10,-22,-10,-21,-10,-20,-10,-20,-11,-17,-11,-16,-12,-15,-12,-15,-12,-14,-13,-12,-14,-11,-13,-12,-12,-11,-12,-12,-11,-11,-11,-11,-10,-11,-9,-10,-9,-10,-8,-10,-8,-10,-8,-10,-5,-9,-6,-9,0,0,0,0,0,0,0,0,0,0,0,0,0,0,-19,-25,-17,-28,-15,-29,-13,-30,-13,-31,-11,-32,-10,-34,-7,-36,-6,-36,-4,-36,-4,-35,-2,-35,-3,-33,-2,-33,-1,-32,-2,-31,-3,-31,-5,-30,-6,-30,-5,-30,-7,-29,-7,-28,-8,-29,-9,-29,-9,-29,-10,-30,-10,-27,-10,-28]"
618049306377800,30.855529400,91135,1884296742,-51,-98,6,0,1,7,0,0,256,0,0,"[0,0,-2,-16,-3,-15,-3,-14,-3,-14,-3,-13,-3,-12,-4,-12,-4,-12,-4,-10,-4,-10,-5,-10,-5,-9,-5,-9,-5,-8,-5,-8,-5,-8,-6,-8,-5,-8,-6,-7,-5,-7,-4,-7,-4,-7,-4,-7,-4,-6,-3,-6,-3,-6,0,0,0,0,0,0,0,0,0,0,0,0,0,0,0,0,0,0,0,0,0,0,-5,-17,-4,-18,-4,-19,-3,-19,-2,-20,-1,-20,0,-20,1,-20,2,-20,2,-20,2,-19,3,-18,2,-18,2,-18,1,-17,1,-17,0,-17,0,-17,-1,-17,-2,-17,-2,-17,-2,-17,-2,-17,-2,-17,-3,-16,-2,-16,0,0,-14,-24,-14,-25,-14,-24,-13,-22,-13,-21,-14,-19,-13,-18,-14,-17,-14,-15,-14,-14,-14,-14,-14,-13,-14,-12,-14,-11,-15,-11,-15,-10,-14,-9,-14,-10,-13,-9,-13,-9,-13,-9,-11,-8,-11,-8,-10,-9,-9,-9,-9,-8,-9,-8,-7,-9,0,0,0,0,0,0,0,0,0,0,0,0,0,0,-21,-23,-19,-26,-17,-27,-16,-28,-16,-29,-15,-30,-13,-32,-12,-34,-12,-34,-10,-35,-9,-34,-6,-34,-6,-35,-5,-33,-5,-32,-5,-30,-7,-30,-8,-29,-9,-29,-9,-29,-11,-28,-13,-28,-13,-28,-14,-27,-13,-28,-14,-28,-13,-27,-14,-27]"
618049323174700,30.872326300,91136,1884320496,-51,-98,6,0,1,7,0,0,256,0,0,"[0,0,11,9,10,9,10,8,10,7,10,7,9,6,9,6,9,5,9,4,9,4,9,3,8,3,8,3,8,2,8,2,9,2,7,2,8,1,7,1,7,1,7,1,6,1,6,2,6,2,6,2,5,2,0,0,0,0,0,0,0,0,0,0,0,0,0,0,0,0,0,0,0,0,0,0,13,10,13,10,12,11,13,12,12,13,12,14,12,14,11,15,10,15,9,15,8,15,8,15,8,14,8,14,9,13,9,12,9,12,9,12,10,12,11,11,11,11,11,11,11,10,11,11,11,11,11,10,0,0,49,27,49,25,45,22,45,22,42,20,41,18,41,16,39,13,39,11,36,8,36,7,35,6,35,4,34,2,34,1,34,1,33,0,31,0,32,0,31,1,28,2,28,2,26,2,24,2,23,3,22,4,22,5,21,6,0,0,0,0,0,0,0,0,0,0,0,0,0,0,58,14,57,21,57,26,55,29,55,32,54,33,55,39,52,43,52,45,51,48,48,49,47,50,45,48,44,48,42,47,42,44,43,42,44,40,44,38,46,38,46,36,48,32,49,32,51,32,51,31,52,29,52,31,52,28]"
618049342646000,30.891797600,91137,1884336567,-51,-98,6,0,1,7,0,0,256,0,0,"[0,0,-7,13,-6,13,-6,13,-6,12,-5,11,-4,11,-4,10,-3,10,-3,10,-2,10,-1,9,-1,9,-1,9,0,9,0,9,0,8,0,8,0,8,0,8,-1,8,-1,7,0,7,-1,7,-1,6,-1,6,-1,5,0,0,0,0,0,0,0,0,0,0,0,0,0,0,0,0,0,0,0,0,0,0,-6,16,-7,16,-8,17,-8,16,-10,17,-11,16,-12,15,-13,15,-13,14,-13,14,-13,13,-12,13,-12,13,-11,13,-11,12,-10,12,-10,12,-10,13,-9,13,-9,14,-8,14,-8,14,-8,15,-7,14,-7,14,-7,14,0,0,-3,27,-2,27,-1,25,-1,25,0,23,0,22,1,21,1,20,2,19,3,18,4,17,5,17,5,16,5,16,6,16,6,15,6,15,6,15,6,14,5,14,5,13,4,13,4,12,3,12,3,11,2,11,2,11,1,11,0,0,0,0,0,0,0,0,0,0,0,0,0,0,6,30,3,30,0,30,-1,30,-2,32,-3,31,-6,34,-8,33,-9,33,-11,32,-11,32,-13,32,-13,31,-13,30,-12,28,-11,28,-10,28,-9,28,-8,27,-8,29,-7,28,-5,28,-5,29,-4,29,-4,30,-3,29,-3,29,-3,29]"
618049365457000,30.914608600,91138,1884362145,-51,-98,6,0,1,7,0,0,256,0,0,"[0,0,1,15,1,14,1,13,2,13,2,12,2,11,3,11,3,10,3,9,3,9,3,9,3,8,4,8,4,7,4,7,4,7,5,7,4,6,4,6,4,6,3,6,3,6,3,6,2,6,2,5,2,5,0,0,0,0,0,0,0,0,0,0,0,0,0,0,0,0,0,0,0,0,0,0,4,16,3,17,2,17,1,17,1,18,-1,18,-1,19,-2,18,-2,18,-4,18,-4,17,-4,17,-3,16,-3,16,-3,16,-2,15,-1,15,-1,15,0,15,1,16,1,16,1,16,1,16,1,15,1,15,2,15,0,0,13,25,13,23,12,22,12,21,12,19,12,18,12,17,12,16,12,14,13,13,12,12,13,11,13,11,13,10,13,10,13,10,13,9,13,8,12,9,12,8,11,8,10,8,10,8,9,8,8,7,8,8,7,8,6,8,0,0,0,0,0,0,0,0,0,0,0,0,0,0,21,20,19,22,18,24,16,26,15,28,13,28,12,31,12,31,10,31,9,33,7,33,7,34,7,32,7,31,6,30,7,29,7,28,7,28,8,27,9,27,10,26,11,26,12,27,12,27,13,26,14,25,14,25,14,25]"
618049391927900,30.941079500,91139,1884382535,-51,-98,6,0,1,7,0,0,256,0,0,"[0,0,-13,-6,-13,-6,-12,-6,-11,-5,-11,-5,-11,-4,-11,-4,-10,-3,-10,-2,-10,-2,-10,-1,-9,-1,-9,-1,-9,-1,-9,0,-8,0,-9,0,-8,0,-8,0,-8,0,-7,0,-7,0,-7,-1,-6,0,-6,-1,-6,-1,0,0,0,0,0,0,0,0,0,0,0,0,0,0,0,0,0,0,0,0,0,0,-15,-6,-15,-7,-15,-8,-14,-9,-15,-10,-14,-10,-14,-11,-14,-12,-13,-12,-13,-12,-12,-12,-12,-12,-12,-11,-11,-11,-11,-10,-12,-10,-12,-9,-12,-9,-13,-8,-13,-8,-13,-8,-13,-8,-14,-7,-13,-7,-13,-6,-14,-6,0,0,-52,-23,-51,-23,-46,-21,-48,-18,-45,-17,-43,-15,-40,-15,-38,-11,-38,-11,-38,-8,-37,-4,-36,0,-34,-1,-33,-1,-34,2,-32,1,-33,2,-32,3,-32,2,-30,0,-29,-1,-26,-1,-25,0,-25,-1,-25,0,-23,-1,-23,-2,-22,-4,0,0,0,0,0,0,0,0,0,0,0,0,0,0,-62,-12,-61,-18,-60,-23,-58,-26,-60,-31,-55,-31,-60,-38,-55,-40,-56,-45,-54,-49,-50,-49,-51,-50,-51,-47,-51,-42,-47,-43,-44,-40,-46,-39,-49,-38,-46,-36,-49,-36,-48,-33,-50,-33,-50,-31,-50,-31,-56,-27,-54,-25,-54,-23,-53,-25]"
618049406453700,30.955605300,91140,1884399635,-51,-98,6,0,1,7,0,0,256,0,0,"[0,0,-6,-14,-7,-14,-7,-13,-6,-12,-7,-12,-6,-11,-7,-11,-7,-10,-7,-9,-7,-9,-7,-8,-7,-8,-7,-7,-7,-7,-8,-6,-7,-6,-7,-6,-7,-6,-7,-6,-7,-6,-6,-5,-6,-6,-6,-5,-5,-5,-5,-5,-5,-5,0,0,0,0,0,0,0,0,0,0,0,0,0,0,0,0,0,0,0,0,0,0,-9,-15,-8,-16,-8,-17,-7,-18,-6,-18,-6,-19,-4,-19,-3,-19,-4,-19,-2,-19,-3,-18,-3,-18,-2,-18,-3,-17,-3,-17,-4,-16,-4,-16,-5,-16,-5,-16,-5,-16,-5,-16,-6,-16,-6,-16,-7,-15,-7,-15,-7,-15,0,0,-20,-20,-19,-19,-19,-19,-18,-17,-18,-16,-18,-14,-18,-14,-18,-12,-17,-11,-17,-10,-17,-9,-17,-8,-17,-7,-17,-7,-16,-7,-17,-6,-16,-6,-16,-6,-15,-6,-15,-5,-14,-5,-13,-5,-12,-5,-12,-6,-11,-5,-11,-6,-10,-6,-9,-7,0,0,0,0,0,0,0,0,0,0,0,0,0,0,-26,-15,-25,-19,-24,-21,-24,-22,-22,-24,-21,-25,-21,-26,-21,-28,-19,-29,-19,-30,-16,-30,-16,-30,-15,-30,-15,-29,-14,-28,-15,-27,-16,-27,-15,-25,-16,-26,-17,-24,-18,-24,-19,-23,-20,-23,-20,-23,-20,-21,-20,-22,-21,-21,-21,-22]"
618049422110600,30.971262200,91141,1884416633,-51,-98,6,0,1,7,0,0,256,0,0,"[0,0,9,11,9,11,9,10,8,9,8,9,8,8,8,8,8,7,8,6,8,5,7,5,8,4,7,4,8,4,8,3,8,3,7,3,7,3,7,3,7,3,6,3,6,3,5,3,5,3,5,3,4,3,0,0,0,0,0,0,0,0,0,0,0,0,0,0,0,0,0,0,0,0,0,0,12,11,12,11,11,12,11,13,11,14,10,15,9,16,9,16,8,16,7,16,7,16,7,15,6,15,7,15,7,14,7,13,7,13,8,13,8,13,9,12,9,12,9,12,9,12,10,12,9,12,10,11,0,0,24,13,24,13,23,12,22,11,21,10,20,9,20,8,19,6,19,6,18,4,17,3,17,3,17,2,17,1,17,1,16,0,16,0,15,0,15,0,15,1,14,1,13,1,13,1,12,1,11,2,10,2,11,2,10,3,0,0,0,0,0,0,0,0,0,0,0,0,0,0,29,6,29,10,28,12,28,13,28,15,27,16,28,18,27,20,27,21,26,23,25,24,24,24,22,24,22,23,21,23,21,22,21,20,22,19,22,19,22,18,23,17,24,16,24,15,25,15,25,15,25,14,25,14,25,14]"
618049442562100,30.991713700,91142,1884436551,-51,-98,6,0,1,7,0,0,256,0,0,"[0,0,10,-11,9,-11,9,-10,9,-10,8,-10,7,-10,6,-10,6,-9,5,-9,5,-9,4,-9,4,-9,3,-9,2,-9,2,-9,2,-9,2,-9,2,-8,2,-8,3,-8,2,-8,2,-7,2,-7,2,-6,3,-6,2,-6,0,0,0,0,0,0,0,0,0,0,0,0,0,0,0,0,0,0,0,0,0,0,10,-14,11,-14,12,-13,12,-13,13,-13,15,-12,15,-11,15,-11,16,-10,15,-10,15,-9,15,-8,15,-8,14,-9,14,-9,13,-9,13,-9,13,-10,12,-10,12,-11,11,-10,11,-11,11,-11,11,-12,11,-11,11,-11,0,0,14,-24,12,-24,12,-24,11,-22,10,-22,9,-21,9,-20,7,-19,6,-19,4,-18,3,-19,2,-18,1,-18,1,-18,0,-17,0,-17,0,-17,0,-17,1,-16,1,-16,1,-15,1,-14,1,-13,1,-13,1,-12,1,-12,2,-11,2,-11,0,0,0,0,0,0,0,0,0,0,0,0,0,0,8,-29,11,-29,13,-29,15,-28,16,-28,18,-27,20,-27,23,-27,24,-26,25,-24,26,-23,25,-23,25,-23,24,-21,23,-21,22,-22,22,-21,20,-22,19,-22,19,-22,18,-24,18,-24,17,-24,17,-25,15,-25,15,-26,14,-26,15,-26]"
618049464746300,31.013897900,91143,1884458303,-51,-98,6,0,1,7,0,0,256,0,0,"[0,0,6,13,6,12,6,12,6,11,6,11,6,10,7,9,6,8,6,7,7,7,6,7,6,6,6,6,7,6,7,5,7,5,7,5,7,4,6,4,6,4,6,4,5,4,5,4,4,4,4,4,4,4,0,0,0,0,0,0,0,0,0,0,0,0,0,0,0,0,0,0,0,0,0,0,9,13,9,15,8,15,7,16,7,17,6,18,5,18,5,18,4,18,3,18,3,17,2,17,2,17,3,16,3,16,3,15,4,15,5,14,5,15,6,14,6,14,6,14,6,14,6,14,7,14,7,14,0,0,19,19,19,19,18,17,17,17,17,15,17,14,17,13,16,11,16,10,16,9,16,8,15,7,16,7,15,6,16,5,15,5,15,4,14,5,14,5,14,5,13,4,12,5,11,4,11,4,10,4,10,5,9,5,9,6,0,0,0,0,0,0,0,0,0,0,0,0,0,0,26,14,25,18,23,19,23,21,22,22,21,23,21,25,20,27,19,28,18,29,16,29,16,29,15,29,14,28,13,27,14,27,15,25,15,25,16,24,16,24,17,22,18,22,18,22,19,22,20,22,20,21,20,21,20,21]"
618049485112700,31.034264300,91144,1884476562,-51,-98,6,0,1,7,0,0,256,0,0,"[0,0,8,-12,7,-13,7,-12,7,-11,6,-11,5,-10,4,-11,4,-10,3,-10,3,-10,2,-10,2,-9,1,-9,1,-9,1,-9,1,-9,1,-9,1,-8,1,-8,1,-8,1,-8,1,-8,0,-7,0,-7,1,-7,1,-6,0,0,0,0,0,0,0,0,0,0,0,0,0,0,0,0,0,0,0,0,0,0,8,-15,9,-15,10,-15,10,-14,11,-14,12,-14,13,-13,14,-13,14,-13,14,-12,14,-11,13,-12,13,-11,12,-11,12,-11,11,-11,11,-11,11,-12,10,-12,9,-12,9,-13,9,-13,9,-13,8,-13,8,-13,9,-13,0,0,13,-54,12,-52,11,-51,10,-48,8,-47,4,-45,3,-44,1,-42,0,-39,-1,-39,-2,-37,-3,-36,-4,-35,-7,-35,-7,-34,-8,-33,-9,-32,-7,-32,-8,-30,-7,-30,-7,-28,-4,-28,-5,-27,-4,-25,-3,-24,-3,-23,-2,-22,0,-22,0,0,0,0,0,0,0,0,0,0,0,0,0,0,0,-62,7,-62,11,-61,13,-62,15,-63,19,-63,22,-64,28,-64,29,-64,32,-62,33,-60,36,-59,37,-55,36,-55,35,-52,32,-51,30,-53,27,-52,26,-54,25,-53,23,-54,18,-55,17,-57,16,-58,17,-57,17,-57,16,-57,16,-58]"
618049504395300,31.053546900,91145,1884496545,-51,-98,6,0,1,7,0,0,256,0,0,"[0,0,-12,9,-11,9,-11,8,-10,8,-10,8,-9,8,-8,8,-7,8,-7,7,-7,7,-6,7,-5,7,-5,8,-5,8,-4,7,-4,7,-4,7,-5,7,-4,7,-4,6,-4,6,-3,6,-3,5,-3,5,-4,4,-4,5,0,0,0,0,0,0,0,0,0,0,0,0,0,0,0,0,0,0,0,0,0,0,-12,11,-13,12,-14,11,-15,10,-15,10,-17,9,-17,9,-18,8,-18,8,-17,7,-17,6,-17,6,-16,5,-16,6,-15,6,-15,6,-15,7,-14,7,-14,8,-13,8,-13,9,-13,10,-13,9,-13,9,-13,9,-13,9,0,0,-16,23,-16,22,-15,21,-13,20,-13,20,-11,19,-10,19,-9,18,-8,17,-7,17,-6,16,-5,17,-5,17,-3,16,-3,16,-3,16,-3,16,-3,15,-3,15,-3,14,-3,14,-3,12,-3,12,-3,11,-4,11,-3,11,-4,10,-5,10,0,0,0,0,0,0,0,0,0,0,0,0,0,0,-10,28,-13,28,-16,27,-17,27,-18,27,-20,25,-22,26,-24,25,-24,24,-26,24,-26,22,-27,21,-27,20,-26,19,-25,19,-24,19,-23,19,-22,20,-22,20,-21,21,-20,21,-19,22,-19,23,-18,23,-18,23,-18,24,-18,23,-17,23]"
618049526933000,31.076084600,91146,1884516680,-51,-98,6,0,1,7,0,0,256,0,0,"[0,0,-15,-3,-15,-2,-13,-3,-14,-2,-13,-2,-12,-2,-12,-1,-11,-1,-11,0,-11,1,-11,1,-10,1,-10,1,-9,2,-10,3,-9,3,-8,2,-8,3,-8,3,-8,2,-8,1,-7,1,-8,1,-7,1,-7,1,-7,1,0,0,0,0,0,0,0,0,0,0,0,0,0,0,0,0,0,0,0,0,0,0,-18,-3,-17,-3,-19,-4,-17,-5,-19,-6,-18,-7,-19,-8,-18,-9,-18,-9,-17,-10,-17,-10,-16,-9,-15,-9,-15,-9,-14,-7,-16,-7,-15,-6,-16,-6,-16,-6,-16,-5,-16,-5,-16,-4,-17,-4,-16,-4,-15,-4,-15,-3,0,0,-27,7,-26,8,-25,8,-24,8,-22,8,-21,8,-20,8,-19,8,-18,9,-17,10,-15,11,-14,11,-13,11,-13,10,-13,12,-12,11,-12,12,-12,11,-12,10,-12,10,-11,9,-11,8,-11,8,-10,8,-9,7,-10,6,-10,6,-9,5,0,0,0,0,0,0,0,0,0,0,0,0,0,0,-26,17,-28,14,-28,12,-29,10,-31,10,-31,9,-34,6,-35,4,-35,3,-36,0,-34,0,-36,-1,-34,0,-33,0,-32,0,-30,1,-30,0,-30,3,-29,3,-30,3,-29,5,-29,5,-29,5,-29,6,-30,7,-29,9,-28,9,-28,8]"
618049542553400,31.091705000,91147,1884536593,-51,-98,6,0,1,7,0,0,256,0,0,"[0,0,-6,13,-6,13,-6,12,-5,12,-5,12,-4,11,-4,10,-3,11,-3,10,-2,10,-2,9,-1,9,-1,9,0,9,0,8,0,8,0,8,0,8,0,7,0,7,0,7,0,7,0,6,-1,6,-1,6,-1,5,0,0,0,0,0,0,0,0,0,0,0,0,0,0,0,0,0,0,0,0,0,0,-6,16,-7,16,-8,16,-9,16,-10,16,-11,16,-11,15,-13,15,-13,15,-13,14,-13,13,-12,13,-12,13,-11,12,-11,12,-10,13,-10,12,-10,13,-9,13,-8,14,-8,14,-8,14,-8,14,-7,15,-7,14,-7,14,0,0,0,27,1,26,0,25,0,24,1,23,2,22,3,21,3,20,4,18,5,18,5,17,6,16,6,15,7,15,8,15,7,14,7,14,7,14,7,14,6,13,6,12,5,11,5,11,4,11,4,10,3,10,3,10,2,10,0,0,0,0,0,0,0,0,0,0,0,0,0,0,8,29,5,30,3,30,1,30,0,32,-1,32,-4,33,-6,33,-6,34,-9,34,-9,33,-11,33,-11,32,-10,31,-10,29,-9,28,-9,28,-7,29,-6,28,-6,29,-5,29,-3,29,-2,29,-1,29,-2,30,-1,30,0,29,0,29]"
618049565511900,31.114663500,91148,1884557731,-51,-98,6,0,1,7,0,0,256,0,0,"[0,0,-14,7,-12,7,-12,7,-12,6,-11,7,-10,7,-9,6,-9,7,-9,6,-8,6,-7,7,-6,7,-6,7,-6,7,-6,7,-6,7,-5,7,-5,7,-5,6,-5,6,-5,6,-4,5,-4,5,-4,5,-4,4,-5,4,0,0,0,0,0,0,0,0,0,0,0,0,0,0,0,0,0,0,0,0,0,0,-15,9,-16,9,-16,8,-17,7,-18,7,-19,6,-19,5,-19,5,-19,4,-19,3,-19,2,-18,2,-18,3,-17,3,-17,3,-16,4,-16,4,-16,5,-16,5,-15,6,-15,6,-15,7,-15,7,-15,7,-14,7,-14,7,0,0,-19,21,-18,19,-18,19,-16,18,-15,18,-14,18,-12,17,-11,17,-10,17,-9,16,-9,16,-8,16,-7,16,-6,16,-5,15,-5,16,-4,15,-5,15,-4,14,-4,14,-4,13,-5,12,-5,12,-5,10,-5,11,-5,10,-5,9,-6,9,0,0,0,0,0,0,0,0,0,0,0,0,0,0,-14,26,-18,25,-20,24,-21,24,-22,23,-23,22,-26,22,-27,22,-28,21,-29,19,-29,18,-30,18,-30,16,-29,15,-28,15,-27,15,-26,16,-25,16,-24,16,-24,17,-23,19,-22,19,-21,20,-21,21,-21,20,-21,21,-21,21,-20,21]"
618049585867000,31.135018600,91149,1884576481,-51,-98,6,0,1,7,0,0,256,0,0,"[0,0,-10,-10,-10,-9,-9,-9,-9,-9,-9,-8,-9,-7,-9,-7,-9,-6,-9,-5,-9,-5,-8,-5,-8,-5,-8,-4,-8,-4,-8,-3,-8,-3,-8,-3,-8,-3,-8,-3,-7,-3,-7,-3,-7,-3,-6,-3,-6,-3,-6,-3,-5,-3,0,0,0,0,0,0,0,0,0,0,0,0,0,0,0,0,0,0,0,0,0,0,-12,-10,-12,-12,-11,-12,-11,-13,-11,-14,-11,-15,-10,-15,-9,-15,-9,-15,-8,-16,-8,-15,-7,-15,-7,-15,-7,-14,-7,-14,-8,-13,-8,-13,-9,-12,-9,-12,-10,-12,-9,-11,-10,-11,-10,-11,-10,-11,-10,-11,-10,-11,0,0,-41,-37,-43,-35,-42,-32,-40,-28,-38,-29,-37,-25,-37,-25,-34,-24,-34,-19,-35,-15,-35,-12,-34,-12,-32,-11,-33,-9,-34,-9,-34,-7,-30,-9,-30,-6,-31,-6,-29,-6,-28,-7,-25,-6,-25,-7,-23,-7,-22,-7,-20,-8,-20,-9,-20,-9,0,0,0,0,0,0,0,0,0,0,0,0,0,0,-59,-26,-56,-32,-52,-36,-51,-39,-53,-43,-49,-45,-49,-51,-46,-54,-44,-55,-40,-61,-36,-59,-38,-61,-39,-57,-34,-54,-34,-54,-34,-52,-34,-48,-36,-48,-39,-47,-39,-45,-40,-46,-41,-43,-43,-42,-44,-43,-46,-43,-46,-40,-45,-37,-48,-38]"
618049603449900,31.152601500,91150,1884596752,-51,-98,6,0,1,7,0,0,256,0,0,"[0,0,-7,13,-6,13,-5,12,-5,12,-5,12,-4,11,-4,11,-3,10,-3,10,-2,9,-1,9,-1,9,0,9,0,9,0,9,0,8,0,8,0,8,0,8,0,7,-1,7,0,7,-1,7,0,6,-1,6,-1,5,0,0,0,0,0,0,0,0,0,0,0,0,0,0,0,0,0,0,0,0,0,0,-5,16,-7,16,-7,16,-8,15,-10,17,-10,16,-12,15,-13,15,-12,14,-13,14,-13,14,-12,13,-12,13,-11,13,-11,12,-10,13,-9,13,-9,13,-9,13,-9,14,-8,14,-8,14,-8,14,-6,15,-6,14,-6,14,0,0,-1,28,0,27,0,26,1,24,1,23,2,22,2,21,2,20,3,19,5,17,6,17,6,16,7,15,7,15,7,15,7,15,7,14,7,14,6,13,6,13,5,13,5,12,4,11,4,11,4,10,3,10,3,10,2,10,0,0,0,0,0,0,0,0,0,0,0,0,0,0,8,29,5,30,4,30,1,32,0,32,-2,32,-3,33,-5,34,-8,33,-9,33,-10,33,-10,32,-10,32,-10,31,-9,30,-8,29,-8,29,-7,28,-7,28,-5,28,-4,29,-4,29,-3,28,-2,30,-1,29,0,30,0,29,0,29]"
618049623544200,31.172695800,91151,1884616652,-51,-98,6,0,1,7,0,0,256,0,0,"[0,0,9,11,8,10,8,10,9,9,8,9,7,8,8,8,8,7,8,5,8,5,7,4,8,4,7,4,8,4,8,3,8,3,7,3,7,2,7,3,7,2,6,2,6,3,5,2,5,2,5,2,5,2,0,0,0,0,0,0,0,0,0,0,0,0,0,0,0,0,0,0,0,0,0,0,11,12,11,13,10,13,10,14,9,15,9,16,8,16,7,17,6,17,6,17,6,16,6,16,5,15,6,15,6,15,6,13,7,14,7,13,7,13,8,13,8,13,9,13,9,12,9,12,9,12,9,11,0,0,21,18,20,16,20,16,19,14,19,14,18,12,17,12,17,10,17,9,17,7,17,6,16,5,17,5,17,4,16,3,16,3,15,3,15,3,14,3,14,3,13,3,12,3,12,3,11,3,10,3,10,4,9,4,9,4,0,0,0,0,0,0,0,0,0,0,0,0,0,0,27,12,26,15,25,17,25,19,23,20,23,21,23,23,23,26,21,27,20,28,18,29,18,27,18,27,17,27,17,26,17,25,17,25,17,22,18,23,18,22,20,22,19,22,20,21,21,21,21,19,22,19,22,18,23,19]"
618049644947500,31.194099100,91152,1884636583,-51,-98,6,0,1,7,0,0,256,0,0,"[0,0,6,-14,5,-13,5,-13,5,-13,4,-12,3,-12,3,-12,2,-11,2,-10,1,-10,1,-10,1,-10,0,-10,-1,-10,0,-10,-1,-9,-1,-9,-1,-9,-1,-9,0,-8,0,-8,0,-8,0,-7,0,-7,0,-7,0,-7,0,0,0,0,0,0,0,0,0,0,0,0,0,0,0,0,0,0,0,0,0,0,6,-16,6,-16,7,-17,8,-16,9,-16,10,-16,11,-15,12,-15,12,-15,12,-14,12,-13,12,-13,11,-13,11,-12,10,-13,10,-13,9,-12,9,-13,8,-13,7,-14,8,-14,7,-15,7,-15,7,-14,7,-14,7,-15,0,0,2,-28,2,-28,2,-26,1,-25,0,-24,-1,-23,-1,-22,-2,-21,-3,-20,-4,-19,-4,-19,-5,-18,-5,-17,-6,-17,-6,-16,-7,-16,-7,-15,-7,-16,-7,-15,-6,-15,-6,-15,-5,-13,-4,-13,-4,-12,-3,-12,-3,-12,-3,-12,-2,-11,0,0,0,0,0,0,0,0,0,0,0,0,0,0,-5,-30,-2,-32,0,-31,2,-32,3,-33,4,-32,7,-33,9,-34,10,-34,12,-33,12,-32,14,-32,14,-31,13,-29,13,-29,12,-28,11,-29,9,-29,9,-28,8,-28,7,-29,5,-29,5,-30,3,-30,5,-30,4,-30,4,-29,4,-30]"
618049662778200,31.211929800,91153,1884656617,-51,-98,6,0,1,7,0,0,256,0,0,"[0,0,4,14,4,13,4,13,4,12,4,11,4,11,4,10,5,10,4,8,5,8,5,8,5,7,5,7,5,6,5,6,6,5,6,6,5,5,5,5,5,5,5,5,4,5,4,5,4,4,3,4,3,4,0,0,0,0,0,0,0,0,0,0,0,0,0,0,0,0,0,0,0,0,0,0,5,16,4,16,3,17,3,17,2,18,1,18,1,18,0,18,-1,18,-2,18,-2,18,-2,17,-2,17,-1,16,-1,16,0,15,0,15,1,15,1,15,2,15,3,15,3,15,3,15,3,15,4,15,4,14,0,0,16,22,16,21,15,20,15,19,15,17,15,16,14,15,14,14,14,13,14,11,15,10,15,9,15,7,15,8,15,7,15,7,14,6,14,6,14,6,13,6,12,6,12,6,11,5,11,5,10,5,9,6,8,6,9,6,0,0,0,0,0,0,0,0,0,0,0,0,0,0,23,19,21,22,19,23,18,25,17,26,16,28,15,29,15,31,13,31,11,33,10,33,10,32,10,31,10,30,9,30,10,28,10,29,10,27,11,27,12,26,13,26,13,26,14,25,15,25,16,24,17,24,17,23,18,23]"
618049684461800,31.233613400,91154,1884677618,-51,-98,6,0,1,7,0,0,256,0,0,"[0,0,-5,-14,-6,-15,-5,-14,-5,-13,-5,-12,-5,-12,-5,-11,-6,-11,-6,-9,-7,-9,-6,-8,-7,-8,-7,-8,-7,-7,-7,-7,-7,-6,-7,-7,-6,-6,-6,-6,-6,-6,-6,-5,-5,-6,-5,-6,-5,-5,-5,-5,-4,-5,0,0,0,0,0,0,0,0,0,0,0,0,0,0,0,0,0,0,0,0,0,0,-7,-16,-7,-17,-6,-18,-5,-18,-5,-19,-4,-19,-3,-20,-2,-20,-2,-20,-1,-20,0,-19,-1,-18,-1,-18,-1,-17,-1,-17,-2,-17,-2,-16,-3,-17,-4,-16,-4,-16,-4,-16,-4,-16,-5,-16,-5,-16,-6,-15,-6,-15,0,0,-18,-21,-18,-21,-17,-20,-17,-18,-17,-18,-17,-17,-16,-15,-16,-14,-16,-13,-17,-11,-17,-10,-16,-9,-16,-8,-16,-8,-16,-7,-16,-7,-16,-6,-15,-6,-15,-7,-14,-7,-13,-7,-12,-6,-12,-6,-12,-6,-11,-6,-10,-6,-10,-7,-9,-7,0,0,0,0,0,0,0,0,0,0,0,0,0,0,-25,-18,-24,-21,-22,-22,-21,-24,-21,-26,-20,-26,-19,-29,-18,-30,-17,-31,-15,-32,-14,-31,-13,-33,-13,-31,-12,-30,-12,-30,-12,-28,-13,-27,-14,-27,-14,-26,-15,-26,-16,-26,-17,-25,-17,-25,-18,-25,-19,-24,-20,-24,-19,-22,-19,-23]"
618049708033500,31.257185100,91155,1884696803,-51,-98,6,0,1,7,0,0,256,0,0,"[0,0,-11,-11,-11,-11,-10,-10,-10,-10,-10,-9,-10,-8,-9,-8,-9,-7,-9,-6,-9,-6,-9,-5,-9,-5,-9,-4,-9,-4,-9,-3,-9,-3,-9,-3,-9,-3,-8,-3,-8,-3,-8,-3,-7,-3,-7,-3,-6,-4,-6,-3,-6,-3,0,0,0,0,0,0,0,0,0,0,0,0,0,0,0,0,0,0,0,0,0,0,-13,-12,-13,-12,-13,-13,-12,-14,-12,-15,-11,-16,-10,-16,-10,-17,-9,-17,-9,-17,-9,-17,-8,-16,-8,-16,-8,-15,-8,-15,-9,-14,-8,-14,-9,-13,-10,-14,-10,-13,-10,-13,-11,-13,-11,-12,-11,-12,-11,-12,-11,-11,0,0,-25,-13,-25,-13,-24,-12,-23,-11,-22,-10,-22,-9,-21,-8,-21,-7,-20,-5,-20,-4,-19,-3,-19,-3,-18,-2,-17,-1,-18,-1,-17,-1,-17,0,-17,-1,-16,0,-16,-1,-15,-1,-14,-1,-14,-1,-13,-1,-12,-2,-11,-2,-12,-3,-11,-3,0,0,0,0,0,0,0,0,0,0,0,0,0,0,-30,-7,-30,-11,-29,-13,-28,-14,-29,-16,-28,-17,-29,-20,-28,-21,-27,-22,-27,-24,-26,-24,-25,-25,-24,-24,-23,-24,-22,-23,-22,-22,-22,-21,-23,-20,-22,-19,-24,-19,-24,-18,-25,-17,-26,-16,-27,-16,-27,-15,-27,-15,-26,-14,-26,-14]"
618049726152300,31.275303900,91156,1884718069,-51,-98,6,0,1,7,0,0,256,0,0,"[0,0,-13,8,-12,8,-11,8,-11,7,-10,7,-10,7,-9,7,-8,7,-8,7,-7,7,-6,7,-5,7,-5,7,-5,7,-5,7,-5,7,-4,7,-5,7,-5,6,-4,6,-5,6,-4,5,-4,6,-4,5,-4,4,-4,4,0,0,0,0,0,0,0,0,0,0,0,0,0,0,0,0,0,0,0,0,0,0,-13,11,-14,11,-14,10,-15,10,-15,9,-17,9,-17,7,-18,6,-18,6,-17,6,-17,6,-17,6,-16,6,-16,6,-16,6,-15,5,-15,6,-14,6,-14,7,-14,7,-14,7,-14,8,-14,8,-13,9,-13,9,-13,9,0,0,-19,21,-19,20,-17,19,-17,19,-15,18,-13,18,-12,18,-11,17,-10,17,-9,17,-7,17,-7,17,-6,16,-5,16,-5,16,-5,15,-5,16,-4,15,-4,14,-4,14,-4,13,-4,13,-5,12,-4,11,-5,11,-5,10,-5,9,-6,8,0,0,0,0,0,0,0,0,0,0,0,0,0,0,-14,27,-17,26,-20,25,-20,23,-23,23,-23,21,-26,22,-27,21,-28,20,-29,19,-30,17,-30,18,-29,16,-28,16,-27,16,-27,16,-25,16,-25,16,-24,16,-24,18,-22,18,-22,19,-21,20,-22,20,-21,22,-20,21,-20,22,-20,21]"
618049742893100,31.292044700,91157,1884736647,-51,-98,6,0,1,7,0,0,256,0,0,"[0,0,10,11,9,9,10,10,9,9,9,8,9,7,9,7,9,6,9,5,8,5,8,4,8,4,8,4,8,3,8,2,8,2,8,2,8,2,7,2,7,2,7,2,6,2,6,2,5,2,5,2,5,2,0,0,0,0,0,0,0,0,0,0,0,0,0,0,0,0,0,0,0,0,0,0,12,11,12,12,11,12,11,14,11,14,11,15,10,16,9,16,9,16,7,16,7,16,7,16,7,15,6,15,7,15,8,13,8,14,8,13,9,13,9,12,10,12,10,12,10,11,10,12,10,12,11,11,0,0,25,11,25,10,23,9,23,9,22,8,21,7,21,6,20,4,19,4,19,2,18,2,18,1,17,0,17,0,17,-1,16,-1,16,-1,16,-2,15,-1,14,-1,14,-1,13,0,13,0,12,0,11,0,11,1,11,1,10,2,0,0,0,0,0,0,0,0,0,0,0,0,0,0,30,6,29,9,28,10,28,12,28,14,27,15,28,18,28,19,28,20,27,22,25,22,25,24,24,23,23,22,22,21,22,20,22,19,23,18,22,17,24,17,24,16,25,15,25,14,26,14,26,13,27,13,26,12,26,12]"
618049765013700,31.314165300,91158,1884756710,-51,-98,6,0,1,7,0,0,256,0,0,"[0,0,-14,6,-13,6,-13,6,-12,6,-12,6,-11,6,-10,6,-9,6,-9,6,-8,6,-7,7,-7,6,-7,7,-6,7,-6,7,-6,7,-5,6,-6,7,-5,6,-6,6,-5,5,-5,5,-5,5,-5,5,-5,4,-5,4,0,0,0,0,0,0,0,0,0,0,0,0,0,0,0,0,0,0,0,0,0,0,-15,9,-16,8,-16,8,-17,7,-18,6,-19,6,-19,5,-20,4,-20,3,-19,3,-19,3,-18,3,-18,3,-17,3,-17,3,-16,3,-16,4,-16,4,-16,5,-15,5,-16,6,-15,5,-16,7,-15,7,-15,7,-15,7,0,0,-18,21,-18,22,-16,20,-16,20,-14,18,-13,18,-11,18,-11,17,-9,18,-8,17,-8,17,-6,17,-6,17,-5,15,-5,16,-4,15,-4,15,-4,15,-4,14,-4,15,-4,14,-4,13,-4,13,-4,11,-4,11,-4,10,-5,10,-5,9,0,0,0,0,0,0,0,0,0,0,0,0,0,0,-12,28,-16,26,-18,26,-19,25,-21,26,-22,24,-25,24,-26,22,-27,22,-29,20,-28,20,-29,20,-29,19,-28,17,-27,17,-26,16,-25,17,-25,18,-23,17,-24,19,-21,18,-21,21,-20,21,-21,22,-21,23,-20,22,-19,22,-19,22]"
618049782409200,31.331560800,91159,1884776616,-51,-98,6,0,1,7,0,0,256,0,0,"[0,0,4,14,4,13,4,13,4,12,4,12,5,11,5,10,5,9,5,9,5,8,5,7,5,7,6,7,6,6,6,6,5,5,5,6,5,5,5,5,5,5,4,5,4,5,4,5,4,5,3,4,3,4,0,0,0,0,0,0,0,0,0,0,0,0,0,0,0,0,0,0,0,0,0,0,7,15,7,15,6,16,6,16,4,17,4,18,3,18,2,18,1,18,1,17,1,17,0,17,0,16,0,16,1,16,1,15,2,15,2,15,3,15,3,15,4,15,4,15,5,15,5,15,5,14,5,14,0,0,14,23,15,22,15,21,14,19,14,19,14,17,14,16,13,15,13,14,13,13,14,12,14,11,14,10,14,10,14,9,14,8,14,8,13,8,13,8,12,8,11,8,11,8,10,7,9,7,8,7,8,7,8,7,7,8,0,0,0,0,0,0,0,0,0,0,0,0,0,0,24,19,21,20,19,24,18,24,18,25,17,27,16,30,15,31,13,32,12,33,11,33,9,32,9,32,8,31,8,30,8,29,9,29,10,27,10,27,11,27,13,26,14,26,14,26,15,26,15,25,16,25,16,25,15,24]"
618049802786700,31.351938300,91160,1884797415,-51,-98,6,0,1,7,0,0,256,0,0,"[0,0,-5,14,-5,14,-4,13,-4,12,-4,12,-3,12,-2,11,-2,11,-1,10,-1,10,-1,9,0,9,0,9,1,9,1,8,1,8,1,8,1,8,1,8,1,7,0,7,0,7,0,7,0,6,0,6,0,5,0,0,0,0,0,0,0,0,0,0,0,0,0,0,0,0,0,0,0,0,0,0,-4,17,-4,17,-5,17,-6,16,-7,17,-8,17,-9,17,-10,17,-10,16,-11,15,-11,15,-11,14,-10,14,-10,14,-9,14,-8,13,-8,13,-8,14,-7,14,-6,14,-6,15,-5,15,-6,15,-6,15,-5,15,-5,15,0,0,0,28,1,27,0,26,1,24,2,23,2,22,3,20,3,20,4,19,5,18,5,17,6,16,6,16,7,15,7,15,7,15,7,14,7,14,7,13,6,13,6,13,5,12,5,11,4,11,4,11,3,10,3,10,2,10,0,0,0,0,0,0,0,0,0,0,0,0,0,0,9,28,5,30,4,30,2,31,1,31,-1,32,-3,33,-4,33,-5,33,-8,34,-9,33,-10,33,-10,31,-10,31,-9,30,-8,29,-8,29,-6,28,-6,28,-5,29,-3,29,-3,29,-2,29,-1,30,-1,29,0,29,0,30,0,29]"
618049824265800,31.373417400,91161,1884816559,-51,-98,6,0,1,7,0,0,256,0,0,"[0,0,-10,12,-9,12,-8,11,-8,11,-8,10,-6,10,-6,10,-5,9,-5,9,-4,10,-4,9,-3,8,-3,9,-2,9,-3,9,-2,8,-1,8,-2,8,-2,7,-2,8,-2,7,-2,7,-2,6,-2,6,-2,6,-3,5,0,0,0,0,0,0,0,0,0,0,0,0,0,0,0,0,0,0,0,0,0,0,-9,15,-10,14,-11,14,-11,14,-12,14,-13,13,-14,13,-15,13,-15,12,-15,11,-15,11,-15,10,-14,10,-14,10,-13,10,-12,11,-12,10,-12,11,-11,11,-11,12,-11,12,-10,12,-11,12,-10,12,-10,13,-10,13,0,0,-14,51,-15,53,-10,50,-15,49,-8,44,-8,41,-3,47,-1,42,-3,44,3,36,0,39,9,38,5,37,3,30,6,32,7,34,4,33,8,29,8,28,1,30,5,26,2,26,3,28,3,23,2,23,1,23,-1,22,-3,22,0,0,0,0,0,0,0,0,0,0,0,0,0,0,3,60,-3,61,-8,61,-12,60,-15,62,-18,60,-23,64,-27,64,-28,63,-31,62,-34,60,-35,60,-35,57,-34,55,-32,54,-30,53,-29,52,-28,52,-26,51,-25,54,-22,54,-20,54,-18,56,-18,57,-16,59,-15,58,-15,58,-14,58]"
618049843820900,31.392972500,91162,1884837541,-51,-98,6,0,1,7,0,0,256,0,0,"[0,0,12,-8,10,-7,10,-7,10,-7,10,-7,9,-7,8,-7,8,-7,7,-6,6,-7,6,-7,5,-7,5,-7,5,-7,5,-7,5,-8,4,-7,4,-7,4,-7,4,-6,4,-6,4,-5,3,-5,3,-5,4,-5,4,-5,0,0,0,0,0,0,0,0,0,0,0,0,0,0,0,0,0,0,0,0,0,0,12,-11,12,-10,13,-9,14,-9,14,-9,16,-8,16,-7,16,-6,16,-6,16,-5,16,-5,15,-5,15,-5,14,-5,15,-5,13,-5,13,-6,13,-6,13,-6,13,-7,12,-7,12,-7,12,-8,12,-8,12,-8,12,-8,0,0,25,-14,23,-14,21,-14,20,-13,19,-14,17,-14,17,-14,14,-13,14,-13,13,-14,12,-14,11,-14,10,-13,10,-14,9,-14,10,-14,8,-14,10,-14,9,-12,8,-12,9,-11,8,-11,7,-10,8,-10,8,-8,7,-9,7,-8,8,-7,0,0,0,0,0,0,0,0,0,0,0,0,0,0,19,-24,23,-23,25,-20,24,-20,28,-17,29,-15,30,-14,32,-14,32,-12,33,-11,33,-9,32,-9,32,-8,31,-8,30,-7,29,-8,28,-9,27,-10,28,-10,27,-9,26,-11,26,-13,25,-14,27,-14,25,-14,26,-15,25,-16,26,-16]"
618049865144300,31.414295900,91163,1884856453,-51,-98,6,0,1,7,0,0,256,0,0,"[0,0,-12,-11,-12,-11,-11,-10,-11,-9,-10,-9,-10,-8,-10,-7,-10,-7,-10,-6,-10,-5,-9,-5,-9,-4,-9,-4,-9,-4,-9,-3,-9,-3,-9,-3,-9,-3,-8,-3,-8,-3,-8,-3,-7,-3,-7,-3,-7,-3,-6,-3,-6,-3,0,0,0,0,0,0,0,0,0,0,0,0,0,0,0,0,0,0,0,0,0,0,-15,-11,-14,-11,-14,-12,-13,-13,-13,-14,-13,-15,-12,-16,-11,-17,-11,-16,-10,-17,-10,-16,-9,-16,-9,-16,-9,-15,-9,-14,-10,-14,-10,-13,-10,-13,-11,-13,-11,-13,-12,-12,-12,-12,-12,-12,-12,-12,-12,-11,-12,-11,0,0,-27,-9,-26,-9,-26,-8,-24,-7,-24,-7,-22,-5,-22,-5,-21,-4,-20,-2,-19,-1,-19,-1,-18,0,-18,1,-18,1,-17,2,-18,2,-16,2,-16,2,-16,2,-15,2,-15,1,-14,1,-13,1,-13,1,-12,0,-12,0,-12,0,-11,-1,0,0,0,0,0,0,0,0,0,0,0,0,0,0,-31,-3,-31,-6,-30,-9,-31,-10,-30,-11,-31,-13,-30,-15,-31,-17,-30,-18,-30,-20,-28,-21,-28,-21,-27,-20,-26,-20,-25,-19,-25,-18,-26,-18,-25,-16,-27,-16,-26,-14,-27,-14,-27,-13,-28,-13,-28,-12,-28,-11,-28,-11,-28,-10,-28,-10]"
618049882355600,31.431507200,91164,1884876753,-51,-98,6,0,1,7,0,0,256,0,0,"[0,0,5,14,5,13,5,12,5,11,5,11,5,10,5,10,5,9,5,8,6,8,6,7,6,7,6,6,6,6,6,6,6,6,6,6,6,5,6,5,5,5,5,5,5,5,4,5,4,5,4,4,3,4,0,0,0,0,0,0,0,0,0,0,0,0,0,0,0,0,0,0,0,0,0,0,8,15,7,15,7,15,6,16,5,17,4,18,4,17,3,18,2,18,2,18,1,18,1,17,1,17,1,16,2,16,2,15,3,15,3,15,3,15,4,15,5,15,5,14,5,15,5,15,6,15,6,14,0,0,17,21,18,20,17,19,16,18,16,17,15,15,15,14,15,13,15,11,14,9,15,10,15,8,16,8,15,7,15,7,15,6,14,6,15,6,14,6,13,6,13,6,11,5,11,5,10,5,10,5,9,6,9,6,8,6,0,0,0,0,0,0,0,0,0,0,0,0,0,0,25,16,23,18,22,20,20,22,20,24,19,25,17,27,19,28,17,29,15,30,14,31,14,31,13,30,12,29,12,28,12,27,13,26,13,25,14,25,14,25,15,24,16,24,16,24,17,23,18,23,20,22,20,22,19,22]"
618049902459800,31.451611400,91165,1884896479,-51,-98,6,0,1,7,0,0,256,0,0,"[0,0,-15,4,-14,4,-13,3,-13,4,-12,3,-11,3,-11,4,-10,4,-10,4,-9,5,-9,5,-8,5,-8,5,-7,5,-7,6,-7,5,-6,5,-7,5,-7,5,-6,4,-6,5,-6,4,-6,4,-6,4,-6,3,-5,3,0,0,0,0,0,0,0,0,0,0,0,0,0,0,0,0,0,0,0,0,0,0,-16,6,-17,5,-17,4,-18,3,-18,3,-19,1,-19,0,-20,0,-19,-1,-19,-1,-18,-1,-18,-1,-17,-1,-17,-1,-17,0,-17,0,-16,0,-16,1,-16,1,-16,2,-16,2,-16,3,-17,3,-16,3,-16,4,-16,4,0,0,-23,17,-22,16,-21,16,-19,15,-19,15,-17,15,-16,14,-15,14,-13,14,-12,15,-11,15,-10,15,-9,15,-9,15,-8,15,-8,14,-8,14,-8,14,-7,13,-8,13,-7,12,-7,12,-7,10,-7,10,-6,9,-7,9,-7,8,-8,8,0,0,0,0,0,0,0,0,0,0,0,0,0,0,-19,23,-22,22,-24,20,-26,19,-26,18,-28,17,-29,16,-31,16,-32,14,-33,13,-33,11,-32,11,-32,10,-31,10,-30,10,-29,10,-29,11,-27,11,-28,12,-27,13,-26,14,-26,15,-25,15,-26,16,-25,16,-25,17,-24,17,-24,17]"
618049923192700,31.472344300,91166,1884916490,-51,-98,6,0,1,7,0,0,256,0,0,"[0,0,12,-9,11,-9,11,-8,10,-8,9,-8,9,-8,8,-8,8,-8,7,-8,7,-8,6,-8,5,-8,5,-8,4,-8,5,-8,4,-8,3,-8,4,-8,4,-7,4,-7,4,-7,3,-7,3,-7,3,-6,3,-5,3,-5,0,0,0,0,0,0,0,0,0,0,0,0,0,0,0,0,0,0,0,0,0,0,12,-12,13,-11,14,-11,15,-10,16,-10,17,-9,17,-8,18,-7,18,-7,18,-6,17,-6,16,-6,17,-6,15,-6,15,-6,15,-6,14,-6,14,-7,13,-8,14,-8,13,-8,13,-9,14,-9,12,-10,12,-10,13,-9,0,0,18,-21,17,-21,16,-21,15,-20,13,-19,12,-19,12,-18,10,-18,9,-18,8,-17,6,-18,6,-17,5,-17,5,-17,4,-17,3,-17,3,-16,4,-16,4,-16,4,-15,4,-14,4,-13,4,-13,3,-12,4,-12,4,-11,4,-10,5,-9,0,0,0,0,0,0,0,0,0,0,0,0,0,0,11,-28,15,-27,17,-26,19,-25,20,-25,21,-25,23,-24,26,-23,26,-22,28,-21,28,-20,28,-19,28,-18,27,-18,26,-17,25,-17,25,-17,23,-18,23,-19,22,-19,21,-20,20,-21,20,-21,20,-22,20,-22,19,-23,19,-23,19,-23]"
618049945067200,31.494218800,91167,1884938348,-51,-98,6,0,1,7,0,0,256,0,0,"[0,0,10,-11,10,-11,9,-11,9,-11,8,-10,7,-10,6,-10,6,-10,5,-10,5,-9,4,-9,3,-9,3,-9,3,-9,3,-9,3,-9,2,-9,2,-9,2,-9,3,-8,2,-8,2,-8,2,-7,2,-6,2,-6,2,-6,0,0,0,0,0,0,0,0,0,0,0,0,0,0,0,0,0,0,0,0,0,0,10,-14,11,-14,12,-14,12,-13,14,-13,15,-12,15,-11,16,-11,16,-10,16,-10,16,-9,15,-9,15,-9,14,-9,14,-9,13,-9,13,-9,13,-10,12,-10,12,-11,11,-11,11,-12,12,-12,11,-12,11,-12,11,-12,0,0,9,-26,9,-27,8,-25,7,-24,6,-23,5,-23,4,-22,3,-21,2,-20,1,-20,0,-19,-1,-19,-1,-18,-2,-17,-2,-18,-3,-17,-3,-17,-3,-16,-3,-16,-2,-16,-2,-15,-2,-14,-2,-14,-1,-13,-1,-13,0,-12,0,-12,1,-11,0,0,0,0,0,0,0,0,0,0,0,0,0,0,3,-31,6,-30,8,-29,10,-29,12,-31,13,-29,16,-31,17,-30,18,-30,20,-29,20,-28,21,-28,21,-26,20,-26,19,-25,18,-24,17,-24,16,-25,15,-25,15,-26,13,-26,12,-27,12,-27,11,-28,12,-29,11,-28,10,-28,10,-27]"
618049963672200,31.512823800,91168,1884957100,-51,-98,6,0,1,7,0,0,256,0,0,"[0,0,14,4,14,4,13,4,13,3,12,3,11,2,11,1,11,1,10,0,10,0,10,-1,9,-1,9,-1,9,-1,9,-2,8,-2,8,-2,8,-2,8,-3,7,-2,7,-2,7,-2,6,-1,6,-1,6,-1,6,-1,0,0,0,0,0,0,0,0,0,0,0,0,0,0,0,0,0,0,0,0,0,0,16,3,16,5,17,5,16,6,17,8,17,8,16,9,16,10,15,10,15,11,14,11,14,10,13,10,13,9,14,9,14,8,13,7,14,7,14,6,14,5,14,6,15,5,15,5,15,5,14,5,15,4,0,0,27,-2,27,-3,25,-3,25,-3,23,-4,21,-5,21,-4,20,-6,19,-7,18,-7,17,-8,16,-8,15,-9,15,-9,14,-10,14,-9,14,-9,13,-9,13,-9,13,-8,12,-7,12,-7,11,-7,11,-6,10,-6,10,-5,10,-4,10,-3,0,0,0,0,0,0,0,0,0,0,0,0,0,0,28,-11,29,-8,30,-6,31,-4,32,-3,31,-1,33,0,33,2,34,4,34,6,33,6,33,7,33,7,31,7,30,7,30,6,29,6,29,4,28,3,30,3,28,1,29,0,29,0,29,-1,30,-2,29,-2,30,-3,30,-3]"
618049981762100,31.530913700,91169,1884976549,-51,-98,6,0,1,7,0,0,256,0,0,"[0,0,8,12,8,11,8,11,8,10,8,10,7,9,7,8,8,8,7,7,7,6,7,5,7,5,8,5,7,5,7,4,7,4,7,4,7,3,7,4,6,3,6,3,6,3,5,3,5,3,5,3,5,3,0,0,0,0,0,0,0,0,0,0,0,0,0,0,0,0,0,0,0,0,0,0,11,12,11,13,10,14,10,14,9,16,8,16,8,17,7,17,6,18,5,17,5,17,5,16,5,16,5,15,5,15,6,15,6,14,7,14,7,14,7,14,8,13,8,13,9,13,9,13,9,13,9,13,0,0,19,20,18,20,18,18,17,17,17,16,16,14,16,13,16,12,16,11,15,10,15,8,16,8,16,7,16,6,15,6,15,5,15,5,15,5,14,5,13,5,13,5,12,5,11,5,11,5,10,5,9,5,9,6,8,6,0,0,0,0,0,0,0,0,0,0,0,0,0,0,26,15,24,18,23,20,23,22,22,23,21,24,20,26,19,28,18,28,17,30,16,30,15,30,14,30,13,28,13,28,13,27,14,26,15,25,15,25,16,24,16,24,18,22,18,23,19,23,19,22,19,21,20,21,19,22]"
618050003510900,31.552662500,91170,1884996650,-51,-98,6,0,1,7,0,0,256,0,0,"[0,0,-6,13,-5,13,-5,13,-5,12,-4,12,-4,11,-4,11,-3,10,-2,10,-2,9,-1,9,-1,9,0,9,0,9,0,9,0,8,0,8,0,8,0,8,0,8,0,7,0,7,0,6,0,6,-1,6,-1,5,0,0,0,0,0,0,0,0,0,0,0,0,0,0,0,0,0,0,0,0,0,0,-5,16,-5,16,-6,16,-7,16,-8,16,-9,16,-10,16,-11,15,-11,15,-11,14,-12,14,-11,13,-11,13,-10,13,-10,13,-9,13,-9,13,-8,13,-8,14,-7,14,-7,14,-7,14,-7,14,-6,15,-6,14,-6,14,0,0,-2,27,-1,27,0,25,0,24,0,24,1,22,1,21,2,20,3,19,3,18,5,17,5,17,6,16,6,15,7,15,7,15,6,14,6,15,6,14,5,14,5,13,4,12,4,12,4,11,3,11,3,11,3,10,2,10,0,0,0,0,0,0,0,0,0,0,0,0,0,0,7,29,4,30,1,30,0,31,-1,32,-2,32,-4,33,-7,34,-8,33,-11,33,-12,32,-13,32,-12,31,-12,30,-11,29,-10,28,-9,28,-7,28,-7,28,-7,29,-6,29,-5,29,-5,29,-3,29,-3,29,-1,30,-1,29,-2,29]"
618050027629300,31.576780900,91171,1885020632,-51,-98,6,0,1,7,0,0,256,0,0,"[0,0,13,-6,12,-6,11,-6,11,-6,10,-6,9,-6,9,-6,8,-6,8,-6,7,-6,6,-6,6,-7,6,-7,5,-7,5,-7,5,-7,4,-6,5,-7,5,-6,5,-6,5,-6,4,-6,4,-5,4,-5,4,-5,4,-4,0,0,0,0,0,0,0,0,0,0,0,0,0,0,0,0,0,0,0,0,0,0,13,-8,15,-7,15,-7,15,-6,16,-5,17,-5,17,-4,17,-3,17,-2,16,-2,16,-2,16,-1,16,-2,15,-2,15,-2,14,-3,15,-2,14,-4,14,-4,14,-4,14,-5,13,-5,14,-6,13,-6,14,-6,14,-6,0,0,26,-12,24,-12,23,-13,22,-11,20,-12,18,-12,18,-12,17,-13,16,-12,14,-13,13,-13,11,-14,10,-13,10,-13,10,-13,10,-13,9,-14,9,-14,9,-12,9,-11,8,-12,8,-10,8,-9,7,-10,8,-9,7,-9,7,-9,7,-8,0,0,0,0,0,0,0,0,0,0,0,0,0,0,24,-19,26,-17,27,-16,30,-14,30,-13,31,-12,32,-10,34,-9,34,-7,34,-4,33,-4,34,-3,32,-4,33,-3,31,-4,28,-5,30,-5,29,-5,29,-7,28,-7,29,-9,27,-9,27,-10,28,-12,27,-11,27,-12,26,-13,27,-12]"
618050050694900,31.599846500,91172,1885048475,-51,-98,6,0,1,7,0,0,256,0,0,"[0,0,14,3,13,3,13,2,13,2,12,2,11,1,11,1,11,1,10,0,10,-1,9,-1,9,-2,9,-2,9,-2,8,-3,8,-3,8,-2,8,-2,8,-3,8,-2,7,-2,7,-2,6,-1,6,-2,6,-1,5,-1,0,0,0,0,0,0,0,0,0,0,0,0,0,0,0,0,0,0,0,0,0,0,16,2,17,2,17,3,17,5,16,5,17,6,17,8,16,8,16,9,16,9,15,8,15,8,14,8,14,8,14,7,14,6,14,6,14,6,14,5,14,5,14,4,15,4,15,4,15,4,15,3,15,3,0,0,27,-4,27,-5,25,-5,24,-4,23,-5,21,-6,20,-6,20,-7,18,-8,17,-8,16,-8,16,-9,15,-9,14,-10,14,-10,14,-10,13,-11,13,-10,12,-10,12,-9,12,-9,11,-7,11,-8,11,-6,10,-6,10,-5,10,-5,10,-4,0,0,0,0,0,0,0,0,0,0,0,0,0,0,27,-12,29,-9,30,-7,31,-5,31,-5,31,-3,34,-1,34,0,34,1,35,3,34,4,34,5,32,6,32,6,30,6,30,5,30,3,29,2,29,1,30,1,28,0,29,-3,29,-2,30,-4,31,-3,30,-3,29,-3,29,-4]"
618050066210900,31.615362500,91173,1885057307,-51,-98,6,0,1,7,0,0,256,0,0,"[0,0,-1,-16,-1,-15,-2,-15,-1,-14,-2,-13,-2,-13,-2,-12,-3,-12,-3,-11,-4,-10,-4,-10,-5,-9,-5,-9,-5,-9,-5,-9,-5,-8,-5,-8,-5,-8,-4,-8,-4,-7,-4,-7,-4,-7,-4,-7,-3,-6,-3,-6,-3,-6,0,0,0,0,0,0,0,0,0,0,0,0,0,0,0,0,0,0,0,0,0,0,-3,-18,-2,-18,-1,-19,-1,-19,0,-20,2,-19,2,-19,3,-19,4,-19,4,-19,4,-18,3,-18,3,-17,3,-17,3,-17,3,-17,2,-17,1,-16,0,-17,0,-17,0,-17,0,-17,-1,-16,-1,-17,-2,-17,-1,-16,0,0,-8,-27,-8,-27,-8,-25,-8,-24,-8,-23,-9,-21,-10,-20,-10,-19,-10,-18,-11,-17,-11,-16,-11,-15,-11,-15,-12,-14,-12,-14,-11,-13,-12,-13,-12,-12,-11,-12,-10,-12,-10,-12,-10,-11,-9,-11,-8,-10,-7,-11,-7,-10,-7,-10,-6,-10,0,0,0,0,0,0,0,0,0,0,0,0,0,0,-16,-26,-13,-28,-11,-30,-10,-30,-9,-31,-8,-32,-6,-34,-5,-34,-5,-35,-3,-35,-1,-35,-1,-35,1,-33,1,-33,1,-32,1,-31,-1,-31,-1,-30,-2,-30,-3,-30,-5,-29,-7,-30,-7,-29,-8,-30,-7,-30,-7,-30,-7,-29,-8,-29]"
618050085124400,31.634276000,91174,1885077049,-51,-98,6,0,1,7,0,0,256,0,0,"[0,0,14,-5,12,-6,12,-6,12,-5,11,-6,10,-6,10,-6,9,-6,8,-6,8,-6,7,-7,7,-6,6,-7,6,-7,6,-7,6,-7,5,-6,6,-7,5,-6,5,-6,5,-6,5,-5,5,-5,4,-5,4,-5,4,-4,0,0,0,0,0,0,0,0,0,0,0,0,0,0,0,0,0,0,0,0,0,0,15,-7,16,-7,16,-6,17,-5,17,-4,18,-4,18,-3,18,-2,19,-2,17,-1,17,-1,17,-1,16,-1,16,-1,16,-2,15,-2,15,-3,15,-3,15,-4,15,-4,15,-4,15,-5,15,-5,14,-6,14,-6,15,-5,0,0,21,-19,20,-18,19,-18,17,-17,17,-17,15,-17,14,-17,12,-16,12,-16,11,-16,10,-16,8,-16,8,-16,7,-16,6,-16,6,-16,6,-16,5,-16,6,-15,6,-14,5,-14,5,-13,5,-12,6,-12,5,-11,5,-11,6,-10,6,-9,0,0,0,0,0,0,0,0,0,0,0,0,0,0,17,-25,20,-23,22,-22,24,-21,25,-20,26,-19,27,-18,30,-18,30,-16,31,-15,32,-14,30,-13,31,-12,29,-12,29,-12,27,-12,27,-13,26,-13,26,-14,25,-15,25,-16,24,-17,24,-18,24,-19,23,-18,23,-19,22,-19,23,-20]"
618050105490100,31.654641700,91175,1885098196,-51,-98,6,0,1,7,0,0,256,0,0,"[0,0,14,-4,14,-4,13,-5,12,-4,12,-5,11,-5,10,-5,9,-5,9,-5,9,-6,8,-6,7,-6,7,-6,6,-6,7,-6,7,-6,6,-6,6,-6,6,-6,6,-6,6,-6,5,-5,5,-4,5,-5,5,-4,5,-4,0,0,0,0,0,0,0,0,0,0,0,0,0,0,0,0,0,0,0,0,0,0,15,-6,16,-6,17,-5,17,-5,18,-4,19,-3,19,-2,19,-1,19,-1,18,0,18,0,17,1,17,0,16,0,16,0,16,-1,16,-1,15,-2,15,-3,15,-3,15,-4,15,-4,16,-4,15,-4,15,-4,15,-5,0,0,24,-13,23,-14,22,-14,20,-13,20,-13,18,-13,17,-13,16,-13,15,-13,13,-14,12,-14,11,-14,11,-14,10,-14,10,-15,9,-14,8,-14,9,-14,8,-13,8,-13,8,-12,8,-11,8,-11,8,-10,7,-9,7,-9,8,-8,8,-7,0,0,0,0,0,0,0,0,0,0,0,0,0,0,21,-22,23,-20,25,-18,26,-17,28,-16,28,-15,30,-14,32,-13,32,-11,33,-9,33,-8,33,-8,33,-8,31,-7,30,-7,29,-7,29,-8,28,-8,28,-9,27,-10,27,-11,26,-12,27,-13,26,-13,27,-14,26,-14,25,-15,26,-15]"
618050122612400,31.671764000,91176,1885117280,-51,-98,6,0,1,7,0,0,256,0,0,"[0,0,9,11,9,10,9,10,9,9,8,9,8,8,8,8,8,7,8,6,8,5,8,5,8,4,8,4,8,3,8,3,8,3,7,3,8,3,7,3,7,3,7,3,6,3,6,3,5,3,5,3,5,2,0,0,0,0,0,0,0,0,0,0,0,0,0,0,0,0,0,0,0,0,0,0,12,11,12,12,12,13,11,14,11,14,10,16,9,17,8,17,8,17,8,17,8,16,7,16,7,15,7,15,7,14,7,13,7,13,8,13,9,13,9,13,9,13,9,13,10,12,11,12,10,12,10,11,0,0,23,15,23,14,21,13,21,13,20,11,20,10,20,9,18,8,18,7,18,5,18,4,17,4,17,3,16,2,17,2,16,2,16,2,15,2,15,2,14,2,13,2,13,2,13,2,12,2,11,3,10,3,10,3,9,3,0,0,0,0,0,0,0,0,0,0,0,0,0,0,29,8,28,12,27,14,26,15,27,18,25,18,26,21,25,22,25,23,25,25,23,26,23,26,20,26,20,24,20,24,19,23,20,22,20,21,19,20,21,20,21,18,23,18,23,17,24,18,25,17,24,17,24,17,24,15]"
618050144894100,31.694045700,91177,1885138843,-51,-98,6,0,1,7,0,0,256,0,0,"[0,0,15,-3,14,-3,13,-3,13,-3,12,-4,11,-4,11,-4,10,-4,9,-5,9,-5,8,-5,8,-5,7,-5,7,-6,7,-6,7,-6,6,-6,6,-6,6,-6,6,-5,6,-5,6,-5,5,-4,5,-4,5,-3,5,-3,0,0,0,0,0,0,0,0,0,0,0,0,0,0,0,0,0,0,0,0,0,0,16,-6,16,-5,17,-5,17,-3,19,-3,18,-2,19,-1,19,0,19,0,19,2,18,2,17,2,16,1,17,1,16,0,16,0,16,0,16,0,15,-1,15,-2,15,-2,16,-3,16,-3,15,-3,15,-3,15,-3,0,0,22,-16,21,-17,20,-17,19,-16,17,-15,16,-15,16,-15,15,-15,13,-15,11,-16,10,-16,9,-16,8,-16,9,-16,7,-16,7,-16,7,-15,8,-15,7,-14,7,-14,8,-13,8,-12,7,-12,6,-10,6,-10,6,-10,7,-9,7,-8,0,0,0,0,0,0,0,0,0,0,0,0,0,0,16,-25,20,-24,21,-22,23,-20,25,-21,25,-19,27,-18,29,-17,31,-15,31,-13,32,-12,31,-13,31,-13,29,-12,28,-12,28,-13,27,-12,26,-13,26,-13,25,-14,25,-15,25,-15,25,-16,24,-16,24,-17,23,-18,23,-19,23,-19]"
618050161877600,31.711029200,91178,1885156546,-51,-98,6,0,1,7,0,0,256,0,0,"[0,0,-1,15,-1,14,-1,13,0,13,0,12,0,12,1,11,1,11,1,10,1,10,2,9,2,9,3,9,3,8,3,8,3,8,3,8,3,7,3,7,3,7,3,7,2,7,2,6,2,6,1,5,1,5,0,0,0,0,0,0,0,0,0,0,0,0,0,0,0,0,0,0,0,0,0,0,2,16,0,17,0,18,-1,17,-2,18,-3,18,-4,18,-5,19,-5,18,-6,18,-6,17,-6,16,-6,16,-6,16,-5,16,-4,15,-4,15,-3,15,-3,15,-2,16,-2,16,-1,16,-1,16,-1,16,-1,16,-1,15,0,0,7,27,8,26,8,24,8,23,8,21,8,20,8,19,8,18,9,17,9,16,10,15,10,14,11,14,11,13,11,12,11,12,11,12,10,11,10,11,9,11,9,11,9,10,7,10,7,9,7,9,6,9,5,9,5,9,0,0,0,0,0,0,0,0,0,0,0,0,0,0,17,24,15,26,13,27,11,28,10,30,8,30,7,32,6,32,4,34,2,34,1,34,1,34,1,32,0,32,0,31,1,30,1,30,2,29,3,28,4,29,5,28,5,28,6,28,7,29,7,28,8,28,8,28,8,27]"
618050182818400,31.731970000,91179,1885178824,-51,-98,6,0,1,7,0,0,256,0,0,"[0,0,13,-8,12,-9,10,-8,11,-8,9,-8,9,-8,8,-8,7,-8,7,-8,7,-8,6,-8,5,-8,5,-8,4,-8,5,-8,4,-8,4,-8,4,-8,4,-8,4,-7,4,-7,4,-7,3,-6,3,-6,3,-6,4,-5,0,0,0,0,0,0,0,0,0,0,0,0,0,0,0,0,0,0,0,0,0,0,13,-12,14,-11,15,-11,15,-9,16,-10,17,-9,17,-7,18,-7,18,-6,18,-6,17,-6,17,-5,16,-5,16,-6,15,-6,15,-6,14,-6,15,-7,14,-7,13,-8,14,-8,14,-9,14,-9,13,-9,12,-9,13,-9,0,0,21,-18,21,-18,19,-17,18,-17,16,-16,15,-16,14,-16,13,-16,12,-16,10,-16,10,-16,9,-16,8,-16,8,-16,7,-16,7,-16,6,-15,6,-15,6,-15,6,-14,6,-13,6,-13,6,-12,6,-11,6,-11,6,-10,6,-10,7,-9,0,0,0,0,0,0,0,0,0,0,0,0,0,0,17,-25,20,-24,22,-21,23,-21,25,-21,25,-19,27,-19,29,-18,30,-17,31,-16,31,-14,31,-13,31,-12,30,-11,29,-11,28,-11,27,-13,26,-13,26,-13,26,-15,25,-15,24,-17,23,-17,24,-18,24,-18,23,-18,23,-18,23,-18]"
618050205940000,31.755091600,91180,1885200548,-51,-98,6,0,1,7,0,0,256,0,0,"[0,0,3,14,3,14,3,13,3,12,3,12,3,11,4,11,4,10,4,9,4,8,4,8,5,7,5,7,5,7,5,7,5,6,5,6,5,5,5,6,4,6,4,5,4,6,4,5,3,5,3,5,3,4,0,0,0,0,0,0,0,0,0,0,0,0,0,0,0,0,0,0,0,0,0,0,5,16,5,16,4,17,3,17,3,18,1,18,0,18,-1,19,-1,18,-2,18,-2,18,-1,17,-1,17,-1,16,-1,16,-1,16,0,15,0,16,1,15,2,16,2,15,2,15,3,16,3,15,3,15,3,15,0,0,10,26,10,25,10,23,10,22,10,20,10,19,10,18,11,17,11,16,12,15,12,13,12,13,12,12,12,11,12,11,12,11,12,10,12,10,11,10,10,10,10,10,9,9,9,9,8,8,8,8,7,8,7,8,6,8,0,0,0,0,0,0,0,0,0,0,0,0,0,0,18,24,17,25,14,27,12,28,11,29,10,30,9,32,7,31,7,32,5,34,3,33,3,34,3,32,2,32,2,31,3,30,4,30,4,28,5,28,6,29,7,27,8,27,8,28,9,28,10,28,10,26,11,27,11,26]"
618050230567300,31.779718900,91181,1885222171,-51,-98,6,0,1,7,0,0,256,0,0,"[0,0,6,-14,5,-14,5,-13,5,-13,4,-12,3,-12,3,-12,2,-11,2,-10,2,-10,1,-10,0,-10,0,-10,-1,-10,0,-10,-1,-9,-1,-9,-1,-9,-1,-9,-1,-8,-1,-8,-1,-8,0,-8,0,-7,0,-7,0,-7,0,0,0,0,0,0,0,0,0,0,0,0,0,0,0,0,0,0,0,0,0,0,6,-16,7,-16,8,-16,9,-16,10,-16,11,-15,11,-15,12,-15,12,-14,13,-14,13,-13,13,-12,12,-12,11,-13,10,-13,10,-12,10,-12,9,-13,9,-14,8,-14,7,-15,7,-14,8,-15,7,-14,7,-14,7,-15,0,0,6,-54,4,-55,3,-51,2,-50,2,-47,0,-45,0,-43,-2,-41,-3,-40,-6,-38,-9,-36,-10,-36,-11,-34,-12,-32,-13,-33,-12,-31,-13,-30,-12,-29,-11,-29,-10,-29,-10,-27,-9,-26,-8,-25,-8,-23,-8,-23,-6,-22,-5,-22,-3,-21,0,0,0,0,0,0,0,0,0,0,0,0,0,0,-8,-60,-2,-62,1,-61,6,-62,7,-64,10,-62,14,-67,20,-65,22,-66,27,-65,28,-62,29,-63,26,-60,27,-59,26,-57,23,-55,22,-54,19,-56,17,-56,17,-58,15,-56,13,-57,13,-57,10,-59,10,-60,7,-59,6,-59,7,-58]"
618050244213000,31.793364600,91182,1885237908,-51,-98,6,0,1,7,0,0,256,0,0,"[0,0,15,0,14,-1,14,-1,13,-1,12,-1,11,-1,11,-2,11,-2,10,-3,9,-3,9,-3,8,-3,8,-3,8,-4,8,-4,8,-5,7,-4,7,-5,7,-4,6,-4,7,-3,6,-3,6,-3,5,-3,5,-3,5,-2,0,0,0,0,0,0,0,0,0,0,0,0,0,0,0,0,0,0,0,0,0,0,16,-2,17,-1,17,0,17,1,18,1,19,3,18,3,19,4,18,4,17,5,17,5,16,5,16,5,15,5,15,4,15,3,15,2,15,3,15,2,16,1,15,1,16,0,16,0,15,0,16,0,15,0,0,0,25,-11,24,-12,23,-12,22,-11,21,-11,19,-12,18,-11,17,-12,16,-12,14,-13,13,-13,12,-13,12,-13,11,-13,11,-14,10,-14,10,-14,10,-12,10,-12,9,-11,9,-11,9,-10,9,-10,8,-10,8,-9,7,-8,8,-7,8,-7,0,0,0,0,0,0,0,0,0,0,0,0,0,0,23,-20,25,-16,26,-15,28,-14,28,-13,30,-12,32,-10,33,-8,34,-8,34,-5,34,-5,33,-4,33,-3,32,-3,31,-3,30,-3,29,-4,29,-6,28,-7,28,-7,28,-9,27,-9,28,-9,28,-11,28,-11,27,-12,27,-12,27,-12]"
618050266838600,31.815990200,91183,1885258808,-51,-98,6,0,1,7,0,0,256,0,0,"[0,0,3,-15,3,-15,2,-14,3,-14,2,-13,1,-13,0,-12,0,-12,0,-11,0,-11,-1,-10,-2,-10,-2,-10,-2,-10,-2,-10,-2,-9,-3,-9,-3,-8,-2,-9,-2,-8,-2,-8,-2,-8,-2,-8,-1,-7,-1,-6,-1,-6,0,0,0,0,0,0,0,0,0,0,0,0,0,0,0,0,0,0,0,0,0,0,3,-17,4,-17,5,-18,5,-18,7,-18,8,-18,8,-18,9,-17,9,-17,10,-17,9,-15,9,-15,9,-15,8,-15,8,-15,7,-14,7,-14,6,-15,6,-15,5,-15,5,-16,4,-16,4,-16,4,-16,4,-16,4,-16,0,0,-2,-28,-3,-27,-3,-27,-3,-25,-3,-24,-4,-23,-5,-22,-6,-21,-6,-20,-7,-19,-7,-18,-8,-17,-8,-16,-8,-16,-9,-16,-9,-15,-9,-15,-9,-14,-9,-14,-8,-14,-8,-13,-7,-12,-6,-12,-6,-12,-5,-12,-5,-11,-4,-11,-4,-11,0,0,0,0,0,0,0,0,0,0,0,0,0,0,-9,-29,-6,-31,-4,-31,-2,-31,-1,-32,1,-32,3,-34,4,-35,5,-35,7,-34,8,-34,8,-33,9,-32,9,-31,8,-30,8,-30,7,-30,5,-29,5,-30,4,-29,2,-30,1,-30,1,-30,-1,-30,-1,-30,-1,-30,-1,-30,-2,-30]"
618050287299000,31.836450600,91184,1885277639,-51,-98,6,0,1,7,0,0,256,0,0,"[0,0,-5,-15,-4,-14,-4,-13,-4,-13,-4,-13,-5,-12,-5,-11,-5,-10,-5,-9,-5,-10,-6,-9,-6,-8,-6,-8,-7,-8,-7,-7,-7,-7,-7,-7,-6,-7,-6,-7,-6,-6,-6,-6,-5,-6,-5,-6,-5,-6,-4,-6,-4,-6,0,0,0,0,0,0,0,0,0,0,0,0,0,0,0,0,0,0,0,0,0,0,-6,-16,-6,-17,-5,-17,-4,-18,-3,-19,-2,-20,-2,-20,-1,-20,0,-19,0,-19,1,-19,1,-18,0,-18,0,-18,0,-17,-1,-17,-1,-16,-2,-16,-3,-16,-4,-17,-4,-16,-4,-16,-4,-16,-4,-17,-5,-16,-5,-16,0,0,-16,-23,-17,-22,-16,-21,-15,-20,-15,-19,-15,-17,-15,-16,-16,-15,-15,-13,-16,-13,-16,-11,-15,-10,-16,-9,-15,-9,-16,-8,-15,-8,-15,-7,-15,-7,-15,-8,-14,-8,-13,-8,-12,-7,-12,-7,-11,-7,-11,-7,-10,-7,-10,-7,-9,-7,0,0,0,0,0,0,0,0,0,0,0,0,0,0,-24,-21,-21,-23,-20,-24,-18,-25,-19,-27,-17,-27,-17,-31,-15,-31,-15,-32,-12,-33,-12,-32,-11,-34,-10,-33,-10,-32,-9,-30,-10,-29,-10,-28,-12,-28,-12,-27,-12,-27,-14,-26,-15,-26,-15,-26,-16,-25,-17,-26,-17,-25,-17,-24,-17,-25]"
618050305007800,31.854159400,91185,1885302537,-51,-98,6,0,1,7,0,0,256,0,0,"[0,0,-14,-6,-14,-6,-13,-6,-13,-5,-12,-5,-12,-4,-12,-4,-11,-3,-11,-2,-11,-2,-10,-1,-10,-1,-10,-1,-9,0,-10,0,-9,0,-9,0,-9,0,-9,0,-9,0,-8,0,-8,0,-7,0,-7,0,-7,-1,-7,-1,0,0,0,0,0,0,0,0,0,0,0,0,0,0,0,0,0,0,0,0,0,0,-17,-7,-17,-7,-16,-8,-16,-9,-16,-10,-16,-11,-16,-12,-16,-13,-15,-13,-14,-13,-14,-13,-13,-13,-13,-13,-13,-12,-13,-11,-14,-10,-14,-10,-14,-9,-14,-10,-14,-8,-15,-8,-15,-8,-16,-8,-15,-7,-15,-7,-15,-7,0,0,-28,-3,-28,-4,-26,-3,-25,-2,-24,-2,-23,-1,-22,0,-21,1,-20,2,-20,3,-19,4,-18,4,-18,4,-17,5,-17,5,-16,5,-16,6,-15,5,-15,6,-15,5,-14,5,-13,4,-14,4,-12,3,-12,3,-12,2,-11,2,-12,1,0,0,0,0,0,0,0,0,0,0,0,0,0,0,-30,2,-31,-1,-31,-3,-31,-5,-32,-7,-31,-8,-33,-10,-33,-11,-32,-13,-33,-14,-32,-15,-31,-15,-30,-16,-29,-15,-28,-15,-27,-14,-28,-12,-28,-12,-28,-11,-29,-10,-28,-9,-29,-8,-29,-6,-30,-7,-30,-5,-30,-5,-29,-5,-29,-4]"
618050326572700,31.875724300,91186,1885316637,-51,-98,6,0,1,7,0,0,256,0,0,"[0,0,-14,-7,-14,-7,-13,-7,-13,-6,-12,-6,-12,-5,-12,-5,-11,-4,-11,-4,-11,-3,-10,-2,-10,-1,-10,-1,-10,-1,-9,-1,-10,-1,-9,-1,-9,-1,-9,-1,-9,-1,-9,-1,-8,-1,-8,-1,-7,-1,-7,-1,-7,-2,0,0,0,0,0,0,0,0,0,0,0,0,0,0,0,0,0,0,0,0,0,0,-17,-6,-17,-8,-16,-8,-16,-9,-16,-10,-16,-11,-15,-12,-16,-13,-14,-13,-14,-13,-14,-13,-14,-12,-13,-12,-13,-12,-13,-11,-13,-11,-13,-10,-13,-10,-14,-10,-14,-9,-14,-9,-14,-9,-15,-8,-15,-8,-15,-8,-15,-7,0,0,-28,-3,-28,-3,-26,-3,-25,-2,-24,-1,-23,0,-22,0,-21,1,-21,2,-20,3,-19,4,-18,3,-18,4,-17,5,-17,6,-16,5,-16,6,-16,5,-15,5,-15,5,-14,4,-13,4,-14,3,-13,3,-12,2,-11,2,-12,1,-12,1,0,0,0,0,0,0,0,0,0,0,0,0,0,0,-31,4,-31,0,-32,-2,-31,-3,-33,-4,-32,-6,-33,-8,-33,-10,-33,-10,-33,-13,-32,-13,-32,-15,-30,-14,-30,-14,-29,-14,-29,-13,-28,-12,-29,-10,-27,-9,-29,-9,-28,-8,-29,-6,-30,-6,-30,-5,-31,-5,-30,-5,-30,-4,-29,-4]"
618050341724200,31.890875800,91187,1885336588,-51,-98,6,0,1,7,0,0,256,0,0,"[0,0,4,14,4,13,4,13,3,12,4,12,4,11,4,10,5,10,4,9,4,8,5,8,5,7,5,7,6,7,6,6,5,6,6,6,6,5,5,5,5,5,5,5,4,5,4,5,4,5,4,4,3,4,0,0,0,0,0,0,0,0,0,0,0,0,0,0,0,0,0,0,0,0,0,0,5,15,5,16,4,17,3,17,3,18,2,18,1,19,0,19,0,18,-1,18,-2,17,-1,17,-1,17,-1,16,0,16,0,16,1,16,1,15,2,16,2,15,3,15,3,15,3,16,4,15,4,15,4,14,0,0,13,23,14,23,13,21,13,21,12,19,13,17,13,16,13,15,13,14,14,13,14,11,13,11,13,10,13,9,14,9,14,8,14,8,13,8,13,8,12,8,12,8,11,7,11,7,9,7,9,6,8,6,8,7,7,7,0,0,0,0,0,0,0,0,0,0,0,0,0,0,21,22,18,24,16,25,15,26,15,28,13,28,13,31,11,31,11,32,9,33,8,33,6,34,5,33,6,31,5,30,5,29,7,28,8,28,8,27,9,28,10,26,12,26,12,26,14,26,14,27,14,26,14,25,14,24]"
618050362866800,31.912018400,91188,1885356634,-51,-98,6,0,1,7,0,0,256,0,0,"[0,0,-15,-4,-14,-4,-14,-3,-14,-3,-13,-3,-12,-2,-12,-2,-11,-1,-10,-1,-11,0,-10,0,-10,1,-9,1,-9,1,-9,2,-9,2,-9,2,-8,2,-8,2,-8,1,-8,1,-7,1,-7,1,-7,1,-7,0,-7,0,0,0,0,0,0,0,0,0,0,0,0,0,0,0,0,0,0,0,0,0,0,0,-17,-2,-17,-3,-17,-4,-17,-5,-18,-6,-18,-7,-18,-7,-17,-9,-17,-9,-16,-10,-16,-10,-15,-9,-15,-9,-15,-8,-15,-8,-15,-7,-15,-7,-15,-7,-15,-6,-16,-5,-15,-5,-16,-5,-16,-5,-16,-4,-15,-4,-16,-4,0,0,-28,6,-27,6,-26,6,-24,6,-23,6,-22,6,-21,7,-20,7,-18,8,-17,9,-16,10,-16,10,-15,10,-14,10,-14,10,-13,10,-13,10,-13,10,-12,9,-12,9,-12,9,-12,8,-11,7,-11,7,-10,6,-10,6,-10,5,-10,5,0,0,0,0,0,0,0,0,0,0,0,0,0,0,-27,13,-29,10,-30,9,-31,6,-32,5,-32,4,-34,3,-35,1,-35,-1,-36,-2,-35,-4,-34,-4,-33,-3,-33,-3,-31,-3,-31,-2,-31,-2,-30,-2,-30,0,-30,1,-30,2,-30,2,-30,3,-30,4,-30,5,-29,6,-29,6,-29,6]"
618050382550500,31.931702100,91189,1885377958,-51,-98,6,0,1,7,0,0,256,0,0,"[0,0,13,3,12,2,12,2,11,1,11,1,11,1,10,0,10,0,9,-1,9,-1,9,-1,8,-1,8,-2,8,-2,8,-3,7,-3,7,-2,7,-2,7,-2,7,-2,7,-2,6,-2,6,-2,5,-1,6,-1,5,-1,0,0,0,0,0,0,0,0,0,0,0,0,0,0,0,0,0,0,0,0,0,0,15,1,16,1,15,2,16,3,16,4,16,5,16,6,16,7,15,7,15,7,14,7,14,7,14,7,13,6,14,6,13,6,13,5,14,5,14,4,14,3,13,4,14,3,14,3,14,3,14,3,14,2,0,0,27,6,26,5,25,5,23,5,22,3,22,1,21,1,20,0,21,0,19,0,17,-2,17,-2,16,-3,16,-3,16,-5,16,-5,14,-5,14,-4,14,-4,14,-4,14,-3,12,-4,12,-3,11,-3,11,-2,11,-2,10,-1,9,-1,0,0,0,0,0,0,0,0,0,0,0,0,0,0,30,-1,30,2,31,4,30,5,31,7,31,9,31,10,32,13,30,13,31,16,31,17,29,16,27,17,27,18,25,16,26,17,28,14,26,12,26,12,28,10,27,10,27,8,27,8,27,6,27,7,28,7,27,7,28,8]"
618050402773500,31.951925100,91190,1885396637,-51,-98,6,0,1,7,0,0,256,0,0,"[0,0,-12,9,-12,9,-11,8,-11,8,-10,8,-9,8,-9,7,-8,8,-8,8,-7,7,-6,8,-6,8,-5,8,-5,8,-5,7,-5,7,-4,7,-5,7,-5,7,-5,6,-4,6,-4,6,-4,6,-4,5,-4,5,-4,5,0,0,0,0,0,0,0,0,0,0,0,0,0,0,0,0,0,0,0,0,0,0,-12,12,-13,12,-13,11,-15,11,-15,10,-17,10,-17,9,-18,8,-18,8,-17,7,-17,6,-17,6,-16,7,-16,6,-15,6,-15,6,-15,7,-14,8,-14,8,-14,8,-13,9,-13,9,-14,10,-13,10,-12,9,-13,9,0,0,-14,23,-14,24,-13,21,-12,22,-11,20,-9,20,-9,19,-7,19,-6,18,-6,18,-5,18,-4,17,-3,16,-2,16,-2,17,-2,16,-1,16,-2,15,-1,15,-2,15,-2,14,-2,13,-3,13,-3,11,-3,11,-3,10,-4,10,-4,9,0,0,0,0,0,0,0,0,0,0,0,0,0,0,-8,29,-12,28,-14,27,-14,26,-16,28,-17,26,-20,28,-21,26,-22,26,-25,25,-24,24,-26,23,-25,21,-25,20,-24,20,-22,20,-21,20,-21,21,-20,21,-20,22,-18,22,-17,24,-17,24,-16,24,-17,25,-16,25,-15,24,-15,24]"
618050426291600,31.975443200,91191,1885420902,-50,-98,6,0,1,7,0,0,256,0,0,"[0,0,12,7,12,7,12,6,11,6,11,5,11,5,10,4,10,3,9,3,9,2,9,2,9,2,9,1,9,1,9,1,8,0,8,0,8,0,8,0,7,1,7,1,7,1,6,1,6,1,6,1,5,1,0,0,0,0,0,0,0,0,0,0,0,0,0,0,0,0,0,0,0,0,0,0,15,6,15,7,15,8,15,8,15,10,14,11,14,11,14,12,13,12,13,13,12,13,11,12,11,12,11,11,11,11,11,10,11,10,12,10,12,9,13,9,13,8,13,8,13,9,13,8,13,8,13,8,0,0,39,38,37,37,36,36,37,35,36,30,34,28,33,26,33,24,31,20,32,18,32,17,30,16,29,14,30,11,31,10,32,10,28,11,30,7,28,7,27,8,26,10,23,9,22,8,20,9,21,11,20,9,19,11,19,12,0,0,0,0,0,0,0,0,0,0,0,0,0,0,53,28,53,36,49,39,47,40,47,43,44,48,45,52,44,55,40,57,38,59,36,61,33,61,30,60,29,56,28,57,28,53,28,52,31,47,31,48,33,47,35,47,37,44,39,45,42,44,40,43,39,44,41,43,38,41]"
618050442513200,31.991664800,91192,1885436656,-51,-98,6,0,1,7,0,0,256,0,0,"[0,0,-3,14,-2,15,-2,13,-2,13,-1,12,-1,12,0,11,0,11,0,10,1,10,1,9,1,9,2,9,2,8,2,8,2,8,3,8,2,7,2,7,2,7,2,6,2,6,2,6,1,6,1,5,1,5,0,0,0,0,0,0,0,0,0,0,0,0,0,0,0,0,0,0,0,0,0,0,-2,16,-3,17,-4,17,-4,17,-6,18,-6,17,-7,17,-8,17,-9,17,-9,16,-9,16,-9,15,-8,15,-8,14,-7,14,-7,15,-6,14,-5,15,-5,15,-4,15,-4,15,-3,16,-4,16,-3,15,-3,15,-3,15,0,0,9,26,9,24,9,24,9,22,9,22,10,20,9,18,10,17,10,16,10,14,11,14,11,13,11,12,12,12,11,11,12,12,11,11,11,11,11,10,10,10,9,10,9,9,8,9,8,9,7,9,6,9,6,9,5,9,0,0,0,0,0,0,0,0,0,0,0,0,0,0,17,24,15,26,12,26,11,29,9,29,9,31,7,32,6,34,5,33,3,34,2,33,2,33,1,32,1,31,1,31,1,29,2,29,2,28,3,29,4,28,6,29,7,28,8,28,8,28,9,27,9,27,9,27,10,27]"
618050466807900,32.015959500,91193,1885457033,-51,-98,6,0,1,7,0,0,256,0,0,"[0,0,-12,-11,-11,-10,-11,-10,-11,-9,-10,-9,-10,-8,-10,-7,-10,-7,-10,-6,-9,-5,-9,-4,-9,-5,-9,-4,-9,-4,-9,-3,-9,-3,-9,-3,-9,-3,-9,-3,-8,-3,-8,-3,-7,-3,-7,-3,-6,-3,-6,-3,-6,-3,0,0,0,0,0,0,0,0,0,0,0,0,0,0,0,0,0,0,0,0,0,0,-15,-10,-15,-11,-14,-12,-14,-13,-13,-14,-13,-15,-12,-15,-12,-16,-11,-16,-10,-16,-11,-15,-10,-15,-9,-15,-10,-15,-10,-14,-10,-13,-10,-13,-10,-13,-11,-13,-11,-12,-11,-12,-12,-12,-12,-11,-12,-11,-12,-11,-13,-11,0,0,-52,-19,-51,-21,-49,-19,-46,-16,-44,-15,-44,-12,-43,-10,-41,-8,-39,-6,-38,-4,-37,-4,-37,-2,-36,-1,-35,1,-34,2,-32,2,-34,3,-32,2,-31,3,-31,2,-28,1,-29,1,-27,0,-25,-1,-24,-2,-22,-1,-23,-3,-21,-4,0,0,0,0,0,0,0,0,0,0,0,0,0,0,-60,-8,-60,-15,-59,-19,-59,-21,-59,-26,-57,-27,-60,-32,-59,-35,-59,-36,-58,-39,-55,-42,-54,-43,-49,-42,-50,-43,-48,-41,-47,-39,-49,-36,-48,-34,-48,-33,-51,-31,-50,-29,-52,-27,-54,-24,-55,-25,-55,-25,-54,-25,-54,-24,-54,-24]"
618050484804800,32.033956400,91194,1885476537,-51,-98,6,0,1,7,0,0,256,0,0,"[0,0,-15,-4,-14,-4,-14,-3,-14,-3,-13,-3,-12,-2,-12,-2,-11,-2,-11,-1,-11,0,-11,0,-10,0,-10,1,-10,1,-9,2,-10,1,-9,1,-9,2,-8,1,-8,1,-8,1,-8,1,-7,0,-7,0,-7,0,-7,0,0,0,0,0,0,0,0,0,0,0,0,0,0,0,0,0,0,0,0,0,0,0,-18,-2,-18,-4,-18,-4,-18,-5,-18,-6,-19,-7,-18,-8,-18,-9,-18,-10,-16,-10,-16,-10,-16,-9,-15,-9,-15,-9,-15,-8,-15,-8,-15,-7,-15,-7,-16,-7,-16,-6,-15,-5,-16,-5,-16,-5,-16,-4,-16,-5,-16,-4,0,0,-29,2,-27,2,-27,2,-25,3,-24,3,-23,3,-22,4,-21,4,-19,5,-18,6,-17,7,-17,7,-16,7,-16,8,-15,8,-15,8,-14,8,-15,8,-13,8,-13,7,-13,6,-13,6,-12,6,-12,5,-11,4,-11,4,-11,4,-11,3,0,0,0,0,0,0,0,0,0,0,0,0,0,0,-28,9,-30,6,-31,5,-32,3,-32,1,-32,0,-33,-2,-35,-4,-34,-5,-35,-6,-34,-8,-33,-8,-33,-8,-32,-8,-31,-8,-30,-7,-30,-6,-29,-6,-30,-5,-29,-3,-30,-3,-29,-1,-30,0,-30,-1,-30,1,-30,1,-29,1,-30,1]"
618050506517800,32.055669400,91195,1885496654,-51,-98,6,0,1,7,0,0,256,0,0,"[0,0,-11,-11,-11,-11,-11,-10,-10,-9,-10,-9,-10,-9,-10,-8,-10,-7,-9,-6,-10,-6,-9,-5,-10,-5,-9,-4,-9,-4,-9,-3,-9,-3,-9,-3,-9,-3,-8,-3,-8,-3,-8,-3,-7,-3,-7,-3,-7,-3,-7,-3,-6,-3,0,0,0,0,0,0,0,0,0,0,0,0,0,0,0,0,0,0,0,0,0,0,-13,-12,-13,-13,-12,-14,-12,-14,-12,-15,-11,-16,-11,-17,-10,-18,-9,-17,-8,-17,-9,-17,-8,-16,-8,-16,-8,-15,-8,-15,-9,-14,-9,-14,-9,-14,-10,-14,-10,-13,-10,-13,-11,-13,-11,-13,-12,-12,-12,-12,-11,-12,0,0,-28,-6,-28,-6,-26,-5,-25,-5,-24,-4,-23,-4,-22,-3,-21,-2,-21,-1,-20,1,-19,2,-18,3,-18,3,-17,3,-18,4,-17,4,-17,4,-16,4,-16,3,-15,2,-15,2,-14,2,-14,2,-13,2,-13,2,-12,0,-12,1,-11,-1,0,0,0,0,0,0,0,0,0,0,0,0,0,0,-31,2,-31,-1,-31,-3,-30,-6,-32,-7,-31,-8,-33,-11,-32,-12,-32,-14,-31,-16,-31,-17,-30,-17,-30,-16,-29,-15,-28,-15,-27,-15,-26,-14,-28,-13,-27,-11,-28,-12,-27,-10,-28,-10,-28,-9,-29,-9,-30,-8,-30,-7,-29,-6,-29,-6]"
618050524224100,32.073375700,91196,1885516525,-51,-98,6,0,1,7,0,0,256,0,0,"[0,0,-15,3,-15,3,-14,3,-13,3,-13,3,-12,3,-11,3,-11,4,-10,4,-10,4,-9,5,-8,5,-8,5,-8,5,-8,5,-8,5,-7,5,-8,5,-7,4,-7,4,-7,4,-6,4,-6,4,-6,4,-6,3,-6,3,0,0,0,0,0,0,0,0,0,0,0,0,0,0,0,0,0,0,0,0,0,0,-17,5,-18,4,-17,3,-19,2,-19,1,-20,0,-20,0,-20,-1,-20,-2,-19,-2,-19,-2,-18,-2,-18,-2,-17,-1,-17,-1,-16,-1,-17,0,-16,1,-17,1,-16,1,-16,2,-16,2,-16,2,-16,3,-16,3,-17,3,0,0,-26,11,-24,11,-24,10,-22,11,-21,10,-19,11,-19,12,-17,11,-16,12,-15,12,-14,12,-13,12,-13,13,-12,13,-11,12,-11,13,-11,12,-10,13,-10,12,-10,12,-9,11,-10,10,-9,9,-9,8,-9,8,-9,8,-9,6,-9,6,0,0,0,0,0,0,0,0,0,0,0,0,0,0,-23,19,-26,16,-28,15,-29,14,-29,12,-31,11,-32,11,-33,9,-34,8,-34,7,-35,5,-34,5,-33,3,-33,3,-32,3,-31,4,-31,5,-29,4,-29,6,-29,7,-28,9,-28,9,-28,11,-28,11,-27,11,-27,11,-27,12,-28,12]"
618050544591600,32.093743200,91197,1885537040,-51,-98,6,0,1,7,0,0,256,0,0,"[0,0,-15,5,-13,5,-13,5,-13,5,-12,5,-11,5,-10,5,-10,5,-10,5,-9,6,-8,6,-7,6,-7,6,-7,6,-7,6,-7,6,-6,6,-6,6,-6,6,-6,5,-6,5,-6,5,-5,4,-5,4,-6,4,-5,3,0,0,0,0,0,0,0,0,0,0,0,0,0,0,0,0,0,0,0,0,0,0,-15,7,-17,7,-17,6,-18,5,-18,5,-19,4,-19,3,-20,2,-19,1,-19,1,-19,1,-18,1,-18,1,-17,1,-17,1,-16,2,-16,2,-16,3,-16,3,-16,4,-16,4,-16,4,-16,5,-16,5,-15,6,-15,5,0,0,-22,18,-21,16,-21,16,-19,16,-18,16,-16,15,-15,15,-14,15,-13,15,-12,15,-11,14,-10,15,-10,15,-8,16,-7,15,-8,15,-7,14,-7,15,-6,14,-7,13,-6,12,-7,12,-7,11,-7,10,-7,10,-7,10,-7,8,-7,8,0,0,0,0,0,0,0,0,0,0,0,0,0,0,-18,24,-21,22,-23,21,-25,20,-25,19,-27,18,-28,18,-30,17,-30,16,-32,15,-32,13,-31,12,-31,11,-31,11,-29,11,-29,11,-29,12,-26,12,-27,13,-26,13,-25,15,-25,16,-24,17,-25,17,-24,17,-23,18,-23,18,-24,18]"
618050564062100,32.113213700,91198,1885556497,-51,-98,6,0,1,7,0,0,256,0,0,"[0,0,-15,-3,-15,-3,-14,-3,-13,-3,-12,-3,-12,-2,-12,-2,-11,-1,-11,-1,-11,0,-10,0,-10,1,-10,1,-9,1,-9,2,-9,2,-9,2,-9,2,-8,1,-8,2,-8,1,-7,1,-7,1,-7,1,-7,1,-7,0,0,0,0,0,0,0,0,0,0,0,0,0,0,0,0,0,0,0,0,0,0,0,-17,-3,-17,-4,-17,-5,-17,-5,-18,-6,-18,-8,-17,-8,-17,-9,-17,-10,-16,-10,-16,-9,-15,-9,-15,-9,-15,-9,-14,-8,-15,-7,-15,-7,-15,-7,-15,-6,-15,-6,-15,-5,-16,-5,-16,-5,-16,-4,-16,-5,-15,-4,0,0,-29,0,-28,1,-27,1,-25,2,-25,2,-22,2,-22,3,-21,4,-20,4,-18,5,-18,7,-17,7,-17,7,-16,7,-15,7,-15,8,-15,8,-15,7,-14,7,-14,7,-13,6,-13,6,-12,5,-12,5,-12,4,-11,4,-11,3,-11,2,0,0,0,0,0,0,0,0,0,0,0,0,0,0,-29,8,-31,5,-31,3,-32,1,-32,0,-33,-1,-33,-3,-35,-5,-34,-7,-34,-8,-33,-10,-33,-10,-32,-9,-31,-10,-30,-9,-30,-8,-30,-8,-29,-6,-30,-6,-29,-5,-30,-3,-29,-3,-30,-2,-30,-2,-30,0,-30,0,-29,1,-29,0]"
618050582266600,32.131418200,91199,1885576435,-51,-98,6,0,1,7,0,0,256,0,0,"[0,0,4,14,4,13,4,13,4,12,4,12,4,11,5,10,5,10,5,8,5,8,5,7,5,7,6,7,6,7,6,6,6,6,6,6,6,5,5,5,5,5,5,5,4,6,4,5,4,5,4,4,3,4,0,0,0,0,0,0,0,0,0,0,0,0,0,0,0,0,0,0,0,0,0,0,7,15,6,16,5,16,5,17,4,17,3,18,2,18,1,19,1,18,0,18,0,18,0,17,0,17,0,16,0,16,1,15,1,15,2,15,2,15,3,15,3,16,4,15,4,15,4,15,4,15,4,14,0,0,16,21,16,21,16,19,15,19,15,17,16,16,15,14,15,13,15,12,15,11,14,10,15,9,15,9,14,8,15,7,14,7,14,7,14,6,14,6,13,6,12,6,12,6,11,5,10,7,9,6,9,6,9,6,8,7,0,0,0,0,0,0,0,0,0,0,0,0,0,0,24,17,22,20,21,22,19,22,20,25,18,25,18,29,16,29,16,30,15,31,13,30,12,32,10,31,10,30,10,29,10,28,11,27,12,27,12,25,13,26,14,25,16,23,16,24,17,23,17,24,17,24,17,23,17,22]"
618050609248400,32.158400000,91200,1885596526,-51,-98,6,0,1,7,0,0,256,0,0,"[0,0,-12,7,-11,7,-10,6,-10,6,-10,6,-9,6,-8,6,-8,6,-7,6,-7,6,-6,6,-5,6,-5,6,-5,6,-5,7,-5,6,-4,6,-4,6,-5,6,-5,5,-4,5,-4,5,-4,5,-4,4,-4,4,-4,4,0,0,0,0,0,0,0,0,0,0,0,0,0,0,0,0,0,0,0,0,0,0,-12,10,-13,9,-13,9,-14,8,-15,8,-16,7,-16,6,-17,6,-16,5,-17,5,-16,4,-16,5,-15,4,-15,5,-14,5,-14,5,-14,5,-13,6,-13,6,-13,6,-13,6,-13,7,-13,7,-12,8,-12,8,-12,8,0,0,-26,12,-24,13,-23,12,-22,11,-19,11,-19,11,-18,12,-17,11,-16,12,-15,12,-14,12,-13,12,-12,13,-11,12,-11,13,-10,12,-10,13,-10,12,-10,11,-10,11,-10,10,-8,10,-9,9,-8,9,-8,7,-9,7,-9,6,-9,5,0,0,0,0,0,0,0,0,0,0,0,0,0,0,-22,22,-23,19,-26,17,-27,16,-29,16,-29,14,-31,14,-32,12,-33,11,-35,9,-34,8,-35,8,-33,6,-32,6,-31,5,-30,7,-28,6,-29,9,-28,8,-28,9,-27,10,-27,11,-27,11,-27,12,-27,13,-26,13,-26,15,-25,13]"
618050626315100,32.175466700,91201,1885616658,-51,-98,6,0,1,7,0,0,256,0,0,"[0,0,-15,2,-14,2,-14,2,-13,2,-13,1,-12,2,-11,2,-11,3,-10,3,-10,3,-10,4,-9,4,-8,4,-8,4,-8,5,-8,4,-7,4,-7,4,-7,4,-7,4,-7,4,-6,3,-6,3,-6,3,-6,3,-6,2,0,0,0,0,0,0,0,0,0,0,0,0,0,0,0,0,0,0,0,0,0,0,-17,3,-17,3,-18,1,-18,1,-19,0,-19,-1,-19,-2,-20,-3,-19,-3,-19,-3,-18,-4,-18,-4,-17,-4,-16,-3,-16,-3,-16,-2,-16,-1,-17,-1,-16,-1,-16,0,-15,0,-16,1,-16,1,-16,2,-16,2,-16,2,0,0,-26,12,-25,12,-24,12,-22,12,-21,11,-19,11,-18,12,-17,12,-16,12,-15,12,-13,13,-13,13,-12,13,-12,13,-11,13,-11,13,-10,13,-10,13,-10,12,-10,12,-9,11,-10,10,-9,10,-9,9,-8,9,-9,8,-9,7,-9,6,0,0,0,0,0,0,0,0,0,0,0,0,0,0,-23,19,-26,16,-27,14,-29,14,-29,13,-30,12,-32,11,-33,9,-34,8,-35,7,-34,5,-34,4,-33,4,-33,3,-31,3,-31,4,-30,5,-29,5,-29,7,-29,7,-29,8,-28,10,-28,11,-28,11,-28,12,-27,12,-27,12,-27,12]"
618050647355900,32.196507500,91202,1885639556,-51,-98,6,0,1,7,0,0,256,0,0,"[0,0,-11,11,-10,11,-9,10,-9,10,-8,10,-7,10,-7,9,-6,9,-6,9,-5,9,-5,8,-4,8,-4,8,-3,8,-3,8,-3,8,-3,8,-3,8,-3,7,-3,7,-3,7,-3,6,-3,6,-3,6,-3,5,-3,5,0,0,0,0,0,0,0,0,0,0,0,0,0,0,0,0,0,0,0,0,0,0,-9,14,-10,14,-11,14,-11,13,-13,13,-14,13,-15,13,-15,12,-16,11,-16,11,-16,9,-15,9,-15,10,-14,9,-14,9,-13,10,-13,10,-13,10,-12,11,-12,11,-11,11,-11,12,-12,12,-11,12,-11,12,-10,12,0,0,-21,53,-17,50,-16,48,-16,46,-14,45,-12,42,-11,41,-10,39,-7,39,-4,37,-1,37,0,36,2,35,2,34,2,33,3,32,4,32,3,32,2,31,2,31,1,28,0,28,0,25,0,24,-1,24,-1,22,-3,21,-3,20,0,0,0,0,0,0,0,0,0,0,0,0,0,0,-2,59,-8,60,-12,60,-17,60,-21,60,-23,58,-27,60,-32,60,-36,59,-40,57,-41,55,-40,54,-39,53,-37,52,-37,51,-35,50,-34,49,-32,49,-31,49,-28,50,-27,52,-26,52,-25,52,-24,54,-22,53,-20,55,-19,55,-19,55]"
618050664940200,32.214091800,91203,1885656549,-51,-98,6,0,1,7,0,0,256,0,0,"[0,0,4,-15,4,-14,4,-14,4,-13,3,-13,2,-12,2,-12,1,-11,1,-11,0,-10,0,-10,0,-10,-1,-10,-1,-10,-1,-9,-1,-10,-2,-9,-1,-9,-1,-9,-1,-8,-1,-8,-1,-8,-1,-7,-1,-7,0,-7,0,-6,0,0,0,0,0,0,0,0,0,0,0,0,0,0,0,0,0,0,0,0,0,0,3,-17,4,-18,4,-18,6,-18,6,-18,8,-18,9,-17,9,-17,10,-16,10,-16,10,-15,10,-15,9,-15,9,-14,8,-15,8,-14,8,-14,7,-15,6,-15,6,-15,6,-15,6,-15,5,-16,5,-15,4,-16,5,-16,0,0,0,-28,0,-28,0,-26,0,-25,-1,-24,-2,-23,-2,-22,-3,-21,-4,-20,-5,-19,-6,-18,-7,-17,-7,-17,-7,-17,-7,-16,-7,-16,-7,-15,-7,-15,-7,-15,-6,-15,-6,-14,-6,-13,-5,-13,-5,-12,-5,-12,-4,-12,-3,-11,-2,-11,0,0,0,0,0,0,0,0,0,0,0,0,0,0,-8,-30,-6,-30,-3,-31,-1,-31,1,-32,3,-32,4,-34,5,-34,8,-33,9,-34,11,-33,10,-33,10,-32,10,-31,9,-30,9,-29,8,-29,8,-28,7,-29,6,-29,5,-29,4,-30,3,-30,2,-30,2,-30,1,-30,1,-30,1,-30]"
618050684396900,32.233548500,91204,1885676550,-51,-98,6,0,1,7,0,0,256,0,0,"[0,0,-2,15,-2,14,-1,13,-1,13,-1,13,-1,12,0,11,0,10,1,10,1,10,1,9,2,9,2,9,3,8,2,8,3,8,3,8,3,7,2,7,2,7,2,7,2,6,2,6,1,6,1,6,1,6,0,0,0,0,0,0,0,0,0,0,0,0,0,0,0,0,0,0,0,0,0,0,-1,17,-2,17,-2,17,-3,18,-4,18,-5,18,-6,18,-7,18,-7,17,-8,17,-8,16,-8,15,-7,15,-7,15,-7,15,-6,14,-5,15,-5,15,-4,15,-4,16,-3,15,-3,15,-3,16,-3,16,-2,15,-2,15,0,0,9,25,10,26,9,23,9,23,8,20,9,20,9,18,10,18,11,16,11,16,11,14,11,14,11,13,11,11,12,12,12,11,12,11,11,10,11,10,10,10,10,10,9,9,9,10,8,9,7,9,6,8,6,9,5,9,0,0,0,0,0,0,0,0,0,0,0,0,0,0,16,25,13,27,11,27,10,27,11,30,9,29,7,33,5,32,5,33,3,34,2,33,0,35,0,33,-1,31,-1,31,0,29,1,28,4,30,4,27,4,29,5,27,7,27,8,28,9,27,8,29,9,28,9,28,8,27]"
618050708131300,32.257282900,91205,1885696560,-51,-98,6,0,1,7,0,0,256,0,0,"[0,0,-1,-15,-2,-15,-2,-14,-2,-13,-2,-13,-3,-12,-3,-12,-3,-11,-3,-10,-4,-10,-4,-10,-5,-9,-5,-9,-5,-9,-5,-8,-5,-8,-5,-8,-5,-8,-5,-8,-4,-7,-4,-7,-4,-7,-3,-7,-3,-6,-3,-6,-3,-6,0,0,0,0,0,0,0,0,0,0,0,0,0,0,0,0,0,0,0,0,0,0,-4,-17,-3,-17,-3,-17,-2,-18,-1,-19,1,-19,1,-19,3,-19,3,-19,3,-18,3,-18,3,-17,3,-17,3,-17,3,-16,1,-16,1,-16,1,-16,0,-17,-1,-16,-1,-16,-1,-16,-1,-16,-2,-17,-2,-15,-2,-16,0,0,-12,-25,-13,-25,-13,-23,-12,-22,-12,-21,-12,-21,-12,-19,-12,-18,-12,-16,-13,-15,-14,-14,-14,-13,-14,-12,-13,-11,-14,-11,-14,-11,-14,-10,-13,-10,-13,-11,-12,-10,-12,-10,-11,-10,-11,-10,-10,-9,-9,-8,-8,-9,-8,-9,-7,-9,0,0,0,0,0,0,0,0,0,0,0,0,0,0,-20,-24,-18,-26,-16,-26,-14,-28,-14,-29,-13,-30,-12,-33,-10,-34,-8,-34,-5,-35,-5,-34,-5,-35,-5,-33,-5,-32,-5,-31,-5,-30,-5,-30,-7,-29,-7,-29,-8,-29,-9,-28,-10,-29,-10,-29,-11,-28,-12,-28,-13,-28,-13,-27,-13,-27]"
618050728146900,32.277298500,91206,1885716506,-51,-98,6,0,1,7,0,0,256,0,0,"[0,0,-12,9,-11,9,-11,9,-10,9,-10,9,-9,9,-8,8,-7,8,-7,8,-6,8,-6,8,-5,8,-5,8,-4,8,-4,8,-4,8,-3,8,-4,8,-4,7,-4,7,-3,7,-4,7,-3,6,-3,6,-4,5,-4,5,0,0,0,0,0,0,0,0,0,0,0,0,0,0,0,0,0,0,0,0,0,0,-13,12,-13,12,-14,11,-15,11,-16,10,-17,10,-17,9,-18,8,-18,8,-17,7,-18,7,-17,6,-16,6,-16,6,-15,7,-15,7,-15,7,-14,8,-14,8,-13,9,-13,9,-13,10,-13,10,-13,10,-12,10,-12,10,0,0,-14,24,-14,23,-13,23,-11,22,-11,21,-10,20,-9,20,-8,19,-6,18,-5,18,-3,18,-3,17,-2,17,-1,17,-2,17,-1,16,-1,16,-1,16,-1,16,-1,15,-2,14,-2,13,-2,13,-2,12,-2,12,-2,11,-3,10,-3,10,0,0,0,0,0,0,0,0,0,0,0,0,0,0,-7,29,-11,29,-12,28,-15,26,-17,27,-18,26,-20,27,-22,26,-24,25,-25,24,-26,22,-25,23,-25,23,-24,22,-22,22,-22,21,-21,21,-21,21,-20,21,-20,22,-19,23,-18,23,-17,24,-17,24,-16,26,-14,25,-14,26,-14,26]"
618050746866400,32.296018000,91207,1885742811,-51,-98,6,0,1,7,0,0,256,0,0,"[0,0,9,11,9,10,9,10,8,9,9,9,8,8,8,7,8,6,8,6,8,5,8,5,8,4,8,4,8,3,8,3,8,3,8,3,8,2,7,3,7,3,7,2,6,3,6,3,5,3,5,2,5,3,0,0,0,0,0,0,0,0,0,0,0,0,0,0,0,0,0,0,0,0,0,0,12,11,12,11,11,12,11,13,10,14,10,15,9,16,8,16,8,17,7,16,7,15,7,15,7,15,6,15,7,14,7,14,7,13,8,13,8,13,9,12,9,12,9,13,9,12,10,11,10,12,10,11,0,0,24,13,24,13,22,12,22,11,21,10,20,9,20,8,19,7,19,6,18,4,18,3,17,2,17,2,16,1,17,1,16,1,17,0,16,0,15,0,15,0,14,1,14,1,13,1,12,2,12,2,10,2,11,3,10,3,0,0,0,0,0,0,0,0,0,0,0,0,0,0,29,7,28,10,28,12,27,13,28,16,26,17,28,19,26,20,26,21,26,22,24,24,24,25,22,24,22,23,20,23,21,22,21,20,22,20,21,19,23,19,23,17,23,16,24,15,25,16,26,16,25,15,26,15,25,14]"
618050766989000,32.316140600,91208,1885759427,-51,-98,6,0,1,7,0,0,256,0,0,"[0,0,-3,-15,-3,-15,-3,-15,-3,-13,-3,-14,-3,-12,-4,-12,-4,-11,-4,-11,-5,-10,-5,-9,-5,-9,-5,-9,-6,-9,-5,-8,-5,-8,-6,-8,-5,-7,-5,-7,-5,-7,-5,-7,-5,-7,-4,-7,-4,-6,-4,-6,-3,-6,0,0,0,0,0,0,0,0,0,0,0,0,0,0,0,0,0,0,0,0,0,0,-5,-17,-4,-18,-3,-18,-3,-18,-1,-19,0,-20,0,-19,1,-20,2,-19,2,-19,2,-19,2,-18,2,-17,2,-17,1,-17,1,-16,1,-16,0,-16,0,-17,-1,-16,-1,-17,-2,-17,-2,-16,-3,-17,-2,-16,-2,-16,0,0,-10,-27,-10,-27,-10,-25,-10,-24,-9,-22,-10,-21,-10,-20,-11,-19,-11,-17,-12,-17,-11,-15,-11,-15,-12,-14,-12,-13,-13,-13,-12,-13,-12,-12,-12,-12,-12,-11,-11,-11,-11,-11,-10,-11,-9,-11,-9,-10,-8,-10,-7,-10,-7,-10,-6,-10,0,0,0,0,0,0,0,0,0,0,0,0,0,0,-17,-25,-15,-28,-13,-28,-12,-29,-12,-31,-10,-32,-8,-33,-7,-34,-7,-34,-4,-35,-4,-35,-2,-35,0,-34,0,-33,0,-31,-1,-30,-2,-30,-4,-30,-4,-30,-5,-29,-6,-29,-8,-29,-8,-29,-9,-29,-9,-29,-9,-29,-9,-29,-9,-28]"
618050785480200,32.334631800,91209,1885776550,-51,-98,6,0,1,7,0,0,256,0,0,"[0,0,3,-15,1,-14,1,-14,1,-14,1,-13,0,-13,-1,-12,-1,-11,-1,-11,-2,-11,-2,-10,-2,-10,-3,-9,-3,-9,-3,-9,-3,-8,-4,-9,-3,-9,-3,-8,-3,-8,-3,-7,-3,-8,-2,-7,-2,-7,-2,-6,-1,-6,0,0,0,0,0,0,0,0,0,0,0,0,0,0,0,0,0,0,0,0,0,0,1,-17,1,-18,2,-17,3,-18,4,-18,5,-18,6,-18,7,-18,7,-17,8,-17,8,-16,8,-16,7,-15,7,-15,6,-16,5,-15,5,-15,5,-16,4,-16,3,-16,3,-16,3,-16,3,-16,2,-16,2,-16,2,-16,0,0,-8,-27,-8,-26,-8,-26,-8,-23,-9,-24,-9,-22,-8,-20,-9,-20,-9,-18,-10,-17,-11,-16,-11,-15,-12,-15,-12,-14,-12,-14,-12,-14,-12,-12,-12,-13,-11,-12,-11,-12,-10,-12,-9,-11,-9,-10,-8,-11,-8,-10,-7,-11,-6,-10,-6,-10,0,0,0,0,0,0,0,0,0,0,0,0,0,0,-16,-26,-13,-28,-11,-29,-10,-31,-9,-31,-7,-33,-6,-33,-5,-36,-2,-35,0,-35,1,-35,1,-34,1,-34,1,-33,1,-31,0,-31,-1,-31,-2,-29,-2,-31,-3,-29,-4,-31,-5,-30,-5,-30,-6,-30,-7,-29,-8,-29,-8,-29,-8,-30]"
618050806097500,32.355249100,91210,1885796710,-51,-98,6,0,1,7,0,0,256,0,0,"[0,0,2,-15,2,-15,2,-14,2,-14,1,-13,1,-13,0,-12,0,-12,-1,-11,-1,-11,-1,-10,-2,-10,-3,-10,-3,-10,-3,-10,-3,-9,-3,-9,-3,-9,-3,-8,-3,-8,-2,-8,-2,-8,-2,-8,-2,-7,-1,-7,-1,-7,0,0,0,0,0,0,0,0,0,0,0,0,0,0,0,0,0,0,0,0,0,0,1,-17,1,-18,3,-18,3,-18,4,-19,5,-19,6,-19,7,-18,8,-18,8,-17,8,-16,8,-16,8,-16,7,-16,7,-15,6,-16,5,-15,5,-16,4,-16,4,-16,4,-16,3,-16,3,-16,3,-16,3,-16,3,-16,0,0,-7,-27,-8,-27,-8,-25,-8,-24,-8,-23,-9,-22,-9,-21,-9,-20,-9,-18,-10,-17,-10,-16,-10,-16,-11,-15,-11,-14,-12,-14,-12,-13,-11,-13,-11,-13,-11,-12,-10,-12,-10,-12,-9,-12,-8,-11,-8,-11,-7,-11,-7,-10,-6,-10,-5,-11,0,0,0,0,0,0,0,0,0,0,0,0,0,0,-15,-27,-12,-29,-10,-29,-9,-30,-8,-31,-7,-32,-5,-33,-3,-35,-3,-35,-1,-35,0,-34,2,-35,2,-33,2,-32,2,-32,2,-31,0,-30,-1,-30,-2,-30,-2,-30,-3,-30,-5,-29,-5,-29,-7,-30,-6,-30,-7,-29,-7,-29,-7,-29]"
618050822416400,32.371568000,91211,1885816459,-51,-98,6,0,1,7,0,0,256,0,0,"[0,0,15,2,14,2,13,2,12,1,12,1,11,1,11,0,10,0,10,-1,10,-1,10,-2,9,-2,8,-2,8,-3,8,-3,8,-3,7,-3,8,-3,7,-3,7,-3,7,-3,6,-2,6,-2,5,-2,6,-2,6,-1,0,0,0,0,0,0,0,0,0,0,0,0,0,0,0,0,0,0,0,0,0,0,16,2,16,2,16,3,16,4,17,5,17,6,16,6,16,8,16,8,15,8,15,8,15,8,14,8,14,7,14,7,14,6,14,5,14,5,14,5,14,4,15,4,15,4,15,3,15,3,15,2,15,3,0,0,28,1,27,0,26,0,24,0,23,-1,22,-2,21,-2,20,-3,19,-4,18,-5,18,-5,17,-5,16,-6,16,-7,15,-7,15,-7,14,-7,14,-7,13,-7,13,-6,13,-6,13,-6,12,-5,11,-4,11,-4,11,-4,10,-3,10,-2,0,0,0,0,0,0,0,0,0,0,0,0,0,0,29,-6,30,-2,31,0,31,1,31,3,31,4,32,6,33,8,32,9,33,10,32,11,31,12,30,12,29,12,28,12,28,11,28,9,27,8,28,7,28,7,28,6,28,4,29,3,29,3,29,3,29,2,29,2,29,2]"
618050844850300,32.394001900,91212,1885836459,-51,-98,6,0,1,7,0,0,256,0,0,"[0,0,-14,-6,-14,-6,-14,-5,-13,-5,-13,-4,-12,-4,-12,-4,-11,-3,-11,-2,-11,-1,-11,-1,-10,-1,-10,0,-9,0,-10,1,-9,1,-9,1,-9,1,-9,1,-9,1,-8,0,-8,0,-8,0,-7,0,-7,0,-7,-1,0,0,0,0,0,0,0,0,0,0,0,0,0,0,0,0,0,0,0,0,0,0,-17,-6,-16,-8,-17,-8,-16,-9,-17,-10,-16,-11,-16,-12,-15,-13,-15,-13,-15,-14,-14,-13,-13,-13,-13,-13,-13,-12,-13,-11,-14,-10,-13,-9,-15,-9,-14,-9,-14,-8,-14,-8,-15,-8,-16,-7,-15,-7,-15,-7,-15,-7,0,0,-28,-1,-28,-1,-26,-1,-25,0,-25,0,-23,1,-22,1,-21,2,-20,2,-19,4,-19,5,-18,5,-17,6,-16,6,-16,7,-16,7,-15,7,-15,7,-15,6,-15,5,-14,5,-13,5,-13,4,-12,5,-11,4,-11,3,-12,3,-11,2,0,0,0,0,0,0,0,0,0,0,0,0,0,0,-30,6,-31,3,-30,0,-31,-2,-32,-3,-32,-4,-33,-7,-34,-8,-34,-10,-34,-12,-32,-12,-32,-12,-32,-12,-31,-12,-30,-11,-29,-10,-28,-11,-29,-8,-29,-8,-29,-7,-30,-6,-30,-5,-29,-5,-30,-4,-30,-3,-31,-2,-29,-2,-30,-2]"
618050866131600,32.415283200,91213,1885862870,-51,-98,6,0,1,7,0,0,256,0,0,"[0,0,15,1,14,0,13,0,13,0,13,0,12,-1,11,-1,11,-2,10,-2,10,-3,10,-3,9,-3,8,-3,8,-4,8,-4,8,-4,8,-4,8,-4,7,-4,7,-4,7,-4,6,-3,6,-3,6,-2,6,-3,6,-2,0,0,0,0,0,0,0,0,0,0,0,0,0,0,0,0,0,0,0,0,0,0,17,0,17,1,17,2,17,3,18,4,18,5,18,5,18,6,17,7,17,7,16,7,16,7,15,7,15,6,15,6,14,5,15,4,15,4,15,3,15,3,15,3,16,2,16,2,16,1,15,1,15,1,0,0,26,-7,26,-9,24,-8,24,-8,21,-8,21,-8,20,-8,18,-9,17,-9,16,-11,15,-11,14,-12,13,-12,12,-11,12,-13,12,-12,12,-12,11,-11,12,-11,11,-10,11,-10,10,-9,10,-9,9,-9,9,-8,9,-7,9,-7,9,-6,0,0,0,0,0,0,0,0,0,0,0,0,0,0,25,-16,27,-14,28,-11,28,-9,31,-9,30,-8,33,-6,33,-4,34,-2,34,1,34,1,34,1,33,1,32,1,31,1,29,0,29,0,29,-2,28,-2,30,-2,28,-4,28,-5,28,-5,28,-6,30,-7,29,-8,28,-9,28,-8]"
618050894342400,32.443494000,91214,1885877846,-51,-98,6,0,1,7,0,0,256,0,0,"[0,0,-15,3,-14,4,-13,3,-13,3,-12,3,-12,4,-11,3,-10,4,-9,4,-9,5,-9,5,-8,5,-8,5,-7,5,-8,5,-7,5,-7,5,-7,5,-7,5,-7,5,-7,4,-6,4,-6,4,-6,3,-6,3,-6,3,0,0,0,0,0,0,0,0,0,0,0,0,0,0,0,0,0,0,0,0,0,0,-16,5,-17,4,-17,3,-17,2,-18,2,-18,1,-19,0,-19,-1,-19,-1,-19,-2,-18,-2,-18,-2,-17,-2,-17,-2,-16,-1,-17,0,-16,0,-17,1,-15,1,-16,1,-16,2,-15,3,-17,2,-15,3,-16,3,-15,3,0,0,-24,15,-22,15,-21,15,-20,15,-19,14,-18,13,-16,14,-16,14,-14,14,-13,14,-11,14,-11,14,-10,15,-10,14,-9,15,-8,14,-8,14,-8,14,-8,13,-8,13,-8,12,-8,11,-7,10,-7,10,-7,10,-7,8,-7,8,-8,8,0,0,0,0,0,0,0,0,0,0,0,0,0,0,-20,22,-22,20,-24,19,-26,17,-27,17,-28,16,-30,15,-32,14,-32,12,-34,10,-33,10,-33,9,-33,9,-32,9,-30,8,-29,9,-29,9,-28,11,-27,11,-27,11,-26,12,-26,13,-27,13,-26,14,-26,15,-25,16,-24,16,-25,16]"
618050908460100,32.457611700,91215,1885896495,-51,-98,6,0,1,7,0,0,256,0,0,"[0,0,14,-2,13,-3,13,-3,12,-3,12,-3,10,-3,10,-4,10,-4,9,-4,9,-4,8,-5,7,-5,7,-5,7,-5,7,-5,7,-6,6,-5,6,-5,6,-5,6,-5,6,-5,5,-4,5,-4,5,-3,5,-3,5,-3,0,0,0,0,0,0,0,0,0,0,0,0,0,0,0,0,0,0,0,0,0,0,15,-5,16,-4,16,-4,16,-3,17,-2,18,-1,18,0,18,1,18,1,17,2,17,2,16,2,16,1,15,1,15,1,15,0,15,0,15,-1,15,-1,15,-2,15,-2,15,-2,15,-2,14,-3,14,-2,15,-3,0,0,23,-14,22,-15,21,-15,20,-15,19,-14,18,-15,16,-14,15,-15,14,-14,13,-15,12,-15,10,-15,10,-15,9,-14,9,-15,8,-15,8,-15,7,-15,8,-14,8,-13,7,-13,7,-12,7,-11,7,-10,7,-10,6,-9,7,-9,8,-8,0,0,0,0,0,0,0,0,0,0,0,0,0,0,20,-23,22,-21,23,-19,25,-18,26,-18,27,-17,29,-15,31,-14,32,-14,33,-12,32,-11,33,-10,32,-8,31,-8,30,-8,28,-8,28,-9,27,-10,27,-11,27,-11,26,-13,26,-14,26,-14,25,-15,25,-15,26,-16,24,-16,25,-16]"
618050925129300,32.474280900,91216,1885917184,-51,-98,6,0,1,7,0,0,256,0,0,"[0,0,-13,8,-12,8,-12,8,-11,8,-10,7,-10,7,-9,7,-8,7,-8,7,-7,7,-6,8,-6,7,-5,8,-5,7,-5,8,-5,7,-4,7,-5,7,-5,7,-5,6,-5,6,-4,6,-4,6,-4,5,-4,5,-4,5,0,0,0,0,0,0,0,0,0,0,0,0,0,0,0,0,0,0,0,0,0,0,-14,11,-14,11,-15,10,-15,9,-17,9,-18,8,-18,6,-19,6,-19,5,-18,6,-18,6,-17,6,-16,6,-16,6,-16,5,-15,5,-15,5,-15,7,-14,7,-14,7,-14,8,-14,7,-14,8,-13,9,-13,9,-13,9,0,0,-20,19,-19,19,-18,18,-17,18,-16,17,-14,16,-13,16,-12,16,-11,16,-10,16,-9,16,-8,16,-7,16,-7,16,-6,16,-6,15,-5,15,-5,15,-5,14,-5,14,-5,13,-6,12,-6,12,-5,10,-6,10,-5,10,-6,9,-7,8,0,0,0,0,0,0,0,0,0,0,0,0,0,0,-15,25,-18,24,-20,23,-22,22,-23,22,-24,21,-26,21,-28,19,-29,19,-30,18,-31,16,-31,16,-30,15,-29,14,-28,14,-28,14,-27,15,-26,15,-25,15,-25,17,-24,17,-23,18,-23,19,-22,20,-22,20,-22,20,-22,21,-21,20]"
618050943616500,32.492768100,91217,1885936643,-51,-98,6,0,1,7,0,0,256,0,0,"[0,0,-16,-3,-15,-3,-14,-3,-14,-3,-13,-2,-13,-2,-12,-1,-11,-1,-11,0,-11,1,-11,1,-10,2,-10,2,-9,2,-10,2,-9,2,-9,2,-9,2,-8,2,-8,2,-8,2,-8,1,-7,1,-7,1,-7,1,-7,1,0,0,0,0,0,0,0,0,0,0,0,0,0,0,0,0,0,0,0,0,0,0,-18,-2,-18,-3,-18,-4,-18,-4,-18,-6,-19,-7,-18,-8,-18,-9,-18,-9,-17,-9,-16,-9,-16,-9,-16,-8,-15,-8,-15,-8,-16,-7,-16,-6,-16,-6,-16,-5,-15,-5,-16,-5,-16,-5,-17,-4,-16,-4,-16,-3,-16,-3,0,0,-28,2,-27,1,-26,2,-25,2,-23,3,-22,3,-22,4,-21,4,-20,5,-19,6,-18,6,-18,7,-16,7,-16,8,-15,8,-15,8,-15,8,-14,8,-14,7,-13,8,-13,7,-13,6,-13,6,-11,5,-11,4,-11,4,-11,3,-11,2,0,0,0,0,0,0,0,0,0,0,0,0,0,0,-29,9,-30,6,-31,4,-32,2,-32,0,-32,-1,-34,-2,-34,-4,-35,-5,-35,-6,-34,-8,-34,-8,-32,-9,-32,-9,-31,-9,-30,-8,-30,-7,-29,-6,-29,-6,-29,-4,-29,-3,-30,-2,-30,-1,-31,-1,-30,1,-30,1,-30,1,-29,1]"
618050961677200,32.510828800,91218,1885956580,-51,-98,6,0,1,7,0,0,256,0,0,"[0,0,1,15,1,14,1,14,1,13,1,12,2,12,2,11,2,11,2,10,3,9,3,9,4,9,4,8,4,8,4,8,4,7,4,7,4,7,4,6,3,7,3,6,2,6,3,6,2,6,2,5,2,5,0,0,0,0,0,0,0,0,0,0,0,0,0,0,0,0,0,0,0,0,0,0,3,16,2,16,1,18,0,18,-1,18,-2,19,-3,19,-3,19,-4,18,-4,18,-4,17,-4,17,-4,16,-4,16,-4,16,-3,16,-3,15,-2,15,-2,16,-1,16,0,16,0,16,0,16,0,16,0,16,1,15,0,0,6,26,6,27,6,24,6,24,6,22,7,21,7,19,7,19,8,18,9,17,9,15,9,15,10,14,10,13,11,13,10,12,10,12,9,12,10,12,9,11,9,11,7,11,8,11,7,10,6,10,5,9,5,10,4,10,0,0,0,0,0,0,0,0,0,0,0,0,0,0,15,26,11,28,10,29,8,29,8,32,5,30,4,33,2,33,2,34,-1,35,-1,33,-2,34,-3,32,-3,31,-3,31,-2,30,-1,29,0,30,0,28,1,30,3,28,4,28,4,28,5,29,5,30,6,29,6,28,6,28]"
618050983065900,32.532217500,91219,1885976686,-51,-98,6,0,1,7,0,0,256,0,0,"[0,0,-14,6,-13,6,-13,5,-12,5,-12,5,-11,6,-10,5,-10,5,-9,6,-8,6,-8,6,-7,6,-7,6,-7,6,-6,6,-6,6,-6,6,-6,6,-6,6,-6,5,-6,5,-5,5,-5,4,-5,4,-5,4,-5,3,0,0,0,0,0,0,0,0,0,0,0,0,0,0,0,0,0,0,0,0,0,0,-15,9,-16,8,-16,7,-16,6,-17,6,-19,5,-19,4,-19,3,-19,3,-18,2,-18,2,-18,2,-17,2,-16,2,-16,2,-16,3,-16,3,-16,3,-15,4,-15,5,-15,5,-15,5,-15,6,-15,6,-15,6,-15,6,0,0,-20,19,-19,20,-18,18,-17,18,-16,18,-15,17,-14,16,-13,16,-11,16,-10,16,-9,16,-8,16,-7,16,-7,16,-6,16,-6,16,-6,15,-6,15,-6,15,-6,14,-6,13,-6,12,-6,12,-6,11,-5,10,-6,10,-6,9,-6,9,0,0,0,0,0,0,0,0,0,0,0,0,0,0,-15,26,-18,24,-20,23,-22,22,-23,22,-24,21,-27,21,-28,20,-29,18,-31,16,-31,16,-31,15,-31,15,-29,14,-28,14,-26,14,-26,14,-26,16,-25,16,-25,16,-24,17,-24,18,-23,18,-22,19,-23,20,-22,21,-21,20,-21,20]"
618051004327700,32.553479300,91220,1885998634,-51,-98,6,0,1,7,0,0,256,0,0,"[0,0,9,11,8,11,8,10,8,10,8,9,8,8,8,8,8,7,7,6,8,5,8,5,8,5,8,4,8,4,8,4,8,3,8,4,7,3,7,3,7,3,6,3,6,3,5,4,5,3,5,3,5,3,0,0,0,0,0,0,0,0,0,0,0,0,0,0,0,0,0,0,0,0,0,0,11,11,11,12,11,13,10,14,10,15,9,15,9,16,8,17,7,17,6,17,6,16,6,16,6,15,6,15,6,14,6,14,7,14,7,13,7,13,8,13,8,13,9,13,9,13,9,12,9,12,9,12,0,0,23,15,23,15,21,14,20,13,20,12,20,10,19,9,19,8,18,7,18,6,18,6,17,5,17,4,17,3,17,2,16,3,16,2,16,2,16,2,15,2,14,2,13,2,13,3,12,3,11,3,11,3,10,3,10,5,0,0,0,0,0,0,0,0,0,0,0,0,0,0,28,9,27,13,26,15,26,15,27,18,25,18,25,21,25,23,25,24,24,25,23,25,21,26,20,27,19,26,18,25,18,23,19,22,20,21,20,20,20,21,21,20,23,18,23,18,24,17,24,18,24,18,23,17,24,17]"
618051027226800,32.576378400,91221,1886020384,-51,-98,6,0,1,7,0,0,256,0,0,"[0,0,-15,5,-14,5,-13,5,-13,4,-12,5,-11,5,-10,5,-10,5,-10,5,-9,5,-9,6,-7,6,-7,5,-7,6,-7,6,-7,6,-6,6,-6,6,-6,5,-6,5,-6,5,-6,4,-6,4,-6,4,-5,3,-5,3,0,0,0,0,0,0,0,0,0,0,0,0,0,0,0,0,0,0,0,0,0,0,-16,7,-16,6,-17,6,-17,5,-18,5,-19,4,-19,3,-20,2,-19,1,-19,1,-19,0,-18,0,-17,0,-17,1,-16,1,-17,1,-16,2,-16,3,-16,3,-15,3,-16,4,-15,4,-16,5,-16,5,-15,5,-15,4,0,0,-21,18,-21,19,-18,17,-19,18,-16,17,-15,17,-14,16,-13,16,-12,16,-11,17,-10,16,-9,16,-8,16,-7,15,-7,16,-6,15,-7,16,-5,14,-6,15,-6,14,-6,13,-6,12,-6,12,-6,11,-6,10,-6,9,-7,10,-7,8,0,0,0,0,0,0,0,0,0,0,0,0,0,0,-16,26,-18,24,-20,23,-22,21,-24,23,-24,20,-28,21,-28,19,-29,19,-31,17,-31,16,-32,16,-30,14,-29,14,-29,14,-27,14,-26,14,-27,15,-25,14,-26,17,-23,16,-24,18,-23,18,-23,19,-24,20,-22,20,-22,20,-21,19]"
618051047127700,32.596279300,91222,1886039404,-51,-98,6,0,1,7,0,0,256,0,0,"[0,0,14,2,13,1,13,1,13,1,12,1,11,0,11,0,11,-1,10,-1,10,-2,10,-2,9,-2,8,-3,8,-3,8,-3,8,-3,8,-3,8,-3,8,-3,7,-3,7,-3,7,-2,6,-3,6,-2,6,-2,6,-2,0,0,0,0,0,0,0,0,0,0,0,0,0,0,0,0,0,0,0,0,0,0,16,-1,17,0,17,1,17,2,18,3,18,4,18,6,18,6,17,7,16,7,17,7,16,7,15,6,15,6,15,6,14,5,15,5,15,4,15,3,15,3,15,3,15,2,16,2,15,1,15,1,15,1,0,0,26,-5,26,-6,25,-5,23,-6,22,-6,21,-7,20,-7,19,-7,18,-8,16,-8,16,-8,15,-9,15,-9,14,-10,14,-11,13,-10,13,-10,13,-10,12,-10,12,-9,11,-9,12,-8,11,-7,10,-6,10,-6,10,-5,10,-5,11,-3,0,0,0,0,0,0,0,0,0,0,0,0,0,0,26,-14,28,-11,28,-9,29,-7,30,-7,31,-5,32,-3,33,-1,33,-1,34,2,33,2,33,3,32,5,30,4,30,4,29,3,29,2,29,1,29,0,28,0,29,-1,27,-3,28,-3,29,-4,29,-5,29,-5,28,-5,28,-5]"
618051063709800,32.612861400,91223,1886056600,-51,-98,6,0,1,7,0,0,256,0,0,"[0,0,13,5,13,4,12,4,12,4,11,3,11,3,11,2,10,1,10,1,10,0,9,0,9,0,9,-1,9,-1,9,-2,8,-1,8,-1,8,-2,7,-1,7,-1,7,-1,7,0,6,0,6,0,6,0,5,0,0,0,0,0,0,0,0,0,0,0,0,0,0,0,0,0,0,0,0,0,0,0,16,3,15,4,16,5,15,6,16,7,16,8,16,9,15,10,15,10,14,11,13,10,13,10,13,10,13,10,13,9,13,8,13,7,13,7,13,7,14,6,14,6,14,5,15,6,14,5,14,5,14,5,0,0,27,-3,26,-3,25,-4,24,-3,23,-4,22,-5,21,-5,19,-5,19,-6,17,-8,16,-8,16,-9,15,-9,15,-9,14,-9,14,-9,13,-9,14,-9,13,-8,13,-8,12,-8,12,-7,11,-7,11,-6,10,-6,10,-5,10,-4,10,-4,0,0,0,0,0,0,0,0,0,0,0,0,0,0,27,-12,28,-9,30,-8,30,-6,31,-4,31,-2,33,0,34,1,34,3,34,5,34,6,33,5,32,5,31,5,30,5,30,4,29,4,29,3,29,3,29,1,29,0,29,0,29,-1,29,-2,29,-3,29,-4,29,-4,30,-4]"
618051083328600,32.632480200,91224,1886076449,-51,-98,6,0,1,7,0,0,256,0,0,"[0,0,13,7,12,7,11,7,11,6,11,5,10,5,10,4,10,4,9,4,9,3,9,2,9,2,9,1,9,1,9,0,9,0,8,0,8,0,8,0,8,1,7,0,7,1,6,1,6,1,6,1,5,1,0,0,0,0,0,0,0,0,0,0,0,0,0,0,0,0,0,0,0,0,0,0,15,6,16,7,15,8,15,9,15,10,15,11,14,12,14,12,13,13,12,13,12,12,12,12,11,12,11,11,11,11,11,10,12,10,12,10,12,10,12,9,12,8,13,8,13,8,14,8,13,8,13,7,0,0,27,5,26,4,25,4,24,4,23,3,22,2,21,2,20,0,19,0,19,-2,18,-2,17,-3,17,-4,17,-4,16,-4,16,-4,16,-5,15,-5,14,-5,14,-4,14,-4,13,-3,12,-3,12,-3,11,-2,11,-2,11,-1,10,-1,0,0,0,0,0,0,0,0,0,0,0,0,0,0,30,-3,30,0,30,2,30,4,31,6,30,8,32,9,32,10,31,12,32,14,30,15,30,15,28,15,28,15,27,14,26,13,26,13,26,12,26,11,27,10,27,9,28,8,28,7,28,8,29,6,29,6,29,5,28,5]"
618051104562900,32.653714500,91225,1886096514,-51,-98,6,0,1,7,0,0,256,0,0,"[0,0,-14,7,-14,6,-13,6,-13,6,-11,6,-11,5,-10,6,-9,6,-9,6,-9,6,-8,6,-7,7,-6,6,-6,6,-7,7,-6,6,-6,7,-6,6,-6,6,-6,6,-5,6,-5,5,-5,5,-5,4,-5,4,-5,4,0,0,0,0,0,0,0,0,0,0,0,0,0,0,0,0,0,0,0,0,0,0,-15,8,-16,8,-17,7,-17,6,-18,6,-18,5,-19,4,-20,3,-19,3,-19,3,-19,2,-18,2,-17,2,-17,3,-16,3,-16,3,-16,3,-16,4,-15,4,-15,5,-15,5,-15,6,-16,6,-14,6,-15,7,-15,6,0,0,-20,20,-19,19,-18,18,-17,18,-16,17,-14,17,-13,17,-12,17,-10,17,-10,16,-9,16,-8,16,-7,16,-7,16,-6,16,-5,16,-5,15,-5,15,-5,14,-5,14,-5,13,-5,13,-6,11,-5,11,-5,10,-6,10,-6,9,-6,9,0,0,0,0,0,0,0,0,0,0,0,0,0,0,-14,25,-18,24,-21,23,-22,23,-23,22,-24,21,-26,21,-28,20,-28,19,-30,18,-30,17,-30,16,-30,15,-29,14,-28,14,-27,14,-26,15,-25,16,-25,16,-24,16,-23,17,-22,19,-22,19,-22,20,-22,20,-21,20,-21,20,-21,21]"
618051124050500,32.673202100,91226,1886122280,-51,-98,6,0,1,7,0,0,256,0,0,"[0,0,7,-14,6,-14,5,-13,6,-13,5,-12,4,-12,3,-12,3,-11,2,-11,2,-11,1,-10,0,-10,0,-10,0,-10,0,-10,0,-10,-1,-9,0,-9,0,-9,0,-9,0,-9,0,-9,0,-8,0,-7,0,-7,0,-7,0,0,0,0,0,0,0,0,0,0,0,0,0,0,0,0,0,0,0,0,0,0,6,-16,7,-16,8,-17,9,-16,10,-16,11,-16,12,-15,13,-15,13,-14,13,-14,13,-13,12,-13,12,-13,11,-13,11,-13,10,-13,10,-13,10,-13,9,-14,8,-14,9,-14,8,-15,8,-14,7,-15,7,-15,7,-15,0,0,5,-27,4,-27,3,-27,3,-24,3,-25,1,-23,1,-22,0,-21,0,-20,-2,-19,-3,-19,-4,-19,-4,-18,-5,-18,-5,-17,-5,-17,-5,-16,-5,-16,-5,-16,-5,-16,-4,-15,-4,-14,-3,-13,-3,-13,-3,-13,-2,-12,-1,-11,-1,-12,0,0,0,0,0,0,0,0,0,0,0,0,0,0,-3,-31,0,-31,3,-31,5,-32,6,-32,8,-32,9,-32,12,-33,13,-32,15,-32,15,-31,16,-30,16,-30,15,-29,15,-28,14,-28,13,-28,11,-27,11,-28,10,-27,9,-28,8,-29,8,-29,7,-30,7,-29,6,-30,5,-29,6,-30]"
618051144631200,32.693782800,91227,1886139211,-51,-98,6,0,1,7,0,0,256,0,0,"[0,0,-15,2,-14,2,-13,2,-13,3,-12,2,-11,3,-11,3,-10,3,-10,4,-10,4,-9,4,-8,4,-8,4,-7,5,-8,5,-7,5,-7,4,-7,5,-7,5,-7,4,-7,4,-6,4,-6,3,-6,3,-6,3,-5,2,0,0,0,0,0,0,0,0,0,0,0,0,0,0,0,0,0,0,0,0,0,0,-16,4,-16,3,-17,3,-17,2,-19,1,-18,0,-18,-1,-19,-1,-19,-2,-19,-3,-18,-3,-17,-3,-16,-3,-16,-2,-16,-2,-16,-1,-16,-1,-16,0,-16,0,-16,1,-16,1,-15,2,-16,2,-15,2,-15,2,-15,2,0,0,-25,9,-26,10,-24,8,-23,9,-21,9,-19,10,-19,10,-18,10,-17,11,-15,11,-14,11,-13,11,-12,11,-12,11,-12,11,-11,11,-11,12,-11,11,-11,11,-11,11,-11,10,-11,9,-9,9,-9,7,-10,8,-10,7,-9,7,-10,6,0,0,0,0,0,0,0,0,0,0,0,0,0,0,-25,18,-28,15,-29,13,-30,11,-31,10,-31,9,-34,8,-34,6,-35,5,-36,3,-36,2,-35,2,-34,2,-33,2,-31,1,-31,2,-30,3,-30,3,-30,4,-30,4,-28,6,-29,7,-28,8,-29,9,-30,9,-27,10,-28,11,-27,9]"
618051166773900,32.715925500,91228,1886158012,-51,-98,6,0,1,7,0,0,256,0,0,"[0,0,-10,-12,-10,-12,-9,-11,-10,-11,-9,-10,-9,-10,-8,-9,-9,-8,-9,-7,-9,-7,-8,-6,-9,-6,-8,-5,-8,-5,-9,-4,-8,-4,-8,-4,-8,-4,-8,-4,-8,-4,-7,-4,-7,-4,-6,-4,-6,-4,-6,-4,-6,-4,0,0,0,0,0,0,0,0,0,0,0,0,0,0,0,0,0,0,0,0,0,0,-12,-13,-12,-13,-11,-14,-11,-15,-10,-16,-9,-16,-9,-17,-8,-18,-7,-18,-7,-18,-7,-17,-6,-17,-6,-17,-6,-16,-6,-15,-7,-15,-7,-14,-8,-15,-8,-14,-9,-14,-9,-14,-9,-14,-10,-14,-10,-13,-10,-13,-9,-12,0,0,-23,-16,-24,-16,-23,-15,-22,-13,-21,-12,-20,-12,-19,-11,-19,-10,-18,-8,-19,-6,-18,-5,-18,-4,-18,-4,-18,-4,-18,-3,-17,-2,-17,-2,-17,-2,-16,-3,-16,-4,-15,-3,-14,-4,-14,-3,-13,-3,-12,-3,-12,-4,-11,-4,-11,-5,0,0,0,0,0,0,0,0,0,0,0,0,0,0,-29,-10,-29,-13,-28,-15,-27,-17,-27,-19,-26,-20,-26,-22,-25,-24,-24,-26,-23,-28,-22,-28,-21,-27,-22,-26,-21,-25,-20,-25,-21,-23,-20,-24,-20,-22,-21,-21,-22,-21,-22,-20,-23,-20,-23,-20,-24,-19,-24,-18,-25,-17,-25,-16,-25,-17]"
618051195420500,32.744572100,91229,1886188775,-51,-98,6,0,1,7,0,0,256,0,0,"[0,0,-4,14,-4,13,-4,13,-4,12,-3,12,-2,12,-2,11,-1,11,-1,10,-1,10,0,9,0,9,0,9,1,9,1,8,1,8,1,8,1,8,1,7,1,7,1,7,0,7,0,7,0,6,0,6,-1,6,0,0,0,0,0,0,0,0,0,0,0,0,0,0,0,0,0,0,0,0,0,0,-2,16,-3,17,-3,17,-5,17,-6,17,-7,17,-7,17,-8,17,-9,17,-9,16,-9,15,-9,15,-9,14,-9,14,-8,14,-8,14,-7,14,-7,14,-6,14,-5,14,-5,15,-5,15,-5,15,-4,15,-4,15,-4,14,0,0,1,26,1,27,1,25,1,24,2,22,3,22,3,21,4,20,4,18,5,18,5,17,6,16,6,15,7,14,8,15,7,14,8,14,7,14,7,14,6,13,6,13,6,12,5,12,4,11,4,10,3,10,3,11,2,10,0,0,0,0,0,0,0,0,0,0,0,0,0,0,10,28,6,29,4,29,3,30,2,32,1,31,-1,33,-4,33,-4,34,-6,34,-7,33,-9,33,-9,31,-9,30,-9,29,-8,29,-6,28,-5,29,-5,28,-4,29,-3,28,-1,29,-1,29,0,29,0,30,0,29,0,29,0,28]"
618051212513300,32.761664900,91230,1886199115,-51,-98,6,0,1,7,0,0,256,0,0,"[0,0,-14,-7,-13,-7,-13,-7,-12,-7,-12,-7,-12,-5,-12,-5,-11,-4,-11,-3,-10,-3,-10,-3,-10,-2,-10,-2,-10,-1,-10,-1,-9,-1,-9,-1,-9,0,-9,0,-9,-1,-9,-1,-8,-1,-8,-1,-7,-1,-7,-1,-7,-1,0,0,0,0,0,0,0,0,0,0,0,0,0,0,0,0,0,0,0,0,0,0,-17,-7,-17,-8,-16,-9,-16,-10,-16,-11,-16,-12,-15,-12,-15,-14,-15,-14,-13,-14,-13,-13,-13,-13,-13,-13,-12,-13,-13,-12,-13,-11,-13,-11,-13,-10,-14,-10,-14,-10,-14,-9,-14,-9,-15,-9,-15,-8,-14,-8,-14,-8,0,0,-27,-7,-28,-7,-25,-6,-25,-5,-23,-5,-23,-4,-22,-3,-21,-2,-20,-1,-20,1,-19,1,-19,2,-18,3,-17,3,-18,3,-17,3,-17,4,-16,4,-16,3,-15,3,-15,2,-14,2,-14,2,-13,1,-12,1,-11,1,-12,0,-12,-1,0,0,0,0,0,0,0,0,0,0,0,0,0,0,-30,1,-31,-3,-31,-5,-30,-7,-32,-9,-30,-10,-32,-12,-32,-13,-32,-15,-32,-17,-30,-17,-30,-18,-29,-18,-28,-17,-27,-16,-27,-16,-27,-15,-27,-14,-26,-13,-28,-13,-28,-11,-28,-10,-28,-10,-29,-9,-30,-8,-30,-8,-29,-7,-29,-7]"
618051225056600,32.774208200,91231,1886216731,-51,-98,6,0,1,7,0,0,256,0,0,"[0,0,-3,14,-2,13,-2,13,-2,12,-2,12,-1,12,-1,11,0,11,0,9,0,9,1,9,1,9,2,9,2,8,2,8,2,8,2,7,2,8,2,7,2,7,1,6,2,7,1,7,1,6,1,6,0,5,0,0,0,0,0,0,0,0,0,0,0,0,0,0,0,0,0,0,0,0,0,0,-2,16,-2,17,-3,17,-4,17,-5,17,-6,18,-7,17,-8,17,-8,17,-9,15,-9,15,-9,15,-8,15,-8,14,-7,14,-6,14,-6,14,-6,14,-5,15,-4,15,-4,15,-3,15,-4,15,-3,15,-3,15,-3,15,0,0,6,27,6,26,6,25,5,21,6,23,7,20,7,19,6,19,8,17,8,16,9,16,9,16,10,14,10,13,10,13,10,13,10,12,10,12,10,12,8,12,8,11,8,11,7,10,6,10,6,10,5,10,5,10,5,9,0,0,0,0,0,0,0,0,0,0,0,0,0,0,15,26,11,28,9,29,8,30,6,31,6,31,4,33,2,34,1,34,-1,35,-2,34,-3,34,-3,33,-3,32,-3,31,-3,30,-2,30,-1,29,0,29,1,29,1,31,3,28,4,29,5,28,7,30,6,28,6,28,7,28]"
618051243575600,32.792727200,91232,1886236706,-51,-98,6,0,1,7,0,0,256,0,0,"[0,0,13,-7,12,-8,11,-7,11,-7,11,-7,10,-7,9,-7,8,-7,8,-7,7,-8,7,-7,6,-8,5,-8,5,-7,5,-8,5,-8,4,-7,4,-7,5,-7,4,-7,4,-6,4,-6,4,-6,4,-6,4,-5,4,-5,0,0,0,0,0,0,0,0,0,0,0,0,0,0,0,0,0,0,0,0,0,0,14,-9,15,-8,15,-8,16,-7,16,-7,18,-6,18,-5,18,-4,18,-4,17,-3,17,-3,16,-3,16,-3,15,-3,15,-4,15,-4,15,-5,15,-5,15,-6,14,-7,14,-6,14,-7,14,-7,14,-8,13,-8,14,-8,0,0,20,-20,18,-20,18,-20,17,-18,15,-18,14,-18,12,-18,11,-17,11,-17,9,-17,8,-17,7,-17,6,-17,6,-17,5,-17,5,-17,4,-16,4,-16,4,-15,4,-15,4,-14,4,-14,4,-13,4,-12,5,-12,5,-11,5,-11,5,-10,0,0,0,0,0,0,0,0,0,0,0,0,0,0,15,-26,18,-24,21,-24,21,-23,23,-23,24,-21,27,-21,28,-20,28,-19,30,-18,30,-17,30,-16,30,-15,29,-14,28,-14,27,-14,26,-15,25,-16,25,-16,25,-17,23,-18,22,-19,22,-20,22,-20,22,-21,21,-20,21,-21,21,-21]"
618051262729500,32.811881100,91233,1886256528,-51,-98,6,0,1,7,0,0,256,0,0,"[0,0,12,8,11,7,11,7,11,6,10,6,10,6,10,5,9,4,9,3,9,3,9,2,9,2,8,1,9,1,9,1,8,1,8,0,8,0,8,0,7,1,7,1,6,1,6,1,6,1,6,1,6,1,0,0,0,0,0,0,0,0,0,0,0,0,0,0,0,0,0,0,0,0,0,0,15,7,14,8,14,9,14,9,14,11,14,12,13,12,13,13,12,14,11,13,11,13,11,13,10,12,11,12,11,11,11,11,10,10,11,10,12,10,12,10,12,9,12,9,13,9,13,8,13,8,13,8,0,0,52,12,52,11,51,9,48,8,46,8,44,6,43,5,41,3,39,0,37,-1,37,-4,35,-4,33,-7,33,-7,33,-8,33,-9,31,-9,31,-7,30,-8,29,-6,28,-5,27,-5,26,-5,25,-4,23,-4,21,-2,22,-1,22,0,0,0,0,0,0,0,0,0,0,0,0,0,0,0,59,-3,60,3,61,7,60,12,62,13,61,15,63,21,63,24,63,28,61,32,59,33,57,34,57,34,55,33,53,32,52,29,52,28,53,24,53,23,54,22,54,21,55,19,56,18,57,16,57,16,57,14,57,13,57,13]"
618051288168100,32.837319700,91234,1886276608,-51,-98,6,0,1,7,0,0,256,0,0,"[0,0,-15,4,-14,4,-13,4,-13,4,-12,4,-12,4,-11,5,-10,5,-10,5,-9,5,-9,5,-8,5,-8,5,-7,6,-7,6,-7,6,-7,6,-7,6,-6,6,-7,5,-6,5,-6,5,-5,5,-6,4,-6,3,-5,3,0,0,0,0,0,0,0,0,0,0,0,0,0,0,0,0,0,0,0,0,0,0,-17,5,-17,5,-18,4,-18,3,-19,3,-19,2,-20,1,-20,0,-20,-1,-19,-1,-19,-2,-18,-2,-18,-1,-17,-1,-17,-1,-17,0,-16,0,-17,1,-16,2,-16,3,-16,3,-16,3,-17,3,-16,3,-16,4,-16,4,0,0,-23,16,-22,16,-21,15,-20,15,-18,15,-17,14,-16,14,-15,14,-13,15,-12,15,-11,15,-11,15,-9,15,-9,15,-8,16,-8,15,-8,15,-7,14,-7,14,-7,13,-8,13,-7,12,-7,12,-7,11,-7,10,-7,10,-8,9,-8,8,0,0,0,0,0,0,0,0,0,0,0,0,0,0,-20,23,-23,20,-25,19,-26,17,-27,17,-28,16,-31,15,-31,14,-32,13,-33,11,-33,10,-34,10,-31,9,-32,9,-30,9,-29,9,-28,10,-28,10,-27,11,-28,12,-26,13,-26,13,-26,15,-25,15,-26,16,-25,16,-24,16,-24,16]"
618051306077300,32.855228900,91235,1886296505,-51,-98,6,0,1,7,0,0,256,0,0,"[0,0,-9,13,-7,12,-7,12,-8,12,-6,11,-6,10,-5,10,-5,10,-4,10,-3,9,-3,9,-3,9,-2,8,-1,9,-2,9,-1,9,-1,8,-1,8,-1,8,-2,8,-1,7,-1,7,-1,7,-2,6,-2,6,-2,5,0,0,0,0,0,0,0,0,0,0,0,0,0,0,0,0,0,0,0,0,0,0,-8,15,-9,15,-10,15,-10,14,-11,15,-12,14,-13,13,-15,13,-14,13,-15,12,-15,11,-14,11,-14,11,-13,11,-12,11,-12,11,-11,11,-12,12,-10,12,-10,12,-10,12,-9,13,-10,13,-9,14,-9,13,-9,13,0,0,-3,55,-2,55,-1,51,-1,49,1,47,2,44,3,42,4,41,7,40,8,37,9,36,11,33,11,32,12,31,14,31,13,31,13,29,13,29,12,27,11,27,11,27,9,25,8,24,8,22,7,23,6,21,5,22,3,21,0,0,0,0,0,0,0,0,0,0,0,0,0,0,12,59,6,60,2,60,-2,61,-2,64,-6,62,-11,67,-14,65,-15,67,-21,66,-22,64,-24,65,-24,62,-24,60,-22,57,-21,56,-18,56,-16,57,-15,56,-14,57,-11,57,-8,57,-7,57,-6,58,-5,61,-4,59,-3,59,-3,57]"
618051325060400,32.874212000,91236,1886316529,-51,-98,6,0,1,7,0,0,256,0,0,"[0,0,9,-13,8,-12,7,-12,7,-11,6,-12,6,-11,5,-11,4,-11,4,-10,3,-10,3,-10,2,-9,1,-10,1,-10,2,-10,1,-9,1,-9,1,-9,1,-9,1,-8,1,-8,1,-8,1,-7,1,-7,1,-6,1,-6,0,0,0,0,0,0,0,0,0,0,0,0,0,0,0,0,0,0,0,0,0,0,8,-16,9,-15,9,-15,10,-15,11,-15,13,-15,13,-14,14,-14,14,-12,14,-12,14,-12,13,-11,13,-11,12,-11,12,-11,12,-11,11,-12,11,-12,10,-13,9,-13,10,-13,9,-13,10,-14,9,-13,9,-13,9,-13,0,0,21,-49,21,-50,19,-49,18,-46,17,-46,13,-44,12,-42,9,-41,7,-39,6,-37,4,-37,3,-36,1,-35,0,-35,-1,-35,-2,-34,-2,-33,-2,-33,-2,-32,0,-30,-1,-30,0,-27,1,-27,1,-25,1,-23,2,-24,3,-22,5,-22,0,0,0,0,0,0,0,0,0,0,0,0,0,0,7,-60,15,-60,19,-58,22,-58,23,-59,26,-60,31,-58,36,-59,37,-59,42,-56,41,-53,44,-53,44,-50,44,-48,41,-46,38,-45,37,-46,34,-48,33,-49,32,-48,31,-51,28,-53,26,-53,25,-54,26,-53,26,-54,24,-53,25,-53]"
618051347596800,32.896748400,91237,1886336491,-51,-98,6,0,1,7,0,0,256,0,0,"[0,0,-14,-6,-14,-6,-13,-5,-13,-5,-12,-4,-12,-4,-12,-3,-11,-2,-11,-2,-11,-1,-10,-1,-10,-1,-10,0,-9,0,-10,1,-9,1,-9,1,-9,1,-9,0,-8,0,-8,0,-8,0,-7,0,-7,0,-7,0,-7,-1,0,0,0,0,0,0,0,0,0,0,0,0,0,0,0,0,0,0,0,0,0,0,-17,-5,-17,-6,-17,-7,-17,-8,-17,-9,-17,-10,-17,-11,-16,-12,-16,-12,-15,-13,-14,-12,-14,-12,-13,-11,-13,-11,-13,-10,-14,-9,-14,-9,-14,-9,-14,-8,-15,-8,-15,-8,-15,-7,-16,-7,-15,-6,-15,-6,-15,-7,0,0,-28,1,-27,1,-26,1,-25,2,-23,2,-23,2,-22,3,-20,4,-19,4,-18,6,-17,6,-17,7,-16,7,-16,7,-15,8,-15,8,-15,8,-14,8,-14,7,-13,7,-13,6,-13,6,-12,6,-12,6,-11,4,-11,4,-11,3,-11,3,0,0,0,0,0,0,0,0,0,0,0,0,0,0,-28,8,-30,6,-31,3,-32,1,-32,0,-32,-1,-34,-4,-35,-5,-35,-7,-34,-8,-33,-9,-33,-9,-33,-9,-31,-8,-30,-8,-30,-8,-29,-7,-29,-7,-29,-6,-29,-5,-29,-3,-29,-3,-30,-2,-30,-1,-30,0,-30,1,-29,1,-29,1]"
618051365706300,32.914857900,91238,1886358252,-51,-98,6,0,1,7,0,0,256,0,0,"[0,0,15,-2,14,-2,13,-2,13,-2,13,-2,11,-3,11,-3,10,-4,10,-4,9,-4,9,-5,8,-4,8,-5,7,-5,7,-5,7,-6,7,-5,7,-5,7,-5,6,-5,6,-5,6,-4,5,-4,5,-4,5,-4,5,-3,0,0,0,0,0,0,0,0,0,0,0,0,0,0,0,0,0,0,0,0,0,0,16,-4,17,-3,17,-2,18,-1,18,0,19,1,18,1,18,2,18,3,17,3,17,3,17,3,16,3,16,3,16,2,16,2,16,1,15,1,15,0,15,-1,15,0,16,-1,15,-1,16,-2,15,-2,16,-2,0,0,26,-9,25,-9,24,-10,22,-10,21,-9,20,-9,19,-9,17,-10,17,-10,15,-11,14,-12,14,-11,13,-12,12,-12,12,-13,11,-13,11,-12,11,-12,11,-11,10,-11,10,-10,10,-10,9,-9,9,-9,8,-8,8,-8,9,-7,9,-6,0,0,0,0,0,0,0,0,0,0,0,0,0,0,25,-17,26,-14,28,-12,29,-11,30,-10,30,-9,32,-8,33,-5,34,-4,35,-2,34,-2,33,0,33,0,32,0,30,0,30,-1,29,-1,29,-3,29,-4,29,-4,28,-5,28,-7,28,-7,28,-8,29,-8,28,-9,28,-9,28,-9]"
618051384627500,32.933779100,91239,1886376455,-51,-98,6,0,1,7,0,0,256,0,0,"[0,0,13,-6,13,-6,12,-6,12,-6,11,-5,10,-6,9,-6,9,-6,8,-6,8,-7,7,-6,6,-7,6,-7,6,-7,6,-7,5,-7,5,-7,5,-7,5,-7,5,-6,5,-6,4,-6,4,-6,4,-5,4,-5,4,-4,0,0,0,0,0,0,0,0,0,0,0,0,0,0,0,0,0,0,0,0,0,0,15,-8,16,-7,16,-7,17,-6,18,-5,18,-4,18,-3,19,-2,18,-2,18,-1,18,-1,17,-1,16,-1,16,-1,16,-2,16,-3,15,-2,16,-3,15,-4,15,-5,15,-5,14,-6,15,-5,15,-6,15,-6,14,-6,0,0,21,-17,21,-18,19,-17,18,-16,17,-16,15,-16,14,-16,14,-16,12,-16,11,-16,10,-16,9,-16,8,-15,7,-16,7,-16,6,-16,6,-15,6,-15,5,-15,6,-14,6,-14,6,-13,6,-12,6,-11,6,-11,5,-10,6,-10,7,-9,0,0,0,0,0,0,0,0,0,0,0,0,0,0,19,-24,22,-21,23,-20,24,-19,26,-19,26,-18,29,-17,30,-16,30,-16,32,-14,31,-13,32,-12,31,-10,31,-9,29,-9,28,-10,27,-11,26,-13,26,-13,26,-13,25,-14,24,-16,24,-17,23,-17,24,-18,24,-18,23,-17,23,-18]"
618051407245500,32.956397100,91240,1886396435,-51,-98,6,0,1,7,0,0,256,0,0,"[0,0,-11,-10,-11,-10,-10,-10,-10,-10,-10,-9,-10,-8,-10,-8,-9,-7,-9,-6,-9,-6,-9,-4,-9,-4,-9,-4,-9,-4,-9,-3,-9,-3,-9,-3,-9,-2,-8,-3,-8,-2,-8,-3,-7,-3,-7,-3,-7,-3,-6,-3,-6,-3,0,0,0,0,0,0,0,0,0,0,0,0,0,0,0,0,0,0,0,0,0,0,-13,-12,-13,-13,-12,-13,-11,-14,-11,-16,-11,-16,-10,-17,-9,-18,-9,-17,-8,-17,-8,-17,-8,-16,-8,-16,-8,-15,-8,-15,-9,-14,-9,-14,-9,-14,-9,-13,-10,-13,-10,-13,-11,-13,-11,-12,-11,-12,-11,-12,-11,-12,0,0,-25,-14,-24,-14,-23,-12,-22,-12,-22,-10,-21,-10,-20,-9,-20,-8,-19,-6,-19,-5,-19,-4,-18,-2,-18,-2,-18,-2,-18,-1,-18,-1,-16,0,-17,-1,-16,-1,-15,-1,-15,-2,-14,-2,-14,-2,-13,-1,-12,-2,-12,-2,-12,-3,-11,-3,0,0,0,0,0,0,0,0,0,0,0,0,0,0,-29,-8,-29,-11,-28,-13,-27,-16,-28,-17,-27,-18,-26,-21,-27,-23,-25,-24,-24,-26,-24,-26,-24,-26,-23,-25,-22,-24,-22,-23,-22,-22,-21,-22,-22,-21,-23,-20,-23,-20,-24,-18,-24,-18,-24,-18,-25,-17,-26,-16,-26,-15,-26,-14,-26,-15]"
618051425078400,32.974230000,91241,1886416556,-51,-98,6,0,1,7,0,0,256,0,0,"[0,0,9,-13,8,-13,7,-12,7,-12,6,-11,6,-11,5,-11,4,-10,4,-10,3,-10,3,-10,2,-10,1,-10,2,-10,1,-10,1,-9,1,-9,1,-9,1,-9,1,-8,1,-8,1,-8,1,-8,1,-7,1,-7,2,-6,0,0,0,0,0,0,0,0,0,0,0,0,0,0,0,0,0,0,0,0,0,0,8,-16,9,-16,9,-16,10,-14,12,-15,13,-15,13,-14,14,-13,14,-13,14,-12,14,-12,14,-11,13,-11,12,-11,12,-11,12,-12,11,-11,11,-12,10,-13,10,-12,10,-13,10,-13,9,-13,9,-13,9,-14,9,-13,0,0,8,-55,7,-56,6,-52,6,-49,4,-48,2,-45,0,-43,-2,-42,-2,-40,-5,-38,-7,-37,-7,-37,-8,-34,-10,-34,-11,-34,-11,-33,-11,-31,-10,-31,-11,-30,-10,-30,-10,-29,-8,-27,-7,-26,-7,-25,-5,-24,-5,-23,-3,-24,-2,-22,0,0,0,0,0,0,0,0,0,0,0,0,0,0,-3,-62,0,-63,5,-59,6,-60,9,-63,14,-62,19,-65,22,-65,23,-66,28,-64,29,-62,30,-62,31,-59,30,-57,28,-55,26,-53,24,-54,22,-56,21,-55,21,-56,18,-56,13,-57,13,-58,12,-58,13,-60,10,-59,10,-59,10,-58]"
618051444303000,32.993454600,91242,1886438109,-51,-98,6,0,1,7,0,0,256,0,0,"[0,0,7,-14,6,-13,6,-13,6,-12,5,-12,4,-12,4,-12,3,-11,3,-10,2,-10,1,-10,1,-10,0,-10,0,-10,0,-9,0,-10,-1,-9,0,-9,0,-9,0,-9,0,-8,0,-8,0,-8,0,-7,0,-7,1,-7,0,0,0,0,0,0,0,0,0,0,0,0,0,0,0,0,0,0,0,0,0,0,5,-17,6,-16,7,-17,8,-16,9,-16,10,-16,11,-15,12,-15,12,-15,12,-14,12,-13,12,-13,12,-13,11,-12,10,-12,10,-13,10,-13,9,-13,8,-14,8,-14,8,-14,8,-14,8,-14,7,-14,7,-15,7,-14,0,0,7,-27,6,-26,6,-26,6,-24,4,-24,4,-22,3,-22,2,-21,1,-20,-1,-19,-1,-19,-2,-19,-3,-17,-3,-18,-3,-17,-3,-17,-4,-16,-4,-16,-3,-16,-3,-15,-3,-15,-2,-14,-2,-14,-2,-13,-1,-13,-1,-12,0,-12,0,-11,0,0,0,0,0,0,0,0,0,0,0,0,0,0,-3,-30,0,-31,3,-31,5,-31,7,-31,9,-31,11,-32,13,-32,14,-31,16,-31,17,-30,16,-29,16,-29,15,-28,15,-27,14,-27,14,-27,13,-26,13,-26,12,-26,11,-28,10,-28,10,-28,9,-28,8,-29,7,-29,7,-29,8,-29]"
618051463750500,33.012902100,91243,1886459857,-51,-98,6,0,1,7,0,0,256,0,0,"[0,0,-3,14,-3,14,-3,13,-2,13,-2,13,-1,12,-1,11,0,11,0,10,0,10,1,9,1,9,2,9,2,9,2,8,2,8,3,8,2,8,2,7,2,7,2,7,1,7,1,7,1,6,1,6,1,5,0,0,0,0,0,0,0,0,0,0,0,0,0,0,0,0,0,0,0,0,0,0,-2,16,-3,17,-5,16,-5,17,-6,17,-7,18,-8,17,-9,17,-9,16,-9,16,-9,15,-9,15,-9,15,-8,14,-8,15,-7,14,-7,14,-6,14,-5,15,-5,15,-4,15,-4,15,-4,16,-3,15,-4,15,-4,15,0,0,-1,27,-1,27,0,25,0,24,0,23,2,21,2,21,3,20,3,19,4,18,5,17,5,17,6,16,6,16,7,15,7,15,7,14,7,14,7,13,6,13,6,13,6,13,5,12,4,11,3,11,3,11,3,10,1,10,0,0,0,0,0,0,0,0,0,0,0,0,0,0,5,29,1,30,0,30,-1,31,-3,31,-4,32,-6,32,-8,33,-8,32,-11,33,-11,32,-12,32,-13,30,-13,29,-12,28,-11,27,-10,28,-9,27,-7,28,-7,28,-6,28,-4,28,-3,28,-3,29,-3,29,-2,29,-2,29,-2,28]"
618051487074300,33.036225900,91244,1886476499,-51,-98,6,0,1,7,0,0,256,0,0,"[0,0,11,-11,9,-11,9,-10,9,-10,8,-10,7,-9,7,-9,6,-9,6,-9,5,-9,5,-9,4,-9,3,-9,3,-9,3,-9,3,-9,2,-9,3,-8,3,-8,3,-8,3,-7,2,-7,2,-7,3,-7,3,-6,3,-6,0,0,0,0,0,0,0,0,0,0,0,0,0,0,0,0,0,0,0,0,0,0,10,-14,11,-13,12,-14,12,-13,14,-12,15,-12,16,-11,16,-10,16,-10,16,-9,16,-9,15,-9,15,-8,14,-9,14,-9,13,-9,13,-9,13,-10,12,-10,12,-11,12,-10,12,-11,12,-12,11,-12,11,-11,11,-12,0,0,11,-26,9,-26,9,-25,9,-23,7,-23,6,-22,6,-21,4,-21,3,-20,2,-19,1,-19,0,-19,0,-18,-1,-18,-1,-18,-1,-18,-2,-17,-1,-16,-1,-16,-1,-16,-1,-15,0,-15,0,-14,0,-13,0,-12,0,-12,1,-12,2,-11,0,0,0,0,0,0,0,0,0,0,0,0,0,0,3,-30,6,-30,8,-30,11,-30,12,-30,13,-29,16,-30,18,-30,19,-29,21,-28,22,-27,21,-27,21,-26,20,-25,20,-24,19,-24,18,-24,17,-24,17,-25,16,-25,14,-25,14,-26,14,-27,13,-27,12,-27,12,-27,11,-28,12,-28]"
618051502654600,33.051806200,91245,1886496544,-51,-98,6,0,1,7,0,0,256,0,0,"[0,0,-11,11,-10,10,-10,10,-9,10,-8,9,-8,9,-7,9,-6,9,-6,8,-5,8,-5,9,-4,8,-4,8,-3,8,-3,8,-4,8,-3,8,-3,8,-3,7,-3,7,-3,7,-3,6,-2,7,-2,6,-3,5,-3,5,0,0,0,0,0,0,0,0,0,0,0,0,0,0,0,0,0,0,0,0,0,0,-11,13,-12,13,-13,12,-13,12,-15,11,-16,12,-16,10,-17,10,-17,9,-16,9,-16,8,-16,8,-15,8,-15,8,-15,8,-14,8,-14,9,-14,9,-13,10,-13,10,-12,10,-12,11,-12,11,-11,12,-11,11,-11,11,0,0,-14,25,-14,22,-13,23,-12,21,-11,21,-9,20,-9,19,-8,19,-6,19,-5,17,-4,17,-4,17,-3,17,-2,18,-2,16,-2,17,-1,15,-1,16,-1,15,-1,15,-2,14,-1,13,-2,12,-2,12,-3,12,-2,11,-3,10,-4,10,0,0,0,0,0,0,0,0,0,0,0,0,0,0,-8,28,-12,28,-14,27,-16,28,-16,26,-19,27,-20,26,-23,27,-23,25,-24,25,-25,24,-24,22,-25,21,-25,21,-24,20,-23,20,-23,21,-20,20,-20,21,-19,21,-19,23,-17,23,-16,24,-16,25,-16,24,-16,24,-16,25,-15,25]"
618051524015800,33.073167400,91246,1886516629,-51,-98,6,0,1,7,0,0,256,0,0,"[0,0,-3,-15,-4,-15,-4,-13,-4,-13,-4,-12,-4,-12,-4,-11,-4,-10,-4,-10,-5,-9,-5,-9,-6,-9,-6,-8,-6,-8,-6,-8,-6,-7,-6,-7,-6,-7,-6,-7,-5,-7,-5,-6,-5,-6,-5,-6,-5,-6,-4,-5,-4,-5,0,0,0,0,0,0,0,0,0,0,0,0,0,0,0,0,0,0,0,0,0,0,-5,-17,-4,-17,-3,-18,-2,-18,-1,-19,0,-19,1,-19,2,-19,2,-19,2,-19,2,-18,2,-17,2,-17,2,-17,1,-16,1,-17,0,-16,0,-17,-1,-16,-2,-16,-2,-16,-2,-16,-3,-16,-3,-16,-4,-16,-3,-15,0,0,-11,-26,-12,-26,-11,-24,-11,-23,-11,-21,-12,-20,-11,-19,-12,-18,-12,-17,-12,-15,-13,-14,-13,-14,-13,-13,-13,-12,-14,-12,-13,-11,-14,-11,-13,-11,-13,-11,-12,-10,-11,-10,-11,-10,-10,-9,-10,-9,-9,-9,-8,-9,-8,-10,-7,-9,0,0,0,0,0,0,0,0,0,0,0,0,0,0,-19,-25,-16,-27,-14,-28,-12,-28,-13,-30,-11,-31,-10,-33,-8,-34,-7,-34,-6,-35,-5,-34,-3,-35,-3,-33,-2,-33,-2,-32,-3,-30,-4,-30,-6,-30,-6,-29,-7,-30,-7,-29,-9,-29,-10,-29,-11,-29,-10,-29,-11,-29,-11,-28,-11,-27]"
618051543561900,33.092713500,91247,1886537403,-51,-98,6,0,1,7,0,0,256,0,0,"[0,0,14,3,14,3,12,2,13,2,12,2,12,1,11,1,11,1,10,0,10,0,10,-1,9,-1,9,-2,8,-2,9,-3,8,-2,8,-2,8,-2,8,-2,8,-2,7,-2,6,-2,7,-1,6,-1,6,-1,6,-1,0,0,0,0,0,0,0,0,0,0,0,0,0,0,0,0,0,0,0,0,0,0,17,2,16,2,17,3,16,4,18,6,17,6,17,8,16,8,16,8,16,10,15,10,14,9,14,9,14,8,14,7,14,7,14,6,15,6,14,5,15,5,14,5,15,4,16,5,15,4,15,4,15,3,0,0,27,-5,26,-6,25,-6,23,-6,23,-6,21,-7,20,-7,18,-8,18,-8,17,-9,16,-8,15,-9,15,-9,13,-10,13,-10,13,-11,13,-10,12,-10,12,-10,11,-9,11,-9,11,-8,11,-8,10,-7,10,-7,10,-6,10,-5,10,-5,0,0,0,0,0,0,0,0,0,0,0,0,0,0,27,-13,28,-10,28,-9,30,-7,31,-7,31,-5,33,-3,34,-1,34,0,34,1,33,2,33,4,32,4,31,5,30,4,29,3,29,2,29,0,29,0,29,0,29,-2,29,-3,28,-3,29,-5,29,-4,29,-5,28,-5,29,-5]"
618051564849800,33.114001400,91248,1886560816,-51,-98,6,0,1,7,0,0,256,0,0,"[0,0,-14,-6,-14,-6,-13,-5,-13,-4,-12,-4,-12,-4,-11,-3,-11,-3,-11,-2,-11,-1,-10,-1,-10,-1,-10,0,-9,0,-10,0,-9,1,-9,0,-9,1,-9,1,-8,0,-8,0,-7,0,-7,0,-7,0,-7,0,-7,-1,0,0,0,0,0,0,0,0,0,0,0,0,0,0,0,0,0,0,0,0,0,0,-16,-5,-16,-6,-17,-7,-16,-7,-17,-9,-16,-9,-16,-10,-16,-11,-16,-11,-15,-12,-14,-12,-14,-11,-13,-11,-13,-11,-13,-10,-14,-9,-13,-9,-14,-8,-14,-8,-14,-7,-14,-7,-15,-7,-16,-7,-15,-6,-15,-6,-15,-6,0,0,-28,-1,-27,-1,-27,0,-24,0,-24,1,-23,1,-22,2,-21,3,-20,3,-18,4,-18,5,-18,6,-17,6,-16,6,-15,7,-15,7,-15,7,-15,7,-15,6,-14,6,-13,5,-13,5,-12,5,-12,4,-11,4,-11,3,-11,3,-11,2,0,0,0,0,0,0,0,0,0,0,0,0,0,0,-29,7,-30,5,-30,2,-31,0,-31,-1,-33,-3,-32,-4,-35,-6,-34,-8,-34,-10,-33,-11,-32,-10,-32,-10,-31,-10,-30,-9,-29,-9,-29,-9,-28,-7,-29,-7,-28,-6,-29,-5,-29,-5,-29,-4,-30,-3,-29,-2,-30,-1,-30,0,-30,-1]"
618051585473000,33.134624600,91249,1886580477,-51,-98,6,0,1,7,0,0,256,0,0,"[0,0,6,13,5,13,6,12,5,11,5,11,5,10,5,9,6,9,5,8,6,8,6,6,6,6,7,6,7,6,7,5,6,5,7,5,6,4,6,5,6,4,5,4,5,5,4,5,4,4,4,4,4,4,0,0,0,0,0,0,0,0,0,0,0,0,0,0,0,0,0,0,0,0,0,0,9,14,8,14,8,15,7,16,6,17,5,17,5,17,3,18,3,18,3,17,3,17,2,16,2,16,2,16,3,16,3,15,3,15,4,15,4,15,5,14,5,14,6,14,6,14,6,14,6,13,7,13,0,0,21,18,21,17,20,16,19,15,19,14,18,12,18,11,17,10,17,9,17,7,17,7,17,6,16,5,16,4,17,4,16,3,16,3,16,3,15,3,14,3,13,3,13,4,13,3,12,3,11,4,10,4,10,4,10,5,0,0,0,0,0,0,0,0,0,0,0,0,0,0,27,12,26,15,25,17,24,19,24,20,23,22,23,24,23,25,22,26,20,27,19,28,18,28,17,28,17,27,16,26,16,25,17,24,17,23,18,22,18,23,19,22,20,21,20,21,21,20,21,20,22,19,22,19,22,18]"
618051604222600,33.153374200,91250,1886596522,-51,-98,6,0,1,7,0,0,256,0,0,"[0,0,-14,-7,-14,-7,-13,-7,-12,-6,-12,-6,-12,-5,-11,-5,-11,-4,-11,-4,-11,-3,-10,-2,-10,-2,-10,-2,-10,-1,-9,-1,-9,0,-9,-1,-9,0,-9,-1,-9,-1,-9,-1,-8,-1,-8,-1,-7,-1,-7,-1,-7,-2,0,0,0,0,0,0,0,0,0,0,0,0,0,0,0,0,0,0,0,0,0,0,-16,-7,-16,-8,-16,-9,-16,-9,-16,-11,-16,-11,-15,-13,-15,-13,-14,-14,-14,-14,-13,-13,-13,-13,-13,-13,-13,-12,-12,-12,-13,-11,-13,-11,-13,-10,-13,-10,-14,-9,-14,-9,-14,-9,-15,-9,-14,-8,-14,-8,-14,-8,0,0,-55,-10,-55,-10,-51,-8,-49,-6,-47,-6,-45,-4,-43,-2,-42,-1,-39,0,-39,3,-37,5,-36,6,-35,7,-34,8,-32,9,-32,9,-31,9,-31,10,-30,9,-29,8,-27,7,-27,6,-26,5,-26,5,-24,5,-23,3,-23,2,-22,1,0,0,0,0,0,0,0,0,0,0,0,0,0,0,-60,6,-61,0,-61,-5,-62,-9,-63,-10,-62,-14,-65,-18,-64,-22,-64,-25,-64,-28,-62,-30,-60,-30,-58,-31,-56,-31,-55,-29,-55,-27,-55,-25,-55,-23,-54,-22,-55,-20,-55,-18,-56,-17,-57,-15,-58,-14,-58,-13,-58,-11,-58,-10,-58,-12]"
618051623553400,33.172705000,91251,1886616495,-51,-98,6,0,1,7,0,0,256,0,0,"[0,0,-3,14,-2,14,-2,13,-2,13,-1,12,-1,12,0,11,0,10,0,10,1,9,1,9,2,9,2,9,2,8,3,8,2,8,3,8,3,7,2,7,2,7,2,7,2,6,2,6,1,6,1,6,1,5,0,0,0,0,0,0,0,0,0,0,0,0,0,0,0,0,0,0,0,0,0,0,-2,17,-3,16,-4,17,-4,17,-6,18,-7,17,-7,17,-9,17,-8,16,-9,16,-9,15,-9,15,-8,15,-8,15,-7,14,-7,14,-6,14,-6,15,-5,15,-4,15,-4,15,-3,15,-4,16,-3,15,-3,15,-3,15,0,0,3,28,4,27,4,25,3,24,4,23,5,22,5,20,5,20,6,19,7,18,8,16,9,15,9,14,9,14,9,14,9,14,9,13,8,13,8,13,8,12,7,12,7,11,6,11,6,10,6,10,5,10,5,10,4,10,0,0,0,0,0,0,0,0,0,0,0,0,0,0,12,28,9,29,7,30,4,30,4,32,2,32,0,34,-2,34,-3,35,-5,35,-6,34,-7,34,-6,33,-6,32,-5,31,-4,30,-5,29,-4,30,-3,29,-3,30,-1,29,0,30,0,29,1,30,3,30,4,30,4,29,4,29]"
618051644190900,33.193342500,91252,1886636511,-51,-98,6,0,1,7,0,0,256,0,0,"[0,0,7,-12,6,-11,5,-11,5,-11,5,-11,4,-10,4,-10,3,-10,3,-9,2,-9,2,-9,1,-9,1,-9,0,-9,0,-8,0,-8,-1,-8,0,-8,0,-8,0,-7,0,-7,0,-7,0,-7,0,-6,1,-6,0,-6,0,0,0,0,0,0,0,0,0,0,0,0,0,0,0,0,0,0,0,0,0,0,6,-14,7,-15,8,-14,8,-14,9,-14,11,-14,11,-12,12,-12,12,-12,12,-11,11,-11,11,-11,11,-11,10,-11,10,-11,9,-10,9,-11,9,-11,8,-12,8,-12,8,-12,8,-13,7,-12,6,-13,6,-13,7,-13,0,0,35,-41,30,-42,30,-43,27,-40,27,-42,22,-37,21,-36,19,-35,17,-34,13,-33,13,-32,10,-32,8,-33,5,-35,7,-32,4,-31,5,-31,5,-33,6,-30,5,-29,6,-26,5,-27,5,-24,6,-26,6,-23,8,-24,8,-20,10,-21,0,0,0,0,0,0,0,0,0,0,0,0,0,0,23,-56,29,-55,33,-52,37,-52,41,-51,42,-49,45,-50,50,-47,51,-44,53,-43,57,-41,55,-38,55,-37,54,-37,52,-33,51,-36,49,-37,44,-36,42,-37,42,-38,43,-41,39,-43,39,-43,39,-46,35,-46,36,-48,37,-47,37,-45]"
618051662615500,33.211767100,91253,1886656614,-51,-98,6,0,1,7,0,0,256,0,0,"[0,0,7,13,6,12,6,12,6,11,6,11,6,10,6,9,6,9,6,8,6,7,6,6,7,6,7,6,6,5,7,5,6,5,6,5,6,4,6,4,5,4,6,4,5,4,5,5,5,4,4,4,4,4,0,0,0,0,0,0,0,0,0,0,0,0,0,0,0,0,0,0,0,0,0,0,9,13,8,15,8,15,7,16,7,17,6,17,5,18,4,18,4,18,2,18,2,17,2,17,2,16,2,16,2,16,3,15,4,15,4,14,4,15,5,14,6,15,6,14,6,14,7,14,6,14,7,13,0,0,21,15,22,16,20,13,20,13,19,12,19,10,18,10,18,9,17,8,17,7,17,6,16,5,16,4,15,3,17,3,16,3,16,2,15,2,15,2,14,3,14,2,13,2,13,2,11,3,10,3,10,3,10,4,9,4,0,0,0,0,0,0,0,0,0,0,0,0,0,0,27,10,26,14,25,15,24,16,26,19,24,18,25,22,23,23,24,23,22,26,21,25,20,28,18,27,17,26,16,25,16,24,17,22,19,22,18,20,20,21,19,19,21,18,22,18,22,17,23,19,22,18,23,17,22,16]"
618051688110800,33.237262400,91254,1886681508,-50,-98,6,0,1,7,0,0,256,0,0,"[0,0,-1,14,-1,13,-1,12,-1,12,0,11,0,11,0,10,1,10,1,9,1,9,2,8,2,8,2,8,3,8,2,7,3,7,3,7,3,7,2,7,2,7,2,6,2,6,1,6,1,5,1,5,1,5,0,0,0,0,0,0,0,0,0,0,0,0,0,0,0,0,0,0,0,0,0,0,1,14,0,15,0,15,-1,16,-2,16,-3,16,-4,16,-5,16,-5,16,-5,15,-5,15,-5,15,-5,14,-5,14,-5,14,-4,14,-4,14,-3,14,-3,14,-2,14,-2,14,-2,14,-2,14,-1,14,-1,14,-1,14,0,0,-11,25,-12,25,-10,23,-10,22,-9,22,-7,21,-6,21,-5,20,-5,18,-3,18,-2,17,-2,17,-1,16,-1,17,-1,16,0,15,0,16,1,15,1,14,0,14,0,14,0,13,-1,13,0,12,-2,11,-1,11,-3,10,-3,11,0,0,0,0,0,0,0,0,0,0,0,0,0,0,-3,31,-7,31,-9,30,-11,29,-13,30,-16,30,-16,30,-18,30,-18,29,-21,28,-21,27,-21,27,-22,25,-22,24,-20,24,-20,23,-19,24,-18,23,-17,23,-16,24,-15,25,-14,26,-13,26,-14,27,-13,27,-11,27,-12,26,-11,26]"
618051702428400,33.251580000,91255,1886697092,-51,-98,6,0,1,7,0,0,256,0,0,"[0,0,14,4,14,3,13,3,13,3,12,3,12,2,11,2,11,1,10,0,10,0,10,-1,9,-1,9,-1,8,-2,9,-2,9,-3,8,-2,8,-2,8,-2,8,-2,7,-2,6,-1,6,-1,6,-2,6,-1,6,-1,0,0,0,0,0,0,0,0,0,0,0,0,0,0,0,0,0,0,0,0,0,0,16,3,17,4,17,5,16,6,17,7,17,8,17,9,16,10,16,10,15,11,15,10,14,10,14,10,14,9,13,8,14,8,14,7,15,7,14,7,15,6,14,6,15,5,16,5,15,5,15,5,15,4,0,0,28,-2,27,-4,25,-3,25,-4,23,-3,22,-4,21,-5,20,-5,19,-6,18,-7,17,-8,16,-8,16,-9,15,-9,15,-9,14,-9,14,-10,13,-9,14,-9,13,-8,12,-7,12,-7,12,-7,11,-6,10,-6,10,-5,11,-5,10,-3,0,0,0,0,0,0,0,0,0,0,0,0,0,0,28,-11,29,-8,30,-6,30,-5,32,-4,31,-2,34,0,34,2,35,3,34,5,34,6,34,7,33,7,31,7,31,6,29,6,29,5,30,4,28,3,30,2,29,2,29,0,29,0,30,-1,31,-2,30,-3,30,-2,29,-3]"
618051724234200,33.273385800,91256,1886716795,-51,-98,6,0,1,7,0,0,256,0,0,"[0,0,-15,-6,-14,-6,-14,-6,-13,-5,-13,-4,-12,-4,-11,-3,-11,-3,-11,-2,-11,-2,-10,-1,-10,-1,-10,-1,-10,0,-10,0,-9,1,-9,1,-9,1,-9,0,-8,0,-8,0,-8,0,-8,0,-7,0,-7,0,-7,-1,0,0,0,0,0,0,0,0,0,0,0,0,0,0,0,0,0,0,0,0,0,0,-16,-6,-17,-7,-16,-8,-16,-9,-16,-9,-17,-11,-16,-12,-15,-12,-15,-13,-14,-13,-14,-12,-14,-12,-13,-12,-13,-11,-13,-11,-13,-10,-14,-10,-14,-9,-14,-9,-14,-8,-15,-8,-15,-8,-15,-7,-15,-7,-15,-6,-15,-7,0,0,-28,-6,-26,-6,-27,-5,-24,-4,-24,-3,-23,-3,-22,-2,-21,-1,-20,0,-19,1,-19,2,-18,2,-18,3,-18,3,-17,4,-16,4,-16,4,-16,4,-15,4,-15,3,-15,3,-14,3,-13,2,-13,2,-12,1,-12,1,-12,1,-11,0,0,0,0,0,0,0,0,0,0,0,0,0,0,0,-30,1,-30,-2,-31,-4,-31,-6,-30,-7,-31,-9,-31,-11,-33,-12,-32,-14,-32,-15,-30,-17,-30,-16,-29,-17,-28,-17,-27,-16,-27,-15,-28,-14,-26,-13,-27,-13,-27,-11,-28,-10,-28,-9,-28,-8,-29,-8,-29,-7,-29,-7,-29,-7,-29,-6]"
618051744992900,33.294144500,91257,1886737355,-51,-98,6,0,1,7,0,0,256,0,0,"[0,0,-16,-4,-15,-3,-14,-3,-14,-3,-13,-2,-13,-2,-13,-1,-12,-1,-11,0,-11,0,-11,1,-10,1,-10,1,-9,2,-9,2,-9,2,-9,2,-9,2,-9,2,-9,2,-8,1,-8,1,-7,1,-7,1,-7,1,-7,0,0,0,0,0,0,0,0,0,0,0,0,0,0,0,0,0,0,0,0,0,0,0,-18,-2,-18,-2,-18,-3,-18,-4,-19,-5,-19,-6,-19,-7,-18,-9,-18,-9,-17,-9,-17,-9,-17,-9,-16,-8,-15,-8,-15,-8,-16,-7,-16,-6,-16,-6,-16,-5,-16,-5,-16,-4,-16,-4,-17,-4,-17,-4,-16,-3,-17,-3,0,0,-29,2,-28,2,-26,2,-25,2,-24,3,-23,4,-22,4,-21,5,-20,5,-18,6,-18,6,-18,7,-16,8,-16,8,-15,8,-15,8,-15,8,-15,8,-14,8,-14,7,-13,7,-13,6,-12,6,-12,5,-12,5,-11,4,-11,3,-11,2,0,0,0,0,0,0,0,0,0,0,0,0,0,0,-29,11,-31,7,-31,5,-32,4,-33,2,-33,1,-34,-1,-35,-2,-35,-4,-36,-5,-34,-7,-34,-7,-34,-8,-33,-8,-31,-7,-30,-6,-30,-5,-30,-5,-30,-5,-30,-3,-30,-2,-30,-1,-30,0,-31,0,-31,1,-30,2,-30,2,-29,2]"
618051762561100,33.311712700,91258,1886756690,-51,-98,6,0,1,7,0,0,256,0,0,"[0,0,11,10,11,9,10,9,10,8,10,7,9,7,9,7,9,6,9,5,9,4,9,3,8,3,8,3,8,2,8,2,8,2,8,2,8,2,7,2,7,2,7,2,6,2,6,2,6,2,6,2,5,2,0,0,0,0,0,0,0,0,0,0,0,0,0,0,0,0,0,0,0,0,0,0,14,10,13,10,13,11,13,12,13,13,12,14,11,15,10,15,10,16,9,16,9,15,9,15,8,14,8,14,8,13,9,13,9,12,10,12,10,12,10,12,10,12,11,11,12,11,11,11,12,10,11,10,0,0,26,9,26,8,24,7,23,6,22,6,21,5,21,4,20,3,19,2,18,1,18,0,17,-1,17,-2,17,-2,17,-3,16,-2,16,-3,16,-3,15,-3,14,-2,14,-2,13,-2,13,-2,12,-1,11,-1,11,-1,11,0,11,1,0,0,0,0,0,0,0,0,0,0,0,0,0,0,30,1,29,3,30,5,29,8,30,10,29,11,30,13,30,15,29,16,29,18,28,19,28,19,27,18,26,18,25,17,25,17,24,16,24,16,25,14,26,14,26,13,26,12,27,12,28,11,28,10,28,9,28,9,28,9]"
618051783348100,33.332499700,91259,1886777440,-51,-98,6,0,1,7,0,0,256,0,0,"[0,0,-16,-4,-15,-3,-14,-3,-14,-3,-13,-3,-13,-2,-12,-2,-12,-1,-11,0,-11,0,-11,1,-10,1,-10,1,-10,1,-10,2,-9,2,-9,1,-9,2,-9,2,-9,2,-8,1,-8,1,-7,1,-7,1,-7,0,-7,0,0,0,0,0,0,0,0,0,0,0,0,0,0,0,0,0,0,0,0,0,0,0,-18,-2,-18,-3,-19,-4,-18,-5,-19,-6,-18,-7,-19,-8,-18,-9,-18,-10,-17,-10,-17,-10,-16,-9,-16,-9,-16,-9,-15,-9,-16,-7,-15,-7,-16,-7,-16,-7,-16,-6,-16,-5,-16,-5,-17,-4,-16,-4,-16,-4,-16,-4,0,0,-27,7,-26,6,-25,7,-23,7,-23,6,-21,7,-21,7,-20,7,-18,8,-17,9,-16,10,-15,10,-14,10,-14,10,-13,10,-13,10,-13,10,-13,10,-13,9,-12,9,-11,8,-11,8,-11,8,-10,7,-10,6,-10,6,-10,5,-10,4,0,0,0,0,0,0,0,0,0,0,0,0,0,0,-26,15,-28,12,-29,10,-31,8,-30,7,-32,6,-33,5,-35,3,-34,1,-35,-1,-35,-2,-33,-2,-33,-1,-32,-2,-31,-2,-31,-1,-31,-1,-30,0,-30,1,-29,2,-29,3,-29,3,-29,4,-30,4,-29,6,-29,6,-29,7,-28,7]"
618051803753700,33.352905300,91260,1886796569,-51,-98,6,0,1,7,0,0,256,0,0,"[0,0,-1,-15,-2,-16,-2,-14,-1,-14,-2,-13,-2,-13,-3,-12,-3,-12,-3,-11,-3,-11,-4,-10,-4,-9,-5,-9,-4,-9,-4,-9,-5,-9,-5,-9,-5,-8,-4,-8,-4,-8,-4,-8,-3,-7,-3,-7,-3,-7,-2,-6,-3,-6,0,0,0,0,0,0,0,0,0,0,0,0,0,0,0,0,0,0,0,0,0,0,-5,-17,-4,-18,-3,-19,-2,-19,-1,-20,-1,-20,1,-20,2,-20,3,-20,3,-19,3,-19,3,-18,3,-18,3,-17,2,-17,2,-17,1,-16,1,-17,0,-17,0,-17,0,-17,-1,-17,-1,-17,-1,-17,-2,-17,-2,-16,0,0,-12,-26,-12,-26,-12,-24,-11,-23,-11,-21,-12,-20,-11,-19,-12,-18,-12,-17,-12,-16,-12,-15,-13,-14,-12,-13,-13,-12,-13,-12,-13,-11,-13,-11,-13,-11,-12,-11,-12,-11,-11,-11,-10,-10,-10,-10,-9,-9,-8,-9,-8,-9,-8,-9,-7,-10,0,0,0,0,0,0,0,0,0,0,0,0,0,0,-21,-24,-18,-26,-16,-27,-15,-28,-15,-30,-13,-30,-12,-33,-11,-34,-10,-34,-8,-35,-7,-34,-5,-35,-5,-34,-4,-33,-4,-32,-4,-30,-5,-30,-7,-30,-7,-30,-8,-29,-9,-29,-10,-29,-11,-29,-12,-28,-11,-29,-12,-29,-12,-28,-11,-27]"
618051825481000,33.374632600,91261,1886817538,-51,-98,6,0,1,7,0,0,256,0,0,"[0,0,-16,1,-15,0,-14,0,-13,1,-13,1,-12,1,-11,2,-11,2,-11,2,-10,3,-10,3,-9,3,-9,4,-8,4,-8,4,-8,4,-7,4,-8,4,-8,4,-7,4,-7,4,-6,4,-6,3,-6,2,-6,2,-6,2,0,0,0,0,0,0,0,0,0,0,0,0,0,0,0,0,0,0,0,0,0,0,-17,2,-18,2,-18,0,-18,0,-18,-1,-19,-2,-19,-3,-19,-4,-19,-4,-18,-5,-18,-5,-17,-5,-17,-5,-17,-4,-16,-4,-16,-3,-17,-3,-16,-2,-17,-2,-16,-1,-16,-1,-16,-1,-17,0,-16,0,-16,1,-16,0,0,0,-26,10,-26,10,-24,10,-23,10,-22,9,-21,10,-19,10,-18,10,-17,11,-16,12,-15,12,-14,12,-13,12,-13,11,-12,12,-11,12,-11,12,-11,12,-11,12,-10,11,-10,10,-10,10,-10,9,-10,8,-9,8,-9,7,-10,7,-10,6,0,0,0,0,0,0,0,0,0,0,0,0,0,0,-25,18,-28,14,-28,12,-29,11,-31,11,-31,9,-34,8,-35,6,-35,6,-36,4,-35,3,-36,1,-34,1,-34,0,-32,1,-31,1,-30,2,-31,4,-29,4,-30,5,-29,6,-29,8,-29,8,-29,9,-30,9,-29,10,-28,10,-28,10]"
618051846878400,33.396030000,91262,1886841430,-51,-98,6,0,1,7,0,0,256,0,0,"[0,0,-14,-6,-14,-6,-13,-6,-13,-5,-12,-5,-12,-4,-12,-4,-12,-3,-11,-2,-11,-2,-10,-1,-10,-1,-10,-1,-9,0,-10,0,-9,0,-9,0,-9,0,-9,0,-9,0,-8,0,-7,-1,-7,-1,-7,-1,-7,-1,-7,-1,0,0,0,0,0,0,0,0,0,0,0,0,0,0,0,0,0,0,0,0,0,0,-17,-6,-17,-6,-17,-7,-17,-8,-17,-9,-17,-10,-17,-11,-16,-12,-16,-11,-15,-13,-15,-12,-14,-12,-14,-11,-13,-11,-13,-11,-14,-9,-14,-9,-14,-9,-14,-9,-15,-8,-15,-8,-15,-7,-15,-7,-15,-7,-15,-7,-15,-7,0,0,-28,-3,-28,-4,-26,-3,-25,-3,-24,-2,-23,-1,-22,0,-21,1,-20,2,-19,2,-18,3,-18,3,-17,4,-17,4,-17,5,-17,5,-16,5,-15,5,-15,5,-15,4,-14,4,-13,3,-13,3,-12,3,-12,2,-11,2,-12,1,-12,0,0,0,0,0,0,0,0,0,0,0,0,0,0,0,-30,4,-31,1,-30,-1,-30,-3,-32,-4,-32,-5,-33,-8,-33,-10,-33,-10,-33,-12,-32,-13,-32,-14,-30,-15,-30,-14,-28,-14,-28,-13,-28,-11,-28,-11,-28,-10,-29,-9,-29,-8,-29,-6,-29,-6,-30,-5,-30,-6,-30,-5,-29,-5,-29,-4]"
618051865079000,33.414230600,91263,1886857952,-51,-98,6,0,1,7,0,0,256,0,0,"[0,0,-15,-5,-15,-4,-14,-4,-14,-3,-13,-3,-13,-3,-12,-2,-11,-2,-11,0,-11,0,-10,0,-10,1,-9,1,-9,1,-10,2,-9,2,-9,2,-9,2,-8,2,-8,1,-8,1,-7,1,-7,1,-7,1,-7,1,-7,0,0,0,0,0,0,0,0,0,0,0,0,0,0,0,0,0,0,0,0,0,0,0,-17,-4,-18,-5,-18,-5,-17,-6,-18,-8,-18,-8,-17,-10,-17,-11,-17,-10,-16,-11,-16,-11,-15,-11,-15,-10,-14,-10,-14,-9,-15,-8,-14,-8,-16,-7,-15,-7,-15,-7,-16,-6,-15,-6,-17,-6,-16,-5,-16,-5,-16,-5,0,0,-27,5,-27,6,-26,5,-24,6,-22,6,-21,7,-21,6,-20,7,-19,8,-17,9,-16,9,-15,10,-14,10,-14,10,-13,11,-13,10,-13,10,-12,11,-12,10,-12,9,-11,8,-11,8,-11,8,-10,7,-10,7,-9,6,-10,6,-10,5,0,0,0,0,0,0,0,0,0,0,0,0,0,0,-28,13,-29,10,-30,8,-31,6,-32,5,-32,3,-34,2,-35,1,-35,-2,-35,-4,-34,-5,-35,-5,-33,-3,-33,-4,-32,-4,-31,-2,-30,-3,-30,-1,-30,0,-30,0,-29,2,-30,2,-29,3,-30,3,-30,5,-29,6,-29,6,-29,5]"
618051883412300,33.432563900,91264,1886876415,-51,-98,6,0,1,7,0,0,256,0,0,"[0,0,0,-15,0,-15,0,-14,0,-13,-1,-13,-1,-13,-2,-12,-2,-11,-2,-10,-3,-10,-3,-10,-3,-10,-3,-9,-4,-9,-4,-8,-4,-9,-5,-8,-4,-8,-4,-8,-4,-7,-3,-7,-3,-7,-3,-7,-3,-7,-2,-6,-2,-6,0,0,0,0,0,0,0,0,0,0,0,0,0,0,0,0,0,0,0,0,0,0,-1,-17,0,-18,0,-18,1,-18,2,-19,4,-19,4,-19,5,-19,5,-18,6,-18,6,-17,6,-16,6,-16,5,-16,5,-16,4,-16,4,-16,3,-16,2,-16,1,-16,1,-16,1,-16,1,-16,0,-16,0,-16,1,-16,0,0,-11,-26,-11,-26,-10,-24,-10,-23,-10,-22,-11,-21,-11,-19,-11,-18,-11,-17,-13,-16,-12,-15,-13,-14,-13,-13,-13,-12,-13,-12,-13,-12,-13,-11,-12,-11,-12,-11,-12,-11,-11,-11,-10,-10,-10,-10,-9,-10,-9,-9,-8,-9,-7,-10,-7,-9,0,0,0,0,0,0,0,0,0,0,0,0,0,0,-18,-25,-16,-28,-14,-28,-12,-29,-12,-31,-10,-31,-9,-33,-7,-34,-7,-35,-5,-35,-4,-34,-3,-35,-1,-34,-2,-33,-2,-32,-2,-31,-3,-30,-4,-30,-5,-30,-6,-30,-7,-29,-9,-29,-9,-29,-11,-29,-10,-29,-10,-29,-11,-28,-11,-29]"
618051902048800,33.451200400,91265,1886896493,-51,-98,6,0,1,7,0,0,256,0,0,"[0,0,8,11,8,11,8,10,8,10,8,9,7,9,7,8,7,7,7,6,7,6,7,5,7,5,7,5,7,4,7,4,8,3,7,4,7,3,7,3,7,3,6,3,6,3,5,3,5,3,5,3,4,3,0,0,0,0,0,0,0,0,0,0,0,0,0,0,0,0,0,0,0,0,0,0,11,12,11,13,10,13,10,14,10,15,8,16,8,16,7,16,7,17,6,17,5,16,5,16,5,16,5,15,5,14,6,14,6,13,7,14,7,13,8,13,8,13,8,13,9,13,9,13,8,12,9,12,0,0,25,11,26,10,23,9,23,9,21,7,21,7,20,6,19,6,19,4,19,2,18,0,17,0,17,-1,17,-1,17,-2,16,-1,16,-2,15,-2,15,0,15,0,14,0,13,0,13,0,12,0,12,0,11,1,11,1,10,2,0,0,0,0,0,0,0,0,0,0,0,0,0,0,30,2,30,5,29,8,28,10,30,11,28,12,30,16,28,17,28,19,27,21,26,21,26,22,26,21,25,20,23,19,24,18,23,18,25,17,23,16,25,16,24,14,25,14,26,14,26,13,27,13,27,11,28,10,26,10]"
618051925004600,33.474156200,91266,1886916872,-51,-98,6,0,1,7,0,0,256,0,0,"[0,0,-9,-13,-9,-11,-9,-12,-8,-11,-8,-10,-8,-9,-8,-9,-8,-8,-8,-7,-8,-7,-8,-6,-8,-6,-8,-6,-8,-5,-8,-4,-8,-5,-8,-5,-8,-5,-8,-4,-7,-4,-7,-4,-7,-5,-6,-4,-6,-4,-6,-4,-6,-4,0,0,0,0,0,0,0,0,0,0,0,0,0,0,0,0,0,0,0,0,0,0,-12,-13,-11,-14,-11,-14,-11,-16,-10,-16,-9,-17,-9,-17,-8,-18,-7,-18,-7,-17,-6,-17,-6,-17,-6,-17,-6,-16,-6,-16,-7,-15,-7,-15,-7,-14,-8,-14,-8,-14,-9,-14,-9,-14,-9,-13,-10,-13,-9,-13,-9,-13,0,0,-23,-17,-22,-17,-22,-16,-20,-14,-20,-14,-20,-12,-20,-11,-19,-10,-19,-8,-17,-7,-18,-7,-18,-6,-18,-5,-18,-4,-17,-4,-17,-3,-17,-3,-16,-3,-16,-3,-15,-3,-14,-3,-14,-4,-13,-4,-12,-4,-12,-4,-12,-4,-11,-4,-10,-5,0,0,0,0,0,0,0,0,0,0,0,0,0,0,-28,-12,-27,-16,-27,-18,-27,-20,-25,-20,-25,-22,-24,-24,-25,-26,-23,-26,-23,-28,-21,-29,-20,-28,-19,-28,-18,-28,-18,-27,-18,-26,-19,-25,-19,-23,-19,-23,-20,-22,-21,-22,-22,-20,-22,-20,-24,-20,-23,-19,-23,-19,-23,-19,-23,-19]"
618051948901800,33.498053400,91267,1886941552,-50,-98,6,0,1,7,0,0,256,0,0,"[0,0,-8,11,-7,11,-7,10,-6,10,-6,10,-6,10,-5,9,-4,8,-4,8,-3,9,-3,8,-3,8,-2,8,-2,8,-2,8,-2,8,-1,7,-2,8,-2,7,-2,7,-1,7,-2,6,-2,6,-2,5,-2,5,-2,5,0,0,0,0,0,0,0,0,0,0,0,0,0,0,0,0,0,0,0,0,0,0,-6,14,-7,14,-7,14,-8,13,-9,14,-10,13,-11,13,-12,13,-12,12,-12,12,-12,11,-12,10,-11,10,-11,10,-11,10,-10,10,-10,10,-9,11,-10,11,-9,11,-9,11,-8,12,-8,12,-8,12,-8,12,-8,12,0,0,-41,35,-39,38,-37,36,-35,33,-34,33,-30,31,-29,32,-23,29,-23,31,-20,32,-19,32,-15,31,-15,30,-12,30,-13,32,-12,29,-14,30,-12,28,-12,29,-13,27,-12,25,-11,21,-12,22,-11,22,-11,20,-12,18,-12,19,-14,16,0,0,0,0,0,0,0,0,0,0,0,0,0,0,-27,55,-33,53,-38,49,-41,47,-46,47,-47,46,-55,44,-58,41,-58,38,-63,32,-61,33,-60,32,-60,31,-57,31,-52,29,-50,27,-50,29,-49,30,-48,33,-52,32,-51,36,-47,37,-48,36,-44,39,-44,39,-43,43,-42,40,-41,40]"
618051965663700,33.514815300,91268,1886958907,-51,-98,6,0,1,7,0,0,256,0,0,"[0,0,9,-13,8,-13,7,-11,7,-12,6,-11,6,-11,5,-11,5,-11,4,-10,4,-10,3,-10,2,-10,2,-10,2,-9,2,-10,1,-9,1,-9,1,-9,1,-9,1,-8,2,-8,1,-8,2,-8,1,-7,2,-6,2,-6,0,0,0,0,0,0,0,0,0,0,0,0,0,0,0,0,0,0,0,0,0,0,8,-16,8,-15,9,-16,10,-15,11,-15,12,-14,13,-14,14,-13,14,-13,15,-13,14,-11,13,-11,13,-11,12,-11,12,-11,12,-12,11,-11,11,-12,10,-12,10,-13,10,-13,9,-14,10,-14,9,-14,9,-13,9,-13,0,0,14,-53,12,-54,12,-50,10,-49,8,-47,7,-45,6,-43,3,-42,2,-39,-1,-39,-3,-38,-4,-36,-5,-35,-6,-34,-6,-34,-6,-34,-7,-32,-7,-32,-6,-32,-5,-30,-5,-29,-4,-28,-4,-27,-4,-25,-2,-24,-2,-24,0,-23,0,-22,0,0,0,0,0,0,0,0,0,0,0,0,0,0,-3,-60,4,-61,8,-61,12,-61,16,-62,18,-62,23,-63,26,-63,29,-62,33,-61,34,-58,35,-58,34,-57,33,-55,32,-53,30,-52,29,-52,28,-53,26,-53,25,-54,22,-54,21,-54,19,-56,18,-56,17,-58,15,-58,14,-58,15,-57]"
618051981731500,33.530883100,91269,1886976663,-51,-98,6,0,1,7,0,0,256,0,0,"[0,0,6,13,5,12,6,12,5,11,6,11,5,10,6,9,6,9,6,7,6,7,6,7,6,7,6,6,6,6,6,5,6,5,6,5,6,5,6,4,5,4,5,4,5,4,4,5,4,5,4,4,3,4,0,0,0,0,0,0,0,0,0,0,0,0,0,0,0,0,0,0,0,0,0,0,9,14,8,14,8,15,7,15,6,16,6,18,5,17,4,18,4,18,3,17,2,17,2,16,2,16,2,16,3,16,3,15,3,15,4,15,4,14,5,14,5,14,5,14,5,14,6,14,6,14,6,14,0,0,20,20,20,18,19,17,18,16,18,15,17,14,17,13,16,12,17,11,16,9,16,8,16,6,16,6,16,6,16,5,16,5,15,4,15,5,14,5,14,5,13,5,12,5,12,5,11,4,10,4,10,4,10,5,9,5,0,0,0,0,0,0,0,0,0,0,0,0,0,0,27,13,26,16,24,18,23,20,23,21,22,23,22,25,21,26,19,28,17,30,17,29,16,30,16,28,16,28,15,27,15,26,15,26,16,24,16,23,17,24,18,23,18,22,18,22,19,22,21,21,21,20,21,20,21,20]"
618052002597400,33.551749000,91270,1886996563,-51,-98,6,0,1,7,0,0,256,0,0,"[0,0,11,9,11,8,11,8,10,7,10,7,10,6,9,6,10,5,9,4,9,4,9,3,9,3,8,2,9,2,8,1,8,1,8,1,8,1,8,1,7,1,7,1,7,1,6,2,6,2,6,1,5,1,0,0,0,0,0,0,0,0,0,0,0,0,0,0,0,0,0,0,0,0,0,0,14,8,14,10,14,10,13,11,13,12,13,13,13,14,12,15,11,14,11,15,10,14,10,14,9,14,9,13,10,13,10,12,10,12,11,11,11,11,11,11,11,10,12,10,13,10,12,10,12,9,13,9,0,0,51,21,50,19,48,17,45,17,44,15,43,12,41,10,39,9,39,6,37,3,36,3,36,0,34,-1,34,-2,33,-2,33,-3,32,-4,32,-3,31,-3,30,-2,29,-2,27,-1,25,-1,25,0,24,0,23,1,23,2,21,3,0,0,0,0,0,0,0,0,0,0,0,0,0,0,59,5,60,12,59,16,60,20,59,23,59,26,59,30,60,34,58,36,57,40,54,40,53,43,52,42,50,42,47,40,47,38,48,37,48,33,49,32,49,31,51,29,52,26,52,26,54,25,54,24,54,24,55,23,54,22]"
618052027503900,33.576655500,91271,1887018520,-51,-98,6,0,1,7,0,0,256,0,0,"[0,0,13,-9,11,-9,11,-8,11,-8,10,-9,9,-8,8,-9,8,-8,7,-8,7,-8,6,-8,6,-8,5,-8,4,-8,4,-9,4,-8,4,-8,4,-8,4,-8,4,-8,4,-7,3,-7,4,-6,3,-6,4,-6,3,-5,0,0,0,0,0,0,0,0,0,0,0,0,0,0,0,0,0,0,0,0,0,0,13,-12,14,-11,14,-11,15,-10,16,-10,17,-9,17,-9,18,-7,18,-7,18,-6,17,-5,17,-5,16,-5,16,-6,15,-6,15,-7,14,-7,15,-7,14,-8,13,-8,14,-9,13,-9,14,-9,13,-9,13,-9,13,-9,0,0,18,-22,17,-22,16,-21,15,-20,14,-19,12,-19,12,-18,10,-18,9,-19,8,-17,6,-18,6,-18,5,-18,5,-17,4,-17,3,-16,3,-17,3,-16,3,-15,4,-16,3,-14,3,-14,4,-13,3,-12,3,-12,4,-11,4,-11,4,-10,0,0,0,0,0,0,0,0,0,0,0,0,0,0,13,-27,16,-26,18,-26,20,-25,21,-24,22,-23,25,-24,26,-22,28,-21,29,-19,30,-19,28,-18,27,-17,27,-17,26,-17,26,-17,25,-17,24,-17,23,-18,23,-19,21,-19,21,-20,21,-20,21,-22,20,-22,19,-22,19,-23,19,-22]"
618052043736000,33.592887600,91272,1887036723,-51,-98,6,0,1,7,0,0,256,0,0,"[0,0,8,-12,7,-13,7,-11,7,-12,6,-12,5,-11,4,-11,4,-11,3,-10,4,-10,2,-10,2,-10,2,-10,1,-9,1,-10,1,-9,0,-10,0,-9,1,-9,1,-9,1,-8,1,-8,1,-7,1,-7,1,-7,1,-6,0,0,0,0,0,0,0,0,0,0,0,0,0,0,0,0,0,0,0,0,0,0,8,-16,9,-15,10,-16,10,-14,12,-16,12,-14,14,-14,14,-13,14,-13,15,-12,14,-12,14,-11,13,-11,13,-11,12,-11,11,-12,11,-11,11,-12,10,-12,10,-13,10,-13,9,-14,10,-14,9,-14,9,-13,9,-13,0,0,4,-56,2,-56,1,-52,1,-49,0,-47,-1,-45,-2,-43,-3,-42,-5,-39,-9,-38,-11,-37,-12,-35,-13,-33,-12,-32,-13,-33,-14,-31,-14,-30,-13,-30,-13,-30,-11,-29,-10,-28,-9,-27,-10,-26,-10,-24,-9,-23,-8,-22,-5,-23,-4,-23,0,0,0,0,0,0,0,0,0,0,0,0,0,0,-13,-60,-7,-62,-3,-61,3,-63,4,-66,6,-64,12,-67,17,-66,19,-67,25,-66,25,-64,25,-65,24,-62,23,-61,22,-59,20,-57,20,-56,17,-58,15,-57,15,-58,12,-57,11,-58,11,-58,8,-59,7,-61,3,-59,3,-59,4,-58]"
618052061534700,33.610686300,91273,1887056517,-51,-98,6,0,1,7,0,0,256,0,0,"[0,0,14,4,13,4,13,4,13,3,12,3,11,3,11,2,10,1,10,1,10,0,10,-1,9,-1,9,-1,9,-2,8,-2,8,-2,8,-2,8,-2,8,-2,8,-2,7,-2,7,-1,6,-1,6,-1,6,-1,6,-1,0,0,0,0,0,0,0,0,0,0,0,0,0,0,0,0,0,0,0,0,0,0,17,3,17,5,16,6,16,7,16,7,16,9,16,10,15,11,15,11,14,11,14,10,14,10,14,10,14,9,13,9,13,8,13,8,14,7,13,7,14,7,14,6,15,6,15,5,15,5,14,5,15,4,0,0,28,2,26,1,26,1,24,1,23,0,22,-1,21,-2,20,-2,19,-4,18,-4,17,-5,17,-6,16,-6,16,-7,15,-7,15,-7,14,-7,14,-8,14,-7,13,-6,13,-6,12,-6,12,-5,11,-5,11,-4,11,-4,10,-3,10,-3,0,0,0,0,0,0,0,0,0,0,0,0,0,0,29,-6,30,-2,31,0,32,2,31,3,31,5,32,6,33,8,33,10,32,11,32,13,30,13,30,13,29,12,28,12,28,11,28,11,27,9,28,8,28,7,28,7,28,5,29,4,30,4,29,3,29,3,29,2,30,2]"
618052083937400,33.633089000,91274,1887081050,-50,-98,6,0,1,7,0,0,256,0,0,"[0,0,5,13,6,12,6,11,5,11,5,10,5,9,6,9,5,8,5,7,6,7,6,7,6,6,6,6,6,5,6,5,6,5,6,5,6,5,6,5,5,5,5,4,5,4,4,4,4,4,4,4,3,4,0,0,0,0,0,0,0,0,0,0,0,0,0,0,0,0,0,0,0,0,0,0,8,12,7,13,7,14,6,15,6,15,5,16,4,16,3,17,3,16,2,17,2,16,2,16,2,15,2,15,2,14,3,14,3,14,4,14,4,14,5,14,5,13,5,13,5,14,6,13,6,13,6,13,0,0,2,28,3,26,4,25,4,23,4,23,5,21,4,21,4,19,6,18,6,15,8,15,8,15,8,15,8,15,9,13,9,13,8,13,8,12,9,12,8,11,7,12,6,11,6,12,5,10,5,9,5,10,4,10,3,10,0,0,0,0,0,0,0,0,0,0,0,0,0,0,13,27,11,29,9,29,7,31,4,32,4,32,1,32,1,36,-2,35,-3,35,-4,33,-5,33,-5,32,-5,31,-4,30,-4,30,-4,30,-3,28,-3,28,-1,28,0,30,1,28,2,29,2,29,4,29,5,29,5,30,5,28]"
618052104689100,33.653840700,91275,1887097977,-51,-98,6,0,1,7,0,0,256,0,0,"[0,0,15,-1,14,-1,13,-1,13,-1,12,-1,11,-2,11,-2,10,-2,10,-3,9,-3,9,-4,8,-4,8,-4,8,-4,8,-5,8,-5,7,-4,7,-5,7,-5,7,-4,6,-4,6,-3,6,-3,6,-3,6,-3,5,-2,0,0,0,0,0,0,0,0,0,0,0,0,0,0,0,0,0,0,0,0,0,0,17,-2,17,-2,17,-1,18,0,18,1,19,2,18,3,19,4,18,5,17,4,17,4,16,4,16,4,16,4,16,4,15,3,16,2,15,2,15,1,16,1,16,0,16,0,16,0,15,-1,15,-1,16,-1,0,0,27,-8,25,-8,24,-8,23,-8,22,-8,20,-9,19,-9,18,-10,17,-10,16,-10,15,-11,14,-11,13,-12,13,-12,12,-11,12,-12,12,-12,12,-12,11,-11,11,-11,10,-10,10,-9,10,-8,9,-8,9,-8,9,-7,9,-7,9,-6,0,0,0,0,0,0,0,0,0,0,0,0,0,0,24,-17,28,-14,28,-12,29,-11,29,-9,30,-8,32,-7,34,-5,34,-4,34,-3,34,-1,33,-1,32,0,32,0,31,0,30,-1,30,-1,29,-2,29,-2,29,-4,28,-5,28,-6,28,-6,28,-7,28,-7,28,-8,28,-9,28,-9]"
618052122996200,33.672147800,91276,1887117940,-51,-98,6,0,1,7,0,0,256,0,0,"[0,0,-5,-14,-6,-14,-5,-13,-5,-13,-5,-12,-6,-11,-6,-11,-6,-10,-6,-9,-6,-9,-6,-8,-7,-8,-7,-7,-7,-7,-7,-7,-7,-6,-7,-6,-7,-6,-6,-6,-6,-6,-6,-6,-6,-6,-6,-6,-5,-5,-5,-5,-4,-5,0,0,0,0,0,0,0,0,0,0,0,0,0,0,0,0,0,0,0,0,0,0,-7,-16,-7,-17,-6,-18,-5,-18,-4,-19,-3,-19,-3,-20,-2,-20,-1,-19,0,-20,0,-18,0,-18,0,-18,-1,-18,-1,-17,-2,-16,-2,-16,-3,-16,-3,-16,-4,-16,-4,-16,-5,-16,-4,-16,-5,-16,-6,-16,-5,-15,0,0,-21,-18,-22,-17,-20,-16,-20,-15,-19,-14,-19,-13,-18,-12,-18,-11,-18,-10,-17,-8,-18,-7,-18,-6,-17,-5,-17,-4,-17,-4,-16,-4,-16,-3,-16,-4,-16,-4,-15,-4,-14,-4,-14,-4,-13,-4,-13,-3,-12,-4,-11,-4,-11,-4,-10,-5,0,0,0,0,0,0,0,0,0,0,0,0,0,0,-28,-13,-27,-16,-25,-17,-24,-20,-24,-21,-23,-23,-23,-25,-23,-27,-21,-28,-20,-30,-18,-29,-19,-29,-18,-28,-18,-27,-17,-27,-18,-25,-17,-25,-18,-24,-18,-24,-19,-23,-20,-23,-20,-22,-20,-22,-22,-21,-22,-20,-23,-19,-23,-19,-23,-19]"
618052142618000,33.691769600,91277,1887136731,-51,-98,6,0,1,7,0,0,256,0,0,"[0,0,11,-11,9,-12,9,-11,9,-11,7,-10,7,-10,7,-10,6,-10,6,-10,5,-9,4,-9,3,-9,3,-9,2,-9,3,-9,3,-9,2,-8,2,-9,3,-8,3,-8,3,-8,2,-7,2,-7,2,-6,2,-6,3,-6,0,0,0,0,0,0,0,0,0,0,0,0,0,0,0,0,0,0,0,0,0,0,8,-15,10,-15,10,-14,11,-14,12,-14,14,-13,15,-12,15,-11,15,-11,16,-11,15,-11,14,-10,14,-10,13,-10,13,-10,13,-10,12,-10,12,-11,12,-11,11,-11,11,-12,11,-12,11,-12,10,-12,10,-12,11,-13,0,0,12,-25,11,-26,10,-24,10,-23,9,-22,8,-21,7,-21,6,-20,5,-20,4,-19,2,-19,1,-18,1,-18,0,-18,0,-18,0,-17,0,-17,0,-17,0,-16,0,-16,1,-15,1,-14,1,-14,1,-13,1,-13,2,-12,2,-11,2,-11,0,0,0,0,0,0,0,0,0,0,0,0,0,0,4,-30,7,-30,10,-30,11,-29,13,-30,14,-28,16,-30,18,-29,20,-28,22,-27,22,-26,22,-26,22,-25,22,-24,21,-23,19,-23,19,-23,18,-23,17,-23,17,-25,15,-24,15,-25,14,-26,14,-27,14,-27,13,-27,13,-27,13,-27]"
618052164932600,33.714084200,91278,1887159432,-51,-98,6,0,1,6,0,0,256,0,0,"[0,0,-14,6,-14,5,-13,5,-12,5,-12,5,-11,5,-10,5,-9,5,-9,6,-9,6,-8,6,-7,6,-7,6,-6,6,-7,6,-6,6,-6,6,-6,6,-6,6,-6,5,-6,5,-5,5,-5,4,-5,4,-5,4,-5,4,0,0,0,0,0,0,0,0,0,0,0,0,0,0,0,0,0,0,0,0,0,0,-15,8,-16,7,-17,7,-17,6,-18,6,-18,4,-19,4,-19,3,-19,3,-19,2,-19,1,-18,2,-18,2,-17,2,-17,2,-17,3,-16,2,-16,3,-15,4,-16,5,-15,5,-16,6,-16,5,-15,6,-14,6,-15,6,0,0,-26,11,-25,10,-24,11,-22,10,-22,11,-20,11,-19,10,-17,11,-17,11,-15,11,-14,12,-13,12,-12,13,-12,12,-12,13,-12,12,-10,13,-11,12,-11,11,-11,10,-11,10,-10,10,-9,9,-9,8,-9,8,-9,7,-7,7,-8,7,0,0,0,0,0,0,0,0,0,0,0,0,0,0,-22,22,-23,21,-28,17,-29,15,-30,14,-31,13,-33,12,-35,10,-35,9,-36,6,-36,6,-35,5,-34,4,-34,4,-32,5,-32,4,-31,5,-30,6,-30,6,-30,7,-29,8,-29,9,-29,11,-29,11,-29,11,-28,11,-27,13,-27,12]"
618052183151700,33.732303300,91279,1887176856,-51,-98,6,0,1,7,0,0,256,0,0,"[0,0,-5,-15,-5,-15,-5,-13,-5,-13,-5,-12,-6,-12,-5,-11,-6,-10,-6,-9,-6,-9,-6,-9,-6,-8,-7,-8,-7,-7,-7,-7,-7,-7,-7,-7,-7,-6,-6,-6,-6,-6,-6,-6,-6,-6,-5,-6,-5,-6,-4,-5,-5,-5,0,0,0,0,0,0,0,0,0,0,0,0,0,0,0,0,0,0,0,0,0,0,-7,-17,-6,-17,-6,-18,-5,-18,-4,-19,-3,-19,-2,-20,-2,-20,-1,-20,0,-20,0,-19,1,-18,0,-18,0,-17,-1,-17,-2,-17,-2,-16,-2,-17,-3,-17,-3,-16,-4,-16,-5,-16,-5,-17,-5,-16,-5,-16,-4,-15,0,0,-17,-23,-17,-22,-17,-21,-16,-19,-16,-18,-15,-17,-15,-16,-15,-15,-15,-14,-15,-12,-16,-10,-16,-10,-17,-9,-16,-9,-16,-8,-15,-8,-15,-7,-15,-7,-14,-7,-14,-7,-13,-7,-13,-7,-12,-7,-11,-7,-11,-6,-10,-7,-9,-7,-9,-7,0,0,0,0,0,0,0,0,0,0,0,0,0,0,-24,-19,-23,-21,-22,-24,-20,-25,-19,-27,-18,-28,-17,-30,-16,-31,-14,-32,-13,-33,-11,-33,-12,-33,-12,-31,-12,-31,-11,-30,-12,-29,-12,-29,-12,-27,-12,-27,-13,-27,-14,-26,-15,-26,-16,-26,-16,-26,-17,-25,-18,-24,-19,-24,-18,-24]"
618052205256500,33.754408100,91280,1887196455,-51,-98,6,0,1,7,0,0,256,0,0,"[0,0,-16,1,-15,2,-14,2,-14,1,-13,2,-12,2,-12,2,-11,3,-11,3,-10,3,-10,4,-9,4,-9,4,-8,4,-9,4,-8,4,-8,4,-8,4,-8,4,-7,4,-7,4,-7,3,-7,3,-6,3,-6,2,-6,2,0,0,0,0,0,0,0,0,0,0,0,0,0,0,0,0,0,0,0,0,0,0,-17,4,-18,3,-18,2,-18,1,-19,1,-19,-1,-20,-1,-20,-3,-20,-3,-19,-3,-18,-3,-18,-3,-18,-3,-17,-3,-17,-2,-17,-2,-16,-2,-17,-1,-17,0,-16,0,-16,0,-16,1,-17,1,-17,1,-17,1,-16,1,0,0,-26,12,-24,11,-24,11,-23,11,-21,11,-20,11,-19,11,-18,11,-16,12,-15,12,-14,12,-14,12,-13,13,-12,13,-11,12,-12,12,-10,12,-11,12,-10,11,-11,11,-10,10,-10,10,-10,9,-10,8,-9,8,-9,7,-9,6,-10,6,0,0,0,0,0,0,0,0,0,0,0,0,0,0,-22,20,-25,17,-27,16,-29,15,-28,13,-30,12,-31,11,-34,10,-33,8,-35,8,-34,5,-34,5,-33,4,-32,4,-31,4,-31,5,-30,5,-30,6,-29,6,-28,7,-28,9,-28,9,-28,10,-28,11,-27,12,-27,11,-27,12,-27,12]"
618052229356200,33.778507800,91281,1887222823,-51,-98,6,0,1,7,0,0,256,0,0,"[0,0,8,12,8,12,8,11,7,10,7,10,7,9,7,8,7,7,7,7,7,6,7,5,7,5,7,5,7,4,7,4,7,3,7,4,7,3,7,3,7,3,7,3,5,4,5,3,5,3,5,3,5,3,0,0,0,0,0,0,0,0,0,0,0,0,0,0,0,0,0,0,0,0,0,0,11,13,10,14,10,14,9,15,8,16,7,17,8,17,7,18,6,18,5,17,5,17,4,17,5,16,5,16,5,15,5,15,5,14,6,14,7,14,7,14,7,14,8,14,8,13,8,13,9,13,9,13,0,0,21,18,20,17,20,16,19,14,19,14,18,12,18,11,18,10,17,8,17,7,16,7,16,6,16,5,16,4,16,4,17,3,15,3,15,3,15,2,14,3,13,3,12,3,12,3,11,3,10,3,10,3,10,4,10,4,0,0,0,0,0,0,0,0,0,0,0,0,0,0,27,13,26,16,24,18,24,19,23,21,23,22,22,24,22,26,21,26,20,28,19,28,18,29,17,28,16,27,15,26,15,25,17,25,17,23,18,23,18,22,19,22,20,20,21,20,21,20,22,19,22,19,22,19,22,19]"
618052244565100,33.793716700,91282,1887240190,-51,-98,6,0,1,7,0,0,256,0,0,"[0,0,-15,-4,-14,-5,-14,-4,-13,-4,-13,-4,-12,-3,-12,-2,-11,-1,-11,-1,-10,0,-10,0,-10,0,-10,0,-9,1,-9,1,-9,1,-9,1,-9,1,-9,1,-8,1,-8,1,-8,1,-7,0,-7,0,-7,1,-7,0,0,0,0,0,0,0,0,0,0,0,0,0,0,0,0,0,0,0,0,0,0,0,-17,-3,-18,-4,-17,-5,-18,-6,-18,-7,-18,-9,-18,-9,-18,-10,-17,-10,-16,-10,-16,-10,-16,-9,-15,-9,-15,-9,-15,-9,-15,-8,-15,-8,-15,-7,-16,-7,-15,-6,-16,-6,-16,-6,-16,-5,-16,-4,-16,-4,-16,-4,0,0,-28,0,-28,-1,-26,0,-25,0,-24,0,-22,2,-22,2,-22,3,-19,4,-19,4,-18,4,-18,5,-17,6,-16,6,-15,7,-15,7,-15,7,-15,7,-14,7,-14,6,-13,7,-13,6,-12,5,-12,4,-11,3,-11,3,-12,3,-11,2,0,0,0,0,0,0,0,0,0,0,0,0,0,0,-29,6,-32,1,-31,1,-32,0,-33,-2,-32,-3,-35,-5,-34,-7,-35,-8,-35,-10,-33,-10,-33,-12,-31,-12,-30,-13,-30,-12,-28,-11,-29,-9,-29,-8,-29,-7,-30,-7,-29,-5,-30,-4,-29,-2,-31,-3,-31,-2,-30,-4,-30,-2,-30,-2]"
618052266256600,33.815408200,91283,1887256583,-51,-98,6,0,1,7,0,0,256,0,0,"[0,0,8,-13,7,-13,7,-12,7,-12,6,-12,5,-11,4,-11,4,-11,3,-10,3,-10,2,-10,2,-10,1,-10,1,-10,1,-10,1,-10,0,-9,0,-9,1,-9,1,-8,1,-8,0,-8,1,-7,1,-7,1,-7,1,-6,0,0,0,0,0,0,0,0,0,0,0,0,0,0,0,0,0,0,0,0,0,0,9,-15,9,-15,10,-15,11,-15,12,-15,13,-14,14,-14,14,-13,14,-13,14,-12,14,-11,14,-11,13,-11,13,-11,13,-11,11,-11,11,-11,11,-12,10,-12,9,-13,9,-13,9,-14,9,-13,9,-13,9,-14,9,-13,0,0,14,-53,13,-54,12,-51,12,-48,8,-47,6,-45,5,-43,2,-42,2,-40,-1,-39,-2,-38,-4,-36,-5,-36,-6,-35,-7,-35,-7,-34,-8,-33,-8,-33,-6,-30,-7,-31,-5,-30,-5,-28,-5,-27,-3,-25,-3,-24,-2,-24,-1,-23,1,-22,0,0,0,0,0,0,0,0,0,0,0,0,0,0,-1,-61,5,-61,10,-61,13,-61,18,-62,20,-61,25,-63,27,-62,31,-62,33,-62,35,-59,35,-59,36,-56,34,-55,33,-53,32,-52,29,-53,28,-52,27,-52,26,-54,22,-54,20,-55,19,-57,18,-58,17,-60,16,-57,15,-58,15,-57]"
618052286068600,33.835220200,91284,1887278161,-51,-98,6,0,1,7,0,0,256,0,0,"[0,0,4,-15,3,-15,3,-14,3,-14,3,-13,2,-12,1,-12,1,-12,1,-11,0,-11,0,-10,-2,-10,-2,-10,-2,-10,-2,-10,-2,-9,-2,-10,-2,-9,-1,-8,-2,-8,-1,-8,-1,-8,-1,-8,-1,-7,-1,-7,-1,-6,0,0,0,0,0,0,0,0,0,0,0,0,0,0,0,0,0,0,0,0,0,0,1,-18,3,-17,3,-18,4,-18,5,-19,7,-18,8,-18,9,-18,9,-17,9,-17,9,-16,9,-15,8,-15,8,-15,8,-15,7,-15,6,-15,6,-15,6,-15,5,-16,5,-16,4,-16,4,-16,4,-16,3,-16,4,-16,0,0,-7,-27,-7,-26,-7,-26,-7,-24,-8,-24,-8,-22,-8,-21,-9,-20,-8,-18,-10,-17,-10,-16,-11,-15,-11,-14,-11,-14,-11,-14,-11,-14,-11,-13,-11,-13,-11,-13,-10,-12,-10,-12,-9,-11,-8,-11,-8,-10,-8,-10,-7,-10,-6,-10,-5,-11,0,0,0,0,0,0,0,0,0,0,0,0,0,0,-16,-27,-14,-28,-11,-29,-9,-30,-8,-31,-7,-33,-5,-34,-4,-35,-2,-35,0,-36,1,-34,1,-35,2,-34,1,-32,1,-32,0,-31,1,-31,0,-29,-1,-30,-2,-30,-4,-30,-4,-30,-5,-30,-6,-30,-6,-29,-7,-29,-7,-29,-7,-29]"
618052303021900,33.852173500,91285,1887296584,-51,-98,6,0,1,7,0,0,256,0,0,"[0,0,11,9,10,8,10,8,10,8,10,7,9,6,9,6,9,5,9,4,9,3,8,3,8,3,8,2,8,2,8,2,8,1,8,2,7,1,7,1,7,1,7,2,6,2,6,2,5,1,5,2,5,2,0,0,0,0,0,0,0,0,0,0,0,0,0,0,0,0,0,0,0,0,0,0,14,8,14,9,13,10,13,11,13,12,12,13,11,14,11,14,11,15,10,14,9,14,9,14,9,13,9,13,9,13,9,12,10,12,10,11,10,11,11,11,11,10,11,10,12,10,11,10,11,10,12,10,0,0,49,23,50,23,47,21,46,20,43,18,42,15,40,14,40,11,38,9,38,7,37,5,36,3,35,1,33,0,34,-1,33,-1,33,-2,32,-1,31,-2,30,-1,28,0,27,0,27,1,24,1,22,2,21,2,23,3,21,4,0,0,0,0,0,0,0,0,0,0,0,0,0,0,59,12,58,20,57,23,55,25,58,29,54,31,57,37,54,39,55,41,53,45,51,45,50,48,47,47,44,46,43,44,44,42,44,40,47,37,46,35,48,36,47,32,50,29,50,30,52,29,54,29,52,27,52,27,52,26]"
618052324229600,33.873381200,91286,1887316488,-51,-98,6,0,1,7,0,0,256,0,0,"[0,0,15,0,14,-1,13,-1,14,-1,12,-1,11,-2,11,-2,11,-2,10,-3,10,-3,9,-4,9,-4,8,-4,7,-4,8,-6,8,-5,7,-5,7,-5,7,-4,7,-4,7,-4,6,-4,6,-3,6,-3,6,-3,5,-3,0,0,0,0,0,0,0,0,0,0,0,0,0,0,0,0,0,0,0,0,0,0,17,-2,17,-1,17,0,17,1,19,1,19,2,19,3,18,4,18,5,17,6,17,5,17,6,16,5,16,5,15,4,16,4,16,3,16,2,15,1,15,1,16,1,16,0,17,0,16,0,15,0,16,-1,0,0,25,-13,23,-14,23,-14,21,-13,20,-13,19,-13,17,-12,16,-13,15,-13,13,-14,13,-14,11,-14,10,-14,10,-14,9,-15,9,-15,9,-14,9,-14,9,-14,9,-12,8,-12,9,-11,8,-11,8,-10,7,-10,7,-9,8,-9,8,-8,0,0,0,0,0,0,0,0,0,0,0,0,0,0,22,-21,25,-19,25,-16,27,-15,28,-15,29,-14,31,-12,34,-11,33,-10,34,-7,33,-7,33,-6,33,-6,31,-5,31,-5,29,-6,29,-6,28,-8,28,-8,27,-8,28,-10,28,-11,27,-11,26,-12,27,-13,27,-14,26,-14,27,-14]"
618052345507000,33.894658600,91287,1887337807,-51,-98,6,0,1,7,0,0,256,0,0,"[0,0,-6,-14,-6,-14,-6,-13,-6,-13,-7,-12,-6,-11,-6,-11,-6,-10,-6,-9,-7,-9,-7,-8,-7,-8,-7,-7,-7,-6,-7,-6,-7,-6,-7,-6,-7,-6,-7,-6,-6,-6,-6,-5,-6,-6,-5,-6,-5,-5,-5,-5,-5,-5,0,0,0,0,0,0,0,0,0,0,0,0,0,0,0,0,0,0,0,0,0,0,-8,-16,-8,-15,-7,-16,-6,-18,-6,-18,-5,-18,-5,-19,-3,-19,-3,-18,-2,-19,-2,-18,-2,-18,-2,-17,-2,-17,-3,-17,-3,-16,-4,-16,-5,-16,-4,-16,-5,-15,-6,-16,-6,-15,-6,-15,-6,-15,-6,-14,-6,-15,0,0,-19,-21,-19,-20,-19,-20,-18,-18,-19,-18,-17,-16,-16,-15,-17,-14,-16,-12,-17,-10,-17,-9,-17,-9,-18,-8,-17,-7,-16,-7,-16,-7,-16,-6,-16,-6,-15,-6,-15,-6,-14,-7,-14,-6,-13,-6,-12,-6,-12,-6,-10,-7,-10,-6,-10,-7,0,0,0,0,0,0,0,0,0,0,0,0,0,0,-27,-18,-26,-19,-23,-20,-23,-21,-22,-24,-22,-25,-20,-28,-21,-29,-17,-30,-17,-30,-16,-32,-15,-31,-16,-30,-15,-30,-15,-28,-15,-27,-16,-28,-16,-26,-17,-25,-16,-25,-18,-25,-18,-24,-18,-24,-19,-24,-20,-23,-22,-22,-20,-21,-20,-22]"
618052364632000,33.913783600,91288,1887356679,-51,-98,6,0,1,7,0,0,256,0,0,"[0,0,-11,-10,-11,-11,-10,-10,-10,-10,-10,-9,-10,-8,-10,-8,-9,-7,-9,-6,-9,-6,-9,-5,-9,-5,-9,-5,-9,-4,-9,-4,-9,-3,-8,-3,-8,-3,-8,-3,-8,-3,-8,-3,-7,-3,-7,-3,-6,-3,-6,-3,-6,-3,0,0,0,0,0,0,0,0,0,0,0,0,0,0,0,0,0,0,0,0,0,0,-14,-10,-13,-11,-13,-13,-13,-13,-13,-14,-12,-15,-12,-15,-11,-16,-10,-16,-10,-16,-9,-16,-9,-16,-9,-15,-9,-15,-9,-14,-9,-13,-10,-13,-10,-14,-10,-13,-11,-12,-11,-12,-12,-12,-12,-12,-12,-12,-11,-12,-12,-11,0,0,-51,-22,-51,-21,-49,-21,-47,-18,-46,-17,-44,-13,-43,-11,-42,-9,-39,-7,-39,-5,-37,-4,-37,-2,-36,-1,-35,-1,-35,2,-34,2,-34,3,-33,3,-32,2,-31,1,-29,1,-28,0,-27,0,-26,0,-24,-1,-23,-2,-24,-3,-22,-5,0,0,0,0,0,0,0,0,0,0,0,0,0,0,-61,-9,-60,-17,-58,-20,-57,-23,-60,-26,-59,-29,-59,-34,-60,-39,-59,-38,-56,-43,-54,-41,-52,-46,-50,-46,-49,-44,-47,-44,-46,-42,-46,-38,-49,-35,-49,-34,-51,-34,-51,-32,-52,-29,-54,-28,-55,-25,-54,-27,-56,-27,-54,-25,-54,-25]"
618052387994000,33.937145600,91289,1887380193,-51,-98,6,0,1,7,0,0,256,0,0,"[0,0,5,-14,4,-14,4,-13,4,-12,3,-13,3,-12,2,-12,1,-11,1,-11,1,-10,0,-10,0,-10,-1,-10,-1,-10,-1,-10,-1,-9,-1,-9,-1,-9,-1,-9,-1,-8,-1,-8,-1,-8,-1,-7,-1,-7,0,-7,0,-6,0,0,0,0,0,0,0,0,0,0,0,0,0,0,0,0,0,0,0,0,0,0,3,-17,5,-17,5,-17,6,-17,7,-17,9,-17,9,-16,10,-16,11,-15,10,-15,10,-14,10,-14,10,-14,9,-14,9,-14,8,-14,8,-14,7,-14,7,-15,6,-14,6,-15,6,-15,6,-15,5,-15,4,-15,5,-15,0,0,4,-28,3,-28,2,-26,2,-26,2,-24,0,-23,0,-22,-1,-21,-2,-20,-3,-20,-3,-19,-4,-18,-5,-18,-5,-17,-5,-17,-6,-17,-6,-16,-5,-16,-6,-16,-5,-15,-5,-15,-4,-14,-4,-14,-3,-13,-3,-12,-2,-12,-2,-12,-1,-11,0,0,0,0,0,0,0,0,0,0,0,0,0,0,-4,-31,-1,-31,1,-31,3,-31,4,-33,5,-32,8,-34,9,-33,10,-33,13,-33,13,-32,15,-32,15,-31,15,-29,14,-29,13,-28,11,-27,10,-29,9,-28,9,-29,8,-28,6,-29,6,-29,5,-30,6,-30,5,-30,4,-30,5,-29]"
618052401884700,33.951036300,91290,1887396577,-51,-98,6,0,1,7,0,0,256,0,0,"[0,0,8,12,8,12,8,11,8,10,8,10,7,9,7,9,7,8,7,7,7,6,7,6,7,5,7,5,7,5,8,4,8,4,7,4,7,3,7,4,7,3,6,4,5,4,5,4,5,3,5,3,4,3,0,0,0,0,0,0,0,0,0,0,0,0,0,0,0,0,0,0,0,0,0,0,11,12,10,13,10,14,9,15,9,16,9,17,7,17,6,18,6,17,6,18,5,17,5,17,5,16,5,16,5,15,6,14,6,14,6,14,7,14,8,14,7,14,8,14,8,13,9,13,9,13,9,12,0,0,21,17,21,16,19,15,20,15,19,14,18,12,18,11,18,10,18,8,17,7,17,6,17,5,17,5,16,4,17,4,16,4,16,3,15,3,15,3,14,3,13,3,13,4,13,3,12,3,11,3,10,4,10,4,9,5,0,0,0,0,0,0,0,0,0,0,0,0,0,0,28,11,27,14,25,15,24,17,25,20,23,20,24,23,23,24,22,26,22,27,20,27,20,28,19,27,18,26,17,25,17,24,17,23,18,23,18,21,19,22,20,20,21,20,21,20,21,19,23,20,23,18,23,18,22,17]"
618052424121900,33.973273500,91291,1887416587,-51,-98,6,0,1,7,0,0,256,0,0,"[0,0,-4,-14,-5,-14,-4,-14,-5,-12,-4,-13,-5,-12,-5,-11,-5,-10,-5,-9,-6,-9,-6,-8,-6,-8,-6,-8,-6,-7,-6,-7,-7,-7,-6,-7,-6,-6,-6,-6,-6,-6,-6,-6,-5,-6,-5,-6,-5,-5,-4,-5,-4,-5,0,0,0,0,0,0,0,0,0,0,0,0,0,0,0,0,0,0,0,0,0,0,-6,-16,-5,-17,-5,-17,-4,-18,-3,-18,-3,-19,-2,-19,-1,-19,0,-19,0,-19,0,-18,0,-17,0,-18,-1,-17,-1,-16,-1,-16,-2,-16,-2,-16,-3,-17,-3,-16,-4,-16,-4,-16,-4,-16,-5,-16,-5,-16,-5,-16,0,0,-16,-24,-15,-23,-15,-23,-14,-20,-15,-20,-14,-19,-15,-17,-15,-16,-15,-15,-14,-13,-15,-12,-15,-12,-15,-11,-16,-11,-14,-9,-15,-10,-14,-9,-15,-9,-14,-8,-13,-8,-13,-8,-13,-8,-11,-8,-11,-8,-10,-8,-10,-8,-9,-7,-8,-8,0,0,0,0,0,0,0,0,0,0,0,0,0,0,-22,-21,-20,-25,-18,-26,-17,-28,-16,-28,-15,-30,-14,-30,-13,-33,-12,-33,-11,-34,-9,-34,-8,-33,-7,-33,-8,-32,-7,-31,-8,-30,-9,-31,-8,-28,-10,-29,-10,-28,-12,-28,-13,-28,-14,-27,-15,-27,-14,-26,-15,-27,-15,-27,-16,-26]"
618052447286800,33.996438400,91292,1887440485,-50,-98,6,0,1,6,0,0,256,0,0,"[0,0,-9,-13,-9,-12,-9,-12,-8,-11,-9,-10,-9,-9,-9,-9,-9,-8,-8,-8,-8,-7,-8,-7,-8,-6,-8,-6,-9,-5,-9,-5,-8,-5,-8,-4,-8,-4,-8,-4,-8,-4,-7,-4,-7,-4,-7,-4,-6,-4,-6,-4,-6,-4,0,0,0,0,0,0,0,0,0,0,0,0,0,0,0,0,0,0,0,0,0,0,-11,-13,-11,-13,-10,-14,-10,-15,-9,-16,-9,-17,-8,-17,-8,-18,-7,-18,-7,-18,-6,-17,-6,-17,-6,-16,-6,-16,-6,-16,-7,-15,-7,-15,-7,-14,-8,-14,-9,-14,-9,-14,-9,-14,-9,-14,-9,-14,-10,-13,-9,-13,0,0,-9,-26,-10,-27,-8,-25,-9,-25,-9,-22,-9,-21,-9,-21,-10,-20,-11,-17,-11,-17,-11,-16,-10,-15,-12,-14,-12,-14,-12,-13,-11,-12,-12,-13,-12,-12,-12,-11,-12,-11,-10,-11,-10,-10,-9,-11,-8,-10,-7,-10,-7,-10,-5,-10,-6,-10,0,0,0,0,0,0,0,0,0,0,0,0,0,0,-17,-27,-14,-29,-12,-30,-12,-31,-10,-32,-8,-33,-6,-34,-6,-35,-5,-37,-3,-37,-3,-36,0,-37,0,-35,1,-34,0,-32,0,-33,-1,-30,-3,-30,-4,-29,-5,-30,-5,-30,-7,-30,-8,-29,-8,-30,-8,-31,-8,-30,-8,-29,-9,-29]"
618052464390300,34.013541900,91293,1887456609,-51,-98,6,0,1,7,0,0,256,0,0,"[0,0,2,-15,1,-15,1,-14,1,-14,1,-13,0,-13,-1,-12,-1,-12,-1,-11,-1,-11,-1,-11,-2,-10,-2,-10,-3,-10,-3,-10,-3,-9,-3,-9,-3,-9,-3,-8,-3,-8,-3,-8,-3,-8,-2,-8,-2,-7,-1,-6,-1,-7,0,0,0,0,0,0,0,0,0,0,0,0,0,0,0,0,0,0,0,0,0,0,0,-18,0,-18,2,-19,2,-18,4,-19,5,-19,5,-19,6,-18,7,-18,7,-18,8,-17,7,-16,7,-16,7,-16,6,-16,6,-16,5,-15,5,-16,4,-16,3,-16,3,-17,2,-17,3,-17,2,-16,2,-16,2,-16,0,0,-7,-28,-8,-27,-7,-26,-7,-25,-7,-24,-8,-22,-8,-21,-9,-20,-8,-19,-9,-17,-11,-17,-11,-15,-11,-15,-11,-14,-11,-14,-11,-14,-11,-13,-11,-13,-10,-13,-10,-13,-9,-12,-9,-12,-8,-11,-8,-10,-7,-10,-6,-11,-6,-10,-6,-10,0,0,0,0,0,0,0,0,0,0,0,0,0,0,-15,-27,-13,-29,-11,-29,-8,-31,-8,-32,-6,-32,-5,-34,-4,-35,-1,-35,1,-36,2,-34,2,-35,1,-34,1,-33,1,-32,1,-31,0,-30,-1,-30,-1,-30,-2,-30,-3,-30,-4,-30,-4,-30,-5,-29,-6,-30,-8,-30,-8,-29,-7,-30]"
618052483121000,34.032272600,91294,1887476404,-51,-98,6,0,1,7,0,0,256,0,0,"[0,0,15,-1,14,-1,13,-1,13,-1,12,-2,12,-2,11,-2,11,-3,10,-3,10,-4,9,-4,8,-4,8,-5,7,-5,8,-5,8,-5,7,-4,7,-5,7,-5,7,-4,7,-4,6,-3,6,-4,5,-3,5,-3,5,-2,0,0,0,0,0,0,0,0,0,0,0,0,0,0,0,0,0,0,0,0,0,0,17,-3,17,-2,18,-1,17,0,18,1,19,2,18,3,18,4,19,4,18,4,17,4,16,4,16,4,16,4,15,3,16,3,15,2,16,2,15,1,16,1,15,1,16,0,17,-1,15,-1,16,-1,16,-1,0,0,24,-14,23,-15,22,-14,21,-14,20,-14,18,-13,17,-13,16,-14,15,-13,13,-14,12,-14,11,-15,10,-14,9,-14,10,-15,9,-14,9,-14,9,-14,8,-14,8,-13,8,-13,8,-11,8,-11,7,-11,7,-10,7,-9,7,-8,8,-8,0,0,0,0,0,0,0,0,0,0,0,0,0,0,21,-22,23,-20,24,-18,26,-17,27,-16,28,-15,30,-14,32,-13,33,-11,33,-10,33,-8,33,-8,32,-8,31,-7,30,-7,28,-7,29,-8,28,-9,27,-10,28,-11,27,-11,27,-12,26,-13,26,-14,26,-14,26,-15,25,-15,26,-15]"
618052509650300,34.058801900,91295,1887501391,-51,-98,6,0,1,7,0,0,256,0,0,"[0,0,2,-15,1,-16,2,-14,1,-14,1,-13,0,-13,0,-12,-1,-12,-1,-11,-2,-11,-2,-11,-3,-10,-3,-10,-3,-10,-3,-9,-3,-9,-3,-9,-3,-8,-3,-8,-3,-8,-2,-8,-3,-8,-2,-8,-2,-7,-2,-7,-2,-7,0,0,0,0,0,0,0,0,0,0,0,0,0,0,0,0,0,0,0,0,0,0,1,-18,2,-17,3,-18,4,-18,5,-19,6,-18,7,-18,8,-18,8,-18,9,-17,8,-16,8,-16,8,-16,7,-16,7,-15,6,-16,5,-15,5,-16,4,-16,4,-16,4,-16,3,-16,4,-17,3,-16,2,-16,3,-16,0,0,-3,-28,-4,-28,-4,-27,-4,-25,-5,-24,-5,-23,-6,-21,-6,-21,-6,-20,-8,-18,-9,-17,-9,-17,-10,-15,-10,-15,-10,-15,-10,-15,-10,-15,-10,-14,-9,-14,-8,-14,-8,-13,-7,-13,-7,-12,-7,-11,-6,-11,-5,-11,-5,-11,-4,-11,0,0,0,0,0,0,0,0,0,0,0,0,0,0,-11,-29,-8,-30,-6,-31,-3,-31,-3,-33,0,-33,1,-35,2,-35,5,-35,6,-35,7,-34,7,-34,6,-33,6,-32,6,-31,5,-30,5,-30,4,-30,3,-30,2,-30,1,-30,0,-30,0,-30,-1,-31,-2,-30,-4,-30,-4,-30,-3,-30]"
618052522924200,34.072075800,91296,1887516618,-51,-98,6,0,1,7,0,0,256,0,0,"[0,0,-15,-5,-15,-4,-14,-4,-14,-3,-13,-3,-13,-2,-12,-2,-11,-1,-11,-1,-11,0,-11,0,-10,0,-10,1,-9,1,-10,2,-9,2,-9,1,-9,2,-9,1,-9,1,-8,1,-8,1,-8,1,-7,1,-7,0,-7,0,0,0,0,0,0,0,0,0,0,0,0,0,0,0,0,0,0,0,0,0,0,0,-18,-3,-18,-5,-18,-6,-17,-6,-18,-8,-18,-8,-18,-9,-18,-10,-17,-10,-16,-11,-16,-11,-15,-11,-15,-10,-15,-9,-15,-9,-15,-8,-15,-8,-15,-7,-15,-7,-16,-6,-15,-6,-16,-6,-17,-6,-16,-5,-16,-5,-16,-5,0,0,-29,3,-27,3,-26,3,-25,4,-24,4,-23,5,-22,5,-21,5,-19,6,-18,7,-17,8,-16,8,-16,9,-15,9,-15,9,-15,9,-14,9,-14,9,-13,8,-13,8,-13,7,-13,7,-12,7,-11,6,-11,5,-11,5,-11,4,-11,4,0,0,0,0,0,0,0,0,0,0,0,0,0,0,-29,11,-30,8,-30,6,-32,4,-32,3,-33,1,-34,0,-35,-2,-35,-4,-35,-6,-34,-7,-34,-7,-34,-7,-32,-7,-31,-7,-31,-5,-31,-5,-30,-4,-30,-3,-30,-2,-30,-1,-31,-1,-30,1,-30,1,-30,2,-31,3,-29,3,-30,3]"
618052545053300,34.094204900,91297,1887538513,-51,-98,6,0,1,7,0,0,256,0,0,"[0,0,-15,0,-14,-1,-14,0,-13,0,-12,0,-12,0,-11,1,-11,1,-11,1,-10,2,-9,2,-9,3,-9,3,-8,3,-8,3,-8,3,-8,3,-8,3,-7,3,-7,3,-7,2,-7,2,-6,2,-6,2,-6,2,-6,1,0,0,0,0,0,0,0,0,0,0,0,0,0,0,0,0,0,0,0,0,0,0,-17,0,-17,-1,-17,-1,-17,-2,-18,-3,-18,-4,-17,-5,-18,-6,-17,-6,-17,-6,-17,-6,-16,-6,-16,-6,-15,-5,-15,-6,-15,-4,-15,-4,-15,-3,-15,-3,-15,-2,-15,-2,-16,-2,-16,-1,-16,-1,-15,0,-15,-1,0,0,-29,0,-28,-1,-27,-1,-25,-1,-23,0,-23,2,-22,2,-20,3,-20,3,-19,4,-18,4,-17,5,-17,6,-17,6,-17,7,-16,6,-15,7,-15,6,-14,7,-14,6,-14,5,-14,6,-12,5,-12,4,-13,3,-12,3,-11,3,-11,2,0,0,0,0,0,0,0,0,0,0,0,0,0,0,-32,6,-31,2,-33,0,-32,-1,-33,-2,-34,-4,-33,-6,-33,-8,-35,-9,-34,-11,-33,-12,-33,-12,-32,-13,-31,-13,-30,-11,-29,-10,-30,-10,-29,-7,-29,-9,-29,-8,-29,-6,-30,-4,-29,-4,-30,-3,-30,-3,-30,-3,-29,-2,-30,-2]"
618052564363100,34.113514700,91298,1887557035,-51,-98,6,0,1,7,0,0,256,0,0,"[0,0,-15,3,-14,3,-14,3,-13,3,-13,3,-12,3,-11,3,-11,4,-10,4,-9,4,-9,5,-8,5,-8,5,-8,5,-8,5,-7,6,-7,5,-7,5,-7,4,-7,4,-7,4,-6,4,-6,4,-6,3,-6,3,-6,3,0,0,0,0,0,0,0,0,0,0,0,0,0,0,0,0,0,0,0,0,0,0,-16,5,-17,5,-17,4,-18,3,-18,2,-20,1,-19,0,-20,-1,-19,-1,-18,-1,-18,-2,-18,-2,-17,-1,-17,-1,-17,-1,-16,0,-17,0,-16,0,-16,1,-16,2,-16,2,-16,2,-16,3,-16,3,-15,3,-16,3,0,0,-24,15,-23,14,-22,14,-21,14,-20,14,-18,14,-17,14,-16,13,-14,14,-14,13,-13,13,-12,13,-11,14,-11,14,-10,14,-9,14,-9,14,-9,14,-8,13,-9,13,-8,12,-8,11,-8,11,-8,9,-8,9,-8,9,-8,8,-9,7,0,0,0,0,0,0,0,0,0,0,0,0,0,0,-21,22,-24,20,-25,18,-27,17,-27,16,-28,15,-31,14,-33,14,-33,12,-34,11,-33,10,-33,8,-33,8,-32,7,-31,7,-30,7,-29,9,-28,8,-29,10,-28,11,-27,12,-27,13,-26,14,-27,15,-26,15,-26,15,-25,15,-26,15]"
618052585645600,34.134797200,91299,1887579163,-51,-98,6,0,1,7,0,0,256,0,0,"[0,0,0,-15,0,-15,-1,-15,0,-14,-1,-13,-1,-12,-1,-12,-2,-11,-2,-10,-3,-10,-3,-10,-4,-9,-4,-9,-4,-9,-4,-9,-4,-9,-4,-8,-4,-8,-4,-8,-3,-8,-3,-7,-3,-7,-3,-7,-3,-7,-3,-6,-2,-6,0,0,0,0,0,0,0,0,0,0,0,0,0,0,0,0,0,0,0,0,0,0,-1,-17,-1,-18,0,-18,1,-18,2,-18,3,-19,4,-18,5,-18,6,-18,5,-17,5,-17,6,-17,5,-17,5,-16,5,-17,4,-15,3,-16,3,-15,2,-16,2,-16,1,-16,1,-16,1,-16,0,-16,0,-16,0,-16,0,0,-5,-27,-6,-28,-5,-26,-5,-25,-6,-23,-6,-23,-7,-22,-7,-20,-7,-19,-8,-18,-9,-17,-10,-16,-10,-15,-10,-15,-11,-15,-10,-14,-11,-14,-10,-14,-9,-14,-9,-13,-9,-13,-8,-12,-8,-12,-7,-11,-7,-11,-6,-11,-5,-11,-5,-11,0,0,0,0,0,0,0,0,0,0,0,0,0,0,-13,-28,-10,-30,-8,-30,-6,-31,-5,-33,-3,-32,-2,-35,0,-34,2,-35,3,-35,5,-35,5,-35,4,-34,4,-32,4,-32,3,-31,3,-30,2,-30,1,-29,0,-30,-1,-29,-1,-30,-2,-31,-3,-31,-4,-31,-5,-30,-5,-30,-5,-30]"
618052609804100,34.158955700,91300,1887602411,-51,-98,6,0,1,7,0,0,256,0,0,"[0,0,-1,-15,-2,-15,-3,-14,-2,-14,-2,-13,-3,-12,-3,-12,-3,-11,-4,-10,-4,-10,-4,-9,-4,-9,-5,-9,-5,-8,-5,-8,-5,-8,-5,-8,-5,-7,-5,-7,-5,-7,-4,-7,-4,-7,-4,-7,-4,-6,-3,-6,-3,-6,0,0,0,0,0,0,0,0,0,0,0,0,0,0,0,0,0,0,0,0,0,0,-3,-17,-2,-17,-2,-18,-1,-18,0,-19,1,-19,2,-19,3,-19,3,-19,4,-19,4,-18,4,-17,3,-17,3,-17,3,-16,1,-16,1,-16,1,-16,1,-16,-1,-16,-1,-16,-1,-16,-1,-16,-2,-16,-2,-16,-2,-16,0,0,-15,-25,-15,-25,-14,-23,-14,-22,-13,-20,-14,-19,-14,-18,-14,-17,-14,-15,-15,-14,-14,-13,-15,-12,-15,-11,-15,-10,-15,-10,-15,-10,-15,-9,-15,-9,-14,-9,-13,-9,-13,-9,-12,-9,-11,-8,-11,-8,-10,-8,-9,-8,-9,-8,-9,-9,0,0,0,0,0,0,0,0,0,0,0,0,0,0,-22,-22,-20,-24,-18,-26,-16,-27,-15,-29,-14,-30,-13,-32,-12,-33,-11,-33,-10,-35,-8,-34,-8,-35,-7,-33,-7,-33,-7,-31,-7,-31,-8,-30,-8,-29,-9,-29,-10,-29,-11,-27,-13,-28,-13,-27,-14,-28,-14,-28,-15,-27,-15,-26,-15,-26]"
618052623398300,34.172549900,91301,1887617302,-51,-98,6,0,1,7,0,0,256,0,0,"[0,0,-16,-1,-15,-1,-15,-1,-14,-1,-13,0,-13,0,-12,0,-12,1,-11,1,-11,2,-10,2,-9,3,-9,3,-9,3,-9,4,-9,4,-8,3,-9,3,-8,3,-8,3,-8,2,-7,2,-7,2,-7,2,-7,1,-7,1,0,0,0,0,0,0,0,0,0,0,0,0,0,0,0,0,0,0,0,0,0,0,-18,1,-18,0,-18,-1,-19,-2,-19,-3,-20,-4,-19,-5,-19,-6,-19,-6,-18,-6,-18,-7,-18,-6,-17,-6,-17,-6,-16,-6,-16,-5,-17,-4,-16,-4,-17,-4,-16,-3,-17,-3,-17,-2,-17,-2,-17,-1,-16,-1,-17,-1,0,0,-28,7,-27,7,-26,7,-24,7,-23,7,-22,8,-21,8,-19,8,-19,9,-17,9,-16,10,-16,10,-15,10,-14,11,-13,11,-13,11,-13,11,-13,11,-13,10,-12,9,-12,9,-12,9,-11,8,-11,7,-11,7,-10,6,-11,5,-11,5,0,0,0,0,0,0,0,0,0,0,0,0,0,0,-26,15,-28,13,-30,11,-31,9,-31,8,-32,6,-34,5,-35,4,-35,2,-36,1,-35,-1,-35,-1,-34,-2,-33,-2,-32,-2,-31,-1,-31,0,-30,0,-30,1,-30,2,-29,3,-30,4,-30,5,-30,5,-29,6,-29,7,-29,7,-29,7]"
618052642111300,34.191262900,91302,1887636952,-51,-98,6,0,1,7,0,0,256,0,0,"[0,0,10,11,9,10,9,9,9,9,9,8,9,7,8,7,8,6,8,5,8,5,8,4,8,4,8,4,8,3,8,3,8,3,8,3,8,2,7,2,7,2,7,2,6,2,6,3,5,2,5,2,5,2,0,0,0,0,0,0,0,0,0,0,0,0,0,0,0,0,0,0,0,0,0,0,12,11,12,12,11,12,10,13,10,14,10,15,9,16,9,16,8,16,7,16,7,16,7,15,7,15,7,15,7,14,7,13,7,13,8,13,8,12,9,12,9,12,10,12,10,12,10,12,10,11,10,11,0,0,24,13,25,12,22,11,23,11,21,9,20,8,20,8,20,6,19,5,19,4,18,3,18,2,18,1,17,0,17,0,16,0,16,-1,15,-1,15,0,15,0,14,0,14,0,13,1,12,1,11,1,11,1,11,2,10,2,0,0,0,0,0,0,0,0,0,0,0,0,0,0,29,7,29,10,29,12,27,13,28,15,26,17,28,19,27,20,26,21,25,24,25,24,24,25,23,24,22,23,22,23,21,21,21,20,22,19,22,18,24,18,23,17,24,16,25,16,26,15,26,15,26,14,26,14,26,13]"
618052666232700,34.215384300,91303,1887658930,-51,-98,6,0,1,7,0,0,256,0,0,"[0,0,6,-14,5,-14,5,-13,5,-13,4,-13,3,-12,3,-12,2,-11,2,-11,1,-11,1,-10,0,-10,0,-10,0,-10,0,-10,-1,-10,-1,-10,-1,-9,-1,-9,0,-9,0,-8,-1,-8,0,-8,0,-7,0,-7,1,-7,0,0,0,0,0,0,0,0,0,0,0,0,0,0,0,0,0,0,0,0,0,0,6,-16,7,-16,8,-17,9,-17,10,-17,11,-16,12,-16,12,-15,12,-15,13,-14,12,-13,12,-13,12,-13,12,-13,11,-13,10,-13,10,-13,9,-14,8,-14,8,-15,8,-14,8,-15,7,-15,7,-15,7,-15,7,-15,0,0,1,-27,1,-28,1,-26,1,-25,0,-23,-1,-23,-2,-22,-3,-21,-4,-20,-5,-20,-5,-19,-6,-17,-5,-17,-6,-16,-7,-17,-7,-15,-7,-16,-6,-15,-7,-15,-7,-14,-6,-14,-5,-13,-5,-13,-4,-12,-4,-12,-3,-11,-3,-12,-2,-11,0,0,0,0,0,0,0,0,0,0,0,0,0,0,-5,-30,-1,-30,1,-31,3,-30,3,-33,4,-31,8,-33,8,-33,9,-33,11,-33,11,-32,13,-32,13,-30,13,-29,12,-28,11,-27,10,-27,9,-29,8,-27,8,-29,6,-28,4,-28,4,-29,3,-29,3,-30,3,-30,3,-30,3,-29]"
618052684556300,34.233707900,91304,1887678261,-51,-98,6,0,1,7,0,0,256,0,0,"[0,0,-13,8,-13,8,-12,7,-12,7,-10,7,-10,8,-9,8,-8,7,-8,7,-8,7,-7,8,-6,7,-6,7,-5,7,-5,8,-5,8,-5,7,-5,7,-5,7,-5,7,-5,6,-4,6,-4,6,-4,5,-5,5,-4,4,0,0,0,0,0,0,0,0,0,0,0,0,0,0,0,0,0,0,0,0,0,0,-14,10,-15,9,-16,9,-16,8,-18,8,-18,7,-19,6,-19,5,-19,5,-19,4,-18,3,-18,3,-17,3,-17,4,-16,4,-16,5,-15,5,-16,6,-15,6,-15,7,-14,7,-14,8,-15,8,-15,8,-14,8,-14,8,0,0,-15,23,-15,24,-13,21,-14,22,-12,20,-10,20,-10,19,-8,19,-7,18,-6,19,-5,18,-4,17,-3,17,-3,16,-2,17,-2,16,-1,17,-2,15,-1,15,-2,15,-2,14,-3,14,-2,13,-3,12,-3,11,-3,10,-3,11,-4,10,0,0,0,0,0,0,0,0,0,0,0,0,0,0,-10,28,-15,27,-16,25,-17,24,-19,27,-19,24,-23,25,-24,23,-25,24,-27,23,-26,22,-28,22,-27,19,-27,19,-25,18,-23,18,-22,19,-22,21,-20,19,-22,21,-20,21,-18,23,-19,23,-17,24,-19,25,-18,24,-17,24,-16,23]"
618052705258100,34.254409700,91305,1887702448,-51,-98,6,0,1,7,0,0,256,0,0,"[0,0,-12,-9,-12,-9,-11,-8,-11,-8,-11,-8,-11,-7,-11,-6,-10,-5,-10,-4,-10,-4,-10,-3,-10,-4,-9,-3,-9,-2,-9,-2,-9,-2,-9,-2,-9,-2,-9,-2,-9,-2,-8,-2,-8,-2,-7,-2,-7,-2,-7,-3,-7,-2,0,0,0,0,0,0,0,0,0,0,0,0,0,0,0,0,0,0,0,0,0,0,-15,-10,-14,-11,-14,-12,-14,-12,-14,-14,-13,-15,-13,-15,-13,-15,-12,-16,-11,-16,-10,-15,-10,-15,-10,-15,-10,-15,-10,-14,-10,-13,-11,-13,-11,-12,-12,-12,-12,-11,-13,-11,-13,-11,-13,-11,-13,-10,-13,-11,-12,-10,0,0,-55,-11,-52,-12,-51,-11,-48,-9,-47,-8,-45,-5,-43,-3,-41,-2,-40,0,-39,2,-38,4,-36,5,-34,5,-35,7,-33,7,-33,8,-32,9,-31,8,-30,8,-30,7,-29,7,-27,5,-27,5,-24,5,-24,3,-23,2,-23,1,-23,0,0,0,0,0,0,0,0,0,0,0,0,0,0,0,-61,0,-61,-7,-60,-10,-62,-13,-61,-16,-62,-19,-63,-24,-64,-27,-63,-28,-63,-32,-60,-33,-59,-36,-57,-36,-55,-35,-53,-34,-51,-32,-52,-29,-52,-26,-54,-25,-55,-24,-55,-23,-56,-19,-56,-18,-58,-16,-58,-16,-57,-15,-57,-14,-56,-14]"
618052724439600,34.273591200,91306,1887717515,-51,-98,6,0,1,7,0,0,256,0,0,"[0,0,9,-12,8,-13,7,-12,7,-11,6,-11,6,-11,5,-11,4,-10,4,-10,3,-10,3,-10,2,-9,2,-10,1,-9,1,-9,2,-9,1,-9,1,-9,2,-9,2,-8,2,-8,1,-7,1,-7,1,-7,1,-6,2,-6,0,0,0,0,0,0,0,0,0,0,0,0,0,0,0,0,0,0,0,0,0,0,7,-15,8,-15,9,-16,9,-15,11,-15,12,-15,13,-14,14,-13,14,-13,13,-13,13,-12,13,-12,12,-11,12,-12,12,-11,11,-11,11,-11,11,-12,10,-12,10,-12,10,-13,10,-13,9,-14,8,-14,8,-14,8,-13,0,0,16,-53,14,-52,12,-51,12,-46,11,-46,8,-44,7,-43,5,-40,3,-40,1,-37,0,-36,-2,-37,-3,-36,-4,-35,-6,-34,-5,-34,-5,-32,-5,-32,-5,-32,-4,-30,-3,-29,-2,-28,-3,-26,-2,-25,-1,-25,-1,-24,1,-22,2,-22,0,0,0,0,0,0,0,0,0,0,0,0,0,0,-2,-59,4,-61,10,-60,13,-61,15,-60,19,-60,22,-63,27,-63,30,-62,33,-61,35,-59,35,-56,35,-55,35,-53,33,-52,32,-51,30,-52,28,-51,27,-52,25,-52,22,-54,21,-54,21,-56,19,-57,19,-56,17,-57,17,-55,18,-57]"
618052746943100,34.296094700,91307,1887739199,-51,-98,6,0,1,7,0,0,256,0,0,"[0,0,-14,7,-13,7,-12,7,-12,7,-11,7,-10,6,-10,6,-9,6,-9,7,-8,6,-7,7,-6,7,-6,7,-6,7,-6,7,-6,7,-5,7,-5,6,-5,6,-6,6,-5,6,-5,5,-4,5,-4,5,-5,4,-5,4,0,0,0,0,0,0,0,0,0,0,0,0,0,0,0,0,0,0,0,0,0,0,-14,9,-15,9,-16,8,-17,8,-17,7,-18,6,-19,5,-19,4,-19,4,-19,3,-18,3,-18,3,-17,3,-16,3,-16,3,-16,4,-16,4,-16,5,-15,5,-15,6,-15,6,-15,6,-15,7,-14,7,-15,7,-14,7,0,0,-21,19,-19,18,-18,18,-17,18,-16,17,-14,16,-14,16,-13,16,-11,17,-10,16,-9,16,-8,16,-7,16,-7,16,-6,15,-6,15,-5,15,-6,15,-6,14,-6,14,-6,13,-6,12,-6,11,-6,11,-6,10,-6,10,-6,9,-7,9,0,0,0,0,0,0,0,0,0,0,0,0,0,0,-15,25,-18,24,-21,23,-22,22,-23,21,-24,20,-26,20,-28,19,-29,18,-30,17,-31,15,-30,15,-29,14,-29,13,-28,14,-27,13,-26,14,-26,14,-25,15,-25,16,-24,17,-23,18,-23,18,-23,19,-23,19,-21,20,-21,20,-21,20]"
618052767424400,34.316576000,91308,1887760849,-51,-98,6,0,1,7,0,0,256,0,0,"[0,0,12,7,12,7,11,6,11,6,11,5,10,5,10,4,10,4,10,3,9,2,9,2,9,1,9,1,9,1,9,0,9,0,8,0,8,0,8,0,8,0,7,0,7,1,6,1,6,0,6,0,5,1,0,0,0,0,0,0,0,0,0,0,0,0,0,0,0,0,0,0,0,0,0,0,15,6,15,7,15,8,14,9,14,10,14,11,14,12,13,13,13,13,12,13,12,13,11,13,11,12,11,11,11,11,11,11,11,10,11,9,12,10,12,9,12,9,13,8,13,8,13,8,13,8,13,7,0,0,52,16,53,13,48,12,49,11,44,10,44,8,43,6,40,5,39,3,39,0,36,-2,35,-3,34,-4,33,-5,34,-6,31,-7,33,-7,30,-6,30,-6,29,-5,28,-4,28,-3,26,-3,25,-3,24,-2,22,-1,22,0,21,1,0,0,0,0,0,0,0,0,0,0,0,0,0,0,60,0,59,6,60,10,57,15,62,18,57,19,62,25,59,28,60,31,59,35,58,36,57,38,53,36,53,36,50,34,51,32,49,30,51,27,49,25,54,26,50,24,52,21,54,22,55,20,57,20,56,17,56,17,55,17]"
618052784430100,34.333581700,91309,1887777772,-51,-98,6,0,1,7,0,0,256,0,0,"[0,0,6,-14,5,-14,5,-14,5,-12,4,-13,3,-12,3,-12,2,-12,2,-11,1,-10,0,-10,0,-10,-1,-10,-1,-10,-1,-10,-1,-10,-1,-9,-1,-9,-1,-9,-1,-8,0,-9,-1,-8,-1,-7,0,-7,0,-6,0,-7,0,0,0,0,0,0,0,0,0,0,0,0,0,0,0,0,0,0,0,0,0,0,5,-17,6,-17,6,-17,8,-17,8,-17,10,-17,10,-16,12,-16,12,-15,11,-15,11,-15,11,-14,11,-14,10,-14,10,-14,9,-13,9,-14,9,-14,8,-15,7,-14,7,-15,7,-16,6,-15,6,-16,6,-16,6,-15,0,0,2,-28,2,-28,2,-27,1,-25,0,-25,-1,-23,-2,-22,-3,-21,-3,-20,-4,-19,-5,-19,-5,-18,-6,-17,-7,-17,-6,-16,-6,-17,-7,-16,-7,-16,-6,-15,-6,-15,-5,-14,-5,-14,-4,-13,-4,-12,-4,-12,-3,-12,-3,-11,-2,-12,0,0,0,0,0,0,0,0,0,0,0,0,0,0,-6,-30,-2,-32,0,-32,1,-32,3,-32,5,-33,6,-34,8,-34,9,-34,11,-34,13,-33,12,-32,13,-31,13,-30,12,-29,11,-29,10,-30,10,-28,9,-29,7,-29,6,-29,5,-30,4,-30,4,-31,3,-30,3,-30,3,-30,3,-30]"
618052803016100,34.352167700,91310,1887797224,-51,-98,6,0,1,7,0,0,256,0,0,"[0,0,13,5,13,4,12,4,13,4,12,3,11,3,11,2,11,2,10,1,10,0,9,0,9,0,9,-1,8,-1,9,-2,8,-2,8,-2,8,-1,8,-2,8,-1,7,-2,7,-1,7,-1,6,-1,6,0,6,-1,0,0,0,0,0,0,0,0,0,0,0,0,0,0,0,0,0,0,0,0,0,0,16,4,16,5,16,6,16,7,16,7,16,9,16,9,15,10,15,11,14,11,14,11,13,10,12,10,12,10,13,9,13,8,13,8,13,8,13,7,14,6,14,7,14,6,15,6,15,6,14,5,15,5,0,0,26,4,27,4,25,3,24,3,23,2,22,0,21,0,20,-1,19,-1,18,-3,18,-3,17,-4,16,-4,16,-5,16,-6,15,-6,15,-6,15,-6,14,-5,13,-5,13,-5,13,-4,13,-4,12,-3,11,-3,10,-3,11,-2,11,-1,0,0,0,0,0,0,0,0,0,0,0,0,0,0,29,-3,30,1,30,3,29,4,31,5,30,7,31,9,31,10,31,12,31,14,30,14,30,15,29,15,28,15,26,14,26,14,26,12,27,11,26,10,26,10,27,9,28,7,28,6,28,5,29,5,29,5,28,5,28,5]"
618052822521800,34.371673400,91311,1887816483,-51,-98,6,0,1,7,0,0,256,0,0,"[0,0,7,-13,6,-13,6,-13,6,-12,5,-12,4,-12,4,-11,3,-11,3,-11,2,-10,2,-10,1,-10,0,-10,0,-10,0,-10,0,-10,0,-9,0,-9,0,-8,0,-8,0,-8,0,-8,0,-8,0,-7,1,-7,1,-6,0,0,0,0,0,0,0,0,0,0,0,0,0,0,0,0,0,0,0,0,0,0,7,-16,8,-16,8,-16,9,-16,10,-16,11,-15,12,-14,13,-14,13,-14,13,-13,13,-12,13,-12,12,-12,12,-12,11,-12,10,-12,10,-12,10,-13,9,-13,9,-14,8,-14,8,-14,8,-14,8,-14,7,-14,8,-14,0,0,11,-55,9,-55,9,-52,9,-49,6,-47,5,-44,2,-44,0,-42,-1,-41,-4,-37,-4,-37,-7,-36,-7,-35,-8,-35,-8,-33,-9,-34,-9,-31,-10,-32,-8,-31,-8,-29,-8,-28,-7,-27,-6,-26,-5,-25,-5,-24,-3,-23,-2,-21,-1,-22,0,0,0,0,0,0,0,0,0,0,0,0,0,0,-3,-60,3,-61,9,-62,11,-62,15,-62,19,-61,21,-63,23,-64,28,-62,29,-62,33,-60,32,-60,33,-57,32,-56,31,-54,29,-53,27,-54,26,-53,25,-53,21,-53,19,-56,18,-56,16,-57,16,-58,13,-58,13,-58,12,-58,11,-59]"
618052848362300,34.397513900,91312,1887842274,-51,-98,6,0,1,7,0,0,256,0,0,"[0,0,3,14,3,14,3,13,3,12,3,12,3,11,4,10,4,10,4,9,4,8,4,8,5,7,5,8,5,7,5,6,5,7,5,6,5,6,5,6,4,6,4,6,4,5,4,5,3,5,3,5,3,5,0,0,0,0,0,0,0,0,0,0,0,0,0,0,0,0,0,0,0,0,0,0,6,15,5,16,5,16,4,17,3,18,2,18,1,19,1,19,0,19,-1,18,-1,18,-1,17,-1,17,-1,16,0,16,0,15,0,16,1,15,2,16,2,15,3,16,3,16,3,15,3,15,4,15,4,15,0,0,17,20,18,20,16,18,16,18,15,17,16,15,15,14,15,13,15,12,15,11,15,9,15,9,15,8,14,7,15,7,15,6,14,6,13,6,14,6,13,6,12,6,11,6,11,6,10,5,9,6,9,5,9,6,8,6,0,0,0,0,0,0,0,0,0,0,0,0,0,0,25,15,23,19,21,20,20,21,22,23,20,23,19,27,17,28,18,28,16,31,15,30,14,31,13,30,12,30,11,28,11,27,12,26,14,26,14,24,15,26,15,24,17,23,17,23,18,23,18,24,18,23,18,23,18,22]"
618052867717000,34.416868600,91313,1887867494,-51,-98,6,0,1,7,0,0,256,0,0,"[0,0,-1,14,-1,14,0,14,0,13,0,13,0,12,1,11,1,11,1,10,2,9,2,9,2,9,3,9,3,8,3,8,3,8,3,7,3,7,3,7,2,7,2,7,2,7,2,6,2,6,1,5,1,5,0,0,0,0,0,0,0,0,0,0,0,0,0,0,0,0,0,0,0,0,0,0,2,16,1,17,1,17,0,18,-2,18,-3,19,-4,18,-5,18,-6,18,-5,17,-5,17,-5,16,-5,16,-4,16,-4,16,-4,15,-4,16,-3,15,-3,16,-2,15,-2,16,-2,15,-1,16,0,16,0,16,-1,15,0,0,6,27,7,26,7,25,7,23,7,22,7,20,8,20,8,18,8,18,9,16,9,15,9,14,9,14,10,13,10,13,10,13,10,12,10,12,9,11,9,11,8,11,8,11,7,10,6,10,6,10,5,9,5,9,4,10,0,0,0,0,0,0,0,0,0,0,0,0,0,0,16,24,13,27,12,28,11,29,10,30,8,31,7,32,5,33,4,33,2,34,1,34,0,34,-1,32,-2,32,-1,31,0,30,0,30,1,29,2,29,3,29,4,28,5,28,6,28,7,29,6,29,7,29,7,28,7,28]"
618052893100300,34.442251900,91314,1887887036,-51,-98,6,0,1,7,0,0,256,0,0,"[0,0,6,13,5,12,5,12,5,11,5,11,6,9,6,9,6,8,6,8,6,7,6,6,6,6,6,6,7,5,6,5,7,5,6,4,6,4,6,4,6,4,6,4,5,4,4,4,4,4,4,3,4,3,0,0,0,0,0,0,0,0,0,0,0,0,0,0,0,0,0,0,0,0,0,0,8,14,7,15,6,15,6,16,5,17,4,18,3,18,3,18,3,18,1,18,1,17,1,16,1,16,2,16,2,16,3,15,2,15,3,14,4,15,4,15,5,14,5,14,6,14,6,14,6,14,6,13,0,0,17,21,17,20,17,20,16,18,16,17,15,16,15,14,15,13,15,12,15,10,15,9,15,9,15,7,15,7,15,7,15,7,14,5,15,6,14,6,13,6,13,6,12,6,12,5,11,5,10,5,9,5,9,6,9,6,0,0,0,0,0,0,0,0,0,0,0,0,0,0,24,18,22,20,21,21,19,23,19,25,17,26,17,28,16,30,14,31,13,32,11,31,12,32,11,31,11,30,11,28,11,27,11,27,12,26,12,26,13,25,14,25,15,25,16,25,16,24,18,24,18,23,18,22,18,22]"
618052906444300,34.455595900,91315,1887896478,-51,-98,6,0,1,7,0,0,256,0,0,"[0,0,9,11,9,11,8,10,8,9,8,9,8,8,8,8,8,7,7,6,7,5,8,5,8,4,8,4,8,4,8,3,7,3,8,3,7,3,7,3,7,3,7,3,6,3,6,3,5,3,5,3,5,3,0,0,0,0,0,0,0,0,0,0,0,0,0,0,0,0,0,0,0,0,0,0,12,11,11,12,11,13,10,14,10,15,10,15,9,16,8,17,7,17,7,16,6,16,6,16,6,16,6,15,6,15,7,14,7,14,7,13,8,13,8,13,9,12,9,13,10,12,9,12,10,12,10,12,0,0,22,16,22,14,21,14,20,13,20,12,19,10,19,10,18,9,18,7,17,6,17,5,17,4,17,3,17,3,16,3,16,2,16,2,16,2,15,2,14,3,14,3,13,3,12,2,11,2,11,3,11,3,10,3,9,4,0,0,0,0,0,0,0,0,0,0,0,0,0,0,28,8,27,11,27,14,26,16,25,17,25,18,25,21,25,22,24,24,22,25,21,26,21,25,20,25,20,24,19,24,19,23,19,23,19,21,20,20,20,20,21,19,22,19,22,18,23,18,23,17,24,16,24,16,24,17]"
618052923305700,34.472457300,91316,1887916530,-51,-98,6,0,1,7,0,0,256,0,0,"[0,0,-13,-8,-12,-8,-12,-7,-12,-7,-11,-6,-11,-6,-10,-5,-10,-5,-10,-4,-10,-3,-10,-3,-9,-3,-9,-2,-10,-2,-9,-1,-9,-1,-9,-2,-9,-1,-8,-1,-8,-2,-8,-2,-8,-2,-7,-2,-6,-2,-7,-2,-6,-2,0,0,0,0,0,0,0,0,0,0,0,0,0,0,0,0,0,0,0,0,0,0,-15,-7,-16,-8,-15,-9,-15,-10,-15,-11,-15,-12,-14,-12,-14,-13,-13,-13,-12,-13,-12,-14,-11,-13,-11,-13,-11,-13,-11,-12,-11,-11,-12,-11,-12,-10,-12,-10,-13,-9,-13,-9,-13,-9,-14,-9,-13,-9,-13,-8,-13,-8,0,0,-46,-30,-46,-29,-43,-25,-44,-26,-40,-23,-37,-22,-40,-20,-37,-16,-39,-14,-38,-11,-34,-10,-34,-9,-35,-8,-33,-6,-35,-4,-34,-2,-34,-3,-31,-2,-32,-4,-30,-5,-28,-5,-27,-4,-26,-7,-23,-7,-25,-8,-23,-6,-23,-8,-19,-9,0,0,0,0,0,0,0,0,0,0,0,0,0,0,-57,-19,-56,-24,-57,-30,-54,-33,-58,-36,-52,-36,-53,-42,-52,-47,-50,-49,-49,-50,-48,-51,-43,-54,-42,-52,-40,-53,-39,-51,-39,-47,-39,-45,-42,-43,-41,-41,-44,-40,-43,-37,-45,-37,-46,-38,-48,-34,-48,-38,-49,-33,-48,-32,-49,-33]"
618052944564000,34.493715600,91317,1887941100,-51,-98,6,0,1,7,0,0,256,0,0,"[0,0,-15,-4,-14,-5,-14,-5,-13,-4,-13,-4,-13,-3,-12,-2,-11,-2,-11,-1,-11,-1,-11,0,-10,0,-10,1,-9,1,-10,1,-10,1,-9,1,-9,1,-9,1,-8,1,-8,1,-8,0,-7,0,-7,0,-7,0,-7,0,0,0,0,0,0,0,0,0,0,0,0,0,0,0,0,0,0,0,0,0,0,0,-17,-5,-17,-6,-17,-7,-17,-8,-17,-8,-18,-9,-17,-10,-17,-11,-16,-11,-16,-11,-15,-11,-15,-11,-15,-11,-14,-10,-14,-10,-14,-9,-14,-9,-15,-8,-15,-8,-15,-7,-16,-7,-15,-6,-16,-6,-16,-5,-16,-5,-16,-5,0,0,-28,-1,-28,-1,-26,-1,-25,0,-24,0,-23,1,-22,2,-21,2,-20,3,-19,4,-18,5,-18,5,-17,6,-17,6,-16,7,-16,7,-16,7,-15,7,-15,6,-15,6,-14,5,-14,5,-13,4,-12,4,-12,3,-11,3,-12,2,-11,2,0,0,0,0,0,0,0,0,0,0,0,0,0,0,-30,7,-31,3,-31,1,-32,-1,-32,-2,-32,-4,-34,-5,-34,-7,-34,-9,-34,-10,-33,-11,-33,-11,-32,-12,-31,-11,-30,-11,-29,-10,-29,-9,-29,-9,-28,-8,-29,-6,-29,-5,-30,-4,-30,-3,-31,-3,-30,-2,-30,-2,-30,-1,-30,-1]"
618052966653800,34.515805400,91318,1887956540,-51,-98,6,0,1,7,0,0,256,0,0,"[0,0,-7,-14,-8,-13,-7,-13,-7,-12,-7,-12,-7,-11,-7,-10,-7,-9,-7,-8,-7,-8,-7,-7,-7,-7,-8,-7,-8,-7,-8,-6,-8,-6,-8,-6,-8,-6,-7,-5,-7,-5,-7,-6,-6,-5,-6,-5,-5,-5,-6,-5,-5,-5,0,0,0,0,0,0,0,0,0,0,0,0,0,0,0,0,0,0,0,0,0,0,-10,-14,-10,-15,-9,-16,-9,-17,-8,-17,-7,-18,-6,-19,-6,-19,-5,-19,-4,-19,-4,-18,-4,-18,-4,-17,-4,-17,-4,-17,-5,-16,-5,-16,-6,-16,-6,-16,-7,-15,-7,-15,-7,-16,-8,-15,-8,-15,-8,-15,-8,-15,0,0,-22,-18,-22,-18,-21,-17,-19,-15,-20,-15,-19,-13,-19,-11,-19,-11,-18,-10,-17,-8,-17,-8,-17,-7,-17,-7,-17,-6,-17,-5,-17,-5,-16,-4,-16,-4,-16,-4,-15,-4,-14,-4,-14,-4,-13,-5,-12,-5,-12,-5,-11,-5,-11,-5,-10,-6,0,0,0,0,0,0,0,0,0,0,0,0,0,0,-28,-12,-27,-16,-26,-18,-26,-19,-25,-21,-25,-22,-23,-24,-24,-26,-23,-26,-23,-27,-21,-28,-20,-28,-18,-29,-17,-28,-17,-27,-16,-26,-18,-26,-18,-24,-19,-24,-19,-22,-20,-23,-22,-21,-22,-21,-23,-21,-22,-20,-22,-20,-22,-21,-23,-20]"
618052984419400,34.533571000,91319,1887977626,-51,-98,6,0,1,7,0,0,256,0,0,"[0,0,15,0,14,0,13,0,13,0,12,-1,11,-1,11,-2,10,-2,10,-2,10,-3,9,-3,8,-4,8,-4,8,-4,8,-4,8,-4,7,-4,7,-4,7,-4,7,-4,7,-4,6,-3,6,-3,6,-3,6,-3,6,-2,0,0,0,0,0,0,0,0,0,0,0,0,0,0,0,0,0,0,0,0,0,0,16,-2,17,-1,17,0,17,1,18,2,18,3,18,4,18,5,18,5,17,6,17,5,16,5,16,5,15,5,15,5,15,3,15,3,15,2,15,2,15,1,15,1,15,1,16,1,15,0,15,0,15,0,0,0,27,-6,26,-7,25,-7,23,-7,22,-7,21,-7,20,-8,19,-8,17,-9,16,-10,15,-11,14,-11,14,-11,13,-11,13,-12,12,-12,12,-11,12,-11,12,-10,11,-10,10,-9,11,-9,10,-8,10,-8,9,-7,9,-7,10,-6,10,-5,0,0,0,0,0,0,0,0,0,0,0,0,0,0,26,-15,28,-13,29,-10,30,-8,30,-6,31,-5,33,-4,33,-3,34,-1,34,1,33,2,33,2,32,2,32,2,30,2,30,1,29,1,28,0,29,-1,29,-2,29,-3,28,-3,29,-4,29,-5,28,-6,28,-7,28,-7,28,-7]"
618053005925000,34.555076600,91320,1887996609,-51,-98,6,0,1,7,0,0,256,0,0,"[0,0,-9,-13,-9,-13,-8,-13,-8,-11,-8,-11,-8,-10,-8,-10,-8,-9,-8,-8,-8,-7,-8,-7,-8,-6,-9,-6,-9,-6,-8,-5,-9,-4,-8,-5,-8,-4,-8,-4,-7,-4,-7,-4,-7,-4,-6,-4,-6,-4,-6,-4,-6,-4,0,0,0,0,0,0,0,0,0,0,0,0,0,0,0,0,0,0,0,0,0,0,-11,-14,-10,-15,-10,-16,-9,-17,-8,-18,-8,-18,-7,-18,-6,-19,-6,-19,-5,-19,-4,-18,-5,-18,-4,-17,-5,-17,-5,-17,-6,-15,-6,-16,-7,-15,-7,-15,-8,-15,-8,-15,-8,-15,-9,-15,-9,-15,-9,-14,-9,-14,0,0,-22,-18,-23,-18,-21,-16,-21,-16,-19,-14,-20,-13,-19,-12,-19,-11,-18,-9,-19,-8,-18,-7,-17,-6,-18,-6,-16,-5,-18,-4,-17,-4,-17,-4,-16,-4,-16,-4,-15,-4,-15,-4,-14,-4,-14,-4,-12,-4,-11,-4,-11,-4,-11,-5,-10,-5,0,0,0,0,0,0,0,0,0,0,0,0,0,0,-28,-14,-26,-17,-25,-19,-23,-19,-26,-22,-23,-22,-24,-26,-22,-26,-22,-27,-21,-29,-20,-28,-19,-31,-17,-29,-17,-28,-16,-27,-16,-26,-16,-24,-19,-24,-18,-22,-20,-24,-19,-22,-22,-21,-22,-21,-23,-20,-23,-21,-22,-20,-23,-20,-22,-19]"
618053025422200,34.574573800,91321,1888019037,-51,-98,6,0,1,7,0,0,256,0,0,"[0,0,14,2,14,2,13,2,13,1,12,1,11,1,11,0,10,-1,10,-1,10,-2,9,-2,9,-2,8,-2,8,-3,8,-3,8,-3,7,-3,8,-3,7,-3,7,-3,7,-3,7,-2,6,-2,6,-2,6,-2,6,-1,0,0,0,0,0,0,0,0,0,0,0,0,0,0,0,0,0,0,0,0,0,0,16,1,17,2,17,3,17,4,17,5,18,6,17,7,17,8,17,8,16,8,15,8,15,8,14,8,14,7,14,7,14,6,15,6,14,5,14,5,14,4,14,4,15,3,15,4,15,3,15,3,15,2,0,0,28,0,26,-1,26,-1,24,-2,23,-3,22,-3,21,-3,20,-4,20,-4,17,-6,17,-7,16,-8,16,-8,16,-9,14,-9,14,-8,14,-8,14,-8,14,-8,13,-8,12,-6,13,-6,12,-5,12,-5,11,-5,11,-4,10,-3,10,-3,0,0,0,0,0,0,0,0,0,0,0,0,0,0,28,-10,29,-7,31,-4,32,-3,31,-1,31,1,32,2,35,4,33,6,34,7,33,9,31,8,31,8,32,7,29,8,30,6,30,7,27,7,29,6,29,4,29,3,29,3,29,2,30,2,29,0,29,0,29,-2,30,-2]"
618053042984500,34.592136100,91322,1888036519,-51,-98,6,0,1,7,0,0,256,0,0,"[0,0,12,8,12,7,11,7,11,7,10,6,10,5,9,5,9,5,9,4,9,3,9,2,9,1,9,1,8,1,9,1,8,1,8,1,8,0,8,1,8,1,7,1,7,1,6,1,6,1,6,1,6,1,0,0,0,0,0,0,0,0,0,0,0,0,0,0,0,0,0,0,0,0,0,0,15,6,15,7,15,8,15,9,15,10,15,11,14,12,13,13,13,13,12,13,12,13,12,12,11,12,11,12,11,11,11,11,11,11,12,10,12,9,12,10,12,9,12,9,13,9,13,8,13,8,13,8,0,0,54,16,52,14,50,12,47,11,45,10,42,8,42,8,40,6,40,3,37,0,36,-2,36,-4,35,-4,35,-5,33,-6,33,-6,32,-6,31,-7,29,-5,30,-5,28,-3,28,-3,26,-3,25,-2,24,-2,23,0,22,1,21,1,0,0,0,0,0,0,0,0,0,0,0,0,0,0,60,-3,60,3,61,7,62,12,61,16,61,20,63,23,62,26,60,30,59,34,59,37,57,35,55,33,55,34,52,33,52,31,52,30,50,28,52,26,53,25,52,22,53,22,54,20,56,21,56,17,55,15,57,16,56,15]"
618053067184600,34.616336200,91323,1888057526,-51,-98,6,0,1,7,0,0,256,0,0,"[0,0,-8,-14,-9,-11,-9,-13,-8,-10,-9,-11,-8,-9,-8,-9,-8,-8,-8,-8,-8,-7,-9,-6,-8,-6,-8,-6,-9,-5,-9,-5,-9,-5,-8,-4,-9,-4,-8,-4,-8,-4,-7,-4,-7,-5,-6,-4,-6,-4,-6,-4,-6,-4,0,0,0,0,0,0,0,0,0,0,0,0,0,0,0,0,0,0,0,0,0,0,-11,-14,-11,-15,-10,-15,-10,-17,-9,-17,-9,-19,-8,-18,-7,-19,-6,-18,-6,-18,-6,-18,-5,-17,-5,-17,-6,-16,-6,-17,-6,-15,-7,-16,-7,-15,-7,-15,-8,-15,-8,-15,-8,-14,-10,-14,-10,-14,-8,-14,-8,-14,0,0,-22,-19,-21,-17,-18,-16,-20,-15,-19,-14,-21,-12,-21,-11,-18,-12,-18,-8,-17,-8,-19,-8,-19,-6,-17,-6,-18,-4,-17,-5,-18,-3,-16,-3,-16,-3,-17,-4,-16,-4,-14,-4,-14,-4,-13,-4,-13,-4,-12,-4,-11,-4,-11,-5,-11,-5,0,0,0,0,0,0,0,0,0,0,0,0,0,0,-28,-13,-27,-16,-26,-18,-25,-20,-24,-21,-24,-23,-23,-25,-23,-26,-21,-28,-21,-28,-19,-29,-19,-29,-20,-28,-18,-27,-17,-27,-19,-26,-17,-26,-18,-23,-17,-24,-20,-25,-22,-23,-19,-21,-19,-20,-22,-21,-22,-20,-27,-18,-23,-18,-22,-19]"
618053084073600,34.633225200,91324,1888076656,-51,-98,6,0,1,7,0,0,256,0,0,"[0,0,2,-15,1,-15,1,-14,1,-14,1,-13,0,-13,0,-12,0,-12,-1,-11,-1,-11,-2,-11,-2,-10,-3,-10,-3,-9,-3,-9,-3,-9,-4,-9,-3,-8,-4,-9,-3,-8,-3,-8,-2,-8,-2,-7,-2,-7,-2,-7,-1,-6,0,0,0,0,0,0,0,0,0,0,0,0,0,0,0,0,0,0,0,0,0,0,1,-18,2,-18,3,-18,3,-18,5,-19,6,-18,7,-18,8,-18,8,-18,8,-17,8,-16,8,-16,8,-16,7,-15,7,-15,6,-15,5,-15,5,-16,4,-16,4,-16,3,-16,3,-16,3,-17,3,-16,2,-16,3,-16,0,0,-1,-29,-2,-27,-2,-27,-2,-25,-3,-24,-3,-23,-4,-22,-4,-21,-5,-19,-6,-18,-7,-18,-8,-17,-9,-17,-8,-16,-8,-15,-9,-15,-9,-14,-9,-15,-8,-14,-8,-14,-7,-14,-7,-13,-6,-12,-6,-12,-5,-11,-5,-12,-4,-11,-4,-11,0,0,0,0,0,0,0,0,0,0,0,0,0,0,-9,-29,-6,-30,-3,-31,-2,-33,0,-31,2,-33,3,-33,5,-35,7,-34,7,-35,10,-34,9,-33,9,-32,9,-31,8,-31,7,-30,7,-30,6,-28,6,-30,4,-29,3,-30,2,-30,1,-30,1,-31,0,-29,-1,-30,-1,-30,-1,-30]"
618053102640700,34.651792300,91325,1888097067,-51,-98,6,0,1,7,0,0,256,0,0,"[0,0,8,10,8,10,8,9,7,9,7,8,7,8,7,7,7,6,7,5,7,5,7,4,7,4,7,4,7,3,8,3,7,2,7,3,7,2,7,2,6,2,6,2,6,3,5,3,5,3,5,2,5,3,0,0,0,0,0,0,0,0,0,0,0,0,0,0,0,0,0,0,0,0,0,0,11,11,10,11,10,13,9,13,9,14,8,15,8,15,7,16,6,16,6,16,6,15,5,14,5,14,5,14,5,14,6,13,6,12,7,12,7,12,7,12,8,12,8,11,9,12,8,11,9,11,8,11,0,0,17,20,18,19,17,18,17,17,16,16,16,15,15,14,15,12,14,11,16,10,15,8,16,7,16,6,14,7,16,5,15,5,15,4,16,4,14,4,14,5,12,6,12,5,11,4,11,5,11,4,9,4,10,5,8,5,0,0,0,0,0,0,0,0,0,0,0,0,0,0,25,16,24,19,24,21,21,23,21,25,20,25,18,28,19,29,17,31,15,32,13,31,13,31,14,30,13,30,13,28,13,27,12,27,13,26,14,25,14,25,16,24,16,24,16,23,18,23,19,23,19,22,19,20,20,20]"
618053123610100,34.672761700,91326,1888117141,-51,-98,6,0,1,7,0,0,256,0,0,"[0,0,-16,2,-14,2,-14,1,-13,1,-13,2,-12,2,-12,2,-11,3,-10,3,-10,4,-10,4,-9,4,-8,4,-8,4,-8,5,-7,5,-7,5,-7,4,-7,4,-8,4,-7,4,-6,3,-6,4,-6,3,-6,3,-6,2,0,0,0,0,0,0,0,0,0,0,0,0,0,0,0,0,0,0,0,0,0,0,-17,2,-17,1,-18,0,-18,-1,-19,-2,-19,-3,-20,-3,-19,-4,-19,-5,-18,-5,-18,-5,-17,-4,-17,-4,-16,-4,-16,-3,-17,-3,-16,-3,-16,-2,-16,-1,-16,0,-16,0,-16,0,-17,1,-16,0,-16,1,-16,1,0,0,-25,13,-24,14,-23,12,-20,12,-20,12,-18,13,-18,14,-16,14,-14,13,-14,14,-13,13,-13,13,-12,14,-11,14,-9,14,-10,13,-10,13,-10,14,-8,13,-9,13,-8,12,-8,11,-9,10,-8,10,-8,9,-7,8,-8,8,-9,7,0,0,0,0,0,0,0,0,0,0,0,0,0,0,-22,20,-25,17,-27,16,-28,15,-29,14,-30,13,-32,11,-32,10,-33,11,-35,9,-34,8,-35,6,-34,4,-33,5,-31,5,-30,5,-30,6,-29,8,-29,8,-28,8,-28,10,-27,12,-27,13,-27,13,-27,13,-27,14,-26,13,-26,13]"
618053144196700,34.693348300,91327,1888138991,-51,-98,6,0,1,7,0,0,256,0,0,"[0,0,-15,-3,-15,-3,-14,-3,-14,-2,-12,-2,-12,-1,-12,-1,-11,-1,-11,0,-10,1,-10,1,-10,1,-9,1,-9,2,-9,2,-9,2,-9,2,-9,2,-8,2,-8,2,-8,2,-7,1,-7,1,-7,1,-7,1,-7,1,0,0,0,0,0,0,0,0,0,0,0,0,0,0,0,0,0,0,0,0,0,0,-18,-1,-17,-2,-18,-3,-18,-4,-19,-5,-18,-6,-18,-7,-18,-8,-18,-8,-17,-9,-17,-9,-16,-8,-16,-8,-15,-8,-15,-7,-16,-6,-15,-6,-16,-6,-15,-5,-16,-4,-16,-4,-16,-4,-17,-3,-16,-3,-16,-3,-16,-3,0,0,-28,5,-27,5,-26,5,-25,5,-24,5,-23,6,-22,6,-20,7,-19,7,-18,8,-17,9,-17,9,-15,10,-15,9,-14,10,-14,10,-14,10,-13,10,-13,9,-13,9,-13,8,-12,7,-12,7,-11,6,-11,6,-10,6,-11,5,-11,4,0,0,0,0,0,0,0,0,0,0,0,0,0,0,-27,14,-30,11,-30,9,-31,7,-32,5,-32,4,-34,3,-35,1,-35,-1,-36,-3,-35,-5,-34,-4,-34,-4,-32,-4,-32,-4,-31,-3,-31,-2,-30,-2,-30,-1,-30,0,-30,1,-30,2,-30,2,-30,3,-30,4,-30,4,-30,5,-30,5]"
618053163558000,34.712709600,91328,1888158255,-51,-98,6,0,1,7,0,0,256,0,0,"[0,0,-2,14,-1,15,-1,13,-1,13,0,12,0,12,1,11,1,11,1,10,2,10,2,9,2,9,2,9,3,8,3,8,3,7,3,8,3,7,3,7,3,7,3,6,3,7,2,6,2,6,2,6,1,6,0,0,0,0,0,0,0,0,0,0,0,0,0,0,0,0,0,0,0,0,0,0,0,17,-1,17,-2,17,-2,17,-4,19,-5,18,-5,18,-6,18,-7,18,-8,17,-7,16,-7,16,-7,15,-7,15,-6,15,-5,15,-5,14,-4,16,-3,15,-3,15,-3,15,-2,16,-2,16,-2,16,-2,16,-2,15,0,0,4,27,5,26,5,25,5,23,5,22,6,22,6,20,6,19,7,18,7,17,8,16,8,16,9,14,9,14,10,13,10,13,9,13,9,13,9,13,8,12,7,12,7,11,6,11,6,10,5,10,5,10,4,10,4,10,0,0,0,0,0,0,0,0,0,0,0,0,0,0,13,26,11,28,9,29,7,30,6,30,5,32,4,33,1,34,0,34,-2,34,-3,33,-4,33,-4,33,-5,32,-4,31,-3,29,-3,30,-1,28,-1,29,0,28,1,29,3,28,2,29,4,29,4,29,4,29,5,29,5,29]"
618053182753100,34.731904700,91329,1888177429,-50,-98,6,0,1,7,0,0,256,0,0,"[0,0,4,14,4,13,4,12,4,12,4,11,4,11,4,10,5,9,5,9,5,8,5,8,5,7,6,7,6,6,6,6,6,6,6,6,5,6,5,6,5,6,5,5,4,5,4,5,4,5,4,5,3,5,0,0,0,0,0,0,0,0,0,0,0,0,0,0,0,0,0,0,0,0,0,0,6,15,5,15,5,16,4,16,4,18,2,17,2,18,0,18,0,18,-1,18,-1,17,-1,17,-1,17,0,16,0,16,1,16,1,15,2,16,2,15,3,15,3,15,3,15,4,15,4,15,4,15,4,14,0,0,-2,29,-2,26,-2,26,-1,24,-1,24,-1,23,0,22,2,20,3,19,4,17,3,17,5,17,5,16,6,17,6,15,6,14,5,15,6,14,6,13,5,13,4,13,5,13,4,12,3,11,3,10,4,9,2,9,1,9,0,0,0,0,0,0,0,0,0,0,0,0,0,0,5,30,2,32,0,32,-3,33,-4,31,-6,32,-8,33,-9,34,-12,33,-11,34,-14,33,-13,31,-13,30,-13,29,-13,30,-12,28,-11,30,-10,27,-10,27,-7,27,-7,29,-7,28,-5,29,-4,30,-4,28,-3,28,-2,30,-3,29]"
618053206148100,34.755299700,91330,1888199403,-51,-98,6,0,1,7,0,0,256,0,0,"[0,0,14,-4,13,-4,13,-4,13,-4,11,-4,11,-4,10,-4,9,-5,9,-5,8,-5,8,-6,7,-6,7,-6,7,-6,7,-6,7,-6,6,-6,6,-6,6,-6,6,-5,6,-5,5,-5,5,-5,5,-4,5,-4,5,-3,0,0,0,0,0,0,0,0,0,0,0,0,0,0,0,0,0,0,0,0,0,0,16,-6,16,-5,17,-4,17,-4,18,-3,18,-2,18,-1,19,0,19,1,18,1,17,1,17,1,16,1,16,1,16,0,15,0,16,-1,16,-1,15,-2,15,-2,15,-3,15,-3,16,-4,15,-4,15,-4,15,-4,0,0,24,-13,24,-14,22,-13,21,-14,19,-13,18,-14,17,-14,16,-14,14,-14,14,-14,13,-14,12,-14,11,-14,10,-14,10,-15,9,-14,9,-14,9,-14,8,-14,8,-13,8,-13,8,-12,8,-11,8,-10,8,-10,7,-9,8,-9,8,-7,0,0,0,0,0,0,0,0,0,0,0,0,0,0,22,-21,25,-18,26,-16,26,-15,28,-16,28,-14,31,-13,32,-12,33,-11,34,-9,33,-9,34,-7,33,-5,32,-5,30,-5,30,-5,28,-6,29,-8,28,-9,28,-9,27,-10,26,-12,27,-13,26,-14,28,-14,27,-13,26,-13,26,-14]"
618053226687500,34.775839100,91331,1888219727,-51,-98,6,0,1,7,0,0,256,0,0,"[0,0,-14,-5,-14,-5,-13,-5,-13,-4,-12,-4,-12,-3,-11,-3,-11,-2,-11,-2,-11,-1,-10,-1,-10,0,-10,0,-9,0,-10,1,-9,1,-9,0,-9,1,-9,1,-8,0,-8,0,-8,0,-7,0,-7,0,-7,0,-7,-1,0,0,0,0,0,0,0,0,0,0,0,0,0,0,0,0,0,0,0,0,0,0,-17,-4,-17,-5,-17,-6,-16,-7,-17,-8,-16,-10,-16,-10,-16,-11,-15,-11,-15,-12,-15,-11,-14,-11,-14,-11,-14,-10,-13,-10,-14,-9,-13,-8,-14,-8,-14,-8,-14,-7,-14,-7,-15,-7,-16,-6,-15,-6,-15,-6,-15,-5,0,0,-29,-1,-28,-1,-27,-1,-25,-1,-24,0,-23,1,-23,1,-21,2,-21,3,-19,4,-18,5,-18,5,-17,6,-17,6,-16,7,-16,7,-16,7,-15,7,-15,6,-15,6,-14,5,-14,4,-13,4,-12,4,-12,4,-12,3,-12,2,-12,1,0,0,0,0,0,0,0,0,0,0,0,0,0,0,-30,6,-31,3,-32,1,-32,-1,-32,-2,-33,-4,-34,-5,-34,-7,-35,-9,-34,-11,-33,-12,-33,-12,-32,-12,-31,-12,-30,-12,-30,-10,-29,-10,-29,-9,-29,-8,-30,-7,-29,-6,-30,-6,-30,-5,-30,-4,-30,-3,-30,-2,-30,-2,-30,-2]"
618053245023200,34.794174800,91332,1888236463,-51,-98,6,0,1,7,0,0,256,0,0,"[0,0,5,-14,4,-14,4,-13,4,-13,3,-13,2,-12,2,-12,2,-12,1,-11,1,-11,1,-10,0,-10,-1,-10,-1,-10,-1,-10,-1,-9,-1,-9,-1,-9,-1,-9,0,-8,-1,-8,0,-8,0,-7,0,-7,0,-7,0,-6,0,0,0,0,0,0,0,0,0,0,0,0,0,0,0,0,0,0,0,0,0,0,3,-17,4,-17,4,-17,5,-17,6,-18,8,-17,9,-17,9,-17,10,-16,10,-16,10,-15,10,-15,9,-14,9,-14,8,-14,8,-14,8,-14,7,-15,7,-15,6,-15,6,-15,6,-16,5,-15,5,-15,5,-15,5,-15,0,0,-2,-29,-2,-28,-2,-27,-2,-25,-3,-24,-3,-23,-4,-22,-5,-21,-5,-20,-6,-19,-7,-18,-8,-18,-8,-17,-8,-17,-8,-16,-8,-16,-8,-15,-9,-15,-8,-15,-7,-14,-6,-14,-6,-13,-6,-12,-5,-12,-5,-12,-5,-12,-3,-11,-2,-11,0,0,0,0,0,0,0,0,0,0,0,0,0,0,-11,-29,-8,-31,-6,-31,-4,-32,-3,-33,-1,-33,1,-34,3,-35,4,-35,6,-35,7,-35,7,-34,8,-33,7,-32,7,-31,6,-30,6,-30,5,-30,4,-30,4,-30,2,-30,1,-30,0,-30,0,-31,-1,-30,-2,-31,-2,-30,-2,-30]"
618053266960800,34.816112400,91333,1888261339,-51,-98,6,0,1,7,0,0,256,0,0,"[0,0,9,-12,8,-12,8,-11,8,-11,7,-11,6,-11,5,-10,5,-10,5,-10,4,-10,3,-10,3,-9,3,-9,2,-9,2,-9,2,-9,1,-9,2,-9,1,-8,2,-8,2,-8,1,-8,2,-8,2,-7,2,-7,2,-6,0,0,0,0,0,0,0,0,0,0,0,0,0,0,0,0,0,0,0,0,0,0,9,-15,9,-15,10,-15,11,-14,12,-14,13,-14,14,-13,14,-13,14,-12,15,-11,14,-10,14,-10,14,-10,13,-10,13,-10,12,-10,12,-11,12,-11,11,-12,10,-12,10,-12,10,-13,10,-13,10,-13,9,-12,10,-13,0,0,10,-55,10,-56,8,-53,7,-50,6,-47,3,-45,2,-44,1,-42,-1,-41,-3,-40,-5,-38,-5,-38,-7,-36,-8,-35,-9,-35,-9,-33,-10,-33,-9,-32,-9,-31,-9,-31,-8,-30,-7,-28,-6,-27,-5,-25,-4,-24,-3,-24,-2,-24,-1,-22,0,0,0,0,0,0,0,0,0,0,0,0,0,0,-4,-62,4,-62,8,-62,10,-62,13,-64,15,-62,20,-66,25,-65,25,-66,30,-64,31,-63,34,-62,34,-57,34,-56,32,-54,30,-54,27,-53,25,-56,22,-54,22,-57,19,-55,16,-58,16,-58,13,-60,16,-61,15,-58,14,-58,14,-58]"
618053283350600,34.832502200,91334,1888278356,-51,-98,6,0,1,7,0,0,256,0,0,"[0,0,-2,14,-2,14,-2,13,-2,13,-1,12,0,12,0,11,1,10,1,10,1,10,1,9,2,9,2,8,2,8,2,8,3,8,3,8,2,8,3,8,2,7,2,7,2,6,1,7,1,6,1,6,1,5,0,0,0,0,0,0,0,0,0,0,0,0,0,0,0,0,0,0,0,0,0,0,0,16,-1,17,-2,17,-3,17,-4,18,-5,18,-6,18,-6,17,-7,17,-8,17,-8,16,-8,15,-7,15,-7,15,-6,15,-6,14,-5,15,-5,15,-4,15,-3,15,-4,15,-3,15,-3,16,-2,15,-3,15,-2,15,0,0,5,26,6,26,6,23,6,24,6,22,6,21,7,20,7,19,7,18,9,16,9,15,10,14,10,13,9,13,11,13,10,12,10,13,10,11,9,12,9,11,8,11,7,11,7,10,7,10,6,9,5,9,5,10,4,9,0,0,0,0,0,0,0,0,0,0,0,0,0,0,15,25,12,27,10,27,8,28,7,31,5,29,4,33,3,32,0,34,-1,34,-3,33,-2,34,-2,32,-2,31,-2,30,-1,29,-1,28,-1,29,0,27,1,29,2,27,3,28,4,28,4,28,6,29,6,28,7,27,6,27]"
618053306256200,34.855407800,91335,1888296838,-51,-98,6,0,1,7,0,0,256,0,0,"[0,0,-11,10,-9,10,-10,10,-9,10,-8,10,-8,9,-6,9,-6,9,-6,9,-5,9,-5,9,-4,8,-3,8,-3,8,-3,8,-3,8,-3,8,-3,8,-3,8,-3,7,-3,7,-2,7,-3,6,-2,6,-3,6,-3,5,0,0,0,0,0,0,0,0,0,0,0,0,0,0,0,0,0,0,0,0,0,0,-10,13,-12,13,-12,12,-13,13,-14,12,-15,11,-16,11,-17,10,-16,10,-16,9,-16,9,-16,8,-15,8,-14,8,-14,9,-13,8,-13,9,-13,10,-13,10,-12,10,-12,10,-12,11,-12,11,-11,12,-11,12,-11,11,0,0,-9,27,-7,26,-7,25,-7,24,-6,24,-5,22,-4,21,-4,20,-2,20,-1,18,0,18,1,18,2,17,2,17,3,17,3,17,3,16,3,16,2,15,2,15,1,14,2,14,1,13,1,12,1,12,0,12,0,11,-1,10,0,0,0,0,0,0,0,0,0,0,0,0,0,0,-2,30,-6,30,-7,30,-9,31,-10,30,-12,30,-13,31,-17,31,-17,30,-19,29,-20,29,-20,28,-20,27,-19,26,-18,25,-17,25,-18,26,-16,25,-15,25,-14,26,-13,26,-12,27,-11,27,-11,28,-10,29,-9,27,-9,28,-10,28]"
618053327704000,34.876855600,91336,1888320815,-51,-98,6,0,1,7,0,0,256,0,0,"[0,0,12,9,11,8,10,8,11,7,11,6,10,6,10,6,10,5,9,4,9,3,9,3,9,2,8,2,8,1,9,1,8,0,8,1,8,1,8,1,8,1,8,1,7,2,6,1,6,1,6,1,6,1,0,0,0,0,0,0,0,0,0,0,0,0,0,0,0,0,0,0,0,0,0,0,14,8,14,9,14,10,13,11,13,12,13,12,12,13,12,14,12,14,11,15,10,14,10,14,10,13,9,13,9,12,10,11,10,11,11,11,11,11,11,10,12,10,12,10,13,10,12,10,12,9,12,9,0,0,54,5,55,3,52,2,49,2,48,1,46,-1,43,0,41,-3,38,-5,39,-10,37,-10,35,-11,33,-11,32,-11,32,-13,31,-13,30,-13,31,-13,29,-12,30,-10,27,-9,26,-8,25,-9,24,-9,23,-7,21,-5,23,-5,22,-3,0,0,0,0,0,0,0,0,0,0,0,0,0,0,60,-12,62,-6,60,-3,63,3,66,6,63,6,68,12,68,16,66,20,66,25,64,25,64,26,64,25,60,24,58,24,57,22,55,20,55,18,55,15,56,16,57,14,60,12,59,10,60,8,59,6,61,4,58,5,60,4]"
618053342546200,34.891697800,91337,1888336642,-51,-98,6,0,1,7,0,0,256,0,0,"[0,0,14,5,13,5,12,4,13,4,12,4,11,3,11,3,10,2,10,1,10,1,9,0,9,0,9,0,9,-1,9,-1,8,-2,8,-1,8,-1,8,-2,7,-1,7,-1,7,-1,6,-1,6,0,6,0,5,0,0,0,0,0,0,0,0,0,0,0,0,0,0,0,0,0,0,0,0,0,0,0,16,5,16,6,15,6,16,7,16,8,16,9,16,10,15,11,14,11,14,12,13,11,13,11,12,11,12,11,12,10,13,8,13,8,13,8,13,8,14,7,14,7,14,6,14,6,14,6,14,6,14,5,0,0,27,2,26,1,25,1,24,1,23,0,22,-1,21,-1,20,-2,19,-4,18,-4,17,-5,17,-5,16,-6,16,-6,15,-7,15,-7,14,-7,14,-7,13,-7,13,-6,13,-6,12,-5,12,-4,12,-4,11,-4,11,-3,10,-3,10,-2,0,0,0,0,0,0,0,0,0,0,0,0,0,0,28,-5,29,-2,30,0,30,2,31,3,30,5,32,7,32,8,32,9,32,11,31,11,30,13,30,13,28,13,27,12,27,11,27,10,27,9,27,8,28,7,28,6,28,5,28,4,29,3,29,4,29,4,28,3,29,2]"
618053362660100,34.911811700,91338,1888356848,-51,-98,6,0,1,7,0,0,256,0,0,"[0,0,15,2,14,2,13,1,13,1,13,0,12,0,11,0,11,-1,10,-1,10,-2,9,-2,9,-3,9,-2,8,-3,8,-4,8,-3,8,-3,8,-3,8,-3,8,-3,7,-3,6,-2,6,-2,6,-2,6,-2,6,-2,0,0,0,0,0,0,0,0,0,0,0,0,0,0,0,0,0,0,0,0,0,0,17,1,17,1,17,2,17,3,18,4,18,5,18,6,18,7,17,7,17,8,16,8,16,8,15,7,15,7,15,7,15,6,15,5,15,4,15,4,16,3,16,3,16,3,16,3,16,2,15,2,16,2,0,0,26,-6,25,-7,25,-7,22,-6,22,-7,21,-7,20,-8,18,-8,17,-8,16,-9,15,-10,15,-10,14,-11,13,-10,13,-11,13,-11,11,-11,12,-10,11,-11,11,-9,11,-9,10,-8,10,-8,10,-8,10,-7,9,-6,9,-6,10,-5,0,0,0,0,0,0,0,0,0,0,0,0,0,0,26,-14,27,-11,28,-9,29,-8,30,-8,31,-6,32,-4,34,-3,34,-1,34,1,33,1,32,3,33,3,31,3,30,3,29,2,29,1,28,-1,29,-1,28,-1,29,-3,28,-4,28,-4,28,-5,28,-5,28,-6,28,-6,28,-6]"
618053384207700,34.933359300,91339,1888378676,-51,-98,6,0,1,7,0,0,256,0,0,"[0,0,8,12,8,12,7,11,7,10,7,10,7,9,6,8,7,8,7,7,7,6,7,6,7,5,7,5,7,5,7,5,7,4,7,4,7,3,6,4,6,4,6,4,5,4,5,4,5,4,5,3,4,4,0,0,0,0,0,0,0,0,0,0,0,0,0,0,0,0,0,0,0,0,0,0,11,12,11,12,10,14,9,14,9,16,8,16,8,17,7,17,6,17,6,17,5,16,5,16,5,16,5,15,5,15,6,14,6,14,6,14,6,14,8,13,8,13,8,13,8,14,8,13,8,13,8,12,0,0,21,18,21,17,20,16,20,15,18,14,18,12,18,11,18,10,18,9,17,8,17,7,16,6,16,6,16,4,17,4,16,4,16,3,15,4,15,3,15,4,13,4,13,3,13,4,11,3,11,4,10,4,10,4,9,5,0,0,0,0,0,0,0,0,0,0,0,0,0,0,28,12,27,15,26,17,24,18,25,21,23,21,24,24,22,25,22,26,21,27,20,27,19,29,17,28,17,27,17,26,16,25,16,24,18,24,17,22,19,23,19,21,21,20,21,20,22,20,23,20,22,19,22,19,22,18]"
618053406009300,34.955160900,91340,1888403935,-50,-98,6,0,1,7,0,0,256,0,0,"[0,0,12,8,12,7,12,7,11,6,11,6,11,5,10,4,10,4,10,3,9,3,9,2,9,2,9,1,9,1,9,1,9,1,8,0,8,0,8,0,8,1,7,1,7,1,6,1,6,1,6,1,6,1,0,0,0,0,0,0,0,0,0,0,0,0,0,0,0,0,0,0,0,0,0,0,14,7,15,8,14,8,14,9,14,10,14,12,13,12,13,13,12,13,12,13,11,13,11,13,11,12,10,12,11,12,11,11,11,11,11,10,12,10,12,9,12,9,13,9,13,9,13,8,13,8,13,8,0,0,35,45,36,41,34,37,34,38,31,34,31,31,28,29,29,28,29,26,31,23,31,19,28,17,30,17,30,13,31,14,32,13,28,12,29,11,28,12,26,13,25,13,24,13,23,13,21,11,21,12,18,11,17,13,17,13,0,0,0,0,0,0,0,0,0,0,0,0,0,0,52,34,48,38,47,44,43,47,43,49,38,53,40,57,36,58,33,61,31,64,26,65,27,65,27,62,26,60,25,56,24,55,24,52,27,54,28,51,31,52,30,48,32,48,34,48,35,47,38,47,38,46,37,45,37,45]"
618053424401400,34.973553000,91341,1888422223,-51,-98,6,0,1,7,0,0,256,0,0,"[0,0,3,-15,1,-15,2,-14,1,-14,1,-14,1,-13,0,-12,0,-12,-1,-11,-1,-11,-2,-11,-2,-10,-2,-10,-3,-10,-3,-10,-3,-9,-3,-9,-3,-8,-3,-8,-2,-8,-3,-8,-2,-8,-2,-8,-2,-7,-2,-7,-1,-6,0,0,0,0,0,0,0,0,0,0,0,0,0,0,0,0,0,0,0,0,0,0,1,-17,2,-17,3,-18,4,-18,4,-19,5,-18,7,-18,8,-18,7,-17,8,-17,8,-16,8,-16,8,-16,7,-16,7,-15,6,-15,5,-15,5,-16,4,-15,4,-16,3,-16,3,-16,3,-17,2,-16,2,-16,3,-16,0,0,-9,-27,-9,-26,-9,-25,-9,-23,-9,-22,-9,-21,-9,-21,-9,-19,-10,-18,-10,-16,-11,-15,-11,-15,-12,-14,-12,-14,-12,-13,-12,-13,-12,-12,-12,-12,-11,-12,-11,-12,-10,-12,-10,-10,-8,-10,-8,-10,-8,-10,-7,-10,-6,-9,-6,-10,0,0,0,0,0,0,0,0,0,0,0,0,0,0,-16,-25,-14,-27,-12,-29,-11,-30,-10,-30,-8,-31,-7,-32,-6,-34,-4,-34,-2,-35,-1,-34,0,-33,-1,-33,0,-32,0,-31,-1,-31,-2,-31,-2,-29,-3,-29,-4,-28,-5,-29,-6,-29,-7,-29,-8,-30,-8,-28,-9,-29,-9,-28,-9,-29]"
618053444496500,34.993648100,91342,1888439590,-51,-98,6,0,1,7,0,0,256,0,0,"[0,0,8,12,8,12,7,11,7,10,7,10,7,9,7,9,7,8,6,7,7,6,7,6,7,5,7,5,7,4,7,4,7,4,7,4,7,3,7,4,6,4,6,4,5,3,5,4,5,4,4,4,4,3,0,0,0,0,0,0,0,0,0,0,0,0,0,0,0,0,0,0,0,0,0,0,11,13,10,13,10,14,9,15,8,15,8,16,7,17,6,17,6,17,5,17,4,17,4,16,4,16,4,16,5,15,5,14,5,14,6,14,7,14,7,14,7,14,8,13,8,14,8,13,8,13,8,13,0,0,22,16,22,15,21,14,21,14,20,12,19,11,19,10,18,9,18,8,18,6,17,5,17,4,17,3,16,3,17,3,16,2,16,2,16,2,15,2,15,3,14,3,13,3,13,2,12,2,12,2,10,3,10,3,10,4,0,0,0,0,0,0,0,0,0,0,0,0,0,0,29,10,27,13,27,15,25,17,26,19,24,20,25,23,24,23,23,26,21,27,20,27,21,27,20,26,19,26,19,24,19,23,18,22,19,22,19,21,20,21,21,20,21,20,22,20,23,19,24,18,24,17,25,16,23,17]"
618053464270900,35.013422500,91343,1888456508,-51,-98,6,0,1,7,0,0,256,0,0,"[0,0,10,-11,9,-12,8,-11,8,-11,7,-11,7,-10,6,-10,6,-10,5,-9,5,-10,4,-9,3,-10,2,-9,2,-9,2,-9,2,-9,2,-9,2,-9,2,-9,2,-8,2,-8,2,-7,2,-7,2,-7,2,-6,2,-6,0,0,0,0,0,0,0,0,0,0,0,0,0,0,0,0,0,0,0,0,0,0,9,-15,10,-14,11,-14,12,-14,13,-13,14,-13,14,-12,15,-11,15,-11,15,-11,15,-9,15,-10,14,-9,13,-9,13,-10,12,-10,12,-10,12,-11,11,-11,11,-11,11,-12,11,-12,11,-13,10,-12,10,-13,10,-12,0,0,13,-53,12,-51,12,-52,10,-47,9,-47,6,-45,5,-43,3,-41,2,-40,-1,-38,-1,-38,-3,-36,-4,-35,-6,-35,-6,-34,-6,-34,-7,-32,-6,-32,-7,-31,-7,-30,-6,-29,-4,-27,-3,-26,-2,-25,-2,-24,-2,-24,0,-22,1,-21,0,0,0,0,0,0,0,0,0,0,0,0,0,0,-2,-59,5,-61,10,-59,13,-61,15,-61,19,-61,22,-62,27,-65,28,-62,31,-61,33,-58,34,-57,36,-55,35,-54,33,-52,30,-50,29,-53,26,-51,26,-53,24,-52,22,-55,20,-56,18,-55,17,-56,17,-56,16,-56,17,-56,16,-57]"
618053487933800,35.037085400,91344,1888478481,-51,-98,6,0,1,7,0,0,256,0,0,"[0,0,-15,-5,-15,-5,-13,-5,-14,-4,-13,-4,-13,-3,-12,-3,-11,-2,-11,-2,-11,-1,-11,-1,-10,-1,-10,0,-9,0,-10,1,-9,1,-9,1,-9,1,-9,1,-9,1,-8,1,-8,0,-8,0,-7,0,-7,0,-6,0,0,0,0,0,0,0,0,0,0,0,0,0,0,0,0,0,0,0,0,0,0,0,-18,-4,-17,-5,-18,-6,-17,-7,-18,-8,-17,-9,-17,-10,-17,-11,-17,-11,-16,-11,-15,-12,-14,-11,-14,-11,-14,-11,-14,-9,-15,-9,-14,-8,-15,-8,-15,-7,-15,-7,-15,-7,-15,-6,-16,-7,-15,-6,-15,-6,-15,-5,0,0,-28,3,-27,4,-26,4,-24,4,-23,5,-22,5,-21,5,-20,5,-19,6,-17,7,-16,9,-16,9,-15,9,-15,9,-14,9,-14,9,-14,9,-13,9,-13,8,-13,8,-13,7,-12,6,-11,6,-11,6,-10,6,-11,5,-11,4,-11,3,0,0,0,0,0,0,0,0,0,0,0,0,0,0,-27,13,-29,10,-30,8,-31,6,-32,5,-31,3,-33,2,-34,0,-35,-2,-35,-4,-34,-5,-34,-5,-33,-4,-32,-4,-31,-4,-30,-3,-30,-4,-29,-3,-29,-2,-30,-1,-29,0,-29,0,-29,1,-30,1,-30,3,-30,5,-29,5,-29,4]"
618053506967400,35.056119000,91345,1888496577,-51,-98,6,0,1,7,0,0,256,0,0,"[0,0,-1,-15,-1,-15,-1,-14,-1,-14,-1,-13,-2,-13,-2,-12,-3,-11,-2,-10,-3,-10,-4,-10,-4,-9,-4,-9,-5,-9,-5,-8,-4,-8,-5,-9,-4,-8,-4,-8,-4,-7,-4,-7,-4,-7,-4,-7,-3,-7,-3,-6,-2,-6,0,0,0,0,0,0,0,0,0,0,0,0,0,0,0,0,0,0,0,0,0,0,-2,-17,-2,-18,-1,-19,0,-18,1,-19,2,-19,3,-19,4,-20,4,-19,5,-19,5,-18,4,-17,4,-17,4,-17,4,-16,3,-16,2,-16,2,-16,2,-16,1,-17,1,-16,0,-16,0,-17,-1,-16,-1,-16,-1,-16,0,0,-12,-25,-12,-25,-12,-24,-11,-22,-11,-21,-12,-19,-12,-19,-13,-18,-12,-16,-13,-15,-13,-14,-13,-13,-14,-12,-13,-11,-13,-12,-13,-11,-13,-11,-13,-10,-12,-10,-12,-10,-12,-10,-11,-10,-10,-9,-10,-9,-9,-9,-9,-8,-8,-9,-7,-9,0,0,0,0,0,0,0,0,0,0,0,0,0,0,-20,-23,-17,-25,-15,-27,-14,-28,-14,-30,-12,-30,-11,-32,-9,-33,-8,-33,-7,-35,-6,-34,-5,-34,-5,-33,-5,-32,-4,-31,-5,-30,-5,-30,-6,-29,-7,-29,-8,-29,-9,-29,-10,-28,-11,-28,-11,-28,-12,-28,-12,-27,-13,-27,-13,-27]"
618053523168000,35.072319600,91346,1888516516,-51,-98,6,0,1,7,0,0,256,0,0,"[0,0,-16,-3,-15,-2,-14,-2,-14,-2,-14,-1,-13,-1,-12,-1,-11,-1,-11,0,-11,1,-10,1,-10,2,-10,2,-9,2,-9,3,-9,3,-8,2,-9,3,-9,2,-9,2,-8,2,-7,2,-7,1,-7,1,-7,1,-7,1,0,0,0,0,0,0,0,0,0,0,0,0,0,0,0,0,0,0,0,0,0,0,-18,-2,-19,-3,-18,-4,-18,-5,-18,-6,-19,-7,-19,-8,-19,-9,-18,-9,-17,-9,-17,-9,-16,-9,-16,-8,-16,-8,-16,-8,-16,-7,-16,-6,-16,-6,-16,-5,-16,-5,-16,-5,-16,-4,-17,-4,-16,-3,-16,-3,-17,-3,0,0,-29,3,-29,3,-27,3,-25,4,-24,4,-22,5,-22,6,-21,6,-20,7,-18,7,-17,8,-17,8,-16,8,-16,9,-15,9,-14,9,-15,9,-14,9,-13,9,-13,9,-12,8,-13,7,-12,6,-11,6,-11,6,-11,5,-11,4,-11,4,0,0,0,0,0,0,0,0,0,0,0,0,0,0,-29,9,-30,7,-32,5,-32,4,-33,1,-33,-1,-34,-2,-35,-3,-34,-4,-36,-5,-35,-7,-34,-8,-33,-8,-32,-8,-31,-8,-31,-7,-31,-5,-30,-5,-30,-4,-31,-3,-29,-2,-30,0,-30,1,-31,2,-30,2,-30,2,-30,3,-30,3]"
618053544286500,35.093438100,91347,1888536915,-51,-98,6,0,1,7,0,0,256,0,0,"[0,0,11,-10,10,-10,10,-10,10,-9,8,-9,7,-9,7,-9,6,-9,6,-9,5,-9,5,-9,4,-9,4,-9,3,-9,3,-9,3,-8,3,-8,3,-8,3,-8,3,-8,3,-7,3,-7,3,-7,2,-6,3,-6,3,-5,0,0,0,0,0,0,0,0,0,0,0,0,0,0,0,0,0,0,0,0,0,0,11,-13,12,-13,12,-13,13,-12,14,-12,15,-11,16,-10,16,-10,16,-9,16,-9,16,-8,15,-8,15,-8,15,-8,14,-8,14,-8,14,-8,13,-9,13,-10,12,-10,12,-10,12,-11,12,-11,12,-11,11,-11,12,-11,0,0,14,-24,13,-23,13,-23,12,-21,11,-21,10,-20,9,-20,8,-19,7,-19,5,-18,4,-18,3,-18,3,-17,2,-18,2,-17,2,-17,1,-17,2,-16,1,-16,2,-16,2,-14,1,-14,2,-13,2,-12,2,-13,2,-12,3,-10,3,-11,0,0,0,0,0,0,0,0,0,0,0,0,0,0,8,-29,11,-28,13,-28,16,-28,16,-27,18,-26,20,-26,22,-26,23,-24,25,-24,25,-23,25,-22,24,-21,24,-21,23,-20,22,-20,22,-21,19,-20,20,-22,19,-21,18,-23,18,-23,18,-23,16,-25,16,-24,15,-25,16,-25,16,-25]"
618053565368500,35.114520100,91348,1888558366,-51,-98,6,0,1,7,0,0,256,0,0,"[0,0,12,8,11,8,11,8,11,6,10,6,10,6,10,5,10,5,9,4,9,3,9,3,9,2,9,2,8,2,8,1,9,1,8,1,8,1,8,1,8,1,7,1,6,1,6,1,6,1,5,1,6,2,0,0,0,0,0,0,0,0,0,0,0,0,0,0,0,0,0,0,0,0,0,0,15,7,15,8,14,9,14,10,13,11,14,12,13,12,13,13,12,14,11,14,11,13,10,13,11,13,10,13,10,12,11,11,11,11,11,10,11,10,12,10,12,10,12,9,12,9,13,9,12,9,12,9,0,0,54,18,52,15,50,15,48,13,47,12,44,9,43,6,40,6,40,3,37,1,37,-1,36,-2,36,-4,35,-5,33,-4,33,-6,32,-6,33,-4,30,-5,31,-5,28,-2,28,-3,27,-4,24,-1,23,-2,24,-1,22,0,22,2,0,0,0,0,0,0,0,0,0,0,0,0,0,0,60,-1,61,7,62,11,62,14,59,19,61,23,62,25,64,29,61,33,61,35,57,38,56,37,54,37,55,36,52,35,51,33,53,32,50,30,52,30,52,28,55,26,54,24,54,22,55,21,56,18,57,18,57,18,58,17]"
618053590631000,35.139782600,91349,1888583514,-51,-98,6,0,1,7,0,0,256,0,0,"[0,0,-7,14,-6,13,-6,13,-5,12,-5,12,-4,11,-4,11,-3,10,-3,10,-2,10,-2,10,-1,9,-1,9,0,9,-1,9,0,9,0,8,0,9,0,8,-1,8,-1,7,0,7,-1,7,-1,6,-1,6,-1,6,0,0,0,0,0,0,0,0,0,0,0,0,0,0,0,0,0,0,0,0,0,0,-6,16,-7,16,-7,16,-9,16,-9,16,-11,16,-11,15,-13,15,-13,14,-13,13,-13,13,-12,13,-12,13,-11,12,-11,13,-10,12,-10,13,-9,13,-9,13,-8,14,-8,14,-7,14,-8,14,-7,14,-7,14,-8,14,0,0,-5,28,-4,26,-4,26,-3,24,-3,23,-2,22,-1,22,0,21,1,20,1,18,2,18,3,17,3,17,4,17,4,16,5,16,5,15,5,16,4,14,4,14,3,14,3,13,2,12,2,12,2,12,2,11,1,11,0,10,0,0,0,0,0,0,0,0,0,0,0,0,0,0,3,29,-1,31,-3,30,-5,32,-6,31,-7,31,-9,32,-12,33,-12,32,-14,32,-15,31,-15,30,-16,29,-16,28,-15,28,-14,27,-13,28,-12,26,-11,27,-10,27,-9,28,-8,28,-7,28,-7,29,-6,28,-6,29,-5,29,-5,29]"
618053604194600,35.153346200,91350,1888597984,-51,-98,6,0,1,7,0,0,256,0,0,"[0,0,-6,14,-5,13,-5,12,-5,12,-4,12,-3,11,-3,11,-3,10,-2,10,-2,9,-1,10,0,9,0,9,0,9,0,8,0,8,1,8,0,8,0,8,0,8,0,7,0,7,0,6,0,6,-1,6,0,6,0,0,0,0,0,0,0,0,0,0,0,0,0,0,0,0,0,0,0,0,0,0,-5,15,-6,16,-7,16,-8,16,-9,16,-10,16,-11,15,-12,15,-12,15,-12,14,-12,14,-11,13,-11,13,-10,13,-10,13,-9,12,-9,13,-9,13,-8,14,-8,13,-7,14,-7,14,-7,14,-6,15,-6,14,-6,14,0,0,0,27,2,27,2,25,2,24,2,23,3,22,3,21,3,20,5,19,6,18,6,17,7,16,8,15,7,15,8,15,8,14,8,14,8,13,7,14,7,13,6,12,6,12,5,11,5,11,5,10,4,10,3,10,2,10,0,0,0,0,0,0,0,0,0,0,0,0,0,0,9,29,6,29,4,30,2,31,0,32,-1,32,-3,34,-5,34,-6,34,-9,34,-9,33,-10,33,-9,32,-9,31,-9,30,-8,29,-7,28,-6,28,-5,28,-5,29,-4,28,-3,29,-2,29,-1,30,-1,30,1,29,1,29,1,29]"
618053625364800,35.174516400,91351,1888617423,-51,-98,6,0,1,7,0,0,256,0,0,"[0,0,-15,-5,-15,-4,-14,-4,-13,-4,-13,-3,-13,-3,-12,-3,-11,-2,-11,-1,-11,-1,-11,0,-10,0,-10,0,-10,1,-10,1,-9,2,-9,1,-9,1,-9,1,-9,1,-8,1,-8,1,-7,0,-7,0,-7,1,-6,0,0,0,0,0,0,0,0,0,0,0,0,0,0,0,0,0,0,0,0,0,0,0,-17,-4,-17,-5,-17,-6,-17,-7,-17,-8,-17,-9,-17,-10,-17,-11,-16,-11,-16,-11,-16,-11,-15,-11,-14,-10,-15,-10,-14,-9,-14,-8,-15,-8,-15,-8,-15,-7,-15,-7,-15,-6,-16,-6,-16,-6,-15,-5,-16,-5,-15,-5,0,0,-29,4,-28,3,-27,3,-25,5,-24,4,-23,5,-21,6,-20,6,-19,6,-18,7,-17,8,-16,9,-16,9,-16,10,-15,9,-14,9,-15,10,-14,9,-13,9,-13,8,-12,8,-13,8,-12,7,-11,5,-11,5,-11,5,-11,4,-11,4,0,0,0,0,0,0,0,0,0,0,0,0,0,0,-30,11,-30,8,-31,6,-31,4,-32,3,-33,1,-34,0,-36,-1,-35,-3,-36,-5,-35,-6,-34,-7,-34,-7,-33,-7,-32,-7,-32,-6,-30,-5,-30,-4,-30,-3,-31,-3,-31,-1,-30,0,-30,1,-31,2,-31,3,-30,2,-30,4,-30,4]"
618053644701500,35.193853100,91352,1888636520,-51,-98,6,0,1,7,0,0,256,0,0,"[0,0,1,-15,0,-15,1,-14,0,-13,0,-14,0,-13,-2,-12,-1,-12,-1,-10,-2,-11,-3,-10,-3,-10,-3,-9,-3,-10,-3,-9,-3,-9,-3,-9,-3,-8,-3,-8,-3,-8,-3,-8,-3,-7,-3,-7,-3,-7,-2,-6,-2,-6,0,0,0,0,0,0,0,0,0,0,0,0,0,0,0,0,0,0,0,0,0,0,-2,-17,-1,-18,0,-18,1,-18,2,-19,3,-19,5,-19,5,-19,6,-18,6,-18,6,-17,6,-17,6,-17,5,-16,5,-16,4,-16,4,-16,4,-16,2,-16,2,-16,2,-16,2,-17,1,-17,1,-17,1,-16,0,-16,0,0,-7,-26,-9,-27,-8,-26,-7,-24,-8,-23,-8,-22,-9,-20,-9,-19,-9,-18,-10,-17,-11,-16,-11,-15,-11,-13,-11,-14,-11,-13,-12,-13,-12,-13,-11,-12,-10,-13,-10,-12,-9,-11,-9,-11,-8,-10,-9,-10,-7,-10,-7,-10,-6,-10,-5,-10,0,0,0,0,0,0,0,0,0,0,0,0,0,0,-16,-26,-15,-27,-12,-28,-10,-29,-10,-31,-8,-31,-6,-32,-5,-34,-3,-35,-1,-35,0,-35,0,-34,0,-33,0,-32,0,-31,-1,-30,0,-30,-2,-29,-3,-29,-3,-30,-4,-29,-5,-29,-5,-29,-7,-30,-7,-28,-9,-29,-9,-29,-8,-28]"
618053661988900,35.211140500,91353,1888656546,-51,-98,6,0,1,7,0,0,256,0,0,"[0,0,3,14,4,13,3,13,3,12,3,12,4,11,4,11,4,9,4,9,4,9,5,8,5,8,5,7,5,7,5,7,5,6,5,6,5,6,5,6,5,6,4,5,4,6,4,5,3,5,3,4,3,4,0,0,0,0,0,0,0,0,0,0,0,0,0,0,0,0,0,0,0,0,0,0,5,15,5,16,4,16,3,17,3,18,2,18,1,19,0,18,0,18,-1,18,-2,18,-2,17,-1,17,-1,16,0,16,0,15,0,15,1,15,1,16,2,15,3,16,4,15,3,15,3,15,3,15,3,15,0,0,16,21,18,21,17,19,16,19,16,17,16,16,16,15,15,14,15,13,15,11,15,10,15,9,16,8,15,7,15,7,15,7,15,7,14,7,14,7,14,7,12,6,12,6,11,6,11,5,10,6,9,6,9,6,8,7,0,0,0,0,0,0,0,0,0,0,0,0,0,0,25,17,23,20,21,21,20,23,20,25,18,25,18,29,17,30,16,31,14,32,12,32,13,32,13,31,12,30,12,29,12,28,11,27,12,27,13,26,14,26,15,25,16,25,16,25,17,24,18,24,18,23,19,23,18,23]"
618053691447800,35.240599400,91354,1888682256,-51,-98,6,0,1,7,0,0,256,0,0,"[0,0,0,-15,0,-15,0,-14,0,-14,-1,-13,-1,-12,-1,-12,-2,-12,-2,-11,-2,-11,-3,-10,-3,-10,-4,-9,-4,-9,-4,-9,-4,-9,-4,-8,-4,-8,-4,-8,-3,-8,-3,-7,-3,-8,-3,-7,-3,-7,-2,-6,-2,-6,0,0,0,0,0,0,0,0,0,0,0,0,0,0,0,0,0,0,0,0,0,0,-1,-18,-1,-18,0,-18,1,-18,2,-19,3,-19,5,-19,5,-19,5,-18,6,-18,6,-17,6,-17,6,-16,5,-16,5,-16,4,-16,3,-16,3,-16,2,-16,2,-16,1,-16,1,-17,1,-16,1,-17,0,-16,1,-16,0,0,-7,-27,-8,-28,-8,-26,-8,-25,-7,-23,-8,-22,-8,-21,-9,-20,-9,-19,-10,-18,-10,-16,-10,-16,-11,-15,-11,-14,-12,-14,-11,-13,-11,-14,-10,-13,-11,-12,-10,-13,-10,-12,-9,-11,-8,-12,-8,-11,-7,-11,-6,-10,-6,-11,-5,-11,0,0,0,0,0,0,0,0,0,0,0,0,0,0,-15,-28,-12,-30,-10,-30,-9,-30,-8,-33,-6,-32,-5,-35,-3,-34,-2,-35,-1,-35,1,-35,1,-36,3,-34,3,-33,2,-32,2,-31,0,-31,0,-31,-1,-29,-2,-31,-3,-29,-5,-30,-6,-30,-6,-31,-6,-31,-7,-30,-6,-30,-6,-29]"
618053708565900,35.257717500,91355,1888701188,-51,-98,6,0,1,7,0,0,256,0,0,"[0,0,-15,3,-14,3,-14,3,-13,3,-12,3,-12,3,-11,3,-10,4,-10,4,-10,4,-9,4,-8,5,-8,5,-8,5,-8,5,-7,5,-7,5,-7,5,-7,5,-7,5,-7,4,-6,3,-6,4,-6,3,-6,3,-6,2,0,0,0,0,0,0,0,0,0,0,0,0,0,0,0,0,0,0,0,0,0,0,-17,5,-17,5,-18,4,-17,3,-18,2,-19,1,-19,1,-20,0,-19,-1,-19,-1,-18,-2,-18,-2,-17,-1,-17,-1,-17,-1,-17,0,-16,0,-16,1,-16,1,-16,2,-16,2,-16,3,-16,3,-16,3,-15,3,-16,3,0,0,-25,14,-24,14,-22,14,-21,14,-20,13,-19,13,-18,13,-17,13,-15,13,-14,14,-13,14,-11,14,-11,14,-10,14,-10,15,-10,14,-9,14,-9,13,-9,13,-9,12,-9,11,-9,11,-9,10,-8,9,-8,9,-7,8,-9,8,-9,7,0,0,0,0,0,0,0,0,0,0,0,0,0,0,-21,23,-23,21,-25,19,-26,17,-28,17,-29,15,-31,15,-32,13,-34,11,-34,10,-34,8,-34,9,-33,9,-32,8,-31,8,-29,7,-30,8,-29,9,-28,9,-29,10,-27,11,-27,12,-27,13,-27,13,-27,15,-26,15,-26,16,-25,15]"
618053723518600,35.272670200,91356,1888717961,-51,-98,6,0,1,7,0,0,256,0,0,"[0,0,-10,-12,-10,-11,-9,-11,-10,-11,-9,-10,-9,-9,-9,-9,-9,-8,-9,-7,-9,-7,-9,-6,-9,-6,-9,-5,-9,-4,-9,-4,-8,-4,-9,-5,-8,-4,-8,-4,-8,-4,-8,-4,-7,-4,-6,-4,-7,-4,-6,-4,-5,-4,0,0,0,0,0,0,0,0,0,0,0,0,0,0,0,0,0,0,0,0,0,0,-13,-12,-12,-13,-12,-14,-11,-15,-11,-16,-10,-16,-10,-17,-10,-17,-9,-18,-8,-18,-7,-17,-7,-17,-7,-16,-7,-16,-8,-15,-8,-15,-8,-14,-9,-15,-9,-14,-10,-14,-10,-13,-10,-13,-11,-13,-11,-14,-10,-13,-11,-12,0,0,-25,-13,-25,-14,-23,-13,-22,-12,-21,-11,-21,-9,-21,-8,-20,-7,-20,-6,-19,-5,-18,-5,-18,-4,-18,-3,-17,-2,-18,-2,-17,-2,-17,-2,-16,-2,-16,-1,-16,-2,-15,-2,-14,-2,-14,-2,-13,-2,-12,-3,-11,-3,-11,-3,-11,-4,0,0,0,0,0,0,0,0,0,0,0,0,0,0,-29,-7,-29,-11,-28,-13,-28,-14,-29,-16,-27,-16,-28,-20,-27,-21,-27,-21,-27,-23,-25,-23,-24,-25,-23,-25,-22,-24,-21,-24,-21,-22,-21,-21,-22,-20,-22,-19,-23,-19,-23,-18,-25,-16,-25,-16,-26,-16,-26,-16,-25,-16,-26,-15,-26,-15]"
618053746137600,35.295289200,91357,1888737474,-51,-98,6,0,1,7,0,0,256,0,0,"[0,0,-11,-11,-11,-11,-10,-10,-10,-9,-10,-9,-10,-9,-10,-8,-9,-8,-9,-6,-9,-6,-9,-5,-9,-5,-9,-5,-9,-4,-9,-3,-9,-3,-8,-3,-8,-3,-8,-3,-8,-3,-8,-3,-7,-3,-7,-3,-6,-4,-6,-3,-6,-3,0,0,0,0,0,0,0,0,0,0,0,0,0,0,0,0,0,0,0,0,0,0,-13,-11,-13,-13,-13,-13,-12,-14,-12,-16,-11,-16,-11,-17,-10,-17,-10,-17,-9,-17,-8,-17,-8,-16,-8,-16,-8,-16,-9,-15,-9,-14,-9,-14,-9,-14,-10,-13,-10,-13,-11,-13,-11,-13,-11,-13,-11,-12,-11,-12,-11,-12,0,0,-26,-12,-26,-11,-25,-11,-24,-9,-23,-9,-22,-8,-22,-7,-21,-6,-20,-5,-20,-3,-19,-2,-19,-1,-19,-1,-18,0,-18,1,-17,0,-18,1,-17,0,-16,0,-16,0,-15,-1,-15,0,-14,-1,-13,-1,-12,-1,-12,-2,-12,-2,-11,-3,0,0,0,0,0,0,0,0,0,0,0,0,0,0,-30,-5,-30,-8,-30,-10,-30,-13,-30,-14,-28,-16,-30,-18,-29,-19,-28,-22,-28,-23,-27,-24,-27,-24,-25,-22,-25,-23,-24,-22,-24,-21,-24,-20,-25,-19,-24,-18,-26,-17,-25,-16,-26,-16,-26,-15,-28,-15,-27,-14,-28,-13,-27,-13,-28,-13]"
618053763172500,35.312324100,91358,1888758654,-51,-98,6,0,1,7,0,0,256,0,0,"[0,0,-7,-13,-7,-12,-7,-12,-6,-11,-7,-11,-7,-10,-7,-9,-6,-9,-7,-8,-7,-7,-7,-7,-7,-7,-7,-6,-7,-6,-7,-5,-7,-5,-7,-5,-7,-5,-7,-5,-6,-5,-6,-5,-6,-5,-5,-4,-5,-4,-5,-4,-5,-4,0,0,0,0,0,0,0,0,0,0,0,0,0,0,0,0,0,0,0,0,0,0,-10,-13,-9,-14,-9,-14,-8,-15,-8,-16,-7,-17,-6,-17,-5,-17,-5,-17,-4,-17,-4,-17,-4,-16,-4,-16,-4,-15,-4,-15,-5,-15,-5,-14,-6,-14,-6,-14,-6,-14,-7,-14,-7,-14,-7,-14,-7,-13,-7,-13,-7,-13,0,0,-13,-24,-15,-25,-14,-23,-13,-22,-13,-21,-13,-20,-13,-19,-12,-18,-13,-16,-14,-15,-15,-13,-15,-13,-15,-12,-14,-11,-15,-12,-15,-10,-13,-10,-14,-10,-14,-11,-13,-9,-12,-10,-11,-9,-11,-9,-10,-9,-10,-7,-8,-8,-8,-9,-7,-9,0,0,0,0,0,0,0,0,0,0,0,0,0,0,-23,-22,-22,-25,-19,-26,-18,-27,-18,-30,-15,-29,-14,-33,-13,-33,-13,-35,-10,-35,-9,-34,-9,-35,-9,-34,-8,-32,-7,-32,-8,-30,-8,-29,-10,-30,-10,-28,-11,-28,-10,-28,-12,-28,-13,-28,-13,-28,-15,-27,-15,-28,-14,-26,-15,-26]"
618053782516200,35.331667800,91359,1888776959,-51,-98,6,0,1,7,0,0,256,0,0,"[0,0,0,14,0,14,1,13,1,13,1,12,1,12,1,11,2,11,2,10,2,10,3,8,4,8,3,8,4,8,4,8,4,7,4,7,4,7,3,6,3,7,3,6,3,6,2,6,2,6,2,5,2,5,0,0,0,0,0,0,0,0,0,0,0,0,0,0,0,0,0,0,0,0,0,0,2,17,1,17,0,17,0,17,-2,18,-2,18,-3,18,-4,18,-5,18,-5,18,-5,17,-5,16,-5,16,-4,16,-4,16,-3,15,-3,15,-3,16,-2,15,-1,16,-1,15,-1,16,0,16,0,16,1,16,0,15,0,0,11,25,12,24,11,22,10,22,10,20,11,19,11,18,11,16,11,15,12,15,11,13,12,13,12,12,12,11,13,11,12,10,12,10,12,10,11,9,11,9,11,9,9,9,9,9,8,8,7,8,7,8,6,9,6,8,0,0,0,0,0,0,0,0,0,0,0,0,0,0,18,23,15,25,14,26,12,27,13,29,11,29,9,32,8,31,8,32,5,33,5,33,3,34,2,32,2,31,2,30,3,29,4,28,5,28,5,27,6,29,7,27,9,26,9,27,10,26,11,28,10,27,11,26,11,25]"
618053802252300,35.351403900,91360,1888796564,-51,-98,6,0,1,7,0,0,256,0,0,"[0,0,14,-6,12,-6,12,-7,11,-7,11,-6,10,-6,9,-6,9,-7,8,-6,7,-7,7,-7,6,-8,6,-7,5,-7,5,-7,5,-8,5,-7,5,-8,5,-7,5,-7,5,-6,4,-6,4,-6,4,-5,4,-5,4,-5,0,0,0,0,0,0,0,0,0,0,0,0,0,0,0,0,0,0,0,0,0,0,14,-9,16,-8,15,-7,17,-7,17,-6,18,-6,18,-4,19,-3,19,-2,17,-2,18,-2,17,-2,16,-2,16,-3,16,-3,15,-3,16,-3,15,-4,15,-5,15,-5,14,-5,14,-6,15,-6,14,-7,14,-7,14,-7,0,0,18,-21,17,-20,16,-20,16,-18,14,-19,13,-18,12,-18,11,-18,10,-17,8,-17,7,-17,6,-17,6,-17,5,-17,4,-17,5,-16,4,-16,4,-16,3,-15,4,-15,4,-14,4,-13,4,-13,4,-12,4,-12,4,-11,5,-10,5,-10,0,0,0,0,0,0,0,0,0,0,0,0,0,0,14,-26,17,-25,19,-24,21,-23,22,-22,23,-22,25,-21,28,-20,27,-20,28,-19,29,-17,29,-17,29,-15,28,-15,27,-15,26,-15,25,-15,24,-16,24,-17,23,-17,22,-18,21,-19,21,-20,20,-21,20,-21,20,-20,20,-21,20,-22]"
618053824637400,35.373789000,91361,1888817142,-51,-98,6,0,1,7,0,0,256,0,0,"[0,0,4,-15,3,-15,3,-14,3,-13,3,-13,2,-12,1,-12,1,-11,1,-11,0,-10,0,-10,-1,-10,-1,-10,-2,-10,-1,-9,-1,-9,-2,-9,-2,-9,-2,-8,-1,-8,-1,-8,-1,-8,-1,-8,-1,-7,-1,-7,0,-6,0,0,0,0,0,0,0,0,0,0,0,0,0,0,0,0,0,0,0,0,0,0,2,-17,3,-18,4,-17,5,-18,6,-18,7,-18,8,-17,9,-17,9,-17,9,-16,9,-15,9,-15,9,-15,8,-15,8,-15,7,-14,7,-14,7,-15,6,-15,5,-15,6,-15,5,-15,5,-16,4,-16,4,-16,4,-16,0,0,0,-29,0,-27,0,-28,0,-25,-1,-24,-2,-23,-3,-22,-3,-21,-4,-20,-5,-19,-6,-18,-7,-18,-7,-17,-7,-17,-7,-16,-7,-17,-8,-15,-7,-15,-7,-15,-6,-14,-6,-14,-5,-14,-5,-13,-5,-12,-4,-12,-4,-12,-3,-11,-2,-11,0,0,0,0,0,0,0,0,0,0,0,0,0,0,-8,-30,-6,-31,-3,-32,-1,-33,1,-32,3,-33,4,-34,5,-35,8,-34,8,-34,11,-34,9,-33,10,-32,9,-31,9,-31,9,-30,8,-31,8,-28,7,-30,6,-29,4,-30,4,-30,2,-30,3,-31,1,-30,0,-30,0,-30,0,-30]"
618053846677900,35.395829500,91362,1888838035,-51,-98,6,0,1,7,0,0,256,0,0,"[0,0,-8,-13,-9,-13,-8,-12,-8,-12,-8,-11,-7,-10,-8,-10,-8,-9,-8,-8,-8,-7,-8,-6,-8,-7,-9,-5,-9,-6,-8,-6,-8,-5,-8,-5,-8,-5,-8,-5,-6,-5,-7,-5,-7,-5,-6,-4,-6,-4,-6,-4,-5,-4,0,0,0,0,0,0,0,0,0,0,0,0,0,0,0,0,0,0,0,0,0,0,-11,-15,-9,-15,-9,-16,-8,-17,-8,-18,-7,-18,-6,-18,-5,-20,-5,-19,-5,-19,-5,-18,-5,-17,-5,-17,-5,-17,-5,-17,-5,-16,-6,-16,-6,-15,-7,-16,-7,-15,-7,-15,-8,-15,-9,-15,-9,-14,-9,-14,-9,-14,0,0,-22,-19,-22,-20,-20,-17,-21,-16,-18,-15,-18,-14,-19,-13,-19,-12,-18,-10,-18,-9,-18,-6,-19,-7,-18,-6,-19,-4,-19,-6,-17,-4,-17,-4,-17,-3,-15,-4,-17,-6,-15,-3,-15,-5,-13,-5,-13,-5,-13,-5,-10,-5,-11,-5,-9,-5,0,0,0,0,0,0,0,0,0,0,0,0,0,0,-28,-15,-26,-19,-26,-19,-23,-21,-24,-24,-22,-24,-23,-28,-21,-27,-20,-29,-20,-30,-18,-31,-19,-31,-17,-30,-17,-29,-16,-28,-17,-27,-16,-25,-18,-26,-18,-23,-20,-26,-19,-22,-20,-22,-21,-22,-22,-23,-24,-21,-23,-21,-23,-20,-22,-20]"
618053863351100,35.412502700,91363,1888857494,-51,-98,6,0,1,7,0,0,256,0,0,"[0,0,4,-14,3,-14,3,-14,3,-13,3,-13,2,-13,1,-12,1,-12,0,-11,0,-11,0,-11,-1,-10,-1,-10,-2,-10,-2,-10,-2,-9,-2,-9,-2,-9,-2,-8,-2,-8,-1,-8,-1,-8,-1,-8,-1,-7,-1,-7,-1,-6,0,0,0,0,0,0,0,0,0,0,0,0,0,0,0,0,0,0,0,0,0,0,3,-17,3,-17,4,-18,5,-18,6,-18,8,-18,8,-17,9,-17,9,-17,10,-16,10,-15,10,-14,10,-15,9,-14,8,-14,7,-14,7,-15,6,-15,6,-15,5,-16,5,-15,5,-16,5,-16,4,-16,5,-16,4,-16,0,0,-3,-28,-3,-29,-3,-27,-3,-25,-3,-24,-4,-23,-5,-22,-5,-21,-6,-20,-7,-19,-8,-18,-7,-17,-8,-17,-9,-16,-9,-15,-9,-16,-9,-15,-9,-15,-9,-15,-8,-14,-7,-14,-7,-13,-6,-12,-6,-12,-5,-12,-5,-11,-4,-11,-4,-11,0,0,0,0,0,0,0,0,0,0,0,0,0,0,-11,-29,-8,-31,-5,-31,-4,-32,-3,-33,-2,-33,1,-34,2,-36,3,-35,5,-36,6,-35,7,-34,8,-33,8,-32,8,-31,7,-30,5,-31,4,-30,3,-30,3,-30,1,-30,0,-30,0,-31,-2,-31,-1,-30,-2,-31,-2,-30,-2,-31]"
618053883702700,35.432854300,91364,1888876480,-51,-98,6,0,1,7,0,0,256,0,0,"[0,0,-8,13,-7,12,-7,12,-7,11,-6,11,-5,11,-5,10,-4,10,-4,9,-3,9,-2,9,-2,9,-2,9,-1,9,-1,8,-1,8,-1,8,-1,8,-1,8,-1,7,-1,7,-1,7,-1,7,-1,6,-1,6,-2,5,0,0,0,0,0,0,0,0,0,0,0,0,0,0,0,0,0,0,0,0,0,0,-7,15,-8,15,-9,15,-10,15,-10,15,-12,15,-13,14,-14,14,-14,13,-13,13,-13,12,-13,12,-12,12,-12,12,-12,12,-11,11,-11,12,-10,12,-10,13,-10,12,-9,13,-9,13,-9,14,-8,14,-8,14,-8,13,0,0,-17,53,-16,49,-15,49,-13,46,-11,45,-9,43,-7,42,-5,39,-4,39,-2,36,-1,35,1,35,2,35,4,35,4,32,4,32,4,31,4,32,4,30,4,30,3,27,2,27,1,24,1,24,0,24,-1,22,-1,20,-3,21,0,0,0,0,0,0,0,0,0,0,0,0,0,0,0,58,-7,60,-12,61,-15,62,-18,58,-22,60,-24,60,-28,62,-32,60,-33,59,-37,58,-35,55,-37,53,-36,52,-35,51,-34,50,-32,52,-30,47,-29,50,-26,50,-24,52,-22,53,-19,53,-20,56,-18,54,-18,54,-18,55,-16,56]"
618053904128000,35.453279600,91365,1888896633,-51,-98,6,0,1,7,0,0,256,0,0,"[0,0,-11,10,-11,10,-10,10,-10,9,-10,9,-9,9,-7,8,-7,8,-7,8,-6,8,-6,8,-5,8,-5,8,-4,8,-4,8,-4,8,-3,8,-4,8,-4,7,-4,7,-4,7,-4,6,-3,6,-4,5,-4,5,-4,5,0,0,0,0,0,0,0,0,0,0,0,0,0,0,0,0,0,0,0,0,0,0,-11,13,-12,12,-12,12,-14,12,-14,11,-15,11,-16,10,-17,9,-17,9,-17,9,-17,8,-16,8,-15,8,-15,8,-15,8,-14,7,-14,8,-13,9,-13,9,-13,9,-13,10,-13,10,-13,11,-12,11,-12,11,-12,11,0,0,-16,23,-16,23,-15,21,-14,21,-13,20,-12,20,-11,19,-10,19,-8,18,-7,18,-7,18,-6,17,-5,17,-4,17,-3,17,-3,16,-3,17,-3,16,-3,15,-3,15,-3,14,-4,13,-4,13,-4,12,-4,11,-4,10,-4,11,-5,10,0,0,0,0,0,0,0,0,0,0,0,0,0,0,-11,28,-14,27,-16,26,-17,25,-19,27,-20,25,-23,26,-24,24,-25,25,-26,23,-27,21,-29,21,-27,20,-27,19,-26,18,-25,18,-23,18,-23,20,-22,19,-22,21,-20,21,-20,22,-19,23,-19,23,-19,24,-19,24,-18,24,-18,23]"
618053923447200,35.472598800,91366,1888916467,-51,-98,6,0,1,7,0,0,256,0,0,"[0,0,-13,6,-12,6,-11,6,-11,6,-10,6,-10,6,-9,6,-8,6,-8,6,-8,6,-7,6,-6,6,-6,6,-5,6,-5,7,-5,6,-5,6,-5,6,-5,6,-5,6,-5,5,-5,5,-5,5,-4,4,-5,4,-4,4,0,0,0,0,0,0,0,0,0,0,0,0,0,0,0,0,0,0,0,0,0,0,-13,9,-14,8,-15,7,-15,7,-16,7,-18,6,-18,5,-18,4,-18,4,-17,3,-17,3,-17,2,-16,3,-15,3,-15,3,-15,4,-15,4,-15,5,-14,5,-14,6,-14,6,-14,6,-14,7,-14,7,-13,6,-14,6,0,0,-23,14,-22,14,-21,13,-20,13,-18,13,-17,13,-15,13,-15,13,-14,13,-13,14,-12,14,-10,13,-10,14,-9,13,-8,14,-8,13,-7,13,-9,13,-8,12,-9,11,-8,11,-7,11,-8,11,-7,9,-7,8,-7,9,-7,8,-8,7,0,0,0,0,0,0,0,0,0,0,0,0,0,0,-21,21,-23,19,-25,17,-27,17,-27,15,-29,15,-31,13,-32,12,-33,12,-33,10,-33,8,-32,7,-33,7,-32,7,-30,7,-28,7,-28,8,-27,8,-28,10,-27,9,-27,12,-26,12,-26,13,-26,13,-25,14,-25,15,-25,14,-25,14]"
618053943419300,35.492570900,91367,1888936934,-51,-98,6,0,1,7,0,0,256,0,0,"[0,0,-12,-9,-12,-9,-11,-9,-11,-8,-11,-8,-11,-7,-10,-6,-10,-5,-10,-5,-10,-4,-10,-4,-9,-3,-9,-3,-9,-3,-9,-2,-9,-2,-9,-2,-9,-1,-9,-2,-8,-2,-8,-2,-8,-2,-7,-2,-7,-2,-7,-2,-6,-2,0,0,0,0,0,0,0,0,0,0,0,0,0,0,0,0,0,0,0,0,0,0,-14,-10,-14,-11,-14,-12,-13,-13,-13,-14,-13,-15,-12,-15,-11,-16,-11,-16,-10,-16,-10,-16,-10,-15,-9,-15,-9,-14,-10,-14,-10,-13,-10,-12,-11,-12,-11,-12,-12,-11,-12,-11,-12,-11,-13,-11,-12,-10,-12,-10,-12,-10,0,0,-51,-21,-51,-21,-48,-18,-46,-17,-44,-15,-42,-13,-41,-12,-39,-10,-39,-8,-38,-5,-36,-2,-37,-1,-35,1,-35,1,-34,2,-33,3,-33,3,-32,3,-30,2,-29,1,-29,1,-29,1,-27,1,-25,0,-25,-1,-22,-2,-22,-3,-21,-4,0,0,0,0,0,0,0,0,0,0,0,0,0,0,-59,-9,-58,-15,-59,-19,-58,-23,-58,-27,-56,-30,-59,-35,-57,-37,-55,-40,-54,-43,-52,-44,-52,-44,-50,-43,-49,-42,-47,-41,-47,-39,-47,-38,-48,-35,-47,-33,-49,-33,-49,-30,-51,-28,-51,-28,-54,-27,-54,-26,-53,-24,-54,-23,-53,-22]"
618053964206400,35.513358000,91368,1888957359,-51,-98,6,0,1,7,0,0,256,0,0,"[0,0,10,-12,9,-12,8,-11,8,-11,7,-10,7,-10,6,-10,6,-10,5,-9,4,-10,4,-10,3,-10,3,-9,2,-9,2,-10,2,-9,1,-9,2,-9,2,-8,2,-8,2,-8,2,-8,2,-7,2,-7,2,-6,2,-6,0,0,0,0,0,0,0,0,0,0,0,0,0,0,0,0,0,0,0,0,0,0,9,-15,11,-14,11,-14,11,-13,13,-14,14,-12,15,-12,15,-12,15,-11,15,-10,15,-10,15,-10,14,-10,14,-9,13,-10,13,-10,12,-10,12,-11,11,-11,11,-11,11,-12,11,-12,11,-12,10,-12,10,-12,10,-12,0,0,15,-53,15,-52,14,-50,13,-48,11,-46,8,-44,7,-43,4,-41,4,-39,0,-38,0,-38,-2,-36,-3,-35,-4,-35,-6,-35,-5,-34,-5,-33,-5,-32,-5,-32,-4,-31,-4,-29,-3,-28,-2,-27,-2,-25,-1,-24,0,-23,1,-23,3,-21,0,0,0,0,0,0,0,0,0,0,0,0,0,0,1,-60,8,-60,13,-59,15,-59,18,-61,22,-60,26,-61,29,-61,31,-60,34,-60,36,-58,37,-57,38,-54,36,-52,35,-51,34,-50,31,-50,29,-50,28,-51,27,-52,24,-52,22,-55,20,-55,19,-57,20,-56,19,-55,19,-55,19,-56]"
618053982858000,35.532009600,91369,1888976444,-51,-98,6,0,1,7,0,0,256,0,0,"[0,0,11,9,11,8,11,8,11,7,10,6,10,6,9,5,9,5,9,4,9,4,9,3,9,3,9,2,8,2,8,1,8,1,8,1,8,1,8,1,7,1,7,1,7,2,6,1,6,1,6,2,5,2,0,0,0,0,0,0,0,0,0,0,0,0,0,0,0,0,0,0,0,0,0,0,14,9,14,9,14,10,13,11,13,12,13,13,13,13,12,14,12,14,10,14,10,14,10,14,10,13,9,13,10,12,10,12,10,11,11,11,11,11,11,10,11,10,12,10,12,10,12,10,12,9,12,9,0,0,51,20,50,16,49,16,45,13,46,13,42,10,41,10,39,7,39,6,36,2,36,0,36,-1,34,-2,34,-4,32,-4,34,-4,31,-5,33,-5,30,-4,30,-3,28,-2,27,-2,25,-2,25,-3,23,-1,22,0,21,1,21,3,0,0,0,0,0,0,0,0,0,0,0,0,0,0,61,6,58,12,59,13,58,17,56,23,59,27,56,29,60,34,58,38,55,39,53,41,51,39,51,40,49,39,48,38,47,35,48,35,46,31,48,30,48,29,51,28,52,27,52,24,53,23,53,21,55,20,53,19,55,19]"
618054002344600,35.551496200,91370,1888996534,-51,-98,6,0,1,7,0,0,256,0,0,"[0,0,-9,12,-8,12,-8,11,-8,11,-7,10,-6,10,-6,10,-5,10,-5,9,-5,9,-3,9,-3,9,-2,9,-2,9,-2,9,-2,8,-1,8,-2,8,-2,7,-2,8,-2,7,-1,7,-2,7,-2,6,-2,6,-2,6,0,0,0,0,0,0,0,0,0,0,0,0,0,0,0,0,0,0,0,0,0,0,-9,14,-10,14,-11,14,-11,13,-13,14,-13,13,-14,12,-15,11,-16,12,-16,11,-15,10,-15,10,-15,9,-14,9,-13,10,-13,10,-12,10,-12,11,-12,11,-10,11,-11,12,-10,12,-11,13,-10,12,-10,12,-10,12,0,0,-9,53,-9,52,-8,50,-7,48,-5,47,-3,44,-2,43,0,41,2,38,4,37,6,36,7,34,8,34,8,33,9,32,9,31,10,30,10,30,10,29,8,28,7,27,7,26,6,25,6,23,5,22,4,22,3,22,1,21,0,0,0,0,0,0,0,0,0,0,0,0,0,0,4,59,-3,61,-6,60,-11,60,-13,61,-16,61,-20,63,-24,64,-27,63,-30,62,-32,59,-32,58,-32,58,-31,56,-29,54,-27,53,-26,53,-25,52,-23,53,-21,53,-19,56,-17,56,-15,56,-15,57,-12,57,-11,58,-11,56,-9,57]"
618054027258400,35.576410000,91371,1889018907,-51,-98,6,0,1,7,0,0,256,0,0,"[0,0,10,-12,9,-11,8,-11,9,-11,7,-11,7,-10,6,-10,5,-10,5,-10,4,-9,4,-9,3,-9,2,-9,2,-9,2,-9,2,-9,1,-9,2,-8,2,-8,2,-8,2,-8,2,-7,2,-7,1,-6,2,-6,2,-6,0,0,0,0,0,0,0,0,0,0,0,0,0,0,0,0,0,0,0,0,0,0,9,-14,10,-14,11,-14,12,-14,13,-13,14,-13,14,-12,15,-11,15,-10,15,-10,15,-10,14,-9,14,-9,14,-9,13,-10,12,-9,12,-10,12,-10,11,-11,11,-11,11,-12,11,-12,11,-12,10,-12,10,-12,10,-12,0,0,23,-51,24,-51,20,-47,20,-47,18,-43,14,-44,13,-42,11,-40,8,-40,7,-39,5,-37,4,-37,3,-37,0,-34,-1,-36,0,-34,-1,-35,-1,-33,-1,-32,0,-32,1,-30,1,-28,2,-28,2,-25,3,-25,3,-23,4,-23,5,-21,0,0,0,0,0,0,0,0,0,0,0,0,0,0,14,-60,22,-58,26,-57,26,-56,30,-58,33,-54,38,-58,39,-54,42,-55,45,-54,47,-52,49,-50,48,-45,47,-45,46,-43,43,-43,40,-44,39,-47,36,-44,37,-49,32,-47,31,-51,30,-52,29,-54,30,-54,28,-52,28,-53,28,-52]"
618054042941600,35.592093200,91372,1889037044,-51,-98,6,0,1,7,0,0,256,0,0,"[0,0,13,-6,12,-6,12,-5,12,-6,10,-6,10,-6,9,-6,9,-6,8,-6,8,-6,7,-7,6,-7,6,-7,5,-7,6,-7,5,-7,5,-7,5,-7,5,-7,5,-6,5,-6,4,-5,4,-5,4,-5,4,-5,4,-4,0,0,0,0,0,0,0,0,0,0,0,0,0,0,0,0,0,0,0,0,0,0,14,-8,15,-7,16,-7,16,-6,17,-5,17,-5,18,-4,18,-3,18,-3,18,-2,17,-1,16,-2,16,-2,15,-2,16,-2,15,-3,14,-3,15,-4,14,-4,14,-5,15,-5,14,-6,15,-6,14,-6,13,-6,14,-6,0,0,26,-9,25,-11,23,-11,22,-9,21,-10,18,-11,18,-10,18,-11,17,-10,15,-11,14,-12,12,-12,12,-12,11,-12,12,-13,12,-12,10,-13,10,-13,11,-11,10,-10,10,-10,9,-10,9,-9,9,-10,8,-9,9,-8,9,-7,8,-7,0,0,0,0,0,0,0,0,0,0,0,0,0,0,25,-19,27,-17,28,-15,29,-13,31,-12,30,-10,33,-10,33,-8,35,-4,35,-4,34,-2,35,-3,34,-2,31,-2,31,-1,30,-3,29,-4,31,-4,29,-4,29,-6,27,-8,28,-7,27,-8,27,-10,30,-10,29,-12,28,-11,28,-11]"
618054064652600,35.613804200,91373,1889057717,-51,-98,6,0,1,7,0,0,256,0,0,"[0,0,-16,-1,-15,0,-14,0,-14,0,-13,0,-12,1,-12,1,-12,2,-11,2,-11,2,-10,3,-10,3,-9,3,-9,3,-9,4,-8,4,-8,3,-8,3,-8,4,-8,3,-8,3,-7,3,-7,2,-7,2,-7,2,-6,1,0,0,0,0,0,0,0,0,0,0,0,0,0,0,0,0,0,0,0,0,0,0,-18,1,-18,0,-19,-1,-18,-1,-20,-2,-19,-3,-20,-4,-20,-5,-19,-6,-18,-6,-19,-6,-18,-6,-17,-5,-17,-5,-17,-5,-17,-4,-16,-4,-17,-3,-16,-3,-17,-2,-16,-2,-17,-1,-18,-1,-17,-1,-16,-1,-16,0,0,0,-26,10,-26,10,-24,10,-23,10,-23,10,-22,10,-19,10,-19,10,-17,11,-16,12,-15,12,-14,12,-13,12,-12,11,-12,13,-11,12,-11,12,-11,12,-11,11,-11,11,-11,10,-11,9,-10,9,-9,9,-9,8,-9,7,-10,7,-10,6,0,0,0,0,0,0,0,0,0,0,0,0,0,0,-25,18,-28,15,-29,13,-29,12,-31,10,-31,10,-32,8,-36,7,-35,5,-36,4,-35,3,-35,2,-35,2,-33,2,-32,1,-30,2,-31,2,-30,4,-30,4,-30,5,-29,7,-29,8,-28,8,-29,9,-29,10,-29,10,-28,11,-28,10]"
618054085421000,35.634572600,91374,1889077479,-51,-98,6,0,1,7,0,0,256,0,0,"[0,0,0,-15,-1,-15,-1,-14,-1,-13,-1,-13,-1,-13,-2,-12,-2,-11,-3,-11,-3,-10,-3,-10,-4,-9,-4,-9,-4,-9,-4,-9,-4,-8,-5,-8,-4,-8,-4,-8,-3,-8,-3,-7,-3,-8,-3,-7,-3,-7,-2,-7,-2,-6,0,0,0,0,0,0,0,0,0,0,0,0,0,0,0,0,0,0,0,0,0,0,-2,-17,-2,-17,-1,-18,-1,-18,1,-19,2,-19,3,-19,4,-19,4,-19,4,-18,5,-17,5,-17,4,-17,4,-16,3,-16,3,-16,2,-16,2,-16,1,-16,1,-16,1,-16,0,-17,0,-16,0,-17,0,-16,0,-16,0,0,-11,-26,-11,-25,-12,-24,-11,-22,-11,-22,-11,-20,-11,-19,-11,-18,-11,-17,-12,-16,-13,-14,-13,-13,-13,-13,-13,-12,-13,-12,-13,-11,-13,-11,-13,-11,-12,-11,-11,-11,-11,-11,-10,-10,-9,-10,-10,-9,-9,-9,-8,-9,-7,-9,-7,-9,0,0,0,0,0,0,0,0,0,0,0,0,0,0,-17,-23,-16,-25,-16,-26,-13,-28,-12,-29,-11,-30,-9,-31,-9,-33,-6,-34,-4,-35,-4,-33,-3,-33,-4,-33,-4,-32,-4,-31,-4,-30,-4,-30,-5,-29,-6,-29,-7,-28,-8,-29,-8,-28,-8,-28,-10,-28,-10,-28,-12,-27,-12,-26,-11,-28]"
618054103434700,35.652586300,91375,1889097442,-51,-98,6,0,1,7,0,0,256,0,0,"[0,0,-12,9,-11,10,-11,9,-10,9,-9,9,-9,9,-8,9,-7,8,-7,8,-6,8,-6,8,-5,8,-5,8,-4,8,-4,8,-4,8,-4,8,-4,7,-4,7,-4,7,-4,7,-4,6,-4,6,-3,6,-4,5,-4,5,0,0,0,0,0,0,0,0,0,0,0,0,0,0,0,0,0,0,0,0,0,0,-12,12,-13,12,-14,12,-15,11,-16,10,-16,10,-17,9,-18,9,-18,7,-18,7,-18,6,-17,6,-17,6,-16,6,-15,7,-15,7,-14,8,-15,8,-14,8,-13,9,-14,9,-13,10,-14,10,-13,10,-12,10,-12,10,0,0,-11,26,-10,24,-11,24,-9,23,-8,23,-7,21,-6,20,-5,20,-4,20,-2,18,-2,18,-1,18,0,18,0,18,0,16,0,16,1,16,1,17,1,16,1,15,0,14,0,14,0,13,-1,12,-1,11,-1,11,-2,11,-3,11,0,0,0,0,0,0,0,0,0,0,0,0,0,0,-3,29,-7,30,-10,30,-12,30,-14,27,-16,28,-16,29,-19,31,-21,28,-22,27,-23,26,-22,25,-21,25,-21,25,-20,24,-21,25,-19,24,-17,22,-19,23,-16,24,-15,25,-15,26,-13,25,-15,27,-13,26,-11,27,-12,28,-11,28]"
618054124762900,35.673914500,91376,1889123188,-51,-98,6,0,1,7,0,0,256,0,0,"[0,0,12,-9,10,-10,10,-10,10,-9,9,-9,8,-9,7,-9,7,-9,6,-8,6,-9,5,-9,4,-9,4,-9,3,-9,3,-9,3,-9,3,-8,3,-8,3,-8,3,-8,3,-7,3,-7,3,-7,2,-7,3,-6,3,-6,0,0,0,0,0,0,0,0,0,0,0,0,0,0,0,0,0,0,0,0,0,0,12,-13,13,-12,14,-11,14,-11,15,-11,16,-10,17,-9,17,-9,17,-8,17,-7,16,-7,16,-7,16,-7,15,-7,15,-7,14,-7,14,-8,14,-8,13,-9,13,-9,12,-9,12,-10,13,-10,12,-11,12,-11,12,-10,0,0,15,-23,14,-23,12,-23,12,-23,11,-21,10,-20,9,-20,8,-19,7,-19,6,-19,3,-19,3,-19,2,-17,2,-18,2,-18,1,-17,1,-17,2,-17,2,-16,2,-16,2,-15,2,-14,3,-14,2,-13,2,-12,2,-11,3,-11,4,-10,0,0,0,0,0,0,0,0,0,0,0,0,0,0,7,-29,11,-29,13,-27,15,-28,16,-28,17,-26,19,-27,21,-27,24,-26,25,-25,25,-23,25,-23,24,-23,24,-21,23,-21,22,-21,21,-20,20,-21,20,-21,19,-22,18,-23,18,-23,18,-24,17,-25,17,-25,16,-25,15,-26,16,-25]"
618054147963500,35.697115100,91377,1889141505,-51,-98,6,0,1,7,0,0,256,0,0,"[0,0,-14,7,-13,6,-13,6,-12,6,-11,6,-10,6,-10,6,-9,6,-9,6,-8,7,-7,7,-7,7,-6,7,-6,7,-6,6,-6,7,-5,7,-5,7,-6,7,-5,6,-5,6,-5,5,-4,5,-5,5,-4,4,-5,4,0,0,0,0,0,0,0,0,0,0,0,0,0,0,0,0,0,0,0,0,0,0,-15,8,-16,8,-16,7,-17,6,-17,6,-19,5,-19,4,-19,4,-19,3,-19,3,-18,2,-18,2,-17,3,-17,2,-16,3,-16,3,-16,4,-16,4,-16,5,-15,5,-15,6,-15,6,-15,6,-15,7,-14,7,-15,7,0,0,-22,19,-21,18,-19,17,-18,17,-17,16,-15,16,-14,16,-14,16,-12,16,-11,16,-10,16,-9,16,-8,16,-8,16,-7,16,-6,15,-6,16,-6,14,-6,14,-7,14,-6,13,-6,13,-6,12,-6,11,-6,11,-6,10,-7,9,-6,8,0,0,0,0,0,0,0,0,0,0,0,0,0,0,-18,24,-21,22,-23,21,-24,20,-25,20,-26,19,-29,19,-30,17,-31,16,-32,15,-32,14,-32,13,-31,12,-31,12,-30,11,-29,12,-28,12,-27,14,-26,14,-26,15,-25,15,-24,17,-24,17,-24,19,-24,19,-23,18,-23,19,-23,19]"
618054163171400,35.712323000,91378,1889156854,-51,-98,6,0,1,7,0,0,256,0,0,"[0,0,1,-15,0,-15,0,-14,1,-13,0,-13,0,-13,-1,-12,-1,-12,-1,-11,-2,-10,-2,-10,-3,-10,-3,-9,-4,-10,-3,-9,-3,-9,-4,-8,-3,-8,-3,-8,-3,-8,-3,-8,-2,-8,-2,-7,-2,-7,-2,-6,-2,-6,0,0,0,0,0,0,0,0,0,0,0,0,0,0,0,0,0,0,0,0,0,0,-1,-17,0,-18,0,-18,1,-19,2,-19,3,-19,5,-18,6,-19,6,-18,6,-17,6,-17,6,-16,6,-16,5,-16,5,-16,4,-15,4,-16,3,-15,3,-16,3,-16,2,-16,2,-16,2,-16,1,-16,1,-16,1,-16,0,0,-6,-28,-6,-27,-6,-27,-6,-24,-6,-24,-6,-22,-7,-21,-7,-20,-8,-20,-9,-17,-9,-16,-10,-16,-10,-16,-11,-16,-10,-14,-10,-15,-10,-13,-11,-14,-9,-13,-9,-13,-8,-13,-8,-12,-7,-11,-7,-11,-7,-11,-6,-11,-5,-10,-5,-10,0,0,0,0,0,0,0,0,0,0,0,0,0,0,-14,-28,-10,-30,-9,-31,-7,-32,-5,-31,-4,-33,-3,-33,-1,-35,1,-35,2,-35,4,-36,4,-34,4,-33,4,-33,4,-32,3,-32,2,-32,2,-29,1,-30,0,-29,-2,-30,-3,-30,-3,-30,-4,-32,-4,-29,-5,-29,-6,-30,-5,-30]"
618054184718100,35.733869700,91379,1889177427,-51,-98,6,0,1,7,0,0,256,0,0,"[0,0,-13,-8,-13,-8,-12,-8,-11,-8,-11,-7,-11,-6,-11,-6,-10,-5,-10,-4,-10,-4,-10,-3,-10,-3,-10,-2,-10,-2,-10,-2,-9,-2,-9,-1,-9,-2,-9,-2,-8,-2,-8,-2,-7,-2,-7,-2,-6,-2,-7,-2,-6,-2,0,0,0,0,0,0,0,0,0,0,0,0,0,0,0,0,0,0,0,0,0,0,-16,-8,-16,-9,-15,-10,-15,-11,-15,-12,-15,-13,-15,-14,-14,-14,-13,-14,-13,-14,-12,-14,-12,-13,-12,-13,-11,-13,-12,-13,-11,-12,-12,-12,-12,-11,-13,-11,-13,-10,-14,-10,-13,-10,-14,-9,-14,-9,-14,-9,-14,-9,0,0,-56,-11,-56,-12,-51,-10,-51,-8,-47,-6,-47,-6,-45,-4,-42,-3,-41,-1,-40,3,-38,5,-37,6,-36,7,-35,8,-34,8,-32,8,-33,9,-31,8,-31,8,-30,6,-29,5,-28,5,-27,5,-25,4,-24,4,-23,2,-24,1,-22,0,0,0,0,0,0,0,0,0,0,0,0,0,0,0,-61,4,-62,-2,-62,-6,-61,-12,-66,-14,-61,-16,-66,-22,-64,-24,-65,-28,-64,-32,-62,-33,-62,-35,-60,-32,-58,-32,-56,-31,-55,-28,-54,-27,-56,-25,-54,-23,-56,-23,-55,-20,-57,-19,-57,-18,-58,-17,-60,-16,-60,-13,-59,-12,-58,-12]"
618054203979500,35.753131100,91380,1889196989,-51,-98,6,0,1,7,0,0,256,0,0,"[0,0,-12,9,-11,9,-11,8,-11,8,-10,8,-9,8,-8,8,-7,8,-7,8,-7,8,-6,8,-5,8,-5,8,-4,8,-4,8,-4,8,-4,8,-4,7,-4,7,-4,7,-4,6,-3,6,-3,6,-3,6,-4,5,-4,5,0,0,0,0,0,0,0,0,0,0,0,0,0,0,0,0,0,0,0,0,0,0,-14,11,-14,10,-15,9,-15,9,-16,9,-17,8,-18,7,-18,6,-18,6,-18,5,-18,5,-17,5,-17,5,-17,5,-15,5,-15,6,-15,6,-15,7,-14,7,-14,8,-14,8,-14,9,-14,9,-13,9,-13,9,-13,9,0,0,-14,24,-13,23,-12,23,-11,21,-10,21,-9,20,-8,20,-7,19,-6,18,-4,18,-3,18,-3,17,-2,17,-1,17,-1,16,0,16,-1,15,0,16,-1,15,-1,15,-1,14,-2,13,-1,12,-1,12,-1,11,-2,11,-2,10,-3,10,0,0,0,0,0,0,0,0,0,0,0,0,0,0,-9,28,-13,27,-14,26,-16,26,-17,26,-18,26,-20,25,-23,25,-23,24,-26,23,-25,22,-25,21,-25,21,-25,20,-24,19,-23,20,-22,20,-20,20,-20,21,-19,21,-19,22,-17,23,-17,23,-16,24,-16,25,-15,25,-15,24,-15,25]"
618054224799300,35.773950900,91381,1889219691,-51,-98,6,0,1,7,0,0,256,0,0,"[0,0,11,-9,10,-9,9,-9,9,-9,8,-8,8,-8,7,-8,6,-8,6,-8,5,-8,5,-8,4,-8,4,-8,3,-8,4,-8,3,-8,3,-8,3,-7,3,-8,3,-7,3,-7,3,-7,3,-6,3,-6,3,-5,3,-5,0,0,0,0,0,0,0,0,0,0,0,0,0,0,0,0,0,0,0,0,0,0,11,-12,11,-11,12,-11,13,-11,14,-10,15,-9,15,-9,16,-8,15,-8,15,-7,15,-7,15,-6,14,-7,14,-6,13,-6,13,-7,12,-7,13,-8,12,-8,12,-9,12,-9,12,-9,12,-9,11,-9,11,-9,11,-10,0,0,21,-17,21,-17,19,-16,18,-16,16,-16,16,-15,15,-16,13,-16,13,-16,10,-16,10,-15,8,-16,8,-16,7,-15,7,-16,7,-14,7,-15,7,-14,6,-15,7,-14,6,-13,6,-13,6,-12,5,-11,5,-10,5,-10,6,-9,7,-9,0,0,0,0,0,0,0,0,0,0,0,0,0,0,17,-26,21,-25,22,-22,24,-20,26,-20,26,-19,29,-19,30,-17,32,-16,33,-16,32,-12,32,-14,32,-11,31,-11,29,-11,28,-12,28,-12,28,-12,26,-13,27,-13,25,-15,25,-16,24,-17,23,-18,25,-18,23,-19,22,-19,23,-18]"
618054245597100,35.794748700,91382,1889240413,-51,-98,6,0,1,7,0,0,256,0,0,"[0,0,1,14,1,14,1,13,1,13,2,13,2,12,2,11,2,10,2,10,3,9,3,9,4,8,4,8,4,7,4,7,4,7,4,7,4,7,4,6,3,7,3,6,3,6,3,6,2,6,3,5,2,5,0,0,0,0,0,0,0,0,0,0,0,0,0,0,0,0,0,0,0,0,0,0,3,16,2,17,2,18,1,17,0,19,-1,19,-2,19,-3,19,-4,18,-4,18,-4,17,-4,17,-4,17,-4,17,-3,16,-3,16,-2,15,-2,16,-1,16,-1,16,0,16,0,16,0,16,1,16,1,16,1,15,0,0,10,26,10,24,10,23,10,22,10,21,10,19,11,19,11,17,11,16,11,14,12,13,12,13,12,12,12,11,12,11,12,11,12,10,12,10,11,9,11,10,10,9,10,9,9,9,8,9,8,9,7,9,7,8,6,8,0,0,0,0,0,0,0,0,0,0,0,0,0,0,19,23,17,25,15,27,13,28,12,29,11,30,10,32,8,32,7,33,6,34,4,34,4,34,3,33,3,32,3,31,3,30,4,30,4,28,4,28,6,29,8,27,8,27,10,27,10,29,10,27,10,27,11,27,12,27]"
618054263330900,35.812482500,91383,1889257907,-51,-98,6,0,1,7,0,0,256,0,0,"[0,0,4,14,4,13,4,13,4,11,4,12,4,11,4,10,5,9,4,9,5,8,6,7,5,7,6,7,6,6,6,6,6,6,6,6,5,6,5,6,5,5,5,5,4,6,4,5,3,5,3,4,3,4,0,0,0,0,0,0,0,0,0,0,0,0,0,0,0,0,0,0,0,0,0,0,7,14,7,15,6,16,5,17,5,17,4,18,2,18,2,18,1,18,1,18,1,17,1,16,1,17,1,16,1,16,1,15,2,16,2,15,3,15,3,15,3,15,4,15,4,15,5,15,5,14,5,14,0,0,13,24,12,23,12,22,12,20,12,19,12,18,12,17,12,16,12,14,13,13,13,13,13,11,13,11,13,10,13,10,13,9,13,9,13,9,12,8,12,9,11,8,10,8,10,8,8,8,8,8,7,7,7,8,6,8,0,0,0,0,0,0,0,0,0,0,0,0,0,0,20,20,17,23,16,24,15,25,14,27,13,28,12,30,10,31,11,31,9,33,7,32,6,33,5,31,4,30,4,29,5,29,6,28,7,28,7,27,8,27,9,27,11,25,12,26,12,26,12,26,13,26,13,25,13,25]"
618054283915100,35.833066700,91384,1889277462,-51,-98,6,0,1,7,0,0,256,0,0,"[0,0,15,2,14,1,13,1,13,1,12,0,12,0,11,0,11,-1,10,-1,10,-2,9,-2,9,-2,9,-3,8,-3,9,-3,8,-3,8,-3,8,-3,8,-4,8,-3,7,-3,6,-3,6,-2,6,-2,6,-2,6,-2,0,0,0,0,0,0,0,0,0,0,0,0,0,0,0,0,0,0,0,0,0,0,17,0,17,1,18,1,17,3,18,4,18,4,18,5,18,6,17,7,17,7,16,7,16,7,15,7,15,7,15,6,15,5,15,5,15,5,15,3,15,3,15,3,15,2,16,2,15,2,15,2,15,2,0,0,27,-6,26,-7,25,-7,24,-6,23,-7,21,-8,20,-8,19,-8,17,-9,17,-9,16,-10,15,-10,14,-10,14,-11,13,-11,13,-11,13,-11,12,-11,12,-11,12,-10,11,-9,11,-8,11,-8,10,-7,10,-7,9,-6,10,-6,10,-5,0,0,0,0,0,0,0,0,0,0,0,0,0,0,26,-15,28,-12,29,-10,30,-8,31,-8,32,-6,33,-4,34,-3,34,-2,35,1,34,1,33,2,33,3,32,3,31,3,30,2,30,1,29,-1,29,-1,29,-1,29,-2,29,-4,29,-4,29,-5,29,-6,29,-6,29,-6,29,-6]"
618054303006900,35.852158500,91385,1889296500,-51,-98,6,0,1,7,0,0,256,0,0,"[0,0,-12,9,-11,9,-11,8,-10,8,-10,8,-9,8,-9,8,-8,8,-7,7,-7,8,-6,7,-5,7,-5,8,-4,8,-4,8,-4,7,-4,7,-4,7,-5,7,-4,6,-4,6,-4,6,-4,6,-4,6,-4,5,-4,4,0,0,0,0,0,0,0,0,0,0,0,0,0,0,0,0,0,0,0,0,0,0,-12,12,-13,12,-14,11,-14,11,-15,10,-17,10,-17,8,-18,8,-18,7,-18,7,-17,7,-16,6,-16,7,-16,7,-15,7,-15,7,-14,7,-14,7,-14,8,-13,8,-14,8,-13,9,-14,9,-12,10,-12,10,-12,10,0,0,-18,21,-17,20,-17,19,-15,18,-14,18,-12,17,-12,17,-11,17,-9,16,-8,16,-8,17,-7,16,-6,16,-6,16,-5,16,-4,16,-4,15,-4,15,-4,14,-4,14,-4,13,-5,13,-5,12,-4,11,-5,11,-5,10,-5,9,-6,8,0,0,0,0,0,0,0,0,0,0,0,0,0,0,-11,27,-14,26,-17,24,-19,24,-20,23,-22,23,-23,23,-25,23,-27,21,-27,20,-28,19,-27,19,-27,17,-26,17,-26,17,-25,16,-24,18,-23,16,-23,17,-22,18,-21,18,-20,19,-19,21,-20,22,-19,21,-19,21,-18,22,-19,22]"
618054325294100,35.874445700,91386,1889318457,-51,-98,6,0,1,7,0,0,256,0,0,"[0,0,11,8,11,8,11,7,11,7,11,6,11,6,10,5,10,5,9,3,9,3,9,3,9,2,8,2,9,2,9,1,8,1,8,1,8,1,8,1,8,1,7,1,7,1,6,1,6,2,6,1,5,1,0,0,0,0,0,0,0,0,0,0,0,0,0,0,0,0,0,0,0,0,0,0,14,8,15,8,14,9,14,10,14,11,14,12,13,13,13,13,12,14,11,14,11,14,10,14,10,13,10,13,10,12,11,11,10,11,11,11,11,10,12,10,12,10,12,9,12,10,13,10,13,8,12,9,0,0,55,9,53,8,51,8,49,6,48,4,45,4,43,3,40,1,39,-1,36,-4,37,-7,35,-8,33,-9,34,-9,32,-10,32,-10,31,-10,31,-11,31,-9,29,-7,27,-6,27,-6,26,-6,24,-6,23,-5,22,-4,22,-2,22,-2,0,0,0,0,0,0,0,0,0,0,0,0,0,0,59,-5,61,1,60,5,60,11,62,11,61,16,63,20,65,24,63,27,62,31,60,31,59,33,58,31,57,30,55,29,53,26,54,27,54,23,54,21,53,21,55,19,55,18,56,17,57,15,58,13,59,10,57,9,58,10]"
618054343927300,35.893078900,91387,1889342374,-51,-98,6,0,1,7,0,0,256,0,0,"[0,0,15,-1,14,-1,13,-1,13,-2,12,-2,11,-2,11,-3,10,-2,10,-3,9,-3,9,-4,8,-4,8,-4,8,-5,8,-5,8,-5,7,-5,7,-5,7,-5,7,-4,7,-4,6,-4,6,-4,5,-3,6,-3,5,-3,0,0,0,0,0,0,0,0,0,0,0,0,0,0,0,0,0,0,0,0,0,0,17,-2,17,-1,17,-1,17,0,18,1,19,2,18,3,19,4,18,4,17,5,17,5,17,5,16,5,15,5,16,4,16,3,15,3,16,2,16,2,16,0,16,0,16,0,16,0,15,0,16,0,15,-1,0,0,27,-6,26,-7,25,-7,23,-6,22,-7,21,-7,20,-7,19,-8,18,-9,16,-10,15,-10,15,-11,14,-11,13,-11,13,-11,12,-12,12,-11,12,-11,12,-10,11,-10,11,-9,11,-9,10,-9,10,-8,9,-8,9,-7,10,-6,9,-5,0,0,0,0,0,0,0,0,0,0,0,0,0,0,26,-15,29,-11,29,-9,31,-7,31,-6,31,-4,33,-3,34,-2,35,1,35,2,34,4,33,3,33,3,32,3,31,2,30,2,30,2,29,1,29,0,29,-1,29,-2,29,-3,29,-4,29,-5,29,-6,29,-7,28,-7,29,-7]"
618054363389100,35.912540700,91388,1889358070,-51,-98,6,0,1,7,0,0,256,0,0,"[0,0,-7,13,-7,13,-6,12,-7,11,-5,12,-5,11,-4,11,-4,10,-4,9,-3,10,-2,9,-2,9,-1,9,-1,9,-1,8,-1,8,0,9,-1,8,-1,8,-1,7,-1,7,-1,7,-1,6,-1,7,-1,6,-2,6,0,0,0,0,0,0,0,0,0,0,0,0,0,0,0,0,0,0,0,0,0,0,-7,16,-8,16,-8,16,-9,16,-10,15,-12,15,-12,15,-13,14,-13,14,-14,13,-13,13,-13,12,-13,12,-12,12,-12,12,-11,12,-11,12,-10,12,-10,13,-9,14,-8,13,-8,14,-9,14,-8,14,-8,14,-8,14,0,0,-4,27,-5,27,-4,25,-4,24,-3,23,-2,22,-1,22,0,20,1,19,1,19,2,18,2,18,3,17,3,16,4,16,5,16,4,15,4,15,4,15,4,14,3,14,3,13,2,13,2,12,1,11,1,11,1,11,0,11,0,0,0,0,0,0,0,0,0,0,0,0,0,0,3,30,0,31,-3,30,-3,30,-5,32,-6,31,-9,33,-11,32,-11,32,-13,32,-14,31,-15,31,-16,29,-16,28,-15,27,-14,26,-13,26,-12,28,-11,27,-11,28,-9,28,-7,28,-7,29,-6,29,-7,30,-7,29,-6,29,-5,28]"
618054384151300,35.933302900,91389,1889377645,-51,-98,6,0,1,7,0,0,256,0,0,"[0,0,12,8,11,8,11,8,11,7,11,7,10,5,10,5,10,5,9,3,9,3,9,3,9,2,8,2,9,1,9,1,9,1,8,1,8,1,8,1,8,1,7,1,7,1,6,1,6,1,6,1,6,1,0,0,0,0,0,0,0,0,0,0,0,0,0,0,0,0,0,0,0,0,0,0,14,8,15,9,14,10,14,11,13,12,13,13,13,13,12,14,12,14,11,15,11,15,11,14,10,13,10,13,10,13,10,12,10,12,11,11,11,11,12,10,12,10,12,9,12,9,12,9,12,9,13,9,0,0,54,11,54,9,51,8,49,8,47,7,44,5,44,4,41,2,40,0,38,-4,38,-5,36,-6,35,-8,34,-8,33,-9,33,-9,32,-9,31,-8,31,-8,30,-7,28,-7,28,-6,26,-6,25,-5,24,-4,22,-3,23,-1,22,0,0,0,0,0,0,0,0,0,0,0,0,0,0,0,60,-4,62,2,60,5,62,10,63,12,61,17,64,21,65,25,65,27,62,32,59,32,59,33,58,32,57,31,55,31,53,28,53,27,53,25,53,23,54,22,55,21,56,17,56,17,57,15,58,14,59,13,58,12,58,12]"
618054406676500,35.955828100,91390,1889398872,-51,-98,6,0,1,7,0,0,256,0,0,"[0,0,14,-5,14,-5,13,-5,13,-5,11,-5,11,-5,10,-5,10,-5,9,-5,9,-6,8,-6,7,-6,7,-6,7,-6,7,-7,6,-6,6,-6,6,-6,6,-6,6,-6,6,-6,5,-5,5,-5,5,-4,5,-4,5,-4,0,0,0,0,0,0,0,0,0,0,0,0,0,0,0,0,0,0,0,0,0,0,16,-8,16,-7,16,-6,16,-5,18,-5,18,-4,18,-3,19,-2,19,-2,18,0,18,0,17,0,17,0,17,-1,16,-1,16,-2,15,-2,16,-3,15,-3,15,-3,15,-4,15,-4,16,-4,15,-5,14,-5,15,-4,0,0,21,-16,21,-17,20,-17,19,-16,18,-16,17,-15,15,-15,14,-15,13,-15,12,-16,10,-16,10,-16,8,-16,8,-15,8,-16,7,-15,7,-15,7,-15,7,-15,7,-13,7,-13,7,-12,7,-12,6,-11,6,-11,6,-10,7,-10,7,-8,0,0,0,0,0,0,0,0,0,0,0,0,0,0,17,-25,20,-24,22,-22,23,-20,25,-20,26,-19,28,-19,30,-17,31,-16,32,-14,31,-13,32,-13,31,-12,30,-12,29,-11,27,-12,27,-12,27,-13,26,-13,26,-14,26,-15,25,-15,25,-16,24,-17,25,-18,24,-18,24,-18,23,-18]"
618054426648000,35.975799600,91391,1889417450,-51,-98,6,0,1,7,0,0,256,0,0,"[0,0,-5,-15,-6,-15,-5,-14,-5,-14,-5,-12,-5,-12,-6,-11,-5,-11,-6,-9,-6,-10,-6,-9,-6,-8,-6,-8,-7,-8,-7,-7,-6,-7,-7,-7,-6,-6,-6,-6,-6,-6,-6,-6,-5,-6,-5,-6,-5,-6,-4,-5,-4,-6,0,0,0,0,0,0,0,0,0,0,0,0,0,0,0,0,0,0,0,0,0,0,-7,-16,-6,-17,-6,-18,-5,-18,-4,-19,-3,-19,-3,-20,-2,-19,-1,-19,0,-19,1,-18,0,-18,0,-18,0,-17,-1,-17,-2,-17,-2,-16,-3,-17,-3,-16,-4,-17,-4,-16,-5,-16,-4,-16,-5,-16,-4,-16,-5,-15,0,0,-18,-22,-18,-20,-18,-21,-16,-19,-17,-18,-17,-17,-16,-15,-16,-14,-16,-13,-16,-12,-16,-11,-16,-10,-16,-9,-16,-8,-16,-7,-16,-7,-15,-7,-16,-7,-15,-7,-14,-7,-13,-7,-13,-6,-12,-6,-12,-7,-11,-7,-11,-7,-10,-7,-9,-8,0,0,0,0,0,0,0,0,0,0,0,0,0,0,-24,-18,-23,-21,-21,-23,-21,-24,-20,-25,-20,-27,-18,-28,-18,-31,-17,-30,-15,-32,-14,-32,-13,-31,-12,-32,-11,-31,-11,-30,-11,-28,-12,-28,-13,-27,-14,-27,-14,-26,-16,-26,-17,-25,-18,-25,-18,-24,-18,-24,-18,-24,-18,-24,-19,-24]"
618054445739600,35.994891200,91392,1889445175,-51,-98,6,0,1,7,0,0,256,0,0,"[0,0,-4,14,-3,14,-3,13,-3,12,-2,12,-2,12,-1,11,-1,10,-1,10,0,9,1,9,1,9,1,9,1,8,1,8,2,8,2,8,1,8,1,7,1,7,1,7,1,7,1,6,1,6,0,6,0,5,0,0,0,0,0,0,0,0,0,0,0,0,0,0,0,0,0,0,0,0,0,0,-2,16,-3,17,-3,17,-5,18,-6,17,-7,17,-7,17,-8,17,-9,16,-9,16,-9,15,-9,15,-9,15,-8,15,-8,15,-7,14,-7,14,-6,14,-5,15,-5,15,-4,15,-4,15,-4,15,-3,16,-4,16,-4,15,0,0,3,27,4,26,4,25,4,24,4,22,5,21,5,20,6,19,6,18,7,17,7,16,8,15,8,14,8,14,9,14,9,13,9,13,9,13,8,12,7,12,7,12,7,11,6,11,6,10,5,10,4,9,4,10,3,10,0,0,0,0,0,0,0,0,0,0,0,0,0,0,12,27,9,28,8,29,6,29,5,31,3,30,2,33,0,33,-2,33,-4,34,-4,32,-6,33,-5,32,-6,31,-6,30,-4,29,-4,28,-3,28,-2,28,-1,29,0,28,1,28,1,28,3,29,3,29,3,29,4,28,4,28]"
618054466590200,36.015741800,91393,1889458409,-51,-98,6,0,1,7,0,0,256,0,0,"[0,0,12,-8,11,-8,11,-8,11,-8,10,-8,9,-8,8,-8,7,-8,7,-8,7,-8,6,-8,5,-8,4,-8,4,-8,5,-8,4,-8,4,-8,4,-8,4,-8,4,-7,4,-7,4,-7,3,-6,3,-6,4,-5,4,-5,0,0,0,0,0,0,0,0,0,0,0,0,0,0,0,0,0,0,0,0,0,0,13,-11,14,-10,14,-10,15,-9,16,-9,17,-7,17,-7,17,-6,18,-6,17,-5,17,-4,17,-4,16,-5,15,-5,15,-5,15,-5,14,-6,14,-6,13,-7,14,-7,13,-7,13,-8,14,-8,13,-8,12,-9,13,-8,0,0,18,-22,16,-22,16,-21,14,-20,14,-20,13,-19,12,-18,10,-18,9,-18,7,-18,6,-18,5,-18,5,-17,4,-17,4,-17,3,-18,3,-17,3,-17,4,-16,4,-15,4,-15,3,-14,3,-13,3,-13,3,-12,4,-11,4,-11,5,-10,0,0,0,0,0,0,0,0,0,0,0,0,0,0,12,-28,15,-27,17,-26,19,-25,20,-25,22,-24,23,-24,26,-24,28,-21,29,-20,29,-19,28,-19,28,-18,27,-18,26,-17,25,-18,25,-18,23,-18,23,-18,23,-19,22,-20,21,-21,21,-21,20,-23,19,-22,19,-23,18,-23,19,-23]"
618054487019300,36.036170900,91394,1889480198,-51,-98,6,0,1,7,0,0,256,0,0,"[0,0,11,8,11,8,11,7,10,7,10,7,10,6,9,5,9,5,9,4,9,3,9,2,8,2,8,2,8,1,8,1,8,1,8,1,8,1,8,1,7,1,7,1,6,1,6,1,6,1,6,1,5,1,0,0,0,0,0,0,0,0,0,0,0,0,0,0,0,0,0,0,0,0,0,0,14,8,14,9,14,10,13,11,13,12,13,13,12,14,12,14,11,14,10,14,11,14,10,13,10,13,9,13,9,12,10,11,10,11,10,11,11,10,11,10,11,10,12,10,13,10,12,9,12,9,12,9,0,0,53,14,52,13,51,12,47,11,47,10,44,7,43,5,41,3,39,2,38,-1,37,-2,36,-3,35,-5,35,-6,33,-7,33,-7,32,-7,32,-7,30,-7,29,-6,29,-6,27,-5,25,-4,25,-3,24,-3,23,-2,22,-1,21,1,0,0,0,0,0,0,0,0,0,0,0,0,0,0,59,0,61,7,60,11,62,15,60,17,62,21,62,24,65,28,62,29,61,33,60,35,57,36,55,36,54,36,51,35,51,32,53,31,50,28,53,27,52,25,54,23,54,20,56,19,57,18,57,17,57,17,57,17,58,15]"
618054512968000,36.062119600,91395,1889502940,-51,-98,6,0,1,7,0,0,256,0,0,"[0,0,-16,2,-15,2,-14,2,-14,2,-13,3,-12,3,-12,3,-11,3,-11,4,-10,4,-10,4,-9,4,-9,4,-8,4,-8,5,-8,5,-8,5,-8,5,-8,5,-7,4,-7,4,-6,3,-7,3,-6,3,-6,3,-6,2,0,0,0,0,0,0,0,0,0,0,0,0,0,0,0,0,0,0,0,0,0,0,-17,5,-17,3,-18,3,-18,2,-19,1,-19,0,-20,-1,-20,-2,-20,-2,-19,-3,-19,-3,-18,-3,-18,-2,-17,-2,-17,-2,-17,-1,-17,-1,-17,0,-16,0,-16,1,-16,1,-17,2,-17,2,-17,2,-16,2,-16,2,0,0,-23,16,-23,17,-21,16,-20,16,-18,15,-17,15,-16,15,-15,14,-14,14,-13,15,-11,15,-10,15,-10,15,-9,15,-9,15,-8,14,-8,14,-8,14,-8,14,-8,13,-8,12,-8,12,-8,11,-7,11,-7,10,-7,9,-8,9,-8,8,0,0,0,0,0,0,0,0,0,0,0,0,0,0,-18,24,-21,22,-23,21,-24,19,-26,19,-26,18,-30,18,-30,16,-32,14,-33,13,-32,12,-33,12,-32,12,-31,11,-30,11,-29,11,-28,11,-28,12,-27,12,-27,13,-26,14,-26,15,-26,15,-26,16,-25,17,-24,18,-24,17,-24,17]"
618054526566000,36.075717600,91396,1889522915,-50,-98,6,0,1,7,0,0,256,0,0,"[0,0,14,4,13,4,13,3,13,3,12,3,11,2,11,2,11,1,10,1,10,0,9,0,9,-1,9,-1,9,-1,8,-2,8,-1,8,-2,8,-2,8,-1,8,-1,7,-1,7,-1,7,-1,6,-1,6,-1,6,0,0,0,0,0,0,0,0,0,0,0,0,0,0,0,0,0,0,0,0,0,0,0,16,2,16,3,16,4,16,5,17,6,16,7,16,8,16,9,15,9,15,9,14,9,14,9,14,9,14,8,13,8,13,7,13,7,14,6,13,6,14,6,14,6,14,5,15,5,15,4,15,4,14,4,0,0,23,17,21,16,21,15,20,14,19,13,19,12,18,10,18,10,17,8,17,6,17,6,16,4,18,4,17,3,16,4,17,3,16,3,15,2,16,2,15,3,14,2,13,2,13,2,11,3,11,4,10,3,10,2,9,4,0,0,0,0,0,0,0,0,0,0,0,0,0,0,29,10,29,13,28,17,27,18,27,20,24,21,25,24,25,24,23,26,22,27,21,29,20,28,19,26,19,25,19,25,19,25,18,24,19,23,20,22,20,21,21,20,22,20,22,19,23,20,24,18,23,18,23,19,23,18]"
618054551347400,36.100499000,91397,1889541882,-51,-98,6,0,1,7,0,0,256,0,0,"[0,0,-3,-14,-4,-14,-3,-13,-3,-12,-4,-12,-4,-11,-4,-11,-4,-10,-4,-9,-4,-8,-5,-8,-5,-8,-5,-8,-5,-7,-5,-7,-5,-7,-5,-7,-5,-6,-5,-6,-5,-6,-4,-6,-4,-6,-4,-6,-3,-6,-4,-5,-3,-5,0,0,0,0,0,0,0,0,0,0,0,0,0,0,0,0,0,0,0,0,0,0,-6,-15,-6,-15,-5,-16,-4,-16,-4,-17,-3,-18,-2,-18,-1,-18,-1,-18,0,-17,0,-17,0,-16,0,-16,0,-15,0,-15,-1,-15,-2,-15,-1,-15,-2,-15,-2,-15,-3,-15,-3,-15,-3,-15,-4,-15,-3,-15,-4,-14,0,0,-8,-27,-10,-27,-9,-26,-9,-23,-10,-21,-9,-21,-8,-22,-10,-20,-10,-17,-11,-17,-11,-15,-12,-15,-12,-14,-12,-13,-12,-12,-12,-12,-12,-11,-12,-12,-11,-11,-11,-12,-10,-10,-9,-11,-8,-11,-9,-10,-9,-9,-8,-10,-7,-11,-6,-10,0,0,0,0,0,0,0,0,0,0,0,0,0,0,-19,-27,-16,-28,-14,-30,-12,-29,-12,-32,-10,-32,-8,-35,-7,-36,-5,-36,-3,-36,-2,-35,-1,-36,-2,-34,-1,-33,-1,-32,-2,-30,-2,-30,-5,-30,-4,-30,-4,-30,-5,-29,-6,-29,-7,-30,-8,-30,-9,-29,-8,-30,-10,-28,-10,-27]"
618054564964800,36.114116400,91398,1889556565,-51,-98,6,0,1,7,0,0,256,0,0,"[0,0,13,4,13,4,12,3,13,3,11,3,11,2,11,2,10,1,10,1,10,0,9,-1,9,0,9,-1,8,-1,9,-2,8,-2,8,-2,8,-2,8,-1,8,-2,7,-1,7,-1,7,-1,6,-1,6,-1,6,-1,0,0,0,0,0,0,0,0,0,0,0,0,0,0,0,0,0,0,0,0,0,0,16,3,16,3,16,5,16,5,17,6,16,8,16,8,16,9,15,10,15,10,15,9,14,9,13,9,14,9,13,8,14,7,13,7,14,7,13,6,14,6,14,6,14,5,15,5,14,4,14,4,14,4,0,0,27,1,27,0,25,0,25,-1,23,-1,22,-2,22,-2,20,-3,20,-4,18,-5,17,-6,17,-6,16,-7,16,-7,16,-8,14,-7,15,-8,14,-7,14,-7,14,-6,13,-6,13,-5,12,-5,11,-5,11,-4,10,-4,11,-3,10,-3,0,0,0,0,0,0,0,0,0,0,0,0,0,0,29,-8,30,-4,31,-2,31,0,32,2,30,3,34,4,32,6,33,9,33,10,32,11,32,12,31,10,30,11,29,10,28,10,28,9,28,8,27,7,30,6,27,5,28,4,29,3,29,3,30,2,29,1,29,1,29,1]"
618054586949900,36.136101500,91399,1889578250,-51,-98,6,0,1,7,0,0,256,0,0,"[0,0,-14,-6,-14,-6,-13,-5,-13,-5,-13,-5,-12,-4,-11,-4,-11,-3,-11,-2,-11,-2,-10,-1,-10,-1,-10,0,-10,0,-10,0,-9,0,-9,0,-9,0,-8,0,-9,0,-8,-1,-7,-1,-7,-1,-7,-1,-7,-1,-7,-1,0,0,0,0,0,0,0,0,0,0,0,0,0,0,0,0,0,0,0,0,0,0,-17,-4,-17,-5,-17,-6,-17,-7,-17,-8,-17,-9,-16,-10,-16,-11,-15,-12,-15,-11,-15,-11,-14,-11,-14,-11,-14,-10,-14,-10,-14,-9,-14,-9,-14,-8,-14,-8,-14,-8,-15,-8,-15,-7,-15,-7,-15,-6,-15,-5,-15,-6,0,0,-28,-3,-28,-3,-27,-2,-25,-1,-25,-2,-23,-1,-22,0,-21,1,-20,2,-19,3,-19,4,-18,4,-18,5,-18,5,-16,5,-16,6,-16,6,-16,6,-15,5,-15,5,-14,4,-14,4,-13,3,-13,3,-12,2,-12,2,-12,2,-12,1,0,0,0,0,0,0,0,0,0,0,0,0,0,0,-30,5,-31,1,-31,-1,-32,-3,-32,-4,-32,-5,-33,-7,-34,-10,-34,-11,-34,-13,-33,-13,-32,-14,-32,-14,-30,-14,-29,-13,-29,-12,-29,-11,-28,-10,-29,-9,-29,-8,-29,-7,-29,-7,-30,-6,-30,-5,-30,-5,-30,-4,-30,-4,-29,-4]"
618054605305800,36.154457400,91400,1889597106,-51,-98,6,0,1,7,0,0,256,0,0,"[0,0,-16,2,-15,2,-14,2,-14,2,-13,2,-13,2,-12,2,-11,2,-11,3,-10,3,-10,4,-9,4,-9,4,-8,4,-8,5,-8,5,-8,5,-7,4,-8,4,-8,4,-7,4,-7,3,-6,3,-6,3,-6,3,-6,2,0,0,0,0,0,0,0,0,0,0,0,0,0,0,0,0,0,0,0,0,0,0,-17,3,-18,2,-18,1,-18,1,-19,0,-20,-1,-20,-2,-20,-4,-20,-4,-19,-4,-18,-4,-18,-4,-18,-4,-17,-3,-17,-3,-17,-2,-17,-2,-17,-1,-16,-1,-17,0,-17,0,-17,1,-17,1,-17,1,-16,2,-16,2,0,0,-26,11,-26,11,-24,11,-23,11,-22,11,-21,11,-19,11,-18,11,-16,12,-16,12,-15,12,-14,12,-13,12,-12,12,-12,13,-11,13,-11,13,-11,13,-10,12,-10,12,-10,11,-10,10,-10,9,-9,8,-9,8,-9,7,-9,7,-10,6,0,0,0,0,0,0,0,0,0,0,0,0,0,0,-24,18,-26,16,-28,14,-29,12,-30,12,-30,10,-33,9,-34,8,-35,7,-35,6,-35,4,-35,3,-34,2,-34,2,-32,2,-31,3,-31,4,-29,5,-30,5,-30,6,-29,8,-28,9,-29,9,-29,10,-29,10,-28,10,-28,11,-28,11]"
618054624024500,36.173176100,91401,1889616766,-51,-98,6,0,1,7,0,0,256,0,0,"[0,0,15,0,14,-1,13,-1,12,-1,12,-1,11,-2,11,-2,10,-3,10,-3,9,-4,9,-4,8,-4,8,-4,7,-5,8,-5,8,-5,7,-4,7,-5,7,-4,7,-4,7,-4,6,-3,6,-3,5,-3,5,-3,5,-2,0,0,0,0,0,0,0,0,0,0,0,0,0,0,0,0,0,0,0,0,0,0,16,-3,17,-3,17,-2,17,-1,18,0,18,2,18,2,18,3,18,4,17,4,17,4,17,4,16,4,15,3,16,3,16,2,15,2,15,2,15,1,16,0,15,0,15,-1,15,-1,15,-1,16,-1,16,-1,0,0,25,-13,23,-14,22,-14,20,-13,20,-12,19,-12,18,-12,16,-13,15,-14,13,-13,12,-14,11,-15,11,-14,10,-15,10,-15,9,-14,9,-14,9,-14,9,-13,9,-13,9,-11,9,-12,9,-11,8,-10,7,-9,7,-9,8,-8,8,-8,0,0,0,0,0,0,0,0,0,0,0,0,0,0,20,-21,23,-20,24,-19,27,-17,27,-16,29,-16,31,-14,33,-13,33,-11,35,-8,34,-8,33,-7,33,-7,31,-7,31,-7,28,-8,30,-8,28,-9,28,-9,27,-10,27,-12,27,-11,27,-12,26,-13,27,-14,26,-16,25,-15,26,-15]"
618054648245600,36.197397200,91402,1889643997,-51,-98,6,0,1,7,0,0,256,0,0,"[0,0,15,3,14,3,13,3,13,3,12,2,11,2,12,1,11,1,10,0,10,-1,9,-1,9,-1,9,-1,9,-2,9,-3,8,-3,8,-2,8,-3,8,-2,8,-2,8,-2,7,-1,7,-1,6,-1,6,-1,6,-1,0,0,0,0,0,0,0,0,0,0,0,0,0,0,0,0,0,0,0,0,0,0,17,2,17,3,17,4,17,5,17,6,17,7,17,8,17,9,17,9,15,10,15,10,15,9,14,9,14,8,14,8,14,7,14,7,14,6,14,5,15,5,15,5,15,5,15,4,15,4,15,4,15,3,0,0,27,-2,26,-3,25,-3,24,-3,23,-4,21,-4,21,-4,19,-5,18,-6,17,-7,17,-8,16,-8,15,-8,15,-8,14,-9,14,-9,13,-9,13,-9,13,-8,13,-7,12,-7,12,-6,11,-6,11,-6,10,-5,10,-5,10,-4,10,-3,0,0,0,0,0,0,0,0,0,0,0,0,0,0,27,-10,29,-7,30,-5,30,-3,31,-3,31,-1,32,1,34,3,33,4,33,7,32,7,32,7,32,8,30,8,29,8,28,6,29,6,28,4,28,3,28,3,29,2,28,1,28,0,29,-1,29,-1,29,-1,28,-1,29,-2]"
618054665017500,36.214169100,91403,1889656574,-51,-98,6,0,1,7,0,0,256,0,0,"[0,0,-9,-13,-9,-12,-9,-12,-8,-11,-8,-11,-9,-10,-8,-9,-8,-9,-8,-8,-8,-7,-9,-6,-8,-6,-8,-6,-8,-5,-8,-5,-8,-5,-8,-5,-8,-5,-8,-4,-7,-5,-7,-5,-7,-4,-6,-4,-6,-4,-6,-4,-5,-4,0,0,0,0,0,0,0,0,0,0,0,0,0,0,0,0,0,0,0,0,0,0,-12,-13,-11,-14,-11,-15,-10,-15,-10,-16,-9,-17,-9,-18,-8,-18,-7,-18,-7,-18,-6,-18,-6,-17,-6,-17,-6,-16,-6,-16,-7,-16,-7,-15,-8,-15,-8,-14,-8,-15,-9,-14,-9,-14,-9,-14,-9,-14,-10,-13,-10,-14,0,0,-22,-18,-22,-18,-21,-17,-20,-16,-20,-15,-20,-14,-19,-13,-19,-11,-18,-10,-18,-9,-18,-8,-18,-7,-17,-6,-17,-5,-17,-5,-17,-5,-17,-5,-16,-5,-16,-5,-15,-5,-14,-5,-14,-5,-14,-5,-12,-4,-12,-5,-11,-5,-11,-5,-10,-6,0,0,0,0,0,0,0,0,0,0,0,0,0,0,-28,-13,-27,-16,-26,-18,-25,-19,-26,-21,-24,-22,-25,-25,-24,-27,-23,-27,-22,-28,-20,-28,-20,-30,-19,-29,-18,-28,-17,-27,-17,-26,-18,-25,-19,-25,-19,-23,-20,-23,-21,-23,-22,-22,-22,-21,-22,-21,-23,-21,-23,-21,-23,-20,-23,-20]"
618054684830700,36.233982300,91404,1889680419,-51,-98,6,0,1,7,0,0,256,0,0,"[0,0,-3,-14,-4,-15,-3,-14,-3,-13,-4,-13,-4,-12,-4,-11,-5,-11,-5,-10,-5,-9,-6,-9,-6,-8,-6,-9,-6,-8,-6,-7,-6,-7,-6,-8,-6,-7,-6,-7,-6,-7,-5,-7,-5,-7,-5,-6,-4,-6,-4,-5,-4,-6,0,0,0,0,0,0,0,0,0,0,0,0,0,0,0,0,0,0,0,0,0,0,-5,-17,-4,-18,-4,-18,-3,-18,-2,-19,-1,-20,0,-20,1,-20,1,-19,1,-19,2,-18,2,-18,2,-17,1,-17,1,-17,0,-16,0,-16,-1,-16,-1,-17,-2,-16,-3,-16,-3,-16,-3,-16,-3,-16,-4,-16,-3,-16,0,0,-16,-23,-16,-23,-16,-21,-15,-20,-15,-19,-15,-17,-15,-16,-15,-15,-15,-14,-15,-12,-15,-12,-15,-11,-16,-10,-16,-9,-15,-9,-15,-8,-15,-8,-14,-8,-14,-8,-14,-8,-13,-8,-12,-7,-11,-8,-11,-7,-10,-7,-10,-7,-9,-7,-8,-8,0,0,0,0,0,0,0,0,0,0,0,0,0,0,-22,-20,-20,-24,-19,-25,-18,-26,-17,-27,-16,-28,-16,-30,-15,-31,-13,-32,-12,-33,-11,-33,-10,-33,-8,-31,-9,-31,-8,-30,-9,-29,-10,-29,-10,-27,-11,-27,-12,-27,-13,-26,-14,-26,-14,-26,-16,-26,-15,-25,-16,-25,-16,-25,-16,-25]"
618054704978300,36.254129900,91405,1889698647,-51,-98,6,0,1,7,0,0,256,0,0,"[0,0,-14,-4,-14,-3,-13,-3,-12,-3,-12,-3,-12,-2,-11,-2,-11,-2,-11,-1,-10,0,-10,0,-9,0,-9,1,-9,1,-9,1,-8,1,-8,2,-8,1,-8,1,-8,1,-8,1,-7,0,-7,0,-7,0,-7,0,-7,0,0,0,0,0,0,0,0,0,0,0,0,0,0,0,0,0,0,0,0,0,0,0,-17,-2,-17,-3,-17,-4,-17,-5,-17,-6,-17,-7,-16,-8,-17,-9,-16,-9,-15,-9,-15,-9,-15,-9,-15,-9,-14,-8,-14,-8,-14,-7,-14,-7,-14,-6,-14,-6,-14,-5,-15,-5,-15,-5,-15,-4,-15,-4,-15,-4,-15,-4,0,0,-26,-9,-25,-9,-24,-9,-23,-6,-23,-6,-22,-6,-20,-6,-19,-4,-20,-3,-19,-2,-19,-1,-18,0,-18,1,-17,2,-17,2,-17,2,-16,2,-16,1,-16,1,-16,1,-14,-1,-13,0,-13,0,-12,1,-13,0,-12,-1,-11,-1,-11,-1,0,0,0,0,0,0,0,0,0,0,0,0,0,0,-30,-2,-30,-4,-30,-8,-31,-10,-30,-11,-31,-13,-30,-14,-31,-17,-29,-18,-29,-19,-28,-21,-28,-20,-28,-20,-26,-19,-25,-19,-26,-18,-25,-19,-25,-16,-26,-16,-25,-14,-26,-13,-27,-13,-26,-12,-27,-11,-28,-11,-28,-10,-26,-9,-28,-11]"
618054723855100,36.273006700,91406,1889716478,-51,-98,6,0,1,7,0,0,256,0,0,"[0,0,-15,1,-15,1,-14,1,-13,1,-12,2,-12,2,-11,2,-11,3,-11,3,-10,3,-9,4,-9,4,-9,4,-9,4,-8,4,-8,4,-7,4,-8,4,-8,4,-7,3,-7,4,-7,3,-7,3,-6,3,-6,2,-6,2,0,0,0,0,0,0,0,0,0,0,0,0,0,0,0,0,0,0,0,0,0,0,-16,4,-17,3,-17,3,-18,2,-18,0,-19,0,-19,-1,-19,-2,-19,-3,-18,-3,-19,-2,-18,-3,-17,-3,-17,-3,-17,-2,-16,-2,-17,-1,-16,-1,-16,-1,-16,0,-16,1,-16,1,-16,1,-16,1,-16,2,-16,2,0,0,-25,12,-24,12,-24,12,-22,11,-21,11,-20,11,-19,12,-17,11,-16,12,-15,12,-14,13,-13,13,-12,12,-12,12,-11,13,-11,13,-10,13,-10,13,-10,12,-10,11,-10,11,-9,10,-9,8,-9,8,-9,8,-8,7,-9,6,-9,6,0,0,0,0,0,0,0,0,0,0,0,0,0,0,-23,18,-25,17,-26,15,-28,14,-28,13,-30,11,-31,11,-33,10,-33,8,-34,7,-34,4,-34,5,-33,5,-32,4,-31,4,-30,5,-29,6,-29,6,-28,6,-29,7,-28,9,-27,9,-27,10,-27,11,-27,11,-27,12,-26,13,-26,12]"
618054743484800,36.292636400,91407,1889736727,-51,-98,6,0,1,7,0,0,256,0,0,"[0,0,-5,14,-5,13,-5,12,-4,13,-3,12,-2,11,-2,11,-1,11,-1,10,-1,9,-1,9,0,9,0,9,0,9,1,8,1,8,1,8,1,8,1,8,0,7,0,7,0,7,0,7,0,6,-1,6,-1,5,0,0,0,0,0,0,0,0,0,0,0,0,0,0,0,0,0,0,0,0,0,0,-3,16,-4,16,-4,17,-5,17,-7,17,-8,17,-8,17,-9,16,-9,16,-10,15,-11,15,-10,14,-10,14,-9,14,-9,14,-8,14,-8,14,-7,14,-7,14,-6,14,-6,15,-5,15,-6,15,-5,15,-5,15,-5,14,0,0,0,26,0,27,0,25,1,24,1,23,2,21,2,21,3,20,4,19,4,18,5,17,5,17,6,16,6,15,7,15,7,14,7,14,6,14,7,13,6,14,5,13,5,12,5,12,4,11,3,11,3,10,3,10,2,10,0,0,0,0,0,0,0,0,0,0,0,0,0,0,8,28,5,29,2,30,1,30,0,31,-1,31,-3,33,-5,33,-6,33,-8,33,-9,32,-10,32,-10,31,-10,30,-10,29,-9,28,-8,28,-7,28,-6,28,-4,28,-4,28,-3,28,-2,28,-2,29,-1,29,-1,29,-1,28,-1,28]"
618054762153300,36.311304900,91408,1889756576,-51,-98,6,0,1,7,0,0,256,0,0,"[0,0,-4,14,-3,14,-3,13,-3,13,-2,12,-2,12,-1,11,-1,11,-1,10,0,10,1,9,1,9,1,9,1,8,1,9,2,8,2,8,2,8,1,8,1,7,1,7,1,7,1,7,0,6,0,6,0,5,0,0,0,0,0,0,0,0,0,0,0,0,0,0,0,0,0,0,0,0,0,0,-2,17,-3,16,-4,18,-4,17,-6,18,-7,17,-8,17,-9,17,-9,16,-10,16,-9,15,-9,15,-8,15,-8,15,-8,14,-7,15,-6,14,-6,15,-6,14,-5,15,-5,15,-5,15,-5,15,-4,16,-3,15,-3,14,0,0,6,26,7,26,7,24,6,24,6,22,7,21,7,20,7,19,8,17,9,17,10,15,10,14,10,14,10,13,11,13,10,13,10,12,10,12,9,12,8,11,8,11,7,11,7,10,6,9,6,9,5,9,4,9,4,9,0,0,0,0,0,0,0,0,0,0,0,0,0,0,15,25,13,27,10,27,8,28,8,31,6,30,5,33,3,33,2,34,-1,34,-1,33,-2,34,-2,33,-2,31,-2,31,-1,29,-1,28,0,29,1,28,1,29,3,28,3,28,4,29,5,28,6,29,7,28,7,28,6,27]"
618054785471200,36.334622800,91409,1889776653,-51,-98,6,0,1,7,0,0,256,0,0,"[0,0,-14,-7,-13,-7,-13,-7,-13,-6,-12,-6,-12,-5,-11,-5,-11,-4,-11,-3,-11,-3,-10,-2,-10,-2,-10,-1,-10,-1,-10,-1,-9,0,-9,-1,-9,-1,-9,0,-9,0,-9,0,-7,-1,-8,-1,-7,-1,-7,-1,-6,-1,0,0,0,0,0,0,0,0,0,0,0,0,0,0,0,0,0,0,0,0,0,0,-16,-7,-16,-8,-16,-9,-15,-10,-16,-11,-15,-12,-15,-13,-15,-13,-14,-13,-13,-14,-13,-14,-12,-13,-12,-13,-12,-12,-12,-11,-13,-11,-13,-11,-14,-10,-14,-10,-14,-9,-14,-9,-14,-9,-14,-9,-15,-8,-15,-8,-14,-8,0,0,-54,-6,-55,-5,-52,-5,-50,-4,-48,-3,-46,-2,-43,2,-42,2,-40,4,-39,6,-36,7,-35,8,-34,10,-33,10,-33,12,-32,11,-31,11,-31,10,-30,10,-29,9,-28,8,-27,7,-26,7,-25,5,-23,5,-22,4,-23,3,-22,2,0,0,0,0,0,0,0,0,0,0,0,0,0,0,-60,10,-62,4,-61,-2,-60,-5,-63,-8,-62,-10,-66,-14,-66,-17,-65,-20,-66,-23,-64,-25,-64,-27,-61,-27,-59,-26,-57,-24,-55,-24,-54,-22,-56,-20,-56,-18,-58,-17,-56,-15,-58,-13,-58,-11,-59,-10,-59,-9,-58,-8,-58,-6,-56,-7]"
618054803562000,36.352713600,91410,1889796505,-51,-98,6,0,1,7,0,0,256,0,0,"[0,0,-16,-2,-15,-2,-15,-2,-14,-2,-13,-1,-13,-1,-12,-1,-11,0,-11,0,-11,1,-10,1,-10,2,-10,2,-9,2,-9,3,-9,3,-8,3,-9,3,-9,3,-8,2,-8,2,-7,1,-7,1,-7,1,-7,1,-7,1,0,0,0,0,0,0,0,0,0,0,0,0,0,0,0,0,0,0,0,0,0,0,-18,-1,-18,-2,-18,-3,-18,-3,-19,-5,-19,-6,-19,-6,-19,-7,-18,-8,-17,-8,-17,-9,-16,-8,-16,-8,-16,-7,-15,-7,-15,-6,-16,-6,-16,-5,-16,-5,-16,-4,-16,-4,-16,-3,-17,-3,-16,-3,-16,-3,-16,-2,0,0,-26,6,-27,7,-25,6,-24,6,-23,6,-22,8,-20,8,-19,8,-18,9,-17,9,-17,9,-16,9,-15,9,-14,9,-14,11,-14,10,-14,10,-13,10,-12,10,-12,9,-12,9,-11,8,-11,8,-11,6,-11,6,-10,5,-11,5,-11,4,0,0,0,0,0,0,0,0,0,0,0,0,0,0,-27,13,-28,10,-29,8,-29,7,-31,7,-32,6,-34,3,-34,2,-35,3,-35,-1,-34,-1,-35,-3,-34,-5,-33,-4,-31,-4,-30,-3,-29,-2,-30,0,-29,1,-30,1,-29,2,-29,4,-30,4,-29,5,-30,5,-30,5,-29,5,-28,6]"
618054823068300,36.372219900,91411,1889816621,-50,-98,6,0,1,7,0,0,256,0,0,"[0,0,-7,-14,-7,-14,-6,-13,-7,-12,-7,-12,-7,-11,-7,-10,-7,-10,-7,-9,-7,-8,-7,-8,-8,-8,-8,-7,-8,-7,-8,-6,-7,-6,-8,-6,-7,-6,-7,-5,-7,-5,-7,-6,-6,-5,-6,-5,-5,-5,-5,-5,-5,-5,0,0,0,0,0,0,0,0,0,0,0,0,0,0,0,0,0,0,0,0,0,0,-8,-15,-7,-16,-7,-17,-6,-18,-5,-18,-5,-19,-4,-19,-3,-20,-3,-19,-2,-19,-2,-19,-2,-18,-2,-18,-2,-17,-3,-17,-3,-16,-4,-16,-4,-16,-5,-16,-5,-16,-6,-16,-7,-16,-7,-16,-7,-16,-7,-15,-7,-15,0,0,-18,-21,-19,-21,-18,-20,-17,-18,-18,-18,-17,-16,-17,-15,-17,-13,-16,-12,-17,-11,-16,-10,-16,-9,-17,-8,-16,-8,-17,-7,-16,-6,-16,-6,-16,-6,-15,-6,-14,-6,-14,-6,-13,-6,-12,-6,-12,-6,-10,-6,-10,-6,-10,-6,-9,-7,0,0,0,0,0,0,0,0,0,0,0,0,0,0,-25,-18,-22,-22,-21,-23,-20,-24,-20,-25,-19,-26,-19,-28,-18,-30,-17,-31,-15,-32,-14,-31,-13,-32,-12,-31,-12,-31,-12,-30,-12,-28,-13,-28,-14,-26,-14,-26,-15,-26,-16,-26,-17,-25,-18,-24,-18,-24,-19,-24,-20,-23,-19,-23,-19,-23]"
618054846621100,36.395772700,91412,1889837838,-51,-98,6,0,1,7,0,0,256,0,0,"[0,0,-11,-12,-11,-11,-10,-11,-10,-10,-10,-10,-10,-9,-10,-8,-9,-8,-9,-7,-9,-6,-9,-5,-9,-5,-9,-5,-9,-5,-9,-4,-9,-4,-9,-4,-9,-4,-8,-4,-8,-4,-8,-4,-7,-3,-6,-4,-6,-4,-6,-3,-6,-4,0,0,0,0,0,0,0,0,0,0,0,0,0,0,0,0,0,0,0,0,0,0,-13,-12,-13,-13,-12,-13,-12,-15,-11,-16,-11,-17,-10,-17,-9,-18,-9,-17,-8,-17,-8,-17,-8,-16,-8,-16,-8,-16,-8,-16,-8,-14,-9,-14,-9,-14,-10,-14,-10,-14,-10,-13,-11,-13,-11,-13,-11,-13,-11,-12,-11,-12,0,0,-17,-23,-16,-23,-15,-22,-14,-20,-13,-18,-15,-18,-14,-16,-14,-15,-14,-14,-15,-12,-15,-11,-15,-12,-15,-11,-14,-10,-14,-10,-15,-9,-15,-9,-14,-8,-12,-8,-13,-8,-12,-8,-12,-7,-11,-8,-9,-8,-9,-7,-9,-7,-8,-8,-8,-8,0,0,0,0,0,0,0,0,0,0,0,0,0,0,-23,-21,-21,-24,-19,-26,-18,-26,-18,-28,-16,-28,-15,-31,-14,-32,-14,-33,-11,-34,-10,-33,-9,-33,-9,-32,-8,-32,-8,-30,-8,-29,-9,-28,-11,-27,-12,-27,-12,-28,-13,-27,-13,-25,-15,-26,-15,-25,-15,-25,-14,-25,-17,-25,-16,-25]"
618054864798200,36.413949800,91413,1889856629,-51,-98,6,0,1,7,0,0,256,0,0,"[0,0,2,-16,1,-15,1,-14,1,-14,0,-14,0,-13,-1,-12,-1,-12,-1,-11,-2,-11,-2,-10,-3,-10,-3,-10,-3,-10,-4,-9,-4,-9,-3,-9,-3,-9,-3,-9,-3,-8,-2,-8,-3,-8,-2,-7,-2,-7,-2,-7,-2,-7,0,0,0,0,0,0,0,0,0,0,0,0,0,0,0,0,0,0,0,0,0,0,0,-17,1,-18,1,-18,2,-18,3,-19,5,-19,6,-19,6,-18,6,-18,7,-18,7,-17,7,-16,7,-16,6,-16,6,-16,5,-16,4,-16,4,-16,3,-16,3,-16,3,-16,2,-16,2,-16,2,-17,1,-16,2,-16,0,0,-11,-26,-12,-26,-12,-24,-11,-23,-11,-21,-11,-20,-11,-19,-12,-18,-11,-17,-13,-16,-13,-14,-13,-14,-13,-13,-13,-12,-14,-12,-13,-11,-13,-11,-13,-11,-12,-12,-12,-11,-11,-11,-10,-11,-10,-10,-9,-9,-9,-10,-8,-9,-7,-10,-7,-9,0,0,0,0,0,0,0,0,0,0,0,0,0,0,-20,-24,-17,-25,-16,-27,-14,-28,-13,-30,-12,-30,-11,-33,-9,-33,-7,-34,-6,-35,-5,-34,-5,-35,-4,-33,-4,-32,-4,-31,-4,-30,-5,-30,-6,-29,-6,-29,-7,-30,-8,-28,-9,-28,-10,-29,-11,-28,-12,-29,-12,-28,-13,-27,-12,-27]"
618054884883400,36.434035000,91414,1889879299,-51,-98,6,0,1,7,0,0,256,0,0,"[0,0,-8,13,-8,12,-7,12,-7,11,-6,11,-6,10,-5,10,-5,10,-4,10,-4,9,-3,10,-3,9,-2,9,-2,9,-2,9,-2,9,-1,8,-2,8,-2,8,-2,8,-2,7,-2,7,-2,7,-2,6,-2,6,-2,6,0,0,0,0,0,0,0,0,0,0,0,0,0,0,0,0,0,0,0,0,0,0,-7,15,-8,15,-9,15,-10,15,-11,15,-12,15,-13,14,-14,14,-14,13,-14,12,-14,11,-14,12,-13,11,-12,11,-12,11,-11,11,-11,12,-11,11,-11,12,-10,13,-10,13,-9,13,-10,13,-9,13,-9,14,-9,13,0,0,-6,54,-5,55,-4,51,-3,51,-2,46,0,45,1,43,3,41,4,38,5,39,7,37,7,35,9,33,9,32,12,33,12,30,12,31,10,30,11,29,9,28,9,27,7,26,7,26,5,24,4,23,4,21,3,23,1,21,0,0,0,0,0,0,0,0,0,0,0,0,0,0,8,60,2,59,-3,59,-4,59,-7,64,-9,60,-14,66,-18,63,-19,65,-24,65,-24,62,-29,62,-29,59,-29,57,-28,55,-25,54,-21,54,-19,57,-17,54,-17,57,-15,55,-11,58,-11,57,-8,58,-10,60,-9,59,-8,57,-8,57]"
618054902314400,36.451466000,91415,1889896554,-50,-98,6,0,1,7,0,0,256,0,0,"[0,0,15,3,14,3,13,3,13,2,12,2,12,2,11,1,11,1,10,0,10,0,10,-1,9,-1,9,-2,9,-2,9,-3,8,-3,8,-2,9,-3,8,-2,8,-2,7,-2,7,-1,6,-1,6,-1,6,-1,6,-1,0,0,0,0,0,0,0,0,0,0,0,0,0,0,0,0,0,0,0,0,0,0,17,2,16,3,17,4,17,5,17,6,17,7,17,8,16,9,16,9,15,10,15,9,14,9,14,9,14,8,14,8,14,7,14,7,14,6,14,5,14,6,14,6,15,5,15,4,15,4,15,4,15,3,0,0,28,5,26,3,26,4,23,3,23,3,21,1,21,1,19,0,20,-2,18,-3,17,-3,17,-4,16,-4,16,-5,16,-6,16,-5,14,-5,15,-5,16,-5,14,-4,14,-4,12,-4,12,-3,11,-3,11,-2,10,-2,10,-1,10,0,0,0,0,0,0,0,0,0,0,0,0,0,0,0,28,-2,30,1,31,3,33,5,30,5,32,8,31,8,34,12,32,11,32,15,30,15,29,14,28,16,27,16,27,15,27,14,28,13,26,11,27,10,27,10,27,9,27,7,27,8,29,6,28,6,27,5,29,6,29,4]"
618054924497200,36.473648800,91416,1889916827,-50,-98,6,0,1,7,0,0,256,0,0,"[0,0,-1,-16,-1,-15,-1,-15,-1,-14,-1,-14,-2,-13,-2,-12,-2,-11,-2,-11,-3,-10,-3,-10,-4,-10,-4,-10,-4,-10,-4,-9,-5,-9,-5,-8,-4,-8,-4,-9,-4,-8,-3,-8,-3,-7,-3,-7,-2,-7,-3,-6,-2,-7,0,0,0,0,0,0,0,0,0,0,0,0,0,0,0,0,0,0,0,0,0,0,-2,-18,-1,-19,-1,-18,0,-19,1,-19,3,-20,3,-19,4,-19,5,-19,5,-18,5,-18,5,-17,5,-17,4,-17,4,-17,3,-16,3,-17,2,-16,1,-17,1,-17,1,-17,0,-17,0,-16,0,-17,0,-17,0,-17,0,0,0,-27,-1,-29,-1,-26,-1,-24,-2,-24,-3,-23,-4,-22,-4,-21,-5,-19,-6,-18,-6,-18,-6,-18,-7,-16,-8,-17,-7,-16,-7,-15,-8,-15,-7,-14,-8,-15,-7,-13,-6,-14,-5,-13,-5,-13,-5,-13,-4,-11,-5,-10,-3,-12,-2,-11,0,0,0,0,0,0,0,0,0,0,0,0,0,0,-9,-30,-6,-31,-3,-31,-2,-31,-1,-33,0,-33,3,-34,4,-34,5,-35,7,-35,7,-34,9,-34,10,-32,10,-31,10,-30,9,-29,8,-30,5,-30,5,-29,4,-29,3,-30,2,-30,0,-30,-1,-31,0,-31,1,-30,0,-30,0,-30]"
618054945962400,36.495114000,91417,1889942250,-51,-98,6,0,1,7,0,0,256,0,0,"[0,0,2,14,2,13,2,13,2,12,2,12,2,11,3,10,3,10,3,9,4,9,4,8,4,8,4,8,5,8,4,7,4,7,4,7,4,6,4,6,4,6,4,6,3,6,3,6,2,5,3,5,2,5,0,0,0,0,0,0,0,0,0,0,0,0,0,0,0,0,0,0,0,0,0,0,4,15,3,16,3,17,2,17,1,18,0,18,-1,18,-2,18,-2,18,-3,18,-3,17,-3,17,-2,16,-3,16,-2,16,-2,15,-1,15,0,15,0,15,0,15,1,15,1,15,1,15,2,15,2,15,2,14,0,0,11,25,11,24,11,23,11,21,11,20,10,19,11,18,11,17,11,15,12,14,12,13,12,12,13,12,13,11,12,11,12,10,13,10,12,10,11,10,11,10,10,9,10,10,9,9,9,8,7,8,7,8,6,8,6,8,0,0,0,0,0,0,0,0,0,0,0,0,0,0,19,21,18,24,16,25,15,27,13,28,12,29,11,30,10,32,8,33,6,34,5,33,5,33,5,32,4,31,4,31,5,30,5,29,6,27,7,28,7,27,8,27,9,27,9,27,10,27,11,26,12,26,13,26,12,26]"
618054964439000,36.513590600,91418,1889956611,-50,-98,6,0,1,7,0,0,256,0,0,"[0,0,-16,-4,-15,-4,-14,-4,-14,-3,-13,-3,-13,-2,-12,-1,-12,-1,-12,-1,-11,0,-11,0,-10,0,-10,1,-10,1,-10,2,-9,2,-9,1,-9,1,-9,1,-9,1,-8,1,-8,0,-7,0,-7,0,-7,0,-7,0,0,0,0,0,0,0,0,0,0,0,0,0,0,0,0,0,0,0,0,0,0,0,-18,-3,-18,-4,-18,-4,-18,-6,-18,-7,-19,-8,-18,-8,-18,-9,-18,-9,-17,-10,-16,-10,-16,-10,-15,-10,-15,-9,-15,-9,-15,-8,-15,-7,-16,-7,-15,-7,-16,-6,-16,-5,-16,-5,-17,-5,-16,-5,-16,-4,-16,-4,0,0,-28,-3,-27,-3,-26,-2,-25,-2,-23,-2,-23,0,-22,0,-20,1,-20,2,-19,3,-18,4,-17,4,-17,4,-16,5,-17,5,-16,6,-16,5,-15,5,-15,4,-15,4,-15,4,-14,3,-13,3,-12,2,-12,2,-11,2,-11,1,-11,1,0,0,0,0,0,0,0,0,0,0,0,0,0,0,-31,5,-31,2,-32,0,-31,-2,-32,-3,-33,-5,-34,-8,-35,-9,-34,-10,-34,-12,-33,-13,-33,-13,-32,-14,-30,-14,-28,-13,-29,-11,-28,-11,-29,-10,-28,-9,-29,-9,-28,-7,-29,-5,-29,-6,-30,-4,-31,-5,-29,-4,-29,-4,-29,-3]"
618054985924200,36.535075800,91419,1889976529,-50,-98,6,0,1,7,0,0,256,0,0,"[0,0,-8,13,-7,12,-7,12,-6,11,-6,11,-5,11,-4,11,-4,10,-3,10,-3,9,-3,9,-2,9,-1,9,-1,9,-1,8,-1,8,-1,8,-1,8,-1,8,-1,7,-1,7,-2,7,-2,6,-2,6,-2,6,-2,5,0,0,0,0,0,0,0,0,0,0,0,0,0,0,0,0,0,0,0,0,0,0,-6,15,-7,16,-8,15,-9,15,-10,15,-11,15,-12,15,-13,14,-13,14,-12,13,-13,12,-13,12,-12,12,-12,12,-11,12,-10,11,-11,12,-10,12,-10,13,-9,13,-9,13,-8,13,-8,13,-8,14,-8,14,-8,14,0,0,-15,24,-14,23,-12,22,-12,21,-12,20,-10,20,-8,20,-8,19,-8,18,-6,18,-5,17,-4,17,-3,16,-2,16,-2,15,-2,16,-1,15,-2,15,-2,14,-2,14,-3,13,-2,14,-3,13,-3,12,-2,12,-3,10,-4,11,-5,10,0,0,0,0,0,0,0,0,0,0,0,0,0,0,-8,29,-11,29,-13,28,-16,27,-18,28,-18,27,-21,28,-22,27,-24,25,-25,24,-26,23,-25,24,-25,22,-24,21,-24,21,-22,20,-22,21,-21,21,-20,21,-20,22,-18,22,-18,23,-17,24,-17,24,-16,25,-15,25,-15,26,-15,25]"
618055003785500,36.552937100,91420,1889996510,-50,-98,6,0,1,7,0,0,256,0,0,"[0,0,12,-8,12,-9,10,-8,11,-9,10,-8,9,-8,8,-8,8,-8,7,-8,7,-8,6,-8,5,-8,5,-8,4,-8,4,-8,4,-8,4,-8,4,-8,4,-8,4,-7,4,-7,4,-6,4,-6,3,-6,4,-5,4,-5,0,0,0,0,0,0,0,0,0,0,0,0,0,0,0,0,0,0,0,0,0,0,13,-11,14,-10,14,-10,15,-9,16,-9,17,-8,18,-7,18,-6,18,-6,18,-6,17,-5,17,-5,16,-5,15,-5,15,-5,15,-6,14,-6,15,-7,14,-7,14,-8,13,-8,13,-9,14,-9,13,-9,13,-9,13,-9,0,0,22,-16,21,-16,21,-16,19,-15,18,-15,17,-15,16,-14,14,-15,13,-15,11,-15,11,-15,10,-15,8,-15,8,-15,9,-15,8,-15,7,-15,7,-15,7,-14,7,-13,8,-12,6,-11,6,-11,6,-11,7,-10,6,-9,6,-9,8,-8,0,0,0,0,0,0,0,0,0,0,0,0,0,0,20,-23,23,-21,24,-20,25,-18,27,-19,28,-17,30,-16,31,-13,32,-12,33,-11,33,-9,33,-10,32,-9,31,-9,30,-9,28,-9,27,-10,28,-10,27,-11,27,-12,26,-13,26,-15,26,-15,25,-15,25,-16,25,-17,25,-17,25,-17]"
618055026595600,36.575747200,91421,1890019233,-50,-98,6,0,1,7,0,0,256,0,0,"[0,0,-10,12,-9,12,-8,11,-8,11,-7,10,-7,10,-6,10,-5,10,-5,10,-5,9,-4,9,-3,9,-3,9,-3,9,-3,9,-2,9,-2,9,-2,8,-2,8,-2,8,-3,7,-2,7,-3,6,-2,6,-3,6,-3,5,0,0,0,0,0,0,0,0,0,0,0,0,0,0,0,0,0,0,0,0,0,0,-9,15,-10,14,-11,15,-11,14,-13,14,-14,13,-15,13,-15,12,-15,11,-15,11,-15,10,-15,10,-14,10,-14,10,-14,10,-13,10,-12,10,-12,11,-11,11,-11,12,-11,12,-11,13,-11,13,-10,13,-10,13,-10,13,0,0,-36,46,-33,45,-31,43,-30,43,-27,41,-26,40,-21,38,-19,37,-18,36,-16,36,-14,35,-12,35,-9,35,-8,35,-8,35,-8,33,-7,33,-7,32,-7,30,-8,28,-8,27,-8,27,-8,26,-8,24,-9,22,-8,21,-10,20,-12,19,0,0,0,0,0,0,0,0,0,0,0,0,0,0,-24,57,-29,56,-33,55,-37,54,-38,55,-42,52,-47,54,-52,50,-54,48,-56,47,-57,44,-57,42,-57,40,-55,38,-52,38,-50,39,-49,40,-46,39,-45,39,-45,41,-42,43,-40,46,-40,46,-39,47,-40,48,-38,48,-36,49,-36,48]"
618055043759800,36.592911400,91422,1890036642,-50,-98,6,0,1,7,0,0,256,0,0,"[0,0,-10,-11,-11,-11,-10,-10,-10,-10,-10,-9,-10,-9,-9,-8,-9,-7,-9,-7,-9,-6,-9,-5,-9,-5,-9,-5,-9,-4,-9,-3,-9,-3,-9,-4,-9,-3,-8,-3,-8,-3,-7,-3,-7,-4,-7,-4,-6,-3,-6,-3,-6,-4,0,0,0,0,0,0,0,0,0,0,0,0,0,0,0,0,0,0,0,0,0,0,-13,-12,-13,-13,-12,-14,-12,-14,-11,-15,-11,-17,-10,-17,-9,-18,-9,-18,-8,-18,-8,-17,-8,-16,-8,-16,-8,-16,-8,-15,-8,-14,-8,-14,-9,-14,-10,-14,-10,-13,-10,-13,-11,-13,-11,-13,-11,-13,-11,-12,-11,-12,0,0,-22,-18,-23,-17,-21,-16,-20,-15,-20,-15,-19,-14,-18,-12,-18,-11,-19,-9,-17,-6,-18,-5,-19,-5,-17,-5,-18,-5,-18,-3,-18,-3,-15,-4,-16,-4,-16,-4,-15,-4,-14,-3,-13,-5,-12,-4,-12,-4,-12,-4,-11,-5,-11,-4,-10,-4,0,0,0,0,0,0,0,0,0,0,0,0,0,0,-28,-11,-28,-15,-27,-17,-26,-20,-24,-20,-25,-22,-25,-25,-24,-27,-22,-29,-20,-30,-20,-30,-20,-29,-20,-27,-19,-27,-18,-26,-19,-24,-19,-26,-19,-23,-20,-24,-19,-23,-21,-21,-20,-21,-21,-22,-22,-20,-23,-20,-24,-18,-24,-17,-25,-19]"
618055065860100,36.615011700,91423,1890060687,-50,-98,6,0,1,7,0,0,256,0,0,"[0,0,8,12,7,12,7,11,7,11,7,10,7,9,7,9,7,8,7,7,7,7,7,6,7,6,7,5,7,5,7,4,7,4,7,4,7,4,7,4,6,4,6,3,5,4,5,4,5,4,4,3,4,3,0,0,0,0,0,0,0,0,0,0,0,0,0,0,0,0,0,0,0,0,0,0,10,13,9,14,9,15,8,15,8,17,7,17,6,18,5,18,5,18,4,18,4,17,4,16,4,16,4,16,4,15,5,15,5,14,6,14,6,14,7,14,7,14,7,14,7,14,8,14,8,13,8,13,0,0,13,23,15,22,13,20,14,20,13,19,13,18,12,16,12,15,12,14,13,13,14,11,13,10,13,10,13,9,14,8,14,8,12,9,12,7,12,7,12,7,12,7,9,7,9,7,9,6,8,6,8,7,7,7,6,7,0,0,0,0,0,0,0,0,0,0,0,0,0,0,21,20,20,23,18,24,16,25,17,27,15,27,13,30,12,31,12,31,9,33,9,32,7,33,8,31,7,30,6,30,7,28,7,27,10,26,10,25,11,27,11,26,13,25,11,26,14,24,15,26,15,25,15,24,15,24]"
618055082141400,36.631293000,91424,1890076484,-50,-98,6,0,1,7,0,0,256,0,0,"[0,0,4,14,4,14,4,13,4,13,4,12,4,11,4,10,5,10,5,9,5,8,5,8,5,8,5,7,6,7,6,6,6,6,6,6,5,6,5,5,5,6,4,5,5,5,4,5,4,5,3,4,3,4,0,0,0,0,0,0,0,0,0,0,0,0,0,0,0,0,0,0,0,0,0,0,6,16,5,16,4,17,3,17,3,19,2,18,1,19,0,19,-1,19,-2,19,-1,18,-1,17,-1,17,-1,16,0,16,0,16,1,15,1,16,2,16,2,16,3,16,4,16,3,16,4,15,4,15,4,15,0,0,8,25,10,24,10,23,9,22,9,21,9,19,9,19,10,17,10,16,11,15,11,14,11,12,12,13,12,12,12,11,12,11,11,11,11,11,11,10,10,11,10,10,8,9,9,9,8,8,8,8,6,8,5,8,5,8,0,0,0,0,0,0,0,0,0,0,0,0,0,0,17,25,15,27,12,28,10,30,9,30,8,32,7,33,6,34,4,35,2,35,2,34,1,34,0,33,1,32,0,31,1,30,2,30,3,29,3,29,4,28,6,28,6,28,6,28,8,29,9,28,8,29,10,27,10,27]"
618055104703700,36.653855300,91425,1890101235,-50,-98,6,0,1,7,0,0,256,0,0,"[0,0,-12,-10,-12,-9,-12,-9,-11,-8,-11,-9,-10,-8,-10,-7,-10,-6,-10,-5,-10,-5,-10,-4,-10,-4,-9,-4,-10,-3,-9,-3,-9,-3,-9,-3,-9,-3,-9,-2,-8,-3,-8,-2,-7,-3,-7,-3,-6,-3,-7,-3,-6,-3,0,0,0,0,0,0,0,0,0,0,0,0,0,0,0,0,0,0,0,0,0,0,-15,-10,-15,-11,-14,-12,-14,-13,-14,-13,-14,-15,-13,-15,-12,-16,-11,-16,-10,-16,-11,-15,-10,-15,-10,-15,-10,-15,-10,-14,-10,-13,-11,-13,-11,-12,-12,-12,-12,-12,-12,-12,-12,-11,-13,-11,-13,-11,-13,-11,-13,-10,0,0,-42,-40,-38,-40,-37,-37,-39,-36,-36,-36,-34,-31,-34,-28,-35,-25,-33,-23,-32,-19,-34,-19,-33,-18,-32,-14,-33,-14,-33,-13,-32,-11,-31,-11,-31,-10,-29,-10,-28,-10,-28,-11,-26,-11,-23,-12,-22,-11,-21,-8,-22,-12,-19,-12,-18,-13,0,0,0,0,0,0,0,0,0,0,0,0,0,0,-50,-32,-50,-42,-47,-42,-45,-45,-43,-48,-40,-54,-42,-56,-39,-59,-37,-60,-34,-66,-32,-64,-30,-63,-29,-61,-28,-60,-25,-57,-28,-55,-28,-54,-31,-51,-30,-51,-34,-51,-33,-50,-36,-48,-37,-48,-38,-48,-39,-47,-40,-45,-41,-43,-40,-44]"
618055124725200,36.673876800,91426,1890120250,-50,-98,6,0,1,7,0,0,256,0,0,"[0,0,13,6,13,6,12,5,12,5,12,4,11,4,11,3,10,3,10,1,10,1,9,1,9,0,9,0,9,0,9,0,9,-1,8,0,8,-1,8,0,8,-1,7,0,7,0,6,0,6,0,6,0,6,1,0,0,0,0,0,0,0,0,0,0,0,0,0,0,0,0,0,0,0,0,0,0,16,5,16,6,16,7,16,8,16,9,16,10,15,11,15,12,14,11,14,12,13,11,13,12,12,11,12,11,12,10,13,9,13,8,13,9,13,8,13,7,13,7,14,7,15,7,14,6,14,6,14,6,0,0,25,8,26,9,23,8,22,7,21,6,22,4,18,5,19,4,18,2,18,1,18,0,16,-1,17,-1,16,-2,16,-2,15,-2,15,-2,15,-2,15,-3,14,-2,13,-2,13,0,11,0,11,0,11,0,10,-1,10,0,10,1,0,0,0,0,0,0,0,0,0,0,0,0,0,0,30,2,29,7,29,8,29,9,30,10,29,12,30,16,29,16,29,19,29,20,28,21,27,22,26,20,24,20,23,19,24,17,22,18,26,16,25,13,24,14,24,13,26,12,26,13,26,11,28,10,27,11,27,10,26,10]"
618055145799900,36.694951500,91427,1890138308,-50,-98,6,0,1,7,0,0,256,0,0,"[0,0,-13,9,-12,9,-11,8,-11,8,-10,8,-9,8,-9,8,-8,8,-8,7,-7,8,-6,8,-6,8,-5,8,-5,7,-5,8,-5,8,-4,7,-4,7,-5,7,-5,6,-4,7,-4,6,-4,6,-4,5,-4,5,-4,4,0,0,0,0,0,0,0,0,0,0,0,0,0,0,0,0,0,0,0,0,0,0,-13,12,-14,11,-14,10,-15,10,-16,10,-17,9,-17,9,-18,8,-18,7,-18,7,-18,6,-17,5,-17,6,-16,5,-15,6,-15,6,-15,6,-15,7,-14,7,-14,8,-14,8,-14,9,-14,9,-14,9,-13,9,-13,9,0,0,-23,16,-22,17,-19,16,-18,15,-18,15,-17,14,-15,15,-14,14,-12,14,-13,14,-11,14,-9,14,-9,14,-8,14,-8,15,-7,14,-6,15,-8,13,-8,13,-7,12,-8,12,-6,11,-6,10,-6,10,-7,9,-6,8,-7,8,-8,7,0,0,0,0,0,0,0,0,0,0,0,0,0,0,-18,25,-20,23,-23,21,-24,21,-26,21,-26,19,-29,19,-30,17,-30,16,-32,14,-31,13,-31,12,-31,12,-31,10,-30,10,-29,11,-27,12,-26,12,-26,13,-26,14,-25,14,-24,15,-24,16,-24,17,-24,18,-23,18,-23,18,-23,17]"
618055161855500,36.711007100,91428,1890156603,-50,-98,6,0,1,7,0,0,256,0,0,"[0,0,15,2,14,2,13,1,13,1,12,1,12,0,11,0,10,-1,10,-1,10,-2,9,-2,9,-2,8,-2,8,-3,8,-4,8,-3,7,-3,7,-3,7,-3,7,-3,7,-3,6,-3,6,-2,6,-2,6,-2,6,-2,0,0,0,0,0,0,0,0,0,0,0,0,0,0,0,0,0,0,0,0,0,0,16,2,17,3,17,4,17,5,17,6,18,6,17,7,17,8,16,8,15,9,15,9,15,8,15,8,14,8,14,7,14,6,14,6,14,6,15,5,15,4,15,3,15,3,16,3,15,3,15,3,15,3,0,0,26,4,27,3,25,2,26,2,22,2,22,0,21,-1,19,-1,19,-2,18,-2,18,-3,17,-4,15,-5,15,-5,16,-5,15,-6,14,-6,15,-5,15,-6,14,-5,13,-5,13,-4,12,-4,11,-3,11,-2,10,-3,10,-2,10,-1,0,0,0,0,0,0,0,0,0,0,0,0,0,0,30,-2,31,2,31,4,31,4,33,6,33,7,33,9,33,12,33,12,32,13,31,15,30,16,29,17,28,16,26,16,26,15,26,13,27,11,27,10,28,10,27,8,27,7,28,5,29,5,30,6,28,6,27,5,28,4]"
618055182440700,36.731592300,91429,1890176703,-50,-98,6,0,1,7,0,0,256,0,0,"[0,0,-5,14,-4,14,-3,13,-3,13,-3,12,-2,12,-2,11,-1,11,-1,10,-1,10,0,9,0,9,1,9,1,8,1,8,1,8,1,8,1,8,1,8,1,7,0,7,0,7,0,6,0,6,0,6,0,6,0,0,0,0,0,0,0,0,0,0,0,0,0,0,0,0,0,0,0,0,0,0,-3,16,-3,17,-4,17,-5,17,-6,18,-7,17,-8,17,-9,17,-9,16,-10,16,-10,15,-10,15,-9,14,-9,14,-8,14,-8,14,-7,14,-7,14,-6,14,-6,15,-5,15,-5,15,-5,15,-5,15,-4,15,-4,14,0,0,-6,28,-4,26,-4,25,-3,23,-2,22,-1,21,-1,20,-1,20,1,19,2,17,2,17,3,17,4,16,5,17,4,16,4,14,4,15,4,15,3,13,3,13,3,12,2,12,3,12,2,11,1,10,1,10,0,10,0,10,0,0,0,0,0,0,0,0,0,0,0,0,0,0,5,29,1,31,-1,31,-3,30,-4,31,-5,32,-8,32,-10,32,-11,32,-13,31,-14,30,-14,31,-14,30,-13,28,-12,28,-12,27,-12,27,-10,26,-9,27,-9,27,-10,27,-7,28,-7,28,-7,29,-5,28,-3,28,-4,29,-4,28]"
618055202693300,36.751844900,91430,1890196816,-50,-98,6,0,1,7,0,0,256,0,0,"[0,0,-16,3,-15,3,-14,3,-14,3,-13,3,-12,3,-12,3,-11,4,-10,4,-10,4,-9,4,-8,4,-8,5,-8,5,-8,5,-8,5,-7,5,-7,5,-7,4,-7,5,-7,4,-6,4,-6,3,-5,3,-6,3,-6,3,0,0,0,0,0,0,0,0,0,0,0,0,0,0,0,0,0,0,0,0,0,0,-19,5,-17,2,-18,3,-20,2,-18,2,-20,0,-20,-1,-19,-1,-19,-2,-19,-2,-18,-3,-18,-3,-17,-3,-17,-2,-17,-2,-17,-1,-17,-1,-17,0,-16,0,-16,1,-17,2,-16,2,-17,2,-16,2,-16,2,-16,3,0,0,-28,3,-28,3,-25,3,-25,3,-23,4,-21,5,-20,5,-20,6,-19,5,-18,7,-17,8,-16,7,-15,8,-14,8,-14,9,-15,8,-13,9,-14,8,-14,7,-14,7,-13,6,-12,6,-12,6,-11,5,-11,5,-10,4,-10,4,-10,3,0,0,0,0,0,0,0,0,0,0,0,0,0,0,-28,15,-32,8,-28,4,-32,0,-34,2,-33,-2,-32,-2,-33,-3,-36,-5,-35,-9,-34,-7,-34,-7,-35,-7,-31,-6,-30,-6,-30,-6,-30,-5,-28,-4,-30,-3,-29,-2,-30,-1,-29,0,-30,0,-30,1,-31,2,-29,3,-29,2,-30,2]"
618055224354200,36.773505800,91431,1890219556,-50,-98,6,0,1,7,0,0,256,0,0,"[0,0,10,-12,9,-12,8,-12,8,-11,7,-11,6,-11,6,-10,5,-10,5,-10,4,-10,4,-10,3,-10,2,-9,2,-9,2,-9,2,-9,1,-9,2,-9,1,-9,2,-8,2,-8,2,-8,2,-7,2,-7,2,-6,2,-6,0,0,0,0,0,0,0,0,0,0,0,0,0,0,0,0,0,0,0,0,0,0,10,-15,11,-14,12,-14,12,-13,13,-13,14,-13,15,-12,16,-11,16,-10,16,-10,15,-10,15,-9,14,-9,14,-9,13,-9,12,-10,13,-10,12,-10,12,-11,11,-11,11,-11,11,-12,11,-12,10,-12,10,-12,10,-13,0,0,19,-21,17,-21,16,-21,14,-20,14,-19,12,-19,11,-19,11,-19,9,-18,8,-18,7,-18,6,-18,5,-17,4,-18,4,-16,4,-17,3,-16,4,-16,3,-16,4,-15,4,-14,4,-14,4,-13,4,-13,4,-11,5,-11,5,-10,5,-9,0,0,0,0,0,0,0,0,0,0,0,0,0,0,12,-28,16,-26,18,-26,21,-26,21,-25,23,-25,24,-24,27,-24,28,-22,29,-21,29,-20,29,-19,28,-18,28,-17,27,-17,26,-17,26,-18,23,-18,23,-19,22,-18,23,-21,21,-21,21,-21,21,-22,20,-22,20,-23,19,-23,20,-23]"
618055244067300,36.793218900,91432,1890238306,-50,-98,6,0,1,7,0,0,256,0,0,"[0,0,11,10,10,9,9,9,10,8,9,8,10,7,9,6,9,5,9,5,9,4,8,4,8,3,9,3,8,2,9,2,8,2,8,2,8,2,8,2,7,2,7,2,6,2,6,2,5,2,5,2,5,2,0,0,0,0,0,0,0,0,0,0,0,0,0,0,0,0,0,0,0,0,0,0,14,10,13,11,13,11,12,12,12,13,12,14,11,14,11,16,10,15,9,16,9,15,9,15,8,15,8,14,8,14,9,13,9,13,9,12,10,12,11,11,11,11,11,11,12,11,11,11,11,11,11,10,0,0,21,17,21,16,20,15,19,14,19,13,17,12,17,11,16,9,18,7,17,7,16,6,16,5,16,5,15,4,17,3,14,3,14,4,14,3,14,2,14,3,13,3,13,2,11,4,11,3,10,3,10,4,9,4,8,4,0,0,0,0,0,0,0,0,0,0,0,0,0,0,27,10,27,15,27,16,26,19,24,19,24,21,25,23,23,25,24,25,22,27,20,28,19,27,19,27,18,26,17,25,17,24,19,23,18,23,18,21,20,21,19,20,20,19,22,19,22,19,23,18,21,17,23,17,25,16]"
618055264584700,36.813736300,91433,1890263902,-50,-98,6,0,1,7,0,0,256,0,0,"[0,0,13,6,13,6,12,5,12,5,12,4,11,4,11,3,10,3,10,2,10,1,9,1,9,1,9,0,9,0,9,-1,8,-1,9,0,8,-1,8,-1,8,0,7,0,7,0,7,0,6,0,6,0,6,1,0,0,0,0,0,0,0,0,0,0,0,0,0,0,0,0,0,0,0,0,0,0,16,5,16,6,16,7,15,8,16,9,16,9,15,11,15,12,14,11,14,12,13,11,13,11,13,11,12,10,12,10,13,10,12,9,13,9,13,8,14,8,13,7,14,7,15,7,14,7,14,7,14,6,0,0,25,12,25,11,23,9,23,9,22,8,21,7,20,7,19,5,18,4,19,3,18,2,18,1,17,0,16,0,17,-1,16,-1,16,0,16,-2,16,-1,15,0,14,0,13,0,13,0,12,0,11,1,11,2,10,1,9,2,0,0,0,0,0,0,0,0,0,0,0,0,0,0,29,2,30,5,30,8,30,10,31,12,29,14,30,16,30,18,29,20,28,22,27,22,26,22,25,21,25,21,25,21,24,20,23,19,25,18,24,16,25,16,25,15,26,15,25,14,26,14,28,13,27,12,27,12,27,11]"
618055277446700,36.826598300,91434,1890266486,-50,-98,6,0,1,7,0,0,256,0,0,"[0,0,-12,9,-12,10,-11,9,-10,8,-10,8,-9,8,-8,8,-8,8,-7,8,-6,8,-6,8,-6,8,-5,8,-5,8,-5,8,-5,8,-4,8,-4,8,-4,7,-4,7,-4,6,-4,6,-4,6,-4,5,-4,5,-4,5,0,0,0,0,0,0,0,0,0,0,0,0,0,0,0,0,0,0,0,0,0,0,-12,12,-13,12,-14,11,-14,11,-16,10,-17,10,-17,9,-18,8,-18,8,-17,7,-18,7,-17,6,-16,6,-16,6,-16,7,-15,7,-15,7,-14,8,-14,9,-13,9,-14,9,-13,10,-14,10,-13,10,-13,10,-12,10,0,0,-24,15,-22,15,-22,14,-20,14,-18,14,-17,15,-16,15,-14,13,-13,14,-13,13,-12,13,-12,14,-10,14,-9,14,-10,13,-9,14,-9,13,-8,13,-8,12,-7,11,-7,11,-8,10,-8,10,-8,9,-8,8,-8,7,-8,8,-8,7,0,0,0,0,0,0,0,0,0,0,0,0,0,0,-21,21,-24,19,-26,18,-27,17,-28,16,-28,16,-29,14,-33,13,-33,12,-34,10,-34,10,-33,9,-32,7,-31,6,-30,7,-30,7,-29,8,-27,9,-27,10,-26,10,-26,12,-25,13,-25,15,-25,15,-26,14,-26,14,-24,15,-25,14]"
618055286471800,36.835623400,91435,1890277311,-50,-98,6,0,1,7,0,0,256,0,0,"[0,0,4,14,4,13,4,13,4,12,4,11,5,11,5,10,5,9,5,9,5,8,5,8,6,7,5,7,6,7,6,6,6,6,6,6,5,5,5,5,5,5,5,5,4,5,4,5,4,5,3,4,3,4,0,0,0,0,0,0,0,0,0,0,0,0,0,0,0,0,0,0,0,0,0,0,6,15,5,16,4,17,4,18,3,18,2,18,1,19,0,19,0,19,-1,18,-1,18,-1,17,0,17,-1,17,0,16,0,15,1,16,1,15,2,15,3,15,3,15,4,15,4,16,4,16,4,15,4,15,0,0,7,27,7,26,6,24,6,23,6,22,7,21,8,19,8,19,9,16,9,16,10,15,10,14,10,14,10,13,11,11,10,11,10,11,10,10,10,10,9,11,9,9,9,10,7,11,7,9,6,9,6,9,5,9,4,9,0,0,0,0,0,0,0,0,0,0,0,0,0,0,12,27,10,29,8,30,6,30,5,31,3,32,2,34,0,36,0,34,-3,34,-3,34,-5,34,-5,33,-5,32,-5,30,-4,29,-4,29,-1,29,0,27,0,28,2,29,3,28,3,28,5,29,5,28,6,28,6,27,6,28]"
618055303980400,36.853132000,91436,1890298814,-50,-98,6,0,1,7,0,0,256,0,0,"[0,0,-4,15,-3,15,-3,14,-3,13,-2,12,-1,12,-1,11,-1,11,0,10,0,10,1,9,1,9,1,9,2,8,2,9,2,8,2,8,2,8,1,7,1,7,1,7,1,7,1,6,1,6,1,6,0,6,0,0,0,0,0,0,0,0,0,0,0,0,0,0,0,0,0,0,0,0,0,0,-2,17,-3,17,-4,17,-5,17,-6,18,-7,17,-8,17,-9,17,-9,17,-10,16,-9,16,-9,16,-8,15,-8,15,-8,15,-7,14,-7,14,-6,15,-6,15,-5,15,-5,15,-5,15,-4,16,-3,16,-3,16,-4,15,0,0,-5,27,-4,25,-4,25,-4,24,-3,23,-3,23,-2,20,-1,20,0,19,1,19,3,18,3,17,4,17,4,16,4,15,4,15,5,15,4,14,3,14,3,13,3,13,2,13,2,12,2,11,2,10,2,11,0,10,0,9,0,0,0,0,0,0,0,0,0,0,0,0,0,0,1,31,-1,31,-4,30,-6,32,-8,32,-9,31,-11,32,-13,33,-15,31,-17,31,-17,30,-17,29,-16,28,-16,28,-16,27,-14,27,-15,27,-12,26,-12,26,-11,26,-10,27,-10,27,-9,28,-8,29,-7,28,-6,28,-6,28,-6,28]"
618055327661300,36.876812900,91437,1890320509,-50,-98,6,0,1,7,0,0,256,0,0,"[0,0,4,-15,3,-15,3,-14,3,-14,3,-12,2,-13,1,-12,1,-12,1,-11,0,-11,0,-10,0,-10,-1,-10,-2,-10,-2,-9,-1,-9,-2,-9,-1,-9,-2,-9,-1,-8,-1,-8,-1,-8,-1,-8,-1,-7,-1,-6,0,-6,0,0,0,0,0,0,0,0,0,0,0,0,0,0,0,0,0,0,0,0,0,0,4,-17,4,-17,5,-18,6,-18,7,-18,8,-18,9,-17,10,-17,10,-17,11,-16,11,-15,11,-14,10,-15,10,-14,9,-14,8,-14,8,-14,7,-15,6,-15,6,-16,6,-16,5,-16,5,-15,5,-15,5,-15,5,-15,0,0,6,-25,5,-27,6,-26,4,-25,3,-23,3,-23,3,-21,1,-20,0,-19,-1,-20,-1,-18,-2,-19,-2,-18,-3,-16,-4,-17,-4,-15,-5,-17,-4,-16,-3,-14,-3,-14,-3,-15,-3,-14,-3,-14,-2,-12,-3,-12,-2,-11,-2,-12,0,-11,0,0,0,0,0,0,0,0,0,0,0,0,0,0,0,-31,4,-30,5,-31,7,-30,9,-33,10,-31,12,-33,13,-32,15,-32,16,-30,19,-31,19,-30,18,-27,18,-27,18,-26,17,-25,14,-26,14,-27,11,-27,12,-28,10,-26,10,-28,10,-29,8,-29,8,-30,7,-29,6,-29,8,-27]"
618055349783700,36.898935300,91438,1890340124,-50,-98,6,0,1,7,0,0,256,0,0,"[0,0,-16,0,-15,1,-14,1,-15,1,-13,1,-12,1,-12,2,-11,2,-11,3,-11,3,-10,3,-9,4,-9,4,-8,4,-9,4,-8,4,-8,4,-8,4,-8,4,-8,3,-7,3,-6,3,-7,3,-6,2,-6,2,-6,1,0,0,0,0,0,0,0,0,0,0,0,0,0,0,0,0,0,0,0,0,0,0,-18,2,-18,1,-19,0,-18,0,-20,-2,-20,-2,-20,-3,-20,-4,-20,-4,-19,-5,-18,-6,-18,-5,-17,-5,-17,-5,-17,-4,-17,-3,-16,-3,-17,-2,-16,-2,-16,-1,-17,-1,-17,0,-18,0,-17,0,-16,0,-16,0,0,0,-26,11,-25,11,-24,11,-23,11,-21,11,-20,11,-19,11,-18,11,-16,11,-15,12,-14,12,-13,13,-12,13,-12,12,-11,13,-11,12,-11,13,-11,13,-10,11,-10,11,-10,10,-10,10,-10,9,-9,9,-9,8,-9,7,-9,7,-9,6,0,0,0,0,0,0,0,0,0,0,0,0,0,0,-24,18,-26,16,-28,15,-29,13,-30,12,-30,10,-32,10,-34,8,-35,6,-36,5,-35,3,-35,4,-34,4,-33,3,-31,3,-30,4,-30,4,-29,5,-29,5,-29,7,-29,8,-29,8,-28,9,-29,9,-29,11,-27,11,-27,12,-27,12]"
618055363122900,36.912274500,91439,1890356767,-50,-98,6,0,1,7,0,0,256,0,0,"[0,0,14,5,13,5,13,4,13,4,12,4,11,3,11,3,10,2,10,1,10,1,10,0,9,0,9,0,9,-1,9,-1,9,-1,8,-1,8,-1,8,-1,8,-1,7,0,7,0,6,0,6,0,6,0,6,0,0,0,0,0,0,0,0,0,0,0,0,0,0,0,0,0,0,0,0,0,0,0,16,5,16,6,16,7,16,7,16,9,16,10,15,11,15,11,15,12,14,12,14,11,13,11,13,11,12,10,13,9,13,9,13,9,14,8,14,8,14,7,14,7,14,7,15,6,15,6,15,6,14,5,0,0,25,14,22,12,21,11,22,11,21,11,20,9,19,8,18,7,18,6,18,5,17,3,17,3,17,2,16,1,16,2,17,0,15,1,16,0,14,1,14,1,13,1,13,1,11,1,11,1,11,2,10,2,9,3,9,2,0,0,0,0,0,0,0,0,0,0,0,0,0,0,29,8,29,12,28,13,28,15,27,17,26,19,26,20,26,22,24,23,25,24,23,25,23,24,21,24,21,24,20,24,20,22,20,21,20,20,21,20,22,19,21,18,23,17,23,16,24,16,25,16,25,15,25,14,25,14]"
618055383589700,36.932741300,91440,1890376481,-50,-98,6,0,1,7,0,0,256,0,0,"[0,0,-16,0,-15,1,-14,1,-14,1,-13,1,-13,1,-12,1,-11,2,-11,2,-10,3,-10,3,-9,3,-9,3,-9,4,-9,4,-9,4,-8,4,-8,4,-8,4,-8,3,-8,3,-7,2,-7,2,-6,2,-6,2,-6,1,0,0,0,0,0,0,0,0,0,0,0,0,0,0,0,0,0,0,0,0,0,0,-17,3,-18,2,-18,2,-19,0,-19,-1,-20,-2,-20,-2,-20,-3,-19,-4,-19,-5,-19,-4,-18,-4,-17,-5,-17,-4,-17,-3,-17,-3,-17,-2,-17,-2,-17,-1,-17,-1,-17,0,-16,0,-18,0,-16,1,-17,1,-16,1,0,0,-28,5,-26,5,-26,6,-24,5,-23,7,-22,6,-20,7,-19,7,-18,7,-18,8,-17,9,-16,9,-14,9,-14,10,-13,10,-14,11,-12,10,-12,10,-12,8,-12,8,-12,8,-11,7,-10,7,-10,6,-10,5,-10,4,-10,4,-11,4,0,0,0,0,0,0,0,0,0,0,0,0,0,0,-27,14,-30,11,-31,8,-32,7,-32,6,-33,5,-34,2,-36,2,-36,-1,-37,-3,-35,-2,-35,-4,-34,-4,-33,-5,-31,-4,-30,-4,-31,-3,-29,-1,-31,0,-30,1,-31,1,-30,3,-29,3,-30,4,-30,4,-30,5,-28,5,-29,4]"
618055409080300,36.958231900,91441,1890397316,-50,-98,6,0,1,7,0,0,256,0,0,"[0,0,-15,-6,-14,-6,-14,-6,-13,-5,-13,-5,-12,-4,-12,-4,-11,-3,-11,-2,-11,-2,-10,-1,-10,-1,-10,-1,-10,0,-10,0,-10,0,-9,0,-9,0,-9,0,-9,0,-8,0,-7,-1,-8,-1,-7,-1,-7,0,-7,-1,0,0,0,0,0,0,0,0,0,0,0,0,0,0,0,0,0,0,0,0,0,0,-17,-5,-17,-6,-17,-7,-17,-8,-17,-9,-17,-10,-17,-11,-16,-12,-16,-12,-15,-13,-15,-13,-14,-12,-14,-11,-14,-11,-14,-11,-14,-10,-14,-9,-15,-9,-14,-8,-15,-8,-15,-8,-15,-8,-15,-7,-15,-7,-15,-7,-15,-7,0,0,-27,-9,-25,-9,-25,-10,-23,-8,-23,-7,-21,-6,-22,-6,-20,-3,-20,-2,-18,-1,-19,-1,-19,0,-18,0,-18,1,-17,2,-17,2,-16,1,-16,2,-16,2,-15,1,-15,1,-14,1,-13,0,-12,0,-11,0,-12,-1,-11,-1,-10,-2,0,0,0,0,0,0,0,0,0,0,0,0,0,0,-31,-3,-30,-8,-31,-10,-32,-11,-29,-14,-31,-15,-30,-16,-31,-19,-30,-20,-29,-21,-29,-21,-27,-21,-27,-21,-26,-21,-25,-20,-25,-19,-25,-19,-25,-16,-25,-17,-25,-15,-25,-14,-27,-13,-26,-13,-28,-13,-28,-11,-28,-11,-27,-12,-27,-11]"
618055431863200,36.981014800,91442,1890422846,-50,-98,6,0,1,7,0,0,256,0,0,"[0,0,-7,-14,-7,-14,-7,-14,-7,-13,-7,-13,-7,-11,-6,-11,-7,-10,-7,-9,-7,-9,-7,-8,-7,-8,-8,-7,-8,-7,-8,-6,-8,-6,-8,-6,-7,-6,-7,-6,-7,-6,-6,-5,-6,-5,-5,-5,-6,-5,-5,-5,-5,-5,0,0,0,0,0,0,0,0,0,0,0,0,0,0,0,0,0,0,0,0,0,0,-8,-16,-8,-17,-7,-17,-6,-18,-6,-19,-5,-19,-4,-20,-3,-20,-3,-20,-2,-19,-2,-19,-2,-18,-2,-18,-2,-17,-3,-17,-3,-16,-4,-16,-4,-16,-5,-16,-6,-16,-6,-16,-6,-16,-7,-16,-7,-16,-6,-15,-6,-15,0,0,-16,-24,-16,-24,-15,-22,-15,-20,-14,-19,-14,-19,-14,-17,-14,-16,-14,-14,-15,-12,-15,-11,-15,-11,-15,-10,-14,-9,-15,-8,-15,-8,-15,-7,-13,-7,-13,-8,-13,-7,-12,-6,-12,-8,-11,-8,-10,-6,-10,-6,-10,-7,-8,-7,-8,-7,0,0,0,0,0,0,0,0,0,0,0,0,0,0,-23,-23,-20,-26,-19,-27,-18,-28,-16,-29,-15,-30,-15,-32,-13,-33,-11,-34,-11,-34,-9,-33,-9,-34,-8,-32,-9,-31,-8,-31,-8,-30,-10,-29,-9,-28,-10,-28,-11,-26,-12,-26,-14,-27,-13,-26,-16,-27,-16,-26,-16,-25,-17,-25,-16,-25]"
618055448985200,36.998136800,91443,1890436985,-50,-98,6,0,1,7,0,0,256,0,0,"[0,0,-10,-12,-10,-12,-9,-11,-9,-11,-9,-10,-9,-9,-9,-9,-9,-8,-9,-7,-9,-7,-9,-6,-9,-6,-9,-5,-9,-5,-9,-4,-9,-4,-8,-4,-8,-4,-8,-4,-8,-4,-7,-4,-7,-4,-6,-4,-6,-4,-6,-4,-5,-4,0,0,0,0,0,0,0,0,0,0,0,0,0,0,0,0,0,0,0,0,0,0,-13,-13,-12,-14,-12,-15,-11,-15,-11,-16,-11,-17,-9,-18,-9,-18,-8,-18,-7,-18,-7,-17,-7,-18,-7,-17,-7,-16,-7,-16,-8,-15,-8,-15,-9,-15,-9,-15,-10,-14,-10,-14,-10,-14,-10,-14,-11,-13,-11,-13,-11,-13,0,0,-16,-22,-15,-23,-15,-21,-14,-20,-15,-19,-14,-18,-14,-16,-15,-15,-15,-13,-15,-13,-14,-12,-15,-11,-15,-10,-14,-10,-15,-8,-15,-7,-14,-9,-14,-8,-14,-7,-13,-8,-13,-7,-12,-6,-12,-8,-10,-7,-10,-7,-9,-7,-9,-7,-8,-7,0,0,0,0,0,0,0,0,0,0,0,0,0,0,-24,-21,-22,-24,-20,-25,-18,-26,-18,-28,-16,-29,-16,-31,-15,-32,-13,-34,-12,-34,-10,-34,-10,-35,-9,-33,-9,-32,-8,-31,-8,-30,-8,-28,-10,-29,-11,-27,-12,-28,-13,-27,-14,-26,-15,-26,-15,-25,-16,-26,-16,-26,-16,-25,-17,-24]"
618055463674300,37.012825900,91444,1890456580,-50,-98,6,0,1,7,0,0,256,0,0,"[0,0,-15,4,-15,4,-13,3,-14,4,-12,4,-12,3,-11,4,-11,4,-10,4,-10,5,-9,5,-8,5,-7,5,-7,6,-8,6,-7,6,-7,6,-7,5,-7,5,-7,5,-7,4,-6,4,-6,4,-5,4,-6,3,-6,3,0,0,0,0,0,0,0,0,0,0,0,0,0,0,0,0,0,0,0,0,0,0,-17,6,-18,5,-18,4,-18,3,-19,3,-19,2,-20,1,-21,0,-20,-1,-20,-1,-19,-1,-19,-2,-18,-1,-17,-1,-17,-1,-17,0,-17,0,-17,2,-17,2,-16,2,-17,2,-16,3,-17,3,-16,4,-16,4,-16,4,0,0,-26,10,-25,10,-24,9,-22,9,-21,10,-19,9,-20,9,-18,10,-16,11,-16,11,-14,11,-13,12,-12,12,-12,12,-12,12,-11,12,-10,13,-11,11,-11,10,-10,9,-10,10,-10,9,-9,9,-8,9,-9,7,-9,7,-9,7,-9,7,0,0,0,0,0,0,0,0,0,0,0,0,0,0,-26,16,-28,14,-29,13,-30,10,-32,11,-32,10,-34,7,-35,5,-35,4,-36,1,-35,1,-35,0,-34,0,-33,1,-31,1,-31,1,-30,2,-30,3,-29,3,-30,5,-28,7,-29,7,-29,7,-28,9,-28,7,-28,10,-27,10,-28,9]"
618055486710900,37.035862500,91445,1890481938,-50,-98,6,0,1,7,0,0,256,0,0,"[0,0,10,8,9,7,9,6,9,6,9,6,9,5,8,4,8,4,8,3,8,3,8,2,8,2,7,2,7,1,7,1,7,1,7,1,7,1,7,1,6,1,6,1,5,1,5,1,5,1,5,1,4,1,0,0,0,0,0,0,0,0,0,0,0,0,0,0,0,0,0,0,0,0,0,0,13,7,12,8,12,9,12,10,12,10,11,11,11,12,10,13,10,13,9,12,9,12,9,12,9,11,8,11,9,11,9,10,9,10,9,10,9,9,10,9,10,9,10,9,11,8,11,8,11,8,11,8,0,0,47,34,44,31,40,28,40,28,39,23,37,22,36,23,35,18,35,17,34,13,35,10,31,11,33,7,30,7,32,5,31,5,32,5,31,3,30,3,29,6,25,5,26,7,22,6,23,4,22,6,21,7,19,8,17,7,0,0,0,0,0,0,0,0,0,0,0,0,0,0,57,21,55,27,54,30,53,35,53,38,48,40,50,45,49,46,45,52,45,54,43,57,41,53,38,54,39,52,39,50,37,47,38,48,39,44,38,42,41,42,44,41,42,40,42,38,46,37,46,34,46,34,47,34,48,34]"
618055515751000,37.064902600,91446,1890506618,-50,-98,6,0,1,7,0,0,256,0,0,"[0,0,-1,-16,-1,-15,-1,-15,-1,-14,-2,-14,-3,-13,-3,-12,-3,-12,-3,-11,-3,-10,-4,-10,-4,-10,-4,-9,-4,-9,-4,-9,-4,-8,-4,-8,-4,-8,-4,-8,-4,-8,-4,-7,-3,-7,-3,-7,-3,-7,-3,-6,-2,-6,0,0,0,0,0,0,0,0,0,0,0,0,0,0,0,0,0,0,0,0,0,0,-4,-17,-3,-18,-2,-18,-1,-19,-1,-19,1,-20,1,-20,2,-20,3,-19,3,-19,4,-18,3,-18,3,-17,3,-17,3,-17,2,-16,2,-17,1,-16,1,-17,0,-17,-1,-17,-1,-17,-1,-17,-1,-17,-1,-16,-2,-16,0,0,-2,-28,-2,-28,-4,-26,-3,-25,-4,-24,-4,-22,-4,-22,-5,-20,-6,-19,-6,-18,-8,-17,-7,-17,-8,-17,-9,-16,-9,-14,-8,-15,-8,-14,-8,-14,-8,-13,-9,-13,-7,-12,-6,-12,-6,-12,-4,-12,-5,-11,-5,-11,-4,-11,-3,-10,0,0,0,0,0,0,0,0,0,0,0,0,0,0,-13,-29,-8,-31,-7,-31,-5,-31,-4,-33,-1,-33,-1,-35,2,-35,3,-34,4,-35,6,-34,7,-33,7,-33,6,-32,7,-30,6,-30,4,-30,4,-29,2,-29,2,-29,1,-29,0,-29,0,-30,-1,-30,-1,-30,-3,-30,-2,-29,-2,-28]"
618055532336700,37.081488300,91447,1890516412,-50,-98,6,0,1,7,0,0,256,0,0,"[0,0,-9,-13,-10,-13,-9,-11,-9,-11,-9,-11,-9,-10,-9,-9,-8,-8,-8,-8,-8,-7,-8,-6,-9,-6,-8,-5,-9,-5,-8,-5,-9,-4,-8,-5,-8,-4,-8,-4,-7,-4,-7,-4,-6,-5,-6,-4,-6,-4,-6,-4,-5,-4,0,0,0,0,0,0,0,0,0,0,0,0,0,0,0,0,0,0,0,0,0,0,-12,-13,-12,-14,-11,-15,-11,-16,-11,-17,-10,-17,-9,-18,-8,-18,-7,-18,-7,-19,-6,-18,-6,-17,-6,-17,-6,-16,-7,-16,-7,-15,-7,-15,-8,-15,-8,-15,-9,-15,-9,-14,-9,-15,-10,-14,-10,-14,-10,-13,-10,-13,0,0,-16,-22,-17,-23,-16,-21,-15,-20,-15,-19,-15,-16,-14,-16,-14,-16,-14,-13,-16,-12,-16,-11,-14,-10,-16,-9,-14,-9,-15,-8,-14,-7,-14,-8,-15,-7,-14,-7,-13,-6,-13,-8,-12,-7,-11,-7,-11,-6,-10,-6,-9,-7,-8,-7,-8,-7,0,0,0,0,0,0,0,0,0,0,0,0,0,0,-24,-20,-22,-23,-21,-24,-19,-26,-19,-28,-18,-28,-16,-31,-15,-33,-14,-34,-12,-35,-11,-33,-10,-33,-11,-33,-10,-31,-9,-30,-9,-28,-11,-29,-11,-28,-12,-27,-13,-26,-12,-26,-14,-26,-14,-27,-16,-25,-17,-26,-17,-25,-18,-24,-17,-25]"
618055545484000,37.094635600,91448,1890536408,-50,-98,6,0,1,7,0,0,256,0,0,"[0,0,2,15,2,14,2,13,2,13,2,12,3,12,3,11,3,10,3,10,4,9,4,8,4,8,4,8,4,8,4,7,4,7,4,7,4,7,4,6,4,6,4,6,3,6,3,6,3,5,2,5,2,5,0,0,0,0,0,0,0,0,0,0,0,0,0,0,0,0,0,0,0,0,0,0,5,16,4,17,3,17,2,18,1,18,1,19,0,19,-1,19,-2,19,-2,18,-3,18,-2,17,-2,17,-2,16,-2,16,-1,15,-1,16,-1,15,0,16,1,16,2,16,1,16,2,16,2,16,3,16,2,15,0,0,4,27,4,27,4,25,4,23,4,22,4,20,6,21,6,19,6,17,7,17,7,15,8,15,9,15,8,14,9,13,9,11,8,13,9,12,8,11,8,11,6,11,7,11,5,11,6,10,5,9,5,9,3,9,3,9,0,0,0,0,0,0,0,0,0,0,0,0,0,0,13,27,10,30,7,30,6,32,5,31,2,32,1,33,0,33,-2,33,-3,35,-5,34,-5,34,-6,32,-5,31,-5,31,-5,30,-3,30,-3,30,-3,28,-1,29,0,28,1,28,2,29,3,30,4,28,4,28,4,28,4,29]"
618055561706900,37.110858500,91449,1890556609,-50,-98,6,0,1,7,0,0,256,0,0,"[0,0,2,14,2,13,2,13,2,12,2,12,2,11,2,10,3,10,3,9,3,8,4,8,4,8,5,7,5,7,4,7,4,6,4,7,4,6,4,6,4,6,3,6,3,6,3,5,3,5,2,5,3,4,0,0,0,0,0,0,0,0,0,0,0,0,0,0,0,0,0,0,0,0,0,0,3,16,2,17,1,17,1,17,0,18,-1,18,-2,18,-3,18,-4,18,-4,17,-4,17,-4,16,-3,16,-3,16,-3,16,-2,15,-2,15,-1,15,0,15,-1,15,0,15,0,15,1,15,2,15,2,15,2,15,0,0,4,27,4,25,5,25,5,23,5,22,6,21,6,20,6,19,7,17,7,15,7,15,8,15,9,14,9,14,9,12,9,12,9,12,9,10,8,11,8,12,8,11,7,11,6,10,5,10,6,9,5,9,4,9,3,9,0,0,0,0,0,0,0,0,0,0,0,0,0,0,12,28,9,29,7,31,7,31,4,32,2,32,1,34,-1,35,-2,34,-3,35,-5,33,-5,33,-5,32,-5,31,-5,31,-4,29,-3,30,-2,28,-2,28,-1,28,0,29,1,29,3,29,3,29,3,29,4,28,5,29,5,27]"
618055583144700,37.132296300,91450,1890576775,-50,-98,6,0,1,7,0,0,256,0,0,"[0,0,-5,14,-4,14,-4,13,-4,13,-4,12,-3,12,-3,11,-2,11,-2,10,-1,10,0,9,0,9,0,9,1,9,0,9,1,8,1,8,1,8,1,7,0,7,0,7,0,7,0,7,0,6,0,6,0,5,0,0,0,0,0,0,0,0,0,0,0,0,0,0,0,0,0,0,0,0,0,0,-4,16,-5,16,-6,17,-7,17,-8,17,-9,17,-10,17,-11,16,-11,16,-12,15,-11,15,-11,14,-11,14,-10,14,-9,14,-9,14,-8,14,-8,14,-7,14,-7,14,-6,14,-6,15,-6,15,-6,15,-6,15,-5,14,0,0,-6,26,-6,26,-6,25,-5,22,-4,24,-2,22,-2,21,-1,21,-1,18,0,17,1,17,1,17,1,16,3,15,3,16,3,15,3,15,3,15,4,14,3,13,3,12,3,12,1,12,1,12,0,10,0,10,0,10,-1,10,0,0,0,0,0,0,0,0,0,0,0,0,0,0,0,31,-4,30,-6,30,-7,31,-8,31,-9,31,-13,31,-14,32,-14,33,-16,31,-16,30,-19,29,-20,27,-19,26,-17,25,-17,24,-14,26,-13,24,-13,25,-12,26,-11,27,-9,27,-9,27,-7,28,-8,27,-8,29,-8,28,-7,27]"
618055602943800,37.152095400,91451,1890599167,-50,-98,6,0,1,7,0,0,256,0,0,"[0,0,0,-15,-1,-15,-1,-14,-1,-13,-1,-13,-2,-12,-2,-12,-2,-11,-2,-11,-3,-10,-3,-10,-3,-10,-4,-9,-4,-9,-4,-9,-5,-8,-4,-8,-4,-8,-4,-8,-4,-7,-4,-7,-3,-7,-3,-7,-3,-7,-3,-6,-2,-6,0,0,0,0,0,0,0,0,0,0,0,0,0,0,0,0,0,0,0,0,0,0,-1,-17,0,-18,0,-18,1,-18,2,-19,3,-19,4,-19,5,-19,5,-18,6,-18,6,-17,6,-17,5,-17,5,-16,5,-16,3,-16,3,-16,3,-16,2,-16,1,-16,1,-16,0,-16,0,-16,0,-16,1,-16,1,-16,0,0,-1,-27,-1,-29,-3,-27,-3,-24,-3,-24,-3,-23,-3,-22,-5,-21,-6,-20,-7,-17,-7,-16,-8,-16,-8,-16,-9,-15,-9,-14,-9,-14,-9,-14,-8,-13,-8,-14,-8,-12,-7,-13,-6,-12,-5,-13,-5,-11,-6,-11,-5,-10,-4,-10,-3,-11,0,0,0,0,0,0,0,0,0,0,0,0,0,0,-10,-30,-7,-32,-5,-31,-3,-33,0,-34,0,-33,1,-35,4,-34,5,-34,7,-35,9,-34,9,-34,9,-33,8,-32,8,-31,8,-30,6,-30,5,-30,4,-30,3,-30,3,-30,1,-29,1,-30,0,-30,-1,-30,-2,-31,-2,-30,-2,-31]"
618055622916500,37.172068100,91452,1890616468,-50,-98,6,0,1,7,0,0,256,0,0,"[0,0,-8,12,-8,12,-7,12,-7,11,-6,11,-6,11,-5,10,-4,10,-4,10,-3,9,-3,9,-2,9,-1,9,-1,9,-2,8,-1,8,-1,8,-1,8,-1,8,-1,7,-1,7,-1,7,-1,7,-1,6,-2,6,-2,5,0,0,0,0,0,0,0,0,0,0,0,0,0,0,0,0,0,0,0,0,0,0,-9,14,-11,15,-11,14,-12,14,-13,14,-14,13,-15,13,-16,12,-15,12,-15,11,-15,11,-14,10,-14,10,-14,10,-13,10,-12,10,-12,11,-11,11,-11,12,-11,12,-11,12,-9,12,-10,13,-9,13,-9,13,-9,13,0,0,-26,50,-24,48,-22,46,-19,45,-19,41,-16,40,-14,40,-13,38,-8,37,-8,36,-5,34,-3,34,-1,35,-1,33,0,33,1,32,1,32,0,29,-1,28,-1,28,-1,27,0,27,0,25,-2,23,-2,23,-3,20,-4,21,-6,21,0,0,0,0,0,0,0,0,0,0,0,0,0,0,-19,59,-23,58,-29,56,-32,53,-35,56,-38,54,-41,54,-46,51,-46,50,-51,48,-52,45,-52,46,-50,43,-49,42,-48,42,-46,41,-43,43,-41,42,-39,43,-37,45,-36,45,-34,48,-32,47,-32,51,-31,49,-28,51,-27,53,-27,49]"
618055645192100,37.194343700,91453,1890636979,-50,-98,6,0,1,7,0,0,256,0,0,"[0,0,-11,10,-11,10,-10,9,-10,10,-9,9,-8,9,-8,9,-7,9,-7,8,-6,8,-5,8,-4,8,-4,8,-4,8,-3,8,-3,8,-3,8,-3,7,-3,7,-3,7,-3,7,-3,6,-3,6,-3,6,-3,5,-3,5,0,0,0,0,0,0,0,0,0,0,0,0,0,0,0,0,0,0,0,0,0,0,-12,13,-12,13,-13,12,-14,12,-15,12,-16,11,-17,10,-17,10,-17,9,-18,8,-17,8,-17,8,-16,8,-15,8,-15,8,-14,8,-14,8,-14,9,-13,9,-13,10,-13,10,-13,11,-13,11,-12,11,-12,11,-11,11,0,0,-20,18,-19,19,-18,18,-17,17,-15,17,-14,17,-13,16,-12,17,-11,15,-9,16,-10,16,-7,16,-7,15,-6,15,-6,14,-5,15,-5,15,-5,14,-5,13,-5,14,-6,12,-5,12,-6,11,-5,10,-5,10,-6,9,-7,10,-6,8,0,0,0,0,0,0,0,0,0,0,0,0,0,0,-16,27,-19,25,-20,23,-22,22,-24,23,-24,20,-28,21,-29,20,-29,18,-31,17,-31,15,-32,15,-30,14,-30,14,-29,14,-27,14,-26,14,-26,15,-25,14,-26,16,-24,17,-23,17,-23,18,-23,19,-22,20,-22,19,-22,20,-20,19]"
618055664636500,37.213788100,91454,1890657319,-50,-98,6,0,1,7,0,0,256,0,0,"[0,0,14,-4,14,-4,13,-4,13,-4,12,-4,11,-5,11,-5,9,-5,9,-5,9,-6,8,-5,8,-6,7,-6,7,-6,7,-6,7,-6,6,-6,6,-6,6,-6,6,-5,6,-5,5,-5,5,-4,4,-4,5,-4,5,-3,0,0,0,0,0,0,0,0,0,0,0,0,0,0,0,0,0,0,0,0,0,0,16,-6,17,-5,17,-4,17,-3,18,-3,19,-2,19,-1,19,-1,19,0,18,1,18,1,17,1,17,1,17,0,16,0,16,0,16,-1,16,-1,15,-2,15,-3,15,-3,16,-4,16,-4,15,-4,15,-4,15,-4,0,0,26,-8,25,-10,23,-8,23,-9,20,-8,20,-9,20,-9,17,-9,17,-8,16,-10,15,-11,14,-10,13,-11,12,-11,12,-12,12,-12,10,-12,11,-11,11,-10,11,-9,10,-9,10,-9,9,-8,9,-8,9,-7,9,-7,9,-6,8,-6,0,0,0,0,0,0,0,0,0,0,0,0,0,0,26,-16,28,-13,30,-10,30,-9,31,-8,31,-8,34,-5,34,-3,34,-2,36,1,34,1,34,2,33,2,31,2,30,2,30,1,28,0,29,-1,28,-2,30,-2,28,-3,28,-5,28,-6,29,-6,30,-6,28,-7,28,-8,28,-7]"
618055684293300,37.233444900,91455,1890678141,-50,-98,6,0,1,7,0,0,256,0,0,"[0,0,11,9,11,9,10,8,10,8,10,7,10,7,9,6,9,5,9,5,9,4,9,3,9,3,9,2,8,2,9,2,8,2,8,2,8,1,7,2,7,2,7,1,6,2,6,1,5,2,6,1,6,2,0,0,0,0,0,0,0,0,0,0,0,0,0,0,0,0,0,0,0,0,0,0,14,9,13,11,13,12,13,12,12,13,12,14,11,15,11,16,10,16,10,15,9,15,9,15,9,14,9,14,9,13,9,13,9,12,10,12,10,12,10,11,11,11,11,11,12,11,12,10,12,10,12,10,0,0,20,18,18,18,17,17,17,16,17,16,18,13,15,12,16,11,16,9,16,9,15,7,15,6,14,7,14,5,15,4,15,5,15,5,14,4,14,4,13,4,13,5,12,4,11,5,10,4,10,4,9,4,8,5,8,5,0,0,0,0,0,0,0,0,0,0,0,0,0,0,26,15,24,19,23,20,22,21,23,22,20,23,20,27,19,28,20,29,18,30,16,29,14,31,14,30,14,29,14,28,14,26,13,25,16,25,15,24,16,24,16,23,19,21,19,22,18,21,21,21,19,21,19,20,20,19]"
618055702737500,37.251889100,91456,1890697640,-50,-98,6,0,1,7,0,0,256,0,0,"[0,0,7,13,6,13,6,12,6,11,6,10,6,10,6,9,7,8,6,8,6,7,6,7,6,6,7,6,7,5,7,5,7,4,7,5,6,4,6,4,6,4,6,4,5,4,5,4,4,4,4,4,4,3,0,0,0,0,0,0,0,0,0,0,0,0,0,0,0,0,0,0,0,0,0,0,9,14,8,15,8,16,6,16,6,17,5,18,4,18,3,19,3,18,2,18,2,18,2,17,2,17,2,17,3,16,3,15,3,15,5,15,4,15,5,15,5,15,6,15,6,15,7,14,7,14,7,14,0,0,9,26,9,24,9,22,10,21,8,21,9,19,9,18,9,17,10,15,10,14,12,12,12,13,12,11,12,11,12,10,12,9,10,10,11,10,11,10,11,9,9,9,8,8,9,9,8,8,8,8,6,7,6,8,5,8,0,0,0,0,0,0,0,0,0,0,0,0,0,0,18,24,15,27,13,28,12,29,10,30,9,30,8,33,6,33,4,34,2,34,1,34,0,34,1,33,1,33,1,31,2,29,2,28,3,29,4,28,5,28,6,28,6,28,7,28,8,28,8,28,10,27,10,26,10,26]"
618055723297800,37.272449400,91457,1890719904,-50,-98,6,0,1,6,0,0,256,0,0,"[0,0,14,-3,13,-3,13,-3,13,-4,12,-4,11,-4,11,-4,10,-4,9,-4,9,-5,8,-5,8,-5,7,-5,7,-5,7,-6,7,-6,6,-6,6,-6,6,-5,6,-5,6,-4,6,-4,6,-4,5,-4,5,-3,5,-3,0,0,0,0,0,0,0,0,0,0,0,0,0,0,0,0,0,0,0,0,0,0,15,-5,16,-5,16,-4,16,-3,17,-2,18,-2,18,0,18,1,18,1,17,2,17,1,16,1,16,1,16,1,16,1,15,0,15,0,15,-1,15,-1,15,-1,15,-2,15,-3,15,-3,15,-3,15,-3,15,-3,0,0,27,-1,26,-1,24,-2,24,-2,23,-3,22,-3,20,-3,19,-4,18,-4,17,-6,17,-7,15,-7,13,-7,15,-7,15,-9,14,-8,13,-8,14,-7,13,-7,14,-7,13,-6,11,-6,11,-6,10,-5,11,-4,10,-4,9,-4,9,-3,0,0,0,0,0,0,0,0,0,0,0,0,0,0,30,-8,30,-5,31,-4,31,0,32,0,32,1,33,3,33,5,35,7,33,9,32,9,32,11,31,10,31,10,29,9,28,9,28,8,29,6,28,5,29,5,28,4,27,2,28,3,28,2,29,1,29,1,28,-1,29,0]"
618055742882100,37.292033700,91458,1890736643,-50,-98,6,0,1,7,0,0,256,0,0,"[0,0,-2,14,-2,14,-2,13,-1,12,-1,12,0,11,0,11,0,10,0,10,1,9,1,9,2,9,2,8,2,8,2,8,2,8,3,8,2,7,2,7,2,7,2,7,2,6,1,6,1,6,1,5,1,5,0,0,0,0,0,0,0,0,0,0,0,0,0,0,0,0,0,0,0,0,0,0,0,16,-1,16,-2,17,-3,17,-4,18,-5,17,-6,17,-7,17,-7,17,-7,17,-8,16,-7,15,-7,15,-7,15,-6,14,-5,14,-5,14,-5,15,-4,15,-4,15,-3,15,-3,15,-3,15,-2,15,-2,15,-2,14,0,0,-3,27,-1,27,-2,25,-1,23,0,22,-1,21,1,21,1,20,2,18,3,17,4,16,6,16,5,16,5,15,6,15,6,14,6,14,6,13,5,13,4,12,5,13,4,13,4,11,4,11,4,10,2,10,1,11,1,9,0,0,0,0,0,0,0,0,0,0,0,0,0,0,6,30,4,31,2,31,-2,31,-4,32,-5,31,-8,33,-8,32,-11,32,-13,31,-13,30,-14,33,-12,30,-12,29,-11,30,-11,28,-11,28,-10,28,-8,26,-9,29,-7,27,-7,28,-6,29,-5,29,-4,29,-2,28,-1,30,-2,30]"
618055767540700,37.316692300,91459,1890764691,-50,-98,6,0,1,6,0,0,256,0,0,"[0,0,15,-1,14,-2,13,-2,13,-2,12,-2,12,-2,11,-2,11,-3,10,-3,9,-4,9,-4,8,-4,8,-4,8,-5,8,-5,8,-5,7,-4,7,-5,7,-4,7,-4,7,-4,6,-3,6,-3,5,-3,5,-3,5,-3,0,0,0,0,0,0,0,0,0,0,0,0,0,0,0,0,0,0,0,0,0,0,17,-4,17,-3,17,-2,17,-1,18,0,19,1,19,2,19,3,18,3,18,4,18,4,17,3,17,3,16,3,16,2,16,2,16,2,15,1,16,1,16,0,16,0,16,0,16,-1,16,-1,16,-2,16,-1,0,0,28,-2,26,-5,25,-5,25,-5,24,-4,21,-5,20,-5,19,-5,18,-7,17,-8,17,-8,16,-8,15,-8,15,-8,14,-9,14,-9,13,-9,13,-9,12,-9,12,-8,12,-7,11,-7,11,-6,10,-5,10,-5,10,-5,9,-4,9,-3,0,0,0,0,0,0,0,0,0,0,0,0,0,0,28,-13,30,-11,30,-8,32,-6,31,-5,32,-4,34,-2,35,0,35,1,35,3,35,4,33,6,33,7,32,6,30,5,29,5,30,3,29,1,29,2,29,1,28,-1,29,-2,29,-2,30,-3,29,-2,29,-3,29,-3,29,-3]"
618055783886100,37.333037700,91460,1890777566,-50,-98,6,0,1,7,0,0,256,0,0,"[0,0,-1,-15,-2,-15,-1,-15,-1,-13,-2,-14,-2,-13,-3,-12,-3,-12,-3,-11,-3,-10,-3,-10,-4,-10,-4,-9,-5,-9,-4,-9,-4,-9,-4,-8,-4,-8,-4,-8,-4,-8,-4,-7,-3,-7,-3,-7,-3,-7,-2,-6,-3,-6,0,0,0,0,0,0,0,0,0,0,0,0,0,0,0,0,0,0,0,0,0,0,-3,-17,-2,-18,-1,-18,-1,-19,0,-19,1,-20,2,-19,3,-20,4,-19,4,-18,4,-18,4,-17,4,-17,3,-17,3,-17,3,-16,2,-17,2,-16,1,-17,0,-17,0,-17,0,-17,-1,-17,-1,-17,-1,-17,-1,-16,0,0,0,-27,0,-27,0,-26,-1,-25,-1,-24,-2,-22,-3,-22,-3,-21,-4,-20,-5,-18,-6,-18,-6,-17,-6,-18,-6,-15,-8,-16,-7,-14,-7,-15,-7,-14,-7,-14,-6,-13,-7,-13,-5,-12,-5,-13,-4,-11,-4,-11,-4,-11,-2,-10,-2,-11,0,0,0,0,0,0,0,0,0,0,0,0,0,0,-8,-31,-3,-31,-3,-31,-1,-32,0,-33,3,-32,5,-35,6,-34,7,-34,8,-34,9,-34,11,-33,12,-31,11,-31,10,-30,9,-29,9,-29,6,-29,6,-28,6,-30,4,-28,2,-30,2,-30,1,-30,2,-31,2,-30,0,-31,0,-29]"
618055805533500,37.354685100,91461,1890798129,-50,-98,6,0,1,7,0,0,256,0,0,"[0,0,-10,-12,-10,-12,-9,-11,-9,-11,-9,-10,-9,-9,-9,-9,-9,-8,-9,-7,-9,-7,-9,-6,-9,-5,-9,-5,-8,-5,-9,-4,-8,-4,-8,-5,-8,-4,-8,-4,-8,-4,-8,-4,-7,-4,-7,-4,-6,-4,-6,-4,-5,-4,0,0,0,0,0,0,0,0,0,0,0,0,0,0,0,0,0,0,0,0,0,0,-12,-14,-11,-15,-11,-16,-10,-16,-10,-17,-9,-18,-8,-18,-7,-19,-7,-19,-6,-19,-6,-18,-6,-18,-5,-17,-5,-17,-6,-16,-7,-15,-7,-15,-8,-15,-8,-15,-9,-15,-9,-14,-9,-14,-10,-14,-10,-14,-10,-13,-10,-13,0,0,-18,-21,-19,-22,-17,-20,-17,-19,-17,-18,-16,-16,-16,-15,-16,-14,-16,-12,-16,-12,-16,-10,-16,-10,-16,-9,-16,-8,-17,-7,-15,-6,-16,-7,-16,-6,-15,-6,-14,-6,-13,-6,-13,-7,-12,-7,-11,-7,-11,-6,-10,-6,-10,-6,-9,-6,0,0,0,0,0,0,0,0,0,0,0,0,0,0,-27,-18,-25,-20,-22,-25,-20,-26,-21,-28,-19,-28,-19,-31,-17,-31,-16,-33,-15,-34,-13,-33,-12,-34,-11,-32,-11,-32,-10,-31,-11,-30,-12,-29,-14,-27,-14,-26,-15,-27,-15,-26,-16,-26,-17,-25,-19,-25,-19,-25,-19,-25,-18,-23,-19,-24]"
618055824671900,37.373823500,91462,1890821815,-50,-98,6,0,1,7,0,0,256,0,0,"[0,0,-4,14,-4,13,-3,13,-3,12,-3,12,-2,11,-2,11,-1,10,-1,10,-1,9,0,9,1,9,1,9,1,8,1,8,1,8,1,8,1,8,1,7,1,7,1,7,1,6,0,6,0,6,0,5,0,5,0,0,0,0,0,0,0,0,0,0,0,0,0,0,0,0,0,0,0,0,0,0,-3,16,-4,16,-4,16,-6,17,-7,17,-8,17,-8,16,-9,16,-9,16,-10,15,-10,15,-10,14,-9,14,-9,13,-9,14,-8,14,-7,14,-7,14,-6,14,-6,15,-5,15,-5,15,-5,15,-4,15,-4,15,-4,14,0,0,-7,27,-7,26,-6,25,-5,23,-5,23,-3,22,-3,21,-2,20,-1,19,0,18,0,17,1,17,2,17,3,16,3,15,3,15,3,15,3,14,3,14,2,14,2,13,2,13,1,12,1,11,1,10,0,10,-1,10,-2,9,0,0,0,0,0,0,0,0,0,0,0,0,0,0,-1,31,-5,30,-5,30,-7,30,-8,31,-10,31,-12,32,-14,32,-16,31,-18,31,-18,30,-18,30,-18,28,-19,27,-18,26,-16,26,-15,27,-14,26,-14,26,-13,26,-11,26,-10,28,-10,27,-9,29,-9,28,-9,28,-8,29,-8,27]"
618055843922600,37.393074200,91463,1890836457,-50,-98,6,0,1,7,0,0,256,0,0,"[0,0,4,-15,3,-15,3,-14,3,-14,2,-13,2,-12,1,-12,1,-12,1,-11,0,-11,-1,-10,-1,-10,-2,-10,-2,-10,-2,-9,-2,-9,-2,-9,-2,-9,-1,-9,-2,-8,-1,-8,-1,-8,-1,-7,-1,-7,-1,-7,0,-6,0,0,0,0,0,0,0,0,0,0,0,0,0,0,0,0,0,0,0,0,0,0,2,-17,3,-18,4,-18,4,-18,6,-18,7,-18,8,-17,8,-17,9,-17,9,-17,9,-16,9,-16,8,-16,8,-15,8,-15,7,-15,7,-15,6,-15,6,-16,5,-15,5,-16,4,-16,4,-16,4,-16,3,-16,4,-16,0,0,11,-25,10,-25,9,-25,8,-23,7,-23,6,-21,7,-21,4,-20,5,-19,3,-19,1,-18,1,-18,-1,-17,-1,-18,-1,-16,-2,-17,-2,-16,-1,-15,-1,-15,0,-15,0,-14,1,-14,0,-14,0,-12,0,-13,1,-12,1,-11,1,-11,0,0,0,0,0,0,0,0,0,0,0,0,0,0,3,-31,5,-30,8,-30,11,-31,12,-30,15,-30,16,-30,18,-30,20,-28,21,-27,22,-26,21,-25,21,-26,20,-26,19,-25,19,-24,18,-24,17,-23,16,-24,15,-25,15,-25,14,-25,13,-25,14,-27,12,-27,11,-27,10,-28,11,-27]"
618055869657200,37.418808800,91464,1890862473,-50,-98,6,0,1,7,0,0,256,0,0,"[0,0,-15,-6,-14,-6,-13,-6,-13,-5,-13,-5,-12,-4,-12,-4,-12,-3,-11,-2,-11,-2,-11,-1,-10,-1,-10,0,-10,0,-10,0,-9,0,-9,0,-9,1,-9,0,-8,0,-9,0,-7,0,-7,0,-7,0,-7,0,-7,-1,0,0,0,0,0,0,0,0,0,0,0,0,0,0,0,0,0,0,0,0,0,0,-17,-6,-17,-8,-17,-9,-16,-10,-17,-11,-16,-12,-16,-12,-16,-13,-15,-13,-15,-13,-14,-13,-14,-13,-14,-12,-13,-12,-13,-11,-14,-11,-14,-10,-14,-10,-14,-9,-15,-8,-15,-8,-15,-8,-16,-8,-16,-7,-15,-7,-15,-7,0,0,-28,-1,-28,-1,-27,-2,-25,0,-24,0,-23,1,-22,2,-21,2,-20,4,-19,4,-19,4,-18,5,-17,5,-16,6,-16,7,-15,7,-15,7,-15,7,-14,7,-14,6,-13,5,-13,5,-12,4,-12,4,-11,3,-11,3,-11,3,-10,2,0,0,0,0,0,0,0,0,0,0,0,0,0,0,-31,4,-32,0,-31,-2,-32,-3,-33,-4,-33,-6,-34,-7,-34,-9,-34,-10,-34,-12,-33,-12,-33,-14,-32,-15,-30,-14,-29,-14,-29,-13,-29,-11,-29,-9,-29,-9,-29,-8,-29,-6,-30,-5,-30,-4,-30,-3,-31,-4,-31,-4,-30,-3,-29,-3]"
618055886592700,37.435744300,91465,1890883501,-50,-98,6,0,1,7,0,0,256,0,0,"[0,0,11,10,10,9,10,9,10,8,10,7,9,7,9,6,9,6,9,5,9,4,9,3,9,3,9,3,8,3,9,2,8,1,8,2,8,1,7,2,7,2,7,1,6,2,6,2,6,2,6,2,6,2,0,0,0,0,0,0,0,0,0,0,0,0,0,0,0,0,0,0,0,0,0,0,14,10,14,11,13,12,13,13,12,13,12,15,11,15,11,16,10,16,9,16,9,15,9,15,8,15,8,14,9,14,9,12,9,13,9,12,10,12,10,12,10,11,11,11,11,11,11,11,12,10,12,10,0,0,20,17,20,17,18,15,20,15,18,14,18,12,17,11,17,9,17,8,17,7,16,7,16,6,16,4,15,4,16,4,15,3,15,3,15,3,15,3,13,4,13,3,12,4,11,3,10,4,9,3,9,4,10,5,8,4,0,0,0,0,0,0,0,0,0,0,0,0,0,0,28,13,26,16,24,19,23,20,25,22,23,22,22,25,22,26,22,26,21,28,19,28,17,30,16,28,15,28,15,27,15,25,15,23,18,24,17,22,18,23,18,22,21,20,21,19,22,20,23,20,22,20,21,20,22,19]"
618055905997500,37.455149100,91466,1890896437,-50,-98,6,0,1,7,0,0,256,0,0,"[0,0,-4,-15,-4,-15,-4,-14,-4,-13,-4,-13,-4,-12,-5,-11,-5,-11,-5,-10,-5,-10,-6,-9,-6,-8,-6,-8,-6,-8,-6,-8,-6,-7,-6,-7,-6,-7,-6,-7,-5,-7,-5,-6,-4,-6,-5,-6,-4,-6,-4,-6,-3,-5,0,0,0,0,0,0,0,0,0,0,0,0,0,0,0,0,0,0,0,0,0,0,-6,-17,-5,-17,-4,-18,-3,-18,-2,-19,-1,-19,0,-19,0,-19,1,-20,1,-19,1,-18,1,-18,1,-18,1,-17,1,-17,0,-17,0,-17,-1,-16,-2,-16,-2,-16,-3,-17,-3,-17,-3,-17,-4,-16,-4,-16,-3,-16,0,0,-4,-28,-4,-29,-4,-27,-4,-24,-4,-24,-5,-24,-6,-21,-7,-20,-7,-19,-7,-18,-8,-17,-8,-17,-9,-17,-9,-15,-10,-14,-9,-14,-9,-14,-10,-13,-9,-13,-9,-13,-8,-11,-7,-12,-7,-11,-6,-12,-7,-11,-6,-9,-4,-10,-4,-10,0,0,0,0,0,0,0,0,0,0,0,0,0,0,-11,-30,-8,-31,-7,-32,-4,-32,-3,-33,-1,-33,0,-35,2,-36,3,-35,5,-36,6,-35,7,-35,6,-33,7,-32,7,-31,6,-30,5,-31,4,-30,2,-30,1,-30,1,-30,-1,-31,-1,-31,-1,-31,-2,-30,-4,-30,-3,-30,-4,-29]"
618055925964800,37.475116400,91467,1890917246,-50,-98,6,0,1,7,0,0,256,0,0,"[0,0,14,-8,12,-8,11,-7,11,-7,10,-7,10,-7,9,-7,8,-8,8,-7,7,-7,7,-7,6,-8,5,-8,5,-8,5,-8,5,-8,4,-7,4,-7,5,-7,5,-7,5,-6,4,-6,4,-6,4,-6,4,-5,4,-5,0,0,0,0,0,0,0,0,0,0,0,0,0,0,0,0,0,0,0,0,0,0,13,-11,14,-10,15,-9,15,-9,16,-8,18,-8,18,-7,18,-6,18,-5,17,-5,18,-4,17,-4,16,-4,16,-4,16,-5,15,-5,15,-5,15,-6,14,-7,14,-7,14,-7,14,-8,14,-8,14,-8,13,-8,14,-8,0,0,25,-11,23,-11,23,-12,21,-11,20,-11,18,-12,17,-11,16,-11,16,-12,14,-11,13,-12,13,-12,11,-12,11,-13,11,-12,10,-13,9,-12,10,-13,9,-11,9,-11,8,-10,8,-10,7,-9,8,-9,7,-7,8,-8,7,-7,8,-7,0,0,0,0,0,0,0,0,0,0,0,0,0,0,23,-20,26,-17,27,-15,29,-14,29,-13,31,-12,31,-11,34,-8,34,-7,33,-6,34,-5,33,-4,32,-3,32,-3,31,-3,30,-3,29,-4,27,-4,29,-6,27,-7,26,-8,27,-8,26,-10,27,-10,26,-12,26,-11,26,-12,27,-12]"
618055944552700,37.493704300,91468,1890936579,-50,-98,6,0,1,7,0,0,256,0,0,"[0,0,-16,0,-15,0,-14,1,-14,1,-13,1,-13,1,-12,1,-11,1,-11,2,-10,3,-10,3,-9,3,-9,4,-9,4,-9,4,-8,4,-8,4,-8,4,-8,3,-8,3,-7,3,-7,3,-7,3,-6,2,-6,2,-6,1,0,0,0,0,0,0,0,0,0,0,0,0,0,0,0,0,0,0,0,0,0,0,-18,3,-18,2,-19,1,-18,0,-20,-1,-19,-1,-19,-2,-20,-4,-19,-5,-19,-4,-19,-4,-18,-4,-18,-4,-17,-4,-16,-3,-17,-3,-16,-3,-16,-2,-16,-1,-16,-1,-16,-1,-16,-1,-18,0,-17,0,-16,1,-16,1,0,0,-28,1,-26,2,-25,2,-25,2,-23,2,-22,4,-20,4,-20,4,-19,4,-18,6,-17,7,-16,7,-15,7,-15,8,-15,8,-14,8,-14,7,-14,8,-14,7,-13,7,-12,6,-12,5,-12,5,-11,5,-11,5,-9,4,-10,3,-10,3,0,0,0,0,0,0,0,0,0,0,0,0,0,0,-29,10,-31,8,-32,5,-33,2,-33,1,-33,0,-34,-1,-35,-4,-35,-4,-35,-9,-33,-8,-34,-7,-33,-9,-32,-8,-30,-8,-30,-7,-30,-5,-30,-6,-29,-4,-30,-4,-29,-3,-29,-1,-29,-1,-30,-1,-29,1,-30,2,-29,2,-29,2]"
618055966391800,37.515543400,91469,1890956660,-50,-98,6,0,1,7,0,0,256,0,0,"[0,0,12,-10,11,-10,10,-10,10,-9,9,-9,8,-9,7,-9,7,-9,6,-9,6,-9,6,-9,5,-9,4,-8,4,-9,4,-9,4,-8,3,-8,4,-8,3,-8,4,-8,3,-7,3,-7,3,-6,3,-6,3,-6,3,-5,0,0,0,0,0,0,0,0,0,0,0,0,0,0,0,0,0,0,0,0,0,0,11,-13,12,-13,13,-12,13,-12,15,-11,16,-11,16,-11,17,-9,17,-9,17,-8,16,-7,16,-7,15,-7,15,-7,14,-7,14,-8,13,-8,14,-9,13,-9,12,-10,12,-10,12,-10,13,-11,12,-10,12,-10,12,-10,0,0,20,-20,19,-20,16,-18,17,-17,15,-18,14,-17,13,-18,12,-16,11,-16,9,-16,8,-16,6,-16,6,-16,6,-15,5,-15,5,-15,5,-16,5,-15,5,-14,6,-14,5,-14,5,-13,4,-13,5,-11,5,-10,4,-10,6,-9,6,-9,0,0,0,0,0,0,0,0,0,0,0,0,0,0,14,-28,17,-27,19,-25,21,-23,23,-23,24,-21,26,-21,27,-21,29,-19,29,-18,30,-16,29,-17,28,-17,28,-16,26,-15,26,-15,26,-15,25,-16,23,-15,24,-17,22,-17,22,-19,22,-19,22,-20,21,-21,21,-21,19,-21,20,-20]"
618055988073800,37.537225400,91470,1890982365,-50,-98,6,0,1,7,0,0,256,0,0,"[0,0,-11,-11,-11,-11,-11,-10,-10,-9,-10,-9,-10,-8,-10,-8,-10,-7,-10,-6,-9,-5,-9,-5,-9,-4,-9,-4,-9,-3,-9,-3,-9,-3,-9,-3,-9,-3,-8,-3,-8,-3,-8,-3,-7,-3,-7,-3,-6,-3,-6,-3,-6,-3,0,0,0,0,0,0,0,0,0,0,0,0,0,0,0,0,0,0,0,0,0,0,-14,-12,-13,-12,-13,-13,-12,-14,-12,-15,-12,-16,-11,-17,-10,-17,-10,-17,-9,-17,-9,-17,-9,-16,-9,-16,-8,-15,-9,-15,-9,-14,-9,-13,-10,-14,-10,-13,-11,-13,-11,-13,-11,-13,-12,-13,-12,-12,-12,-11,-12,-11,0,0,-19,-20,-19,-20,-18,-19,-18,-18,-17,-16,-17,-15,-16,-15,-17,-13,-17,-12,-17,-10,-17,-10,-17,-8,-16,-7,-16,-8,-16,-6,-15,-6,-15,-5,-15,-5,-16,-5,-15,-6,-14,-5,-11,-6,-12,-6,-12,-5,-10,-5,-11,-6,-10,-5,-8,-5,0,0,0,0,0,0,0,0,0,0,0,0,0,0,-27,-17,-26,-20,-24,-22,-23,-24,-22,-26,-21,-26,-21,-29,-20,-30,-19,-32,-18,-32,-16,-32,-15,-32,-14,-31,-14,-30,-14,-30,-13,-26,-14,-28,-15,-27,-15,-26,-17,-26,-17,-25,-18,-24,-18,-25,-19,-24,-21,-24,-20,-23,-20,-23,-21,-22]"
618056007490200,37.556641800,91471,1890997493,-50,-98,6,0,1,7,0,0,256,0,0,"[0,0,-3,-15,-3,-15,-3,-14,-3,-13,-3,-13,-4,-12,-4,-12,-4,-11,-4,-10,-5,-10,-5,-9,-5,-9,-5,-9,-6,-8,-6,-8,-6,-7,-6,-7,-6,-7,-5,-7,-5,-7,-5,-7,-4,-7,-4,-6,-4,-6,-3,-6,-3,-5,0,0,0,0,0,0,0,0,0,0,0,0,0,0,0,0,0,0,0,0,0,0,-5,-17,-4,-18,-3,-18,-3,-18,-2,-19,-1,-19,0,-20,1,-20,1,-19,2,-19,2,-19,2,-18,2,-18,2,-17,1,-17,0,-16,0,-16,-1,-16,-1,-16,-2,-17,-2,-16,-2,-17,-3,-17,-3,-16,-3,-16,-3,-16,0,0,-5,-27,-5,-27,-6,-26,-7,-23,-6,-25,-6,-22,-7,-21,-7,-21,-8,-18,-10,-17,-10,-15,-10,-16,-10,-15,-10,-14,-10,-14,-10,-12,-11,-13,-11,-12,-10,-12,-10,-12,-10,-11,-8,-12,-8,-11,-6,-10,-6,-10,-7,-9,-6,-10,-5,-10,0,0,0,0,0,0,0,0,0,0,0,0,0,0,-13,-30,-10,-31,-9,-32,-6,-33,-3,-33,-3,-34,-2,-36,0,-36,2,-36,3,-36,5,-35,5,-35,5,-34,4,-32,4,-31,4,-32,3,-31,2,-30,1,-30,0,-30,-2,-30,-2,-31,-3,-30,-3,-31,-5,-30,-5,-30,-5,-30,-6,-30]"
618056027169500,37.576321100,91472,1891016723,-50,-98,6,0,1,7,0,0,256,0,0,"[0,0,-11,-11,-11,-11,-10,-10,-10,-10,-10,-9,-9,-9,-9,-8,-9,-8,-9,-6,-9,-6,-9,-5,-9,-5,-9,-5,-9,-4,-9,-4,-9,-3,-9,-4,-8,-3,-8,-3,-8,-3,-8,-4,-7,-3,-7,-3,-6,-3,-6,-3,-6,-3,0,0,0,0,0,0,0,0,0,0,0,0,0,0,0,0,0,0,0,0,0,0,-14,-12,-13,-13,-13,-14,-11,-14,-12,-16,-11,-16,-10,-17,-10,-18,-9,-18,-8,-18,-8,-17,-8,-17,-7,-16,-8,-16,-8,-15,-9,-15,-8,-14,-10,-14,-10,-13,-10,-14,-10,-13,-11,-13,-11,-13,-11,-12,-11,-12,-11,-12,0,0,-21,-19,-22,-18,-20,-17,-20,-15,-19,-15,-19,-14,-18,-13,-18,-11,-17,-10,-17,-9,-18,-7,-17,-6,-18,-6,-17,-6,-18,-5,-17,-5,-16,-4,-16,-4,-16,-5,-16,-5,-13,-5,-12,-5,-13,-4,-12,-5,-12,-5,-11,-5,-10,-5,-8,-6,0,0,0,0,0,0,0,0,0,0,0,0,0,0,-29,-14,-27,-17,-27,-20,-25,-22,-25,-23,-24,-24,-24,-26,-23,-27,-22,-29,-20,-31,-19,-31,-18,-30,-19,-29,-19,-29,-17,-28,-18,-26,-18,-26,-18,-25,-18,-25,-19,-24,-19,-22,-20,-23,-21,-21,-22,-22,-23,-21,-23,-20,-24,-20,-22,-20]"
618056048645400,37.597797000,91473,1891037324,-50,-98,6,0,1,7,0,0,256,0,0,"[0,0,-15,4,-14,4,-13,5,-13,4,-12,4,-12,5,-11,5,-10,5,-10,5,-9,5,-9,5,-7,5,-8,5,-7,6,-7,6,-7,6,-6,6,-7,6,-6,5,-6,5,-6,5,-6,4,-5,4,-5,4,-5,3,-6,3,0,0,0,0,0,0,0,0,0,0,0,0,0,0,0,0,0,0,0,0,0,0,-17,6,-17,6,-17,5,-18,4,-19,3,-20,2,-19,2,-20,1,-20,0,-19,-1,-19,-1,-18,-1,-18,-1,-17,0,-17,0,-16,1,-16,1,-17,2,-16,2,-16,3,-16,3,-16,4,-16,4,-15,5,-16,4,-15,4,0,0,-26,10,-25,11,-24,11,-22,10,-21,11,-19,10,-18,11,-16,10,-16,10,-14,11,-13,12,-12,12,-11,12,-11,12,-10,12,-11,11,-9,12,-11,12,-10,11,-10,10,-10,10,-8,8,-9,9,-8,8,-8,8,-9,7,-9,6,-8,6,0,0,0,0,0,0,0,0,0,0,0,0,0,0,-24,21,-26,18,-27,15,-29,12,-30,13,-31,10,-32,10,-34,9,-35,7,-35,3,-34,3,-33,3,-34,3,-32,4,-31,4,-29,4,-29,4,-29,5,-29,5,-28,6,-28,8,-28,7,-28,8,-29,10,-27,10,-27,12,-26,12,-27,12]"
618056067020300,37.616171900,91474,1891056987,-51,-98,6,0,1,7,0,0,256,0,0,"[0,0,13,7,13,6,12,6,12,5,12,5,11,4,10,4,10,3,10,2,10,1,10,1,9,0,9,0,9,0,9,-1,8,-1,8,-1,8,-1,8,0,8,0,7,0,6,0,6,0,6,0,6,0,5,0,0,0,0,0,0,0,0,0,0,0,0,0,0,0,0,0,0,0,0,0,0,0,16,6,15,8,15,9,15,10,15,11,15,11,14,13,14,13,13,13,13,13,13,13,12,12,12,12,12,11,12,11,12,11,12,10,13,9,13,9,13,9,13,8,13,8,14,8,14,7,14,7,14,7,0,0,26,7,25,6,26,6,22,6,23,5,21,3,21,3,20,1,19,1,18,0,17,-1,17,-1,17,-2,17,-3,16,-3,16,-3,15,-4,15,-4,14,-4,14,-3,13,-3,13,-2,12,-2,12,-1,11,-1,10,-1,10,0,10,0,0,0,0,0,0,0,0,0,0,0,0,0,0,0,29,0,29,4,29,6,31,7,29,9,30,11,30,12,31,14,30,15,30,17,28,18,27,18,27,18,26,18,25,17,25,17,25,16,24,14,26,14,25,12,26,12,26,10,27,10,27,9,27,8,27,9,27,9,28,8]"
618056089054300,37.638205900,91475,1891076732,-50,-98,6,0,1,7,0,0,256,0,0,"[0,0,-15,0,-14,0,-14,0,-13,1,-13,1,-12,1,-11,1,-11,2,-11,2,-10,2,-9,3,-9,3,-8,3,-9,3,-8,4,-8,4,-7,3,-8,4,-8,3,-8,3,-7,3,-7,2,-6,2,-6,2,-6,2,-6,2,0,0,0,0,0,0,0,0,0,0,0,0,0,0,0,0,0,0,0,0,0,0,-17,2,-17,1,-18,1,-18,-1,-19,-2,-19,-3,-19,-4,-19,-5,-18,-5,-18,-5,-17,-5,-17,-5,-17,-5,-16,-4,-16,-4,-16,-3,-16,-3,-16,-2,-16,-2,-16,-2,-16,-1,-16,-1,-17,0,-16,0,-16,0,-15,0,0,0,-29,0,-28,0,-26,1,-25,3,-23,2,-22,3,-22,2,-21,3,-19,5,-20,5,-18,6,-17,6,-16,7,-15,8,-15,8,-15,7,-14,7,-14,7,-14,7,-14,6,-13,5,-12,6,-12,5,-11,4,-12,4,-11,2,-10,4,-11,2,0,0,0,0,0,0,0,0,0,0,0,0,0,0,-32,7,-32,6,-32,2,-33,0,-33,0,-34,-2,-34,-5,-36,-6,-35,-7,-36,-9,-34,-10,-34,-11,-32,-12,-31,-11,-29,-11,-30,-9,-29,-8,-29,-7,-29,-7,-30,-6,-30,-4,-30,-2,-29,-2,-31,-1,-31,-2,-30,-1,-30,0,-31,0]"
618056107964200,37.657115800,91476,1891101345,-50,-98,6,0,1,7,0,0,256,0,0,"[0,0,-15,6,-14,5,-13,5,-13,5,-12,5,-11,6,-10,5,-9,5,-9,6,-9,6,-8,6,-7,6,-7,6,-6,6,-6,6,-6,6,-6,7,-6,6,-6,6,-6,5,-6,5,-5,5,-5,4,-5,4,-5,3,-5,3,0,0,0,0,0,0,0,0,0,0,0,0,0,0,0,0,0,0,0,0,0,0,-16,8,-17,7,-17,7,-18,6,-18,5,-19,4,-19,4,-20,2,-19,2,-19,2,-18,1,-18,1,-17,2,-17,2,-17,2,-16,2,-16,3,-16,3,-16,4,-15,4,-15,5,-15,5,-16,6,-15,6,-15,6,-15,6,0,0,-27,9,-25,9,-24,10,-23,9,-22,9,-20,9,-20,10,-18,10,-17,9,-16,10,-16,10,-14,11,-12,11,-12,11,-13,12,-11,10,-11,11,-12,10,-11,11,-11,10,-10,10,-10,9,-9,8,-11,7,-9,7,-8,6,-9,6,-9,5,0,0,0,0,0,0,0,0,0,0,0,0,0,0,-27,17,-29,15,-30,12,-30,11,-32,10,-32,9,-35,7,-35,5,-36,4,-36,3,-35,1,-35,1,-34,0,-33,0,-33,0,-32,0,-30,1,-31,2,-29,3,-30,4,-28,6,-29,7,-29,8,-29,8,-29,8,-29,9,-27,9,-28,8]"
618056126087300,37.675238900,91477,1891116559,-50,-98,6,0,1,7,0,0,256,0,0,"[0,0,-2,15,-2,14,-1,13,-1,13,0,12,0,12,0,11,0,11,1,10,1,9,2,9,2,9,2,8,2,8,2,8,2,7,3,8,2,7,2,7,2,7,2,6,2,7,1,6,1,6,1,5,1,5,0,0,0,0,0,0,0,0,0,0,0,0,0,0,0,0,0,0,0,0,0,0,1,17,1,17,0,17,-2,18,-2,18,-4,18,-5,18,-6,18,-6,18,-6,17,-6,17,-6,16,-6,16,-5,16,-5,16,-4,15,-5,15,-4,15,-3,15,-3,15,-3,16,-2,16,-2,16,-1,15,-1,15,-1,15,0,0,-4,26,-4,26,-3,25,-3,23,-2,24,-1,22,-1,22,0,20,1,19,2,18,3,17,2,17,3,16,4,16,5,16,4,15,5,14,4,14,6,14,3,13,3,13,2,13,2,12,2,11,2,11,1,10,1,10,-1,10,0,0,0,0,0,0,0,0,0,0,0,0,0,0,6,31,2,31,-1,31,-2,32,-4,32,-6,32,-8,33,-10,34,-10,33,-12,34,-13,32,-15,32,-14,30,-15,29,-14,29,-13,27,-12,27,-10,28,-10,27,-8,28,-9,27,-7,29,-5,29,-6,30,-6,28,-5,30,-5,29,-4,28]"
618056147534700,37.696686300,91478,1891139714,-50,-98,6,0,1,7,0,0,256,0,0,"[0,0,-15,-3,-14,-3,-14,-2,-14,-2,-13,-2,-13,-1,-12,-1,-12,0,-11,0,-11,1,-10,1,-10,1,-10,1,-9,1,-10,2,-9,2,-9,2,-9,2,-9,2,-8,2,-8,2,-7,1,-7,1,-7,1,-6,1,-6,0,0,0,0,0,0,0,0,0,0,0,0,0,0,0,0,0,0,0,0,0,0,0,-18,-2,-18,-3,-18,-3,-18,-4,-18,-5,-18,-6,-18,-7,-18,-8,-18,-9,-17,-9,-16,-9,-16,-9,-15,-9,-16,-8,-15,-8,-15,-6,-16,-6,-16,-6,-16,-6,-16,-5,-16,-4,-16,-4,-16,-3,-16,-3,-16,-3,-16,-3,0,0,-29,5,-27,5,-26,5,-24,6,-24,6,-23,5,-21,6,-20,6,-19,8,-18,7,-16,9,-16,8,-15,9,-15,10,-15,10,-14,10,-14,10,-13,9,-13,9,-13,8,-12,8,-12,6,-12,6,-11,6,-11,6,-10,4,-11,4,-10,3,0,0,0,0,0,0,0,0,0,0,0,0,0,0,-28,12,-29,10,-31,8,-31,7,-32,5,-33,4,-35,3,-36,0,-36,-1,-36,-3,-35,-4,-35,-5,-34,-4,-33,-5,-32,-4,-31,-5,-31,-2,-30,-2,-30,-1,-31,0,-30,0,-30,2,-30,2,-31,3,-31,4,-29,5,-28,5,-29,4]"
618056163896200,37.713047800,91479,1891157419,-51,-98,6,0,1,7,0,0,256,0,0,"[0,0,15,-3,13,-3,13,-3,13,-3,12,-3,11,-4,10,-4,10,-4,9,-4,9,-5,8,-5,8,-5,7,-5,7,-6,7,-6,7,-6,6,-5,7,-6,6,-6,6,-5,6,-5,5,-5,5,-4,5,-4,5,-4,5,-3,0,0,0,0,0,0,0,0,0,0,0,0,0,0,0,0,0,0,0,0,0,0,17,-4,18,-3,17,-2,18,-1,18,0,19,1,19,1,19,3,18,3,17,3,17,4,17,3,17,3,16,3,16,2,15,1,16,1,15,0,16,0,15,-1,15,-2,15,-2,16,-2,15,-2,15,-2,15,-3,0,0,24,-12,24,-12,22,-12,21,-12,19,-11,19,-13,17,-12,16,-12,15,-12,14,-13,13,-13,12,-13,11,-13,11,-13,10,-14,10,-14,9,-14,9,-13,9,-13,9,-12,8,-11,8,-10,8,-10,8,-9,7,-9,7,-8,8,-8,8,-7,0,0,0,0,0,0,0,0,0,0,0,0,0,0,24,-19,26,-16,27,-14,27,-13,29,-13,29,-11,32,-10,33,-9,33,-8,34,-6,33,-5,34,-4,33,-3,32,-3,31,-3,30,-4,29,-5,29,-6,28,-6,28,-7,27,-8,27,-10,27,-10,27,-11,28,-12,27,-12,27,-12,26,-12]"
618056185270900,37.734422500,91480,1891177435,-50,-98,6,0,1,7,0,0,256,0,0,"[0,0,-13,-9,-12,-9,-12,-8,-11,-8,-11,-8,-11,-7,-11,-6,-10,-6,-10,-5,-10,-4,-10,-4,-9,-4,-10,-3,-9,-3,-9,-2,-9,-2,-9,-2,-9,-2,-9,-1,-8,-2,-8,-2,-8,-2,-7,-3,-6,-2,-7,-3,-6,-3,0,0,0,0,0,0,0,0,0,0,0,0,0,0,0,0,0,0,0,0,0,0,-15,-10,-14,-11,-14,-11,-14,-12,-14,-13,-13,-15,-13,-15,-12,-16,-12,-16,-10,-16,-10,-16,-10,-15,-10,-15,-10,-14,-10,-14,-11,-13,-11,-13,-11,-12,-11,-13,-12,-12,-12,-12,-13,-11,-13,-11,-13,-11,-13,-10,-13,-10,0,0,-50,-25,-51,-22,-48,-21,-46,-20,-45,-15,-43,-18,-41,-15,-40,-12,-38,-8,-40,-7,-38,-4,-37,-2,-33,-1,-34,0,-36,2,-33,-1,-33,1,-32,0,-32,0,-30,1,-30,-2,-27,-2,-24,-2,-24,0,-23,0,-20,-2,-21,-3,-20,-4,0,0,0,0,0,0,0,0,0,0,0,0,0,0,-62,-10,-63,-16,-57,-21,-56,-28,-61,-31,-56,-34,-57,-39,-58,-41,-57,-46,-52,-51,-49,-48,-50,-50,-52,-45,-51,-44,-47,-42,-47,-39,-45,-38,-48,-38,-47,-35,-50,-36,-49,-31,-51,-33,-50,-33,-51,-32,-55,-27,-53,-25,-53,-22,-52,-27]"
618056206990700,37.756142300,91481,1891196722,-50,-98,6,0,1,7,0,0,256,0,0,"[0,0,-11,11,-10,10,-9,10,-9,10,-8,9,-8,9,-7,9,-6,9,-6,8,-5,8,-5,8,-4,8,-4,8,-3,8,-3,8,-3,8,-3,8,-3,8,-3,7,-3,7,-3,7,-2,6,-3,6,-3,6,-3,5,-3,5,0,0,0,0,0,0,0,0,0,0,0,0,0,0,0,0,0,0,0,0,0,0,-12,13,-12,12,-13,12,-14,12,-15,12,-16,10,-17,10,-17,10,-17,9,-17,8,-17,8,-16,8,-15,7,-15,8,-15,8,-14,8,-14,8,-13,9,-13,9,-12,10,-12,10,-12,11,-12,11,-11,11,-12,11,-11,11,0,0,-18,20,-18,21,-15,19,-16,19,-13,18,-13,19,-11,18,-10,17,-9,16,-9,18,-7,16,-6,16,-5,16,-4,15,-4,16,-4,16,-3,16,-5,14,-4,14,-4,14,-4,13,-3,13,-5,12,-4,11,-5,9,-4,9,-5,10,-6,9,0,0,0,0,0,0,0,0,0,0,0,0,0,0,-15,28,-18,26,-20,25,-21,24,-23,25,-23,22,-27,24,-26,21,-28,21,-30,20,-30,19,-31,19,-29,16,-29,16,-28,16,-26,15,-25,16,-25,18,-23,16,-24,19,-22,18,-21,21,-21,20,-20,21,-21,22,-20,22,-20,22,-19,21]"
618056223380700,37.772532300,91482,1891216756,-50,-98,6,0,1,7,0,0,256,0,0,"[0,0,12,-8,11,-9,10,-9,10,-8,10,-9,8,-8,8,-8,7,-8,7,-8,6,-8,6,-8,5,-8,4,-8,4,-8,4,-8,4,-9,4,-8,4,-8,4,-8,4,-7,4,-7,3,-7,3,-6,3,-6,3,-5,3,-5,0,0,0,0,0,0,0,0,0,0,0,0,0,0,0,0,0,0,0,0,0,0,12,-12,14,-11,14,-11,15,-10,16,-9,17,-9,18,-8,18,-7,18,-7,17,-6,17,-5,16,-6,16,-6,16,-5,15,-6,15,-7,14,-7,14,-7,14,-8,13,-8,13,-8,13,-9,13,-9,13,-9,13,-9,13,-10,0,0,22,-16,20,-17,19,-16,19,-15,16,-15,16,-15,15,-15,13,-15,12,-14,10,-15,9,-15,9,-16,7,-15,8,-16,7,-15,7,-15,6,-15,7,-14,6,-13,6,-13,6,-13,6,-11,6,-12,5,-11,5,-9,5,-9,6,-9,6,-8,0,0,0,0,0,0,0,0,0,0,0,0,0,0,18,-25,21,-23,23,-22,24,-20,25,-19,26,-18,29,-17,31,-15,31,-15,32,-13,32,-13,31,-12,31,-12,30,-10,28,-11,28,-11,27,-11,26,-13,25,-13,25,-13,25,-14,24,-15,24,-16,24,-17,24,-16,23,-18,22,-18,23,-18]"
618056253747500,37.802899100,91483,1891252332,-50,-98,6,0,1,7,0,0,256,0,0,"[0,0,-7,12,-6,12,-6,12,-5,11,-5,11,-4,10,-4,10,-3,10,-3,9,-2,9,-2,9,-1,8,-1,8,-1,8,0,8,0,8,0,8,0,7,-1,7,-1,7,-1,7,0,6,-1,6,-1,6,-1,5,-1,5,0,0,0,0,0,0,0,0,0,0,0,0,0,0,0,0,0,0,0,0,0,0,-6,15,-7,15,-7,15,-8,15,-9,15,-10,15,-11,14,-12,13,-12,13,-13,13,-12,12,-12,12,-11,12,-11,11,-11,12,-10,11,-9,12,-9,12,-9,12,-8,12,-8,13,-8,13,-7,13,-7,13,-7,13,-7,13,0,0,-19,53,-17,50,-15,50,-13,44,-12,44,-10,41,-8,40,-8,40,-6,37,-3,34,1,34,1,34,3,33,4,33,5,31,3,30,4,31,5,30,3,28,2,28,3,26,2,27,2,25,2,23,1,22,2,21,0,21,-1,20,0,0,0,0,0,0,0,0,0,0,0,0,0,0,-4,60,-10,62,-14,60,-21,61,-21,61,-26,59,-29,61,-32,62,-38,59,-42,57,-42,57,-41,53,-41,51,-39,52,-38,50,-34,49,-35,49,-30,47,-28,50,-30,48,-26,52,-26,53,-25,53,-23,54,-22,54,-17,55,-18,54,-18,54]"
618056284171100,37.833322700,91484,1891276360,-50,-98,6,0,1,7,0,0,256,0,0,"[0,0,13,5,13,4,12,4,12,4,12,4,11,3,11,2,10,2,10,1,10,0,9,0,9,0,9,-1,8,-1,9,-1,8,-1,8,-1,8,-2,8,-1,7,-1,7,-1,6,-1,7,0,6,0,6,-1,5,0,0,0,0,0,0,0,0,0,0,0,0,0,0,0,0,0,0,0,0,0,0,0,16,5,16,6,16,7,15,8,16,9,16,10,16,11,15,12,14,12,13,12,13,12,13,11,13,11,12,11,12,10,13,9,12,9,13,8,13,8,13,7,14,7,14,6,14,7,14,6,14,6,14,5,0,0,23,11,23,10,23,10,22,9,21,8,20,6,20,7,17,5,18,4,17,3,18,1,16,1,17,1,16,0,16,0,16,-1,15,-1,15,0,14,-1,14,-1,14,-1,12,0,11,0,11,0,11,0,10,1,9,1,9,1,0,0,0,0,0,0,0,0,0,0,0,0,0,0,29,7,29,10,28,12,28,13,27,15,27,16,27,18,28,20,28,22,25,23,24,23,24,24,22,23,22,22,21,23,20,21,21,19,22,18,22,17,23,18,22,17,24,15,24,14,25,14,25,13,25,12,25,14,26,12]"
618056305580700,37.854732300,91485,1891296775,-50,-98,6,0,1,7,0,0,256,0,0,"[0,0,-15,2,-15,1,-14,1,-14,1,-13,2,-12,2,-11,2,-11,2,-10,3,-10,3,-10,3,-9,3,-9,4,-8,4,-8,4,-8,4,-7,4,-8,4,-8,4,-7,4,-7,4,-7,3,-6,3,-6,3,-6,3,-6,2,0,0,0,0,0,0,0,0,0,0,0,0,0,0,0,0,0,0,0,0,0,0,-17,3,-18,2,-18,1,-18,0,-19,-1,-20,-2,-20,-3,-19,-4,-19,-4,-19,-4,-19,-4,-18,-4,-17,-4,-17,-4,-17,-3,-17,-3,-16,-2,-17,-2,-16,-1,-16,-1,-16,0,-16,0,-17,1,-17,1,-16,1,-16,1,0,0,-28,2,-28,3,-27,3,-25,3,-23,4,-21,3,-21,3,-21,4,-19,4,-18,6,-17,7,-17,8,-15,8,-15,8,-15,8,-14,7,-14,8,-14,8,-14,7,-14,6,-13,6,-12,6,-11,5,-11,5,-10,4,-11,4,-10,4,-10,2,0,0,0,0,0,0,0,0,0,0,0,0,0,0,-29,10,-31,7,-33,5,-33,2,-34,2,-33,0,-35,-2,-36,-4,-35,-7,-36,-9,-34,-8,-34,-9,-33,-8,-32,-8,-32,-8,-31,-7,-30,-7,-31,-6,-29,-4,-30,-5,-29,-3,-29,-2,-30,-2,-31,0,-30,0,-30,2,-30,2,-30,2]"
618056324181200,37.873332800,91486,1891319481,-50,-98,6,0,1,7,0,0,256,0,0,"[0,0,12,8,12,7,11,7,11,6,11,6,10,6,10,5,10,4,9,3,9,2,9,2,9,2,9,2,8,1,9,1,8,1,8,1,8,0,8,1,7,1,7,1,6,1,6,1,6,1,6,1,5,1,0,0,0,0,0,0,0,0,0,0,0,0,0,0,0,0,0,0,0,0,0,0,15,6,15,7,15,8,15,9,15,10,14,11,14,13,14,13,13,13,12,13,12,13,11,13,11,12,11,12,11,11,11,10,11,10,11,10,12,9,12,10,12,9,13,9,13,9,13,8,13,8,13,8,0,0,47,27,44,25,42,26,41,23,42,22,36,19,37,18,35,17,36,14,33,9,35,7,33,7,32,5,32,5,31,4,33,0,31,3,31,3,30,3,28,2,27,3,25,5,24,4,21,4,23,4,20,5,19,6,17,7,0,0,0,0,0,0,0,0,0,0,0,0,0,0,58,13,58,21,57,25,56,29,53,32,52,34,53,38,54,43,52,45,49,50,47,49,45,49,44,48,43,46,41,47,41,43,40,43,41,40,43,39,44,37,45,35,46,34,45,33,47,34,48,30,48,30,48,29,49,29]"
618056341703600,37.890855200,91487,1891336634,-50,-98,6,0,1,7,0,0,256,0,0,"[0,0,5,13,5,13,5,13,5,11,5,11,5,10,6,10,5,9,5,8,5,8,5,7,6,7,6,6,6,5,6,5,6,5,6,5,6,5,5,5,5,5,5,4,4,4,5,5,4,4,4,4,4,4,0,0,0,0,0,0,0,0,0,0,0,0,0,0,0,0,0,0,0,0,0,0,7,15,6,16,6,16,5,17,4,18,3,18,3,18,2,19,1,18,1,18,0,18,0,17,0,17,0,16,1,16,1,16,2,15,2,15,3,15,4,15,4,15,5,15,5,15,5,14,5,15,5,14,0,0,11,26,10,25,9,23,11,22,11,21,10,18,10,18,11,17,11,15,11,14,12,14,12,13,12,12,11,11,13,10,12,10,12,9,11,9,11,9,11,9,10,8,9,9,8,8,8,8,8,7,7,7,6,8,6,8,0,0,0,0,0,0,0,0,0,0,0,0,0,0,18,25,14,27,14,28,12,29,11,31,10,32,9,34,6,34,5,35,3,35,3,34,2,35,1,33,1,33,1,32,1,30,2,30,4,29,4,28,4,29,6,28,8,27,9,28,10,28,10,28,10,28,11,27,11,26]"
618056363759600,37.912911200,91488,1891356716,-50,-98,6,0,1,7,0,0,256,0,0,"[0,0,-14,-7,-13,-7,-13,-7,-12,-6,-12,-6,-12,-5,-11,-5,-11,-4,-11,-4,-10,-3,-10,-2,-10,-2,-10,-2,-10,-1,-9,-1,-9,-1,-9,-1,-9,-1,-9,-1,-8,-1,-9,-1,-8,-1,-7,-1,-7,-1,-7,-1,-7,-1,0,0,0,0,0,0,0,0,0,0,0,0,0,0,0,0,0,0,0,0,0,0,-16,-7,-17,-8,-16,-9,-16,-10,-16,-11,-16,-12,-15,-13,-15,-13,-14,-14,-14,-14,-13,-13,-13,-13,-13,-12,-13,-12,-13,-12,-13,-11,-13,-11,-13,-10,-14,-10,-14,-9,-14,-9,-14,-9,-14,-8,-15,-8,-15,-8,-15,-8,0,0,-22,-18,-22,-17,-22,-16,-22,-15,-19,-14,-18,-13,-19,-12,-18,-10,-17,-9,-18,-7,-18,-7,-17,-6,-17,-5,-17,-5,-17,-3,-17,-3,-17,-4,-16,-4,-16,-3,-15,-4,-15,-4,-12,-3,-13,-4,-12,-4,-11,-4,-11,-4,-11,-4,-9,-5,0,0,0,0,0,0,0,0,0,0,0,0,0,0,-30,-13,-28,-16,-28,-18,-25,-19,-26,-22,-25,-22,-25,-24,-25,-27,-24,-28,-23,-29,-21,-29,-20,-30,-20,-29,-20,-28,-18,-27,-18,-25,-19,-25,-20,-24,-20,-23,-20,-23,-20,-21,-21,-22,-22,-20,-22,-20,-24,-19,-23,-19,-23,-20,-23,-19]"
618056384818800,37.933970400,91489,1891376526,-50,-98,6,0,1,7,0,0,256,0,0,"[0,0,6,-14,5,-14,5,-14,5,-13,4,-13,4,-12,3,-12,2,-12,2,-11,1,-10,1,-10,1,-10,0,-10,-1,-9,-1,-10,-1,-9,-1,-9,0,-9,-1,-9,-1,-9,-1,-8,0,-8,0,-8,0,-7,0,-7,0,-6,0,0,0,0,0,0,0,0,0,0,0,0,0,0,0,0,0,0,0,0,0,0,6,-17,8,-16,8,-17,9,-16,10,-16,12,-16,12,-16,13,-15,13,-15,13,-14,13,-13,13,-13,12,-12,11,-12,10,-12,10,-13,10,-13,9,-13,9,-14,8,-15,8,-14,7,-15,7,-15,7,-15,7,-15,7,-14,0,0,12,-25,11,-26,11,-23,10,-22,9,-23,8,-21,7,-20,5,-20,4,-19,2,-19,2,-18,0,-19,0,-17,-1,-17,0,-17,-1,-17,-1,-17,-1,-16,-1,-15,-1,-14,0,-13,-1,-14,0,-14,0,-12,-1,-11,1,-11,1,-11,1,-10,0,0,0,0,0,0,0,0,0,0,0,0,0,0,6,-32,9,-31,12,-29,14,-29,16,-30,17,-28,20,-28,21,-29,23,-28,24,-27,25,-24,24,-25,23,-24,23,-23,22,-24,21,-23,20,-23,19,-23,19,-23,17,-23,16,-25,16,-25,16,-26,15,-27,14,-26,12,-26,12,-27,12,-26]"
618056404720700,37.953872300,91490,1891396570,-50,-98,6,0,1,7,0,0,256,0,0,"[0,0,-10,12,-9,11,-9,11,-8,10,-7,10,-7,10,-6,10,-5,9,-5,9,-4,9,-4,9,-3,8,-3,9,-3,9,-2,8,-2,8,-2,8,-2,8,-2,7,-2,7,-2,7,-2,7,-2,6,-2,6,-2,5,-2,5,0,0,0,0,0,0,0,0,0,0,0,0,0,0,0,0,0,0,0,0,0,0,-9,14,-11,14,-11,13,-13,13,-13,13,-15,13,-15,12,-16,12,-17,11,-15,10,-15,10,-15,10,-14,10,-14,10,-14,10,-13,10,-13,10,-12,10,-12,11,-12,11,-11,12,-11,11,-10,12,-10,13,-10,13,-10,12,0,0,-21,18,-20,17,-20,18,-17,16,-17,16,-15,16,-14,16,-13,16,-11,15,-10,15,-10,14,-9,16,-9,16,-7,16,-7,15,-7,14,-6,14,-7,14,-6,13,-6,13,-5,12,-6,11,-6,12,-7,10,-6,9,-5,8,-6,9,-7,8,0,0,0,0,0,0,0,0,0,0,0,0,0,0,-17,26,-21,25,-24,22,-24,23,-25,21,-27,21,-30,19,-31,19,-31,18,-32,17,-31,15,-32,14,-32,13,-32,13,-30,13,-28,13,-29,13,-27,12,-27,13,-25,14,-26,17,-25,17,-24,19,-23,19,-23,19,-23,19,-22,20,-22,19]"
618056423823900,37.972975500,91491,1891416462,-50,-98,6,0,1,7,0,0,256,0,0,"[0,0,-6,13,-5,13,-5,12,-5,12,-4,12,-3,11,-3,11,-2,10,-1,10,-2,10,-1,9,-1,9,0,9,0,9,0,8,1,9,1,8,1,7,0,7,0,7,0,7,0,7,0,7,0,6,-1,6,-1,5,0,0,0,0,0,0,0,0,0,0,0,0,0,0,0,0,0,0,0,0,0,0,-6,16,-7,16,-8,16,-8,16,-9,15,-11,16,-11,15,-12,15,-12,14,-12,14,-13,13,-12,13,-12,13,-12,12,-11,13,-10,12,-10,13,-9,13,-9,14,-7,13,-7,14,-7,14,-7,14,-7,14,-7,14,-7,14,0,0,-10,26,-11,25,-9,24,-8,22,-7,22,-4,21,-5,21,-5,19,-3,19,-3,19,-1,17,-1,17,0,17,2,16,1,16,2,15,2,16,1,14,0,14,1,14,2,13,1,13,-1,13,0,11,0,10,-1,11,-1,10,-3,10,0,0,0,0,0,0,0,0,0,0,0,0,0,0,-5,31,-9,29,-11,30,-13,29,-14,30,-16,29,-17,28,-19,29,-20,28,-22,27,-22,27,-24,25,-23,25,-23,23,-22,23,-21,23,-20,24,-17,23,-18,24,-16,24,-15,25,-14,27,-14,26,-13,27,-13,26,-12,27,-12,27,-12,27]"
618056443700000,37.992851600,91492,1891436672,-50,-98,6,0,1,7,0,0,256,0,0,"[0,0,-9,12,-8,13,-7,11,-8,11,-6,11,-6,11,-5,10,-5,10,-4,10,-4,10,-3,9,-3,9,-2,9,-2,8,-1,9,-1,8,-1,9,-2,8,-1,8,-2,8,-2,7,-1,7,-1,7,-2,6,-2,6,-2,5,0,0,0,0,0,0,0,0,0,0,0,0,0,0,0,0,0,0,0,0,0,0,-9,15,-10,15,-11,15,-11,14,-13,15,-13,14,-15,13,-15,13,-15,12,-16,12,-15,11,-15,10,-14,10,-14,10,-13,10,-12,11,-12,11,-12,12,-11,12,-11,13,-10,13,-10,13,-10,13,-10,13,-9,13,-9,13,0,0,-27,51,-24,47,-22,47,-22,43,-21,43,-17,40,-15,41,-13,38,-11,36,-9,36,-5,34,-5,35,-1,34,-3,33,-1,32,0,30,-1,32,2,30,-1,29,-1,29,-3,26,-2,26,-1,24,-2,22,-2,23,-4,20,-5,22,-6,20,0,0,0,0,0,0,0,0,0,0,0,0,0,0,-15,62,-23,58,-27,59,-31,56,-32,58,-38,57,-40,56,-43,54,-46,53,-51,51,-51,49,-53,48,-49,45,-48,45,-46,43,-43,43,-42,45,-38,45,-39,44,-38,45,-35,46,-32,48,-34,48,-33,50,-32,50,-27,52,-27,52,-28,52]"
618056463045900,38.012197500,91493,1891456735,-50,-98,6,0,1,7,0,0,256,0,0,"[0,0,6,-14,5,-14,4,-13,5,-13,4,-13,3,-12,3,-12,2,-12,2,-11,1,-11,1,-10,0,-10,0,-10,-1,-10,0,-10,-1,-9,-1,-9,-1,-9,-1,-9,0,-8,0,-8,0,-8,0,-7,0,-7,0,-7,0,-7,0,0,0,0,0,0,0,0,0,0,0,0,0,0,0,0,0,0,0,0,0,0,5,-17,6,-17,7,-17,8,-17,9,-17,10,-17,11,-17,12,-16,12,-15,12,-15,12,-14,12,-14,11,-14,11,-14,10,-14,9,-14,9,-14,9,-14,8,-15,8,-15,7,-15,7,-15,7,-16,6,-16,6,-15,7,-15,0,0,11,-24,10,-26,10,-23,8,-21,7,-21,7,-20,7,-20,5,-20,4,-18,3,-18,2,-18,0,-18,0,-17,0,-17,-1,-16,-1,-16,0,-16,-1,-15,-1,-14,0,-14,-1,-13,0,-14,1,-13,1,-12,0,-11,1,-11,1,-11,2,-10,0,0,0,0,0,0,0,0,0,0,0,0,0,0,4,-31,7,-31,9,-30,12,-29,13,-30,15,-28,17,-29,18,-29,21,-27,23,-26,23,-25,23,-26,21,-25,21,-24,20,-24,19,-23,19,-22,17,-23,16,-23,16,-23,15,-24,14,-25,15,-25,13,-26,14,-26,12,-27,11,-26,12,-27]"
618056483024200,38.032175800,91494,1891478212,-50,-98,6,0,1,7,0,0,256,0,0,"[0,0,10,11,9,11,8,10,9,9,9,9,8,8,8,8,8,7,8,6,8,5,8,4,8,4,8,4,8,3,8,3,8,3,8,3,8,2,7,3,7,3,6,3,6,3,6,2,5,3,5,2,5,2,0,0,0,0,0,0,0,0,0,0,0,0,0,0,0,0,0,0,0,0,0,0,11,12,11,13,10,14,9,15,9,16,9,16,8,17,7,18,6,17,6,17,6,16,6,16,6,15,6,16,6,15,6,14,7,14,7,14,8,13,8,13,8,13,8,13,9,12,10,12,10,12,10,12,0,0,24,13,24,12,22,11,21,11,20,9,20,8,20,8,19,7,18,5,18,4,17,3,17,2,17,1,17,1,16,1,16,0,16,0,15,1,15,0,14,1,13,1,13,1,12,1,11,1,11,2,10,1,10,2,9,2,0,0,0,0,0,0,0,0,0,0,0,0,0,0,29,8,28,11,27,13,27,15,27,16,26,18,27,20,26,21,26,22,24,24,23,24,23,25,21,24,21,24,20,23,20,22,21,21,21,19,21,19,22,19,22,17,24,16,24,16,25,16,25,16,25,15,25,15,25,14]"
618056502689300,38.051840900,91495,1891496449,-51,-98,6,0,1,7,0,0,256,0,0,"[0,0,14,5,13,4,13,4,13,4,12,3,11,3,11,2,11,2,10,1,10,0,10,0,9,0,9,-1,9,-1,9,-2,8,-2,8,-1,8,-2,8,-1,8,-2,7,-1,7,-1,6,0,6,0,6,0,6,0,0,0,0,0,0,0,0,0,0,0,0,0,0,0,0,0,0,0,0,0,0,0,16,4,17,5,16,6,17,7,16,7,17,9,17,10,16,11,15,10,15,11,14,11,14,11,13,10,13,9,13,9,13,9,13,8,14,8,14,7,14,7,14,6,14,6,15,6,15,6,15,5,14,5,0,0,26,-5,26,-6,25,-6,23,-5,22,-5,21,-7,20,-7,19,-7,18,-8,17,-8,16,-9,15,-9,14,-10,14,-10,14,-11,13,-10,12,-10,12,-10,12,-9,12,-9,11,-8,11,-8,10,-7,10,-6,9,-6,9,-6,10,-5,10,-4,0,0,0,0,0,0,0,0,0,0,0,0,0,0,27,-13,29,-10,30,-8,30,-6,32,-6,32,-5,34,-2,34,-1,34,0,34,3,34,3,34,5,33,5,32,5,30,5,30,4,29,3,29,1,29,0,29,0,29,-1,28,-3,29,-3,29,-4,30,-4,29,-5,29,-5,29,-5]"
618056524229700,38.073381300,91496,1891516609,-50,-98,6,0,1,7,0,0,256,0,0,"[0,0,-2,15,-1,14,-2,13,-1,12,-1,12,0,12,0,11,0,11,0,9,1,9,2,9,2,9,2,8,2,8,2,8,3,7,3,8,2,7,2,7,2,7,2,6,2,6,1,6,1,6,1,5,1,5,0,0,0,0,0,0,0,0,0,0,0,0,0,0,0,0,0,0,0,0,0,0,0,17,-1,17,-2,18,-2,17,-4,18,-5,18,-6,18,-7,18,-7,17,-7,17,-7,16,-7,16,-7,16,-6,15,-6,15,-5,15,-5,14,-5,15,-4,15,-3,15,-3,15,-2,15,-3,15,-2,16,-2,15,-2,15,0,0,7,27,6,25,6,25,6,23,7,22,7,20,7,20,8,19,8,17,9,16,9,15,9,14,9,14,10,14,10,13,10,13,9,12,9,12,9,11,8,11,8,11,7,10,7,10,6,9,6,9,5,9,4,9,4,9,0,0,0,0,0,0,0,0,0,0,0,0,0,0,15,25,13,28,10,29,9,30,7,31,6,32,5,33,4,35,2,34,1,35,-1,34,-1,34,-2,33,-2,32,-2,31,-1,30,-1,31,0,29,0,29,2,29,3,29,4,29,5,29,6,29,6,29,6,28,7,28,7,28]"
618056541858600,38.091010200,91497,1891536499,-50,-98,6,0,1,7,0,0,256,0,0,"[0,0,-1,15,0,14,-1,13,-1,12,0,12,0,12,1,11,1,11,1,10,1,9,1,9,2,8,3,8,3,8,2,8,3,7,3,7,3,7,3,7,2,7,2,6,2,7,1,6,1,6,1,5,1,5,0,0,0,0,0,0,0,0,0,0,0,0,0,0,0,0,0,0,0,0,0,0,2,17,1,17,0,17,-1,18,-2,18,-3,19,-4,18,-5,18,-5,18,-6,17,-6,16,-6,16,-5,16,-5,16,-5,16,-4,15,-4,15,-4,15,-3,15,-2,15,-2,15,-1,16,-1,16,-1,15,-1,15,-1,15,0,0,-2,27,-1,26,0,25,0,24,0,23,1,22,1,20,2,19,3,18,3,18,4,17,6,17,5,15,6,14,7,14,6,14,6,15,6,13,6,13,5,13,5,12,4,12,4,12,3,11,3,11,2,10,2,10,1,10,0,0,0,0,0,0,0,0,0,0,0,0,0,0,9,30,4,29,3,31,2,31,0,34,-2,32,-4,35,-5,34,-7,34,-10,33,-10,33,-11,34,-12,31,-12,31,-10,30,-9,29,-9,28,-7,28,-6,28,-5,29,-4,28,-4,29,-3,28,-2,30,-2,31,-2,29,-1,29,-2,27]"
618056563428300,38.112579900,91498,1891556438,-50,-98,6,0,1,7,0,0,256,0,0,"[0,0,13,8,11,7,11,7,11,6,10,6,10,6,10,5,10,4,9,4,9,3,9,2,9,2,9,2,9,1,9,1,9,1,8,1,8,0,8,1,8,1,7,1,7,1,6,1,6,1,6,1,5,1,0,0,0,0,0,0,0,0,0,0,0,0,0,0,0,0,0,0,0,0,0,0,15,7,15,9,15,9,15,10,14,11,14,12,13,13,13,14,12,14,11,14,11,14,11,13,11,13,10,13,10,12,11,11,11,11,11,11,11,10,12,10,12,10,12,9,12,10,13,9,13,9,13,8,0,0,38,39,37,37,35,34,34,31,32,30,34,28,34,27,32,22,32,20,31,16,32,17,30,16,29,13,30,12,32,10,31,8,27,10,30,9,28,9,28,10,25,9,23,10,23,10,20,10,19,10,19,9,18,10,16,10,0,0,0,0,0,0,0,0,0,0,0,0,0,0,51,30,49,39,48,42,44,46,43,47,42,48,42,55,40,56,39,58,35,61,34,61,30,62,29,62,27,60,25,57,25,55,27,54,30,50,33,48,35,49,33,47,37,45,37,45,39,44,41,43,37,43,39,42,40,40]"
618056586805800,38.135957400,91499,1891578794,-50,-98,6,0,1,7,0,0,256,0,0,"[0,0,4,-14,3,-14,3,-14,3,-13,3,-13,2,-12,2,-12,1,-11,1,-11,0,-10,-1,-10,-1,-10,-1,-10,-2,-10,-1,-9,-1,-9,-2,-9,-2,-9,-1,-9,-1,-8,-1,-8,-1,-8,-1,-7,-1,-7,-1,-6,0,-6,0,0,0,0,0,0,0,0,0,0,0,0,0,0,0,0,0,0,0,0,0,0,3,-17,4,-17,5,-17,6,-17,7,-18,9,-17,9,-17,10,-17,10,-16,10,-16,10,-15,10,-15,9,-14,9,-14,9,-14,7,-14,7,-14,7,-14,7,-15,6,-15,6,-15,5,-15,5,-15,4,-16,4,-16,4,-16,0,0,9,-26,7,-25,6,-25,7,-24,6,-23,4,-23,3,-21,3,-20,2,-19,1,-19,-1,-18,-1,-18,-2,-18,-2,-17,-2,-16,-2,-17,-2,-16,-3,-15,-2,-15,-2,-15,-2,-13,-1,-14,-1,-13,-1,-12,0,-12,-1,-11,0,-11,1,-10,0,0,0,0,0,0,0,0,0,0,0,0,0,0,2,-31,6,-32,7,-31,9,-32,10,-31,12,-31,14,-31,17,-32,17,-31,18,-30,20,-28,20,-28,19,-27,20,-26,19,-25,17,-25,18,-25,15,-25,15,-26,14,-25,14,-27,12,-27,11,-27,11,-29,10,-27,10,-28,10,-28,9,-29]"
618056604733700,38.153885300,91500,1891596413,-50,-98,6,0,1,7,0,0,256,0,0,"[0,0,-13,-6,-13,-6,-13,-5,-12,-5,-11,-4,-11,-4,-11,-4,-10,-3,-10,-3,-10,-2,-9,-1,-9,-1,-9,-1,-9,0,-9,0,-9,0,-8,0,-8,0,-8,0,-8,0,-7,-1,-7,-1,-7,-1,-6,-1,-6,-1,-6,-1,0,0,0,0,0,0,0,0,0,0,0,0,0,0,0,0,0,0,0,0,0,0,-16,-5,-16,-6,-16,-7,-16,-8,-16,-9,-16,-10,-15,-11,-15,-12,-14,-12,-14,-12,-14,-11,-13,-11,-13,-10,-13,-10,-12,-10,-13,-9,-13,-9,-13,-9,-13,-8,-13,-8,-13,-7,-14,-7,-15,-7,-14,-6,-14,-6,-14,-6,0,0,-50,-27,-47,-22,-48,-23,-44,-18,-45,-18,-40,-18,-41,-16,-37,-13,-38,-10,-35,-8,-36,-5,-35,-5,-36,-3,-33,-1,-31,-1,-33,-6,-31,-1,-32,-1,-30,-3,-29,-1,-29,-2,-26,-1,-24,-4,-22,-2,-23,-4,-23,-5,-21,-5,-20,-6,0,0,0,0,0,0,0,0,0,0,0,0,0,0,-62,-10,-64,-16,-61,-22,-63,-26,-59,-28,-58,-34,-58,-37,-60,-41,-56,-43,-55,-46,-52,-50,-49,-45,-49,-44,-49,-46,-44,-42,-46,-42,-48,-42,-44,-38,-48,-39,-46,-36,-49,-34,-49,-34,-50,-30,-52,-31,-53,-30,-52,-27,-52,-25,-55,-25]"
618056628052700,38.177204300,91501,1891616619,-50,-98,6,0,1,7,0,0,256,0,0,"[0,0,-12,-9,-12,-9,-11,-9,-11,-8,-11,-7,-11,-7,-11,-6,-10,-5,-10,-5,-10,-4,-10,-4,-10,-4,-10,-3,-9,-3,-9,-2,-9,-2,-9,-2,-9,-1,-9,-2,-8,-1,-8,-2,-7,-2,-7,-2,-7,-2,-7,-2,-6,-2,0,0,0,0,0,0,0,0,0,0,0,0,0,0,0,0,0,0,0,0,0,0,-14,-11,-14,-11,-14,-13,-13,-13,-13,-14,-13,-14,-13,-15,-12,-16,-11,-16,-11,-17,-10,-16,-10,-15,-10,-15,-9,-15,-10,-14,-10,-13,-10,-13,-11,-13,-11,-12,-12,-12,-12,-11,-12,-11,-13,-11,-13,-11,-13,-10,-12,-11,0,0,-21,-17,-20,-18,-20,-17,-20,-16,-19,-15,-18,-12,-18,-11,-18,-11,-18,-10,-17,-8,-18,-7,-16,-7,-17,-7,-16,-5,-17,-4,-16,-5,-15,-5,-16,-4,-16,-4,-15,-3,-14,-4,-13,-4,-13,-4,-12,-5,-11,-4,-11,-4,-10,-4,-9,-6,0,0,0,0,0,0,0,0,0,0,0,0,0,0,-27,-16,-25,-19,-25,-21,-24,-23,-25,-23,-23,-24,-23,-26,-22,-29,-21,-29,-20,-31,-20,-29,-17,-32,-16,-30,-15,-30,-15,-29,-15,-27,-16,-25,-18,-26,-17,-24,-18,-25,-18,-22,-20,-21,-20,-22,-23,-21,-22,-21,-21,-22,-21,-22,-22,-21]"
618056646037300,38.195188900,91502,1891637493,-50,-98,6,0,1,7,0,0,256,0,0,"[0,0,-6,-14,-7,-14,-6,-14,-6,-12,-6,-12,-6,-11,-6,-11,-6,-10,-6,-9,-7,-8,-7,-8,-7,-8,-7,-7,-7,-7,-7,-6,-7,-6,-7,-6,-7,-6,-6,-6,-6,-6,-6,-5,-5,-6,-5,-5,-5,-5,-5,-5,-4,-5,0,0,0,0,0,0,0,0,0,0,0,0,0,0,0,0,0,0,0,0,0,0,-9,-15,-8,-17,-8,-17,-7,-18,-6,-18,-5,-19,-4,-19,-4,-20,-3,-19,-3,-19,-3,-18,-3,-18,-3,-18,-3,-17,-3,-17,-3,-16,-4,-16,-4,-16,-5,-16,-5,-16,-5,-16,-6,-16,-6,-15,-7,-15,-7,-15,-7,-15,0,0,-12,-23,-12,-25,-13,-23,-12,-21,-12,-20,-11,-19,-11,-19,-11,-17,-12,-15,-12,-15,-12,-13,-13,-13,-13,-12,-13,-12,-14,-10,-13,-9,-13,-10,-13,-9,-12,-9,-12,-9,-11,-9,-11,-9,-10,-10,-9,-8,-9,-8,-8,-8,-7,-8,-7,-8,0,0,0,0,0,0,0,0,0,0,0,0,0,0,-21,-24,-18,-26,-15,-28,-14,-29,-14,-30,-11,-31,-11,-34,-10,-33,-8,-35,-6,-35,-6,-33,-4,-34,-4,-33,-4,-33,-4,-32,-4,-30,-6,-30,-7,-29,-7,-28,-8,-29,-9,-27,-9,-28,-10,-27,-11,-28,-12,-27,-12,-27,-12,-26,-13,-27]"
618056661256600,38.210408200,91503,1891656547,-50,-98,6,0,1,7,0,0,256,0,0,"[0,0,10,11,9,10,9,9,9,9,9,8,8,8,8,7,8,7,8,5,8,5,8,4,8,4,8,4,8,3,8,3,8,2,7,3,7,2,7,2,7,3,7,2,6,3,6,2,5,2,5,2,5,2,0,0,0,0,0,0,0,0,0,0,0,0,0,0,0,0,0,0,0,0,0,0,13,11,13,11,12,12,12,13,12,14,11,15,10,16,9,16,9,16,8,17,7,16,7,15,7,15,7,15,7,14,8,13,8,13,8,13,9,12,9,12,10,12,10,12,10,12,10,11,10,11,10,11,0,0,22,17,22,16,20,15,20,14,18,13,18,12,17,11,16,10,17,8,16,7,16,5,16,5,16,5,15,4,16,3,16,2,15,4,15,2,14,3,14,3,14,3,11,3,12,3,11,2,11,3,10,2,10,4,8,4,0,0,0,0,0,0,0,0,0,0,0,0,0,0,29,11,28,14,26,15,26,16,27,19,24,20,25,23,24,25,22,26,23,27,21,28,20,28,19,26,19,26,18,25,17,24,18,24,19,22,19,21,20,21,21,20,21,19,21,19,21,20,23,19,23,17,22,17,23,16]"
618056682887200,38.232038800,91504,1891676504,-50,-98,6,0,1,7,0,0,256,0,0,"[0,0,14,-5,13,-5,12,-5,11,-4,11,-5,10,-5,10,-5,8,-5,9,-5,7,-6,7,-6,7,-6,6,-6,6,-7,6,-7,6,-6,5,-6,6,-6,5,-6,6,-6,5,-6,5,-5,4,-5,4,-4,4,-4,4,-4,0,0,0,0,0,0,0,0,0,0,0,0,0,0,0,0,0,0,0,0,0,0,15,-7,16,-6,16,-5,17,-4,17,-3,18,-3,18,-2,18,-1,18,0,17,0,17,0,16,0,16,-1,15,-1,16,-1,15,-1,15,-1,14,-2,15,-3,14,-3,14,-3,14,-4,14,-4,14,-5,14,-5,14,-6,0,0,27,-7,25,-7,25,-7,22,-6,22,-8,20,-7,19,-9,18,-9,18,-9,15,-9,16,-10,14,-10,13,-11,13,-11,13,-11,13,-11,11,-11,12,-11,11,-10,12,-10,10,-9,10,-9,9,-8,10,-8,9,-6,9,-6,8,-5,8,-5,0,0,0,0,0,0,0,0,0,0,0,0,0,0,27,-15,28,-13,31,-9,33,-8,31,-6,33,-4,33,-4,36,-2,34,0,34,1,35,3,33,2,33,3,32,3,31,2,31,2,31,1,29,1,30,0,28,-1,30,-3,28,-3,28,-5,30,-6,27,-7,28,-7,28,-6,30,-6]"
618056707082700,38.256234300,91505,1891699248,-50,-98,6,0,1,7,0,0,256,0,0,"[0,0,-16,0,-15,0,-15,0,-14,0,-13,0,-13,1,-12,1,-11,1,-11,2,-11,2,-10,3,-9,3,-9,3,-9,3,-9,4,-9,4,-8,3,-8,4,-8,3,-8,3,-8,3,-7,3,-7,2,-7,2,-7,1,-6,1,0,0,0,0,0,0,0,0,0,0,0,0,0,0,0,0,0,0,0,0,0,0,-18,1,-19,1,-18,0,-19,-1,-20,-2,-20,-3,-20,-4,-20,-5,-19,-6,-19,-6,-19,-6,-18,-6,-17,-6,-17,-5,-17,-5,-17,-4,-17,-4,-17,-3,-17,-3,-17,-2,-17,-2,-17,-1,-17,-1,-17,-1,-17,0,-17,0,0,0,-28,0,-28,1,-26,1,-24,1,-23,1,-23,3,-21,3,-21,4,-20,4,-19,5,-18,6,-17,6,-16,7,-16,8,-16,8,-16,7,-15,7,-15,7,-14,6,-13,6,-12,6,-13,6,-13,5,-11,4,-10,3,-11,3,-10,3,-10,2,0,0,0,0,0,0,0,0,0,0,0,0,0,0,-31,7,-32,3,-32,1,-32,0,-33,-1,-33,-3,-35,-5,-35,-6,-36,-7,-36,-9,-34,-10,-34,-12,-33,-12,-31,-13,-30,-12,-29,-9,-29,-9,-30,-7,-30,-7,-30,-7,-30,-5,-30,-2,-30,-3,-31,-1,-31,-1,-31,-1,-29,-1,-30,-1]"
618056722857900,38.272009500,91506,1891716582,-50,-98,6,0,1,7,0,0,256,0,0,"[0,0,13,8,12,7,12,7,11,7,11,6,10,6,10,5,10,4,9,3,9,3,9,2,9,1,9,1,8,1,8,1,8,0,8,1,8,0,8,1,7,1,7,1,7,1,6,1,6,1,6,1,6,1,0,0,0,0,0,0,0,0,0,0,0,0,0,0,0,0,0,0,0,0,0,0,15,7,16,8,15,9,15,10,15,11,15,12,14,13,13,14,13,14,12,14,12,14,12,13,12,13,11,12,11,12,11,11,12,11,12,11,12,10,12,10,12,10,13,9,13,9,13,9,13,8,13,8,0,0,21,15,20,14,20,13,20,12,19,12,18,10,18,10,17,7,16,6,16,5,16,5,16,3,16,4,15,3,16,2,15,1,15,0,15,2,15,2,14,2,13,2,12,3,10,2,11,2,11,2,10,3,9,2,8,4,0,0,0,0,0,0,0,0,0,0,0,0,0,0,28,9,28,12,27,14,27,18,26,16,26,19,24,21,26,24,24,25,22,26,22,26,21,25,20,26,19,25,19,24,19,23,19,23,19,21,20,21,20,20,21,20,21,18,21,17,23,16,22,16,22,17,22,16,24,17]"
618056741866500,38.291018100,91507,1891736486,-50,-98,6,0,1,7,0,0,256,0,0,"[0,0,14,5,13,4,13,4,12,3,12,3,11,3,11,2,11,2,10,1,10,0,9,0,10,-1,9,-1,9,-1,9,-2,9,-2,8,-2,8,-2,8,-1,8,-1,7,-1,7,-1,6,0,6,-1,6,-1,6,0,0,0,0,0,0,0,0,0,0,0,0,0,0,0,0,0,0,0,0,0,0,0,17,4,17,5,17,5,17,7,16,8,17,9,16,10,16,11,15,11,14,11,14,11,14,10,14,10,13,10,14,10,13,9,14,8,13,7,14,7,14,7,14,6,14,6,15,6,15,5,15,5,15,5,0,0,24,10,24,9,23,8,22,8,21,6,20,5,19,5,18,4,19,2,18,0,18,1,17,0,16,-2,16,-1,17,-2,16,-2,15,-2,15,-2,15,-2,13,-1,13,-1,12,-1,11,-1,10,-1,11,0,10,1,10,0,9,0,0,0,0,0,0,0,0,0,0,0,0,0,0,0,30,3,29,6,29,9,28,11,29,13,28,14,28,17,30,18,28,20,28,20,25,22,25,22,24,21,24,21,23,19,22,19,23,17,23,17,22,16,24,16,24,14,24,14,25,12,26,13,26,12,26,10,25,10,26,11]"
618056765792500,38.314944100,91508,1891756491,-50,-98,6,0,1,7,0,0,256,0,0,"[0,0,-4,-14,-5,-14,-4,-13,-4,-13,-4,-13,-4,-12,-5,-11,-5,-11,-5,-10,-5,-9,-5,-9,-6,-8,-6,-8,-6,-8,-6,-8,-6,-7,-6,-7,-6,-7,-6,-7,-5,-6,-5,-6,-5,-6,-4,-6,-4,-6,-4,-6,-3,-5,0,0,0,0,0,0,0,0,0,0,0,0,0,0,0,0,0,0,0,0,0,0,-7,-16,-6,-17,-6,-18,-5,-18,-4,-19,-3,-19,-2,-20,-2,-20,-1,-20,0,-20,0,-19,0,-18,0,-17,0,-17,-1,-17,-1,-17,-2,-16,-2,-17,-3,-16,-3,-17,-4,-16,-4,-16,-4,-16,-4,-16,-4,-16,-5,-16,0,0,-9,-25,-10,-26,-9,-25,-10,-22,-9,-21,-10,-21,-11,-19,-10,-18,-10,-16,-11,-15,-11,-14,-12,-14,-11,-12,-11,-12,-12,-11,-12,-11,-12,-11,-12,-10,-11,-10,-11,-10,-10,-10,-8,-10,-8,-9,-8,-9,-8,-8,-7,-8,-7,-9,-6,-9,0,0,0,0,0,0,0,0,0,0,0,0,0,0,-19,-26,-14,-28,-13,-28,-12,-29,-12,-32,-10,-31,-8,-34,-7,-34,-7,-36,-3,-35,-3,-34,-1,-35,-1,-33,-1,-32,-1,-31,-1,-30,-3,-30,-3,-30,-4,-29,-6,-29,-7,-29,-8,-28,-7,-29,-10,-27,-10,-29,-10,-28,-10,-28,-10,-26]"
618056782738100,38.331889700,91509,1891776546,-50,-98,6,0,1,7,0,0,256,0,0,"[0,0,-5,14,-4,14,-4,13,-4,12,-3,12,-3,11,-2,11,-1,10,-2,10,-1,10,0,9,1,9,1,8,1,8,1,8,1,8,1,8,1,7,1,7,1,7,1,7,1,7,0,7,0,6,0,6,0,6,0,0,0,0,0,0,0,0,0,0,0,0,0,0,0,0,0,0,0,0,0,0,-4,17,-5,16,-5,17,-6,16,-7,17,-8,16,-9,16,-10,16,-11,15,-11,16,-10,14,-10,14,-10,14,-9,14,-9,14,-9,14,-8,13,-8,14,-7,14,-6,14,-6,15,-6,15,-5,15,-5,15,-4,15,-5,14,0,0,-6,27,-5,26,-5,25,-4,23,-3,22,-3,22,-2,21,-1,20,0,18,0,18,2,17,2,17,4,17,3,16,4,14,4,14,5,16,4,14,3,13,3,14,2,13,3,14,2,12,3,11,2,10,1,10,1,10,0,9,0,0,0,0,0,0,0,0,0,0,0,0,0,0,2,31,-2,32,-4,31,-6,30,-7,32,-9,31,-10,32,-13,32,-14,32,-16,32,-16,29,-17,30,-16,29,-16,27,-16,27,-15,27,-14,28,-13,27,-12,26,-11,27,-9,28,-9,27,-10,27,-8,28,-7,28,-6,29,-6,28,-6,27]"
618056803798000,38.352949600,91510,1891796388,-50,-98,6,0,1,7,0,0,256,0,0,"[0,0,-16,2,-15,2,-14,1,-14,2,-13,2,-12,3,-11,2,-11,3,-10,3,-10,3,-10,4,-9,4,-8,4,-8,4,-8,4,-8,5,-8,4,-8,4,-8,4,-8,4,-7,4,-6,3,-6,3,-6,3,-6,2,-6,2,0,0,0,0,0,0,0,0,0,0,0,0,0,0,0,0,0,0,0,0,0,0,-18,4,-18,3,-18,2,-19,2,-19,1,-21,0,-21,-2,-20,-2,-20,-3,-20,-4,-19,-4,-18,-4,-18,-3,-17,-3,-17,-3,-17,-2,-17,-2,-17,-1,-17,-1,-17,0,-17,1,-17,1,-17,1,-17,1,-16,2,-17,2,0,0,-28,4,-27,4,-25,4,-24,4,-22,6,-21,5,-20,6,-19,6,-19,8,-17,6,-16,7,-15,8,-15,8,-14,9,-14,8,-13,9,-13,9,-13,8,-13,8,-12,8,-12,7,-11,7,-11,7,-10,6,-10,4,-10,4,-10,5,-9,4,0,0,0,0,0,0,0,0,0,0,0,0,0,0,-29,13,-30,10,-31,7,-32,5,-33,4,-31,2,-35,1,-36,0,-35,-2,-35,-4,-34,-4,-34,-4,-34,-6,-32,-5,-32,-5,-30,-5,-30,-4,-30,-3,-29,-3,-29,-1,-29,0,-29,1,-30,2,-29,3,-30,4,-29,4,-29,5,-29,4]"
618056824381200,38.373532800,91511,1891818017,-50,-98,6,0,1,7,0,0,256,0,0,"[0,0,-7,14,-6,13,-6,12,-5,11,-5,12,-4,11,-4,10,-3,10,-3,9,-3,9,-2,9,-1,9,-1,9,-1,9,-1,8,-1,8,0,8,-1,8,-1,7,-1,7,-1,7,-1,7,-1,6,-1,6,-1,6,-2,5,0,0,0,0,0,0,0,0,0,0,0,0,0,0,0,0,0,0,0,0,0,0,-5,16,-7,16,-7,16,-8,16,-9,16,-10,16,-12,15,-12,15,-12,14,-13,14,-13,13,-12,12,-12,13,-11,12,-11,12,-10,12,-10,13,-9,12,-9,13,-8,13,-8,14,-7,14,-8,14,-7,14,-7,14,-7,14,0,0,-14,23,-13,23,-12,22,-11,20,-9,21,-10,19,-8,19,-7,17,-5,17,-4,17,-4,17,-3,17,-2,16,-2,15,-1,15,-1,15,-1,15,-2,15,-1,15,-2,14,-1,12,-2,13,-2,11,-1,11,-2,10,-2,10,-3,10,-4,9,0,0,0,0,0,0,0,0,0,0,0,0,0,0,-6,30,-10,29,-13,28,-14,28,-15,29,-16,27,-20,28,-22,27,-23,26,-25,25,-24,24,-25,24,-24,23,-24,21,-23,22,-22,22,-21,22,-19,22,-18,22,-18,23,-17,24,-17,24,-16,23,-16,24,-15,24,-14,26,-13,26,-14,24]"
618056844297200,38.393448800,91512,1891841680,-50,-98,6,0,1,6,0,0,256,0,0,"[0,0,9,10,9,9,8,9,8,8,8,7,8,7,7,6,8,6,8,5,7,4,7,4,7,3,7,3,7,3,7,2,7,2,7,3,7,2,7,2,6,2,6,2,5,2,5,2,5,2,4,2,4,2,0,0,0,0,0,0,0,0,0,0,0,0,0,0,0,0,0,0,0,0,0,0,11,10,11,10,11,11,10,12,9,13,9,14,9,14,8,15,8,15,7,15,7,14,6,14,6,14,6,13,7,13,7,12,7,12,8,12,8,11,8,11,9,11,9,11,9,10,9,11,9,10,10,10,0,0,40,39,40,37,37,36,36,32,34,32,35,28,33,26,33,24,33,21,34,17,32,18,32,14,31,12,30,11,33,10,32,9,30,10,28,8,29,7,27,9,25,12,23,10,24,9,23,10,20,10,19,10,18,10,16,10,0,0,0,0,0,0,0,0,0,0,0,0,0,0,58,30,50,35,51,42,44,44,47,48,43,50,44,55,41,56,42,59,37,60,34,61,32,61,30,60,31,59,28,57,30,54,28,53,32,51,31,49,34,50,37,43,37,46,39,46,39,43,42,45,40,45,39,44,42,43]"
618056864335100,38.413486700,91513,1891861697,-50,-98,6,0,1,7,0,0,256,0,0,"[0,0,-1,-15,-1,-15,-1,-14,-1,-13,-1,-13,-2,-12,-2,-11,-3,-11,-3,-10,-3,-10,-3,-9,-3,-9,-4,-9,-5,-8,-4,-8,-4,-8,-4,-8,-4,-7,-4,-7,-4,-7,-4,-7,-3,-7,-3,-7,-3,-6,-2,-6,-2,-6,0,0,0,0,0,0,0,0,0,0,0,0,0,0,0,0,0,0,0,0,0,0,-3,-17,-2,-17,-1,-18,0,-18,1,-18,1,-19,2,-18,3,-19,3,-18,4,-18,5,-17,4,-17,4,-16,4,-16,3,-16,2,-15,2,-15,2,-15,1,-15,0,-16,0,-15,0,-16,0,-16,0,-16,-1,-16,-1,-15,0,0,-4,-26,-5,-27,-5,-26,-5,-24,-4,-24,-6,-22,-5,-21,-6,-19,-7,-18,-8,-17,-8,-16,-8,-16,-9,-16,-10,-15,-9,-14,-9,-14,-9,-13,-9,-12,-9,-12,-9,-13,-8,-12,-7,-12,-6,-11,-6,-10,-6,-10,-5,-10,-4,-11,-2,-11,0,0,0,0,0,0,0,0,0,0,0,0,0,0,-13,-29,-9,-31,-7,-31,-6,-31,-5,-32,-2,-33,-1,-35,1,-34,1,-36,4,-35,4,-34,6,-34,6,-32,5,-32,6,-32,4,-31,3,-30,2,-30,1,-29,1,-30,1,-29,-1,-30,-1,-30,-3,-30,-3,-30,-4,-30,-4,-30,-5,-30]"
618056883729600,38.432881200,91514,1891877146,-50,-98,6,0,1,7,0,0,256,0,0,"[0,0,15,-5,13,-6,12,-5,12,-6,11,-5,11,-6,10,-6,9,-6,9,-6,9,-6,8,-7,7,-7,7,-6,6,-7,6,-7,6,-7,6,-7,6,-7,6,-7,5,-6,6,-6,5,-6,5,-5,5,-5,4,-4,4,-4,0,0,0,0,0,0,0,0,0,0,0,0,0,0,0,0,0,0,0,0,0,0,16,-7,17,-7,17,-6,17,-5,18,-4,19,-3,19,-2,19,-1,19,-1,19,0,19,0,18,0,17,0,16,0,16,-1,16,-2,16,-2,16,-3,16,-3,15,-4,15,-4,15,-5,16,-5,15,-5,15,-5,15,-5,0,0,25,-11,24,-13,23,-10,20,-10,19,-11,18,-10,17,-11,16,-11,15,-10,14,-11,13,-12,12,-13,11,-13,11,-13,10,-13,10,-13,9,-13,9,-12,9,-11,9,-11,9,-10,9,-11,7,-9,8,-10,8,-8,8,-8,6,-7,8,-7,0,0,0,0,0,0,0,0,0,0,0,0,0,0,24,-19,26,-17,27,-15,29,-13,29,-11,31,-10,32,-9,33,-7,34,-5,34,-5,34,-2,33,-2,32,-3,31,-3,30,-3,29,-3,29,-4,28,-4,28,-5,27,-6,28,-8,27,-8,27,-10,27,-10,27,-10,26,-11,25,-12,26,-11]"
618056906511900,38.455663500,91515,1891903567,-50,-98,6,0,1,7,0,0,256,0,0,"[0,0,-11,-11,-12,-10,-11,-10,-11,-9,-10,-9,-10,-8,-10,-7,-10,-6,-9,-6,-10,-5,-9,-5,-9,-5,-10,-4,-9,-4,-9,-3,-10,-3,-9,-3,-9,-3,-8,-3,-8,-3,-8,-3,-7,-3,-7,-3,-7,-3,-6,-2,-6,-3,0,0,0,0,0,0,0,0,0,0,0,0,0,0,0,0,0,0,0,0,0,0,-14,-11,-14,-12,-14,-13,-13,-13,-13,-15,-13,-16,-12,-16,-11,-17,-11,-17,-9,-17,-9,-17,-8,-16,-8,-16,-8,-15,-9,-15,-10,-14,-10,-13,-11,-14,-10,-13,-11,-13,-11,-13,-12,-12,-12,-12,-12,-13,-12,-12,-11,-12,0,0,-22,-18,-21,-18,-20,-18,-20,-14,-19,-14,-19,-12,-19,-11,-18,-10,-19,-9,-18,-6,-18,-6,-17,-5,-16,-5,-17,-5,-17,-5,-16,-4,-15,-4,-16,-4,-16,-4,-14,-3,-14,-4,-13,-4,-12,-3,-11,-4,-11,-3,-11,-4,-10,-5,-9,-5,0,0,0,0,0,0,0,0,0,0,0,0,0,0,-28,-12,-28,-15,-27,-17,-26,-19,-25,-22,-24,-22,-24,-26,-24,-25,-22,-27,-22,-27,-20,-30,-21,-28,-19,-28,-19,-27,-18,-26,-18,-25,-18,-25,-18,-24,-18,-23,-20,-23,-21,-21,-20,-22,-21,-20,-22,-22,-23,-18,-23,-18,-23,-18,-23,-18]"
618056921992900,38.471144500,91516,1891916512,-50,-98,6,0,1,7,0,0,256,0,0,"[0,0,0,14,0,14,1,13,0,13,1,12,1,12,2,11,2,10,2,10,2,9,3,8,3,9,3,8,4,8,4,8,3,7,4,7,3,7,3,7,3,7,3,6,3,6,2,6,2,6,2,5,2,5,0,0,0,0,0,0,0,0,0,0,0,0,0,0,0,0,0,0,0,0,0,0,1,17,0,17,-1,18,-1,17,-2,19,-3,18,-4,18,-5,18,-5,18,-6,18,-6,17,-6,16,-5,16,-5,16,-5,16,-4,15,-4,15,-3,15,-3,15,-2,16,-1,15,-1,16,-1,16,0,16,-1,15,0,15,0,0,10,25,11,23,10,23,10,20,10,20,10,19,10,18,10,17,11,16,11,14,11,14,11,12,12,12,12,12,12,11,12,10,12,10,12,10,11,9,10,9,10,9,9,9,8,8,8,8,7,7,7,8,6,8,6,8,0,0,0,0,0,0,0,0,0,0,0,0,0,0,18,23,15,26,13,27,11,29,11,29,10,30,8,31,7,34,5,33,5,34,3,34,3,33,2,32,2,31,2,30,3,29,3,30,3,27,5,28,5,28,7,28,7,27,8,27,8,28,10,26,11,26,11,26,11,26]"
618056947589700,38.496741300,91517,1891937610,-50,-98,6,0,1,7,0,0,256,0,0,"[0,0,-7,-14,-7,-14,-7,-13,-6,-12,-7,-12,-6,-11,-6,-11,-7,-10,-6,-9,-7,-8,-7,-8,-8,-7,-8,-7,-8,-7,-7,-6,-7,-6,-7,-6,-7,-6,-7,-6,-6,-6,-6,-5,-5,-6,-5,-5,-5,-5,-5,-5,-4,-5,0,0,0,0,0,0,0,0,0,0,0,0,0,0,0,0,0,0,0,0,0,0,-10,-15,-9,-16,-9,-16,-8,-17,-7,-18,-6,-19,-5,-19,-5,-20,-4,-19,-4,-19,-4,-19,-4,-18,-4,-17,-3,-17,-4,-17,-4,-16,-5,-16,-5,-16,-6,-16,-6,-15,-6,-15,-7,-15,-7,-15,-7,-15,-7,-15,-7,-14,0,0,-11,-26,-10,-26,-11,-24,-11,-23,-11,-22,-12,-21,-10,-20,-11,-18,-12,-16,-11,-16,-12,-14,-11,-14,-13,-12,-13,-13,-14,-12,-13,-12,-12,-11,-13,-11,-11,-11,-11,-11,-10,-10,-10,-10,-8,-10,-8,-10,-7,-9,-8,-9,-6,-9,-5,-9,0,0,0,0,0,0,0,0,0,0,0,0,0,0,-20,-24,-18,-27,-16,-29,-15,-30,-14,-31,-11,-32,-10,-33,-10,-36,-9,-36,-6,-36,-6,-35,-5,-34,-4,-34,-3,-33,-4,-32,-4,-32,-5,-31,-6,-29,-6,-29,-6,-29,-9,-30,-11,-28,-8,-29,-11,-28,-11,-29,-11,-28,-11,-27,-13,-29]"
618056970437200,38.519588800,91518,1891962338,-50,-98,6,0,1,7,0,0,256,0,0,"[0,0,-9,12,-8,12,-8,11,-8,11,-6,10,-6,10,-6,10,-5,10,-5,9,-4,9,-3,9,-3,9,-2,9,-2,8,-2,9,-2,8,-1,8,-2,8,-2,8,-2,7,-2,7,-1,7,-1,7,-1,6,-2,5,-2,5,0,0,0,0,0,0,0,0,0,0,0,0,0,0,0,0,0,0,0,0,0,0,-10,14,-11,14,-12,14,-12,13,-14,14,-15,13,-16,12,-16,12,-16,11,-16,11,-15,10,-15,10,-15,9,-14,10,-13,9,-13,10,-13,10,-12,11,-12,11,-11,12,-11,12,-11,12,-11,13,-10,13,-9,13,-10,12,0,0,-30,44,-27,45,-26,43,-23,42,-21,39,-19,39,-16,39,-14,38,-15,36,-11,35,-11,33,-7,33,-6,34,-6,33,-5,33,-3,32,-4,34,-2,30,-1,28,-3,30,-2,26,-4,27,-4,26,-4,23,-5,22,-6,20,-7,18,-6,18,0,0,0,0,0,0,0,0,0,0,0,0,0,0,-20,60,-28,55,-33,53,-31,52,-37,55,-39,51,-43,52,-48,51,-49,49,-53,47,-53,45,-55,44,-54,40,-51,36,-49,38,-48,38,-45,39,-44,40,-41,40,-40,43,-38,44,-36,46,-35,47,-34,49,-35,48,-33,49,-32,46,-32,48]"
618056982285200,38.531436800,91519,1891976556,-50,-98,6,0,1,7,0,0,256,0,0,"[0,0,4,15,4,13,4,13,4,12,4,12,4,11,4,10,5,10,4,9,5,8,5,7,5,7,6,7,6,7,5,6,5,6,5,6,5,5,5,5,5,5,5,5,4,5,4,5,4,5,3,4,3,4,0,0,0,0,0,0,0,0,0,0,0,0,0,0,0,0,0,0,0,0,0,0,6,15,6,16,5,17,4,17,3,18,2,19,2,19,1,19,0,19,-1,19,-1,18,-1,17,-1,17,0,17,0,16,1,16,1,16,1,15,2,15,3,16,3,16,4,15,3,16,4,15,4,15,4,15,0,0,7,26,8,27,7,24,7,23,7,21,7,19,8,20,9,18,9,16,10,16,9,14,9,14,10,13,10,12,10,11,11,11,11,11,10,10,10,10,10,11,8,10,7,10,8,10,7,10,6,9,6,8,5,9,4,8,0,0,0,0,0,0,0,0,0,0,0,0,0,0,14,27,11,29,10,29,8,29,8,33,6,32,4,34,2,34,2,35,-1,35,-2,33,-3,35,-3,33,-3,32,-4,32,-2,29,-1,30,1,29,2,29,2,29,2,28,5,28,4,29,6,29,6,29,6,29,6,29,6,27]"
618057002174300,38.551325900,91520,1891996528,-50,-98,6,0,1,7,0,0,256,0,0,"[0,0,15,2,14,2,13,2,13,1,12,1,12,0,11,0,11,0,10,-1,10,-2,10,-2,9,-2,9,-3,9,-3,8,-3,8,-4,8,-3,8,-3,7,-3,7,-3,7,-2,6,-2,6,-2,5,-1,6,-2,5,-1,0,0,0,0,0,0,0,0,0,0,0,0,0,0,0,0,0,0,0,0,0,0,17,1,17,2,17,3,18,4,17,5,18,6,17,7,17,8,17,8,16,8,15,9,15,9,15,8,14,7,15,7,14,6,15,5,15,5,15,5,15,4,15,4,15,3,16,3,16,3,15,3,15,2,0,0,28,2,26,2,24,0,23,0,22,0,22,-1,20,-2,19,-2,18,-3,17,-4,17,-4,16,-6,15,-6,14,-6,15,-6,14,-7,13,-6,14,-5,13,-7,14,-5,13,-5,11,-4,10,-4,10,-4,11,-4,10,-3,9,-2,9,-2,0,0,0,0,0,0,0,0,0,0,0,0,0,0,29,-7,32,-3,31,1,32,1,32,4,31,4,33,6,34,9,33,10,33,12,32,13,30,12,31,14,28,13,28,13,28,11,28,10,27,10,27,9,27,7,28,7,28,5,28,4,28,4,29,3,28,3,27,4,29,2]"
618057023519600,38.572671200,91521,1892016628,-50,-98,6,0,1,7,0,0,256,0,0,"[0,0,-15,4,-14,4,-13,4,-13,4,-12,4,-11,5,-11,4,-10,4,-10,5,-9,5,-9,5,-8,5,-8,5,-7,6,-7,6,-7,6,-6,6,-7,5,-6,5,-6,5,-6,5,-6,4,-5,4,-5,4,-5,3,-5,3,0,0,0,0,0,0,0,0,0,0,0,0,0,0,0,0,0,0,0,0,0,0,-16,6,-17,6,-18,5,-18,4,-19,3,-20,3,-20,1,-20,1,-20,1,-19,0,-19,0,-18,-1,-18,0,-17,0,-17,0,-17,1,-17,1,-17,2,-16,2,-16,3,-16,3,-16,4,-17,4,-16,4,-15,4,-15,4,0,0,-27,10,-26,9,-24,9,-22,8,-21,9,-21,8,-18,9,-17,10,-17,11,-16,10,-15,10,-14,11,-13,12,-12,11,-12,11,-12,11,-11,12,-11,11,-11,10,-10,10,-9,10,-9,9,-9,8,-9,8,-10,7,-9,7,-9,7,-9,5,0,0,0,0,0,0,0,0,0,0,0,0,0,0,-26,17,-29,14,-31,11,-32,10,-32,9,-32,7,-34,6,-36,5,-36,4,-36,3,-37,1,-35,0,-34,-1,-33,-2,-32,-1,-31,0,-31,1,-30,2,-29,2,-30,3,-29,5,-28,6,-28,8,-30,7,-30,8,-28,9,-29,9,-29,10]"
618057042644800,38.591796400,91522,1892037232,-50,-98,6,0,1,7,0,0,256,0,0,"[0,0,-11,10,-11,10,-10,9,-10,9,-9,9,-8,9,-7,9,-7,9,-6,8,-5,8,-5,8,-5,8,-4,8,-3,8,-4,8,-3,8,-2,8,-3,7,-3,7,-3,7,-3,7,-3,6,-3,6,-3,6,-3,5,-3,5,0,0,0,0,0,0,0,0,0,0,0,0,0,0,0,0,0,0,0,0,0,0,-12,13,-13,12,-13,12,-14,12,-15,11,-16,11,-17,10,-17,9,-18,9,-17,8,-17,8,-16,8,-15,8,-15,8,-15,8,-14,8,-15,8,-14,9,-13,9,-13,9,-13,10,-13,10,-13,10,-12,11,-11,11,-11,11,0,0,-22,16,-21,16,-22,16,-19,14,-18,16,-16,15,-15,15,-14,15,-13,14,-11,14,-10,13,-9,14,-9,15,-8,16,-8,14,-9,14,-8,14,-8,14,-8,12,-8,12,-7,11,-6,12,-6,11,-6,9,-6,9,-7,8,-7,8,-8,7,0,0,0,0,0,0,0,0,0,0,0,0,0,0,-19,24,-22,23,-24,22,-27,21,-26,19,-29,19,-29,17,-32,17,-32,14,-33,15,-33,12,-32,12,-33,10,-32,10,-31,11,-30,11,-29,12,-26,11,-29,11,-26,13,-25,16,-26,15,-25,16,-26,17,-24,17,-24,17,-24,17,-23,17]"
618057068836600,38.617988200,91523,1892061200,-50,-98,6,0,1,7,0,0,256,0,0,"[0,0,-9,12,-9,12,-8,11,-8,11,-7,11,-6,10,-6,10,-5,9,-5,9,-4,9,-3,9,-3,9,-3,8,-2,9,-2,8,-2,8,-2,8,-2,8,-2,8,-2,7,-2,7,-2,6,-2,6,-2,6,-2,5,-2,5,0,0,0,0,0,0,0,0,0,0,0,0,0,0,0,0,0,0,0,0,0,0,-9,15,-10,15,-10,15,-11,14,-12,14,-14,14,-14,13,-15,12,-16,12,-15,11,-15,11,-15,11,-14,10,-13,11,-13,10,-12,10,-12,11,-12,11,-12,11,-11,12,-10,12,-10,12,-10,12,-10,13,-9,13,-9,13,0,0,-37,43,-34,43,-33,42,-29,39,-30,39,-25,37,-22,37,-20,36,-17,34,-16,35,-15,32,-12,33,-10,34,-7,33,-7,32,-8,30,-8,30,-7,31,-8,28,-6,27,-8,26,-9,27,-8,23,-10,22,-8,20,-9,20,-9,19,-10,17,0,0,0,0,0,0,0,0,0,0,0,0,0,0,-24,61,-29,56,-36,54,-38,54,-41,52,-46,50,-48,52,-52,48,-54,46,-57,44,-58,41,-58,42,-57,35,-56,35,-51,35,-50,34,-49,38,-48,36,-47,37,-45,38,-44,41,-43,43,-40,44,-41,44,-39,44,-38,46,-39,47,-38,44]"
618057088157400,38.637309000,91524,1892078962,-50,-98,6,0,1,7,0,0,256,0,0,"[0,0,-6,-14,-7,-13,-7,-13,-6,-13,-6,-12,-6,-11,-6,-10,-6,-10,-7,-9,-7,-8,-7,-8,-8,-7,-8,-7,-8,-7,-7,-6,-7,-6,-7,-6,-7,-6,-7,-6,-7,-6,-6,-5,-6,-6,-5,-5,-5,-5,-5,-5,-5,-5,0,0,0,0,0,0,0,0,0,0,0,0,0,0,0,0,0,0,0,0,0,0,-10,-15,-9,-16,-8,-16,-8,-18,-7,-18,-7,-19,-6,-19,-4,-20,-4,-19,-3,-19,-3,-19,-3,-18,-3,-18,-3,-17,-3,-17,-4,-16,-4,-17,-5,-16,-5,-17,-6,-16,-6,-16,-6,-16,-7,-15,-7,-15,-7,-15,-7,-15,0,0,-11,-25,-11,-26,-9,-24,-10,-22,-10,-21,-12,-20,-11,-18,-11,-18,-10,-16,-12,-15,-12,-13,-11,-14,-12,-13,-12,-13,-13,-12,-13,-11,-11,-11,-12,-10,-11,-9,-11,-10,-11,-11,-10,-10,-9,-10,-8,-9,-8,-8,-7,-9,-6,-9,-6,-9,0,0,0,0,0,0,0,0,0,0,0,0,0,0,-19,-26,-16,-28,-14,-29,-12,-30,-13,-31,-10,-32,-9,-33,-8,-35,-6,-34,-5,-35,-4,-35,-2,-35,-2,-33,-1,-33,-1,-31,-1,-31,-3,-31,-5,-29,-5,-29,-6,-28,-7,-29,-9,-28,-9,-29,-10,-29,-10,-28,-9,-29,-9,-28,-11,-28]"
618057103837100,38.652988700,91525,1892096527,-50,-98,6,0,1,7,0,0,256,0,0,"[0,0,-9,-12,-9,-11,-9,-11,-9,-10,-9,-10,-8,-9,-8,-8,-8,-8,-8,-7,-8,-6,-8,-6,-8,-5,-8,-5,-8,-5,-8,-4,-8,-4,-8,-4,-8,-4,-8,-4,-7,-4,-7,-4,-6,-4,-6,-4,-6,-4,-5,-3,-5,-4,0,0,0,0,0,0,0,0,0,0,0,0,0,0,0,0,0,0,0,0,0,0,-12,-12,-11,-14,-11,-14,-10,-15,-10,-16,-9,-17,-8,-17,-8,-18,-7,-17,-7,-17,-7,-17,-6,-16,-6,-16,-6,-15,-7,-15,-7,-14,-7,-14,-8,-14,-9,-14,-9,-14,-9,-14,-9,-13,-10,-13,-10,-13,-10,-13,-10,-12,0,0,-17,-22,-16,-22,-17,-22,-17,-19,-15,-19,-15,-17,-15,-16,-15,-15,-15,-13,-16,-12,-16,-11,-15,-10,-15,-9,-15,-9,-15,-8,-16,-8,-15,-7,-14,-7,-14,-7,-14,-7,-13,-7,-11,-6,-11,-7,-10,-6,-10,-6,-9,-6,-8,-6,-8,-7,0,0,0,0,0,0,0,0,0,0,0,0,0,0,-24,-22,-21,-24,-20,-26,-19,-27,-17,-29,-17,-30,-16,-32,-14,-34,-14,-34,-13,-34,-11,-34,-9,-34,-10,-34,-9,-32,-9,-32,-9,-29,-10,-30,-10,-28,-12,-28,-13,-27,-14,-27,-14,-27,-16,-26,-16,-26,-17,-26,-17,-25,-17,-25,-17,-25]"
618057121863300,38.671014900,91526,1892116543,-50,-98,6,0,1,7,0,0,256,0,0,"[0,0,-6,14,-5,13,-5,13,-5,12,-4,12,-3,11,-3,11,-2,11,-2,10,-2,10,-1,9,0,9,0,9,0,9,0,8,0,9,1,8,0,8,0,8,0,8,0,7,0,7,0,7,0,6,-1,6,-1,5,0,0,0,0,0,0,0,0,0,0,0,0,0,0,0,0,0,0,0,0,0,0,-4,17,-6,17,-6,17,-8,17,-9,17,-10,17,-11,16,-11,16,-12,15,-11,15,-12,14,-11,14,-11,14,-11,13,-10,14,-10,13,-10,13,-9,13,-8,14,-7,14,-7,15,-7,15,-6,15,-6,15,-6,15,-6,15,0,0,-13,24,-12,24,-12,24,-10,21,-10,21,-9,21,-7,19,-7,20,-6,17,-5,18,-3,17,-3,17,-2,16,-1,17,-1,15,-1,16,0,16,0,15,-1,14,0,13,-1,13,-1,13,-1,12,-1,12,-2,12,-3,10,-3,10,-3,10,0,0,0,0,0,0,0,0,0,0,0,0,0,0,-7,29,-11,30,-13,29,-15,29,-16,28,-17,28,-19,28,-23,28,-23,27,-24,26,-25,25,-25,23,-24,23,-25,21,-23,22,-22,21,-21,22,-20,21,-19,23,-17,22,-18,24,-17,25,-16,24,-15,26,-15,25,-15,26,-14,25,-15,25]"
618057144082900,38.693234500,91527,1892138206,-50,-98,6,0,1,7,0,0,256,0,0,"[0,0,13,7,13,6,12,6,12,5,12,5,11,4,11,4,10,3,10,2,10,1,9,1,9,1,9,0,9,0,9,0,9,-1,8,0,8,-1,8,0,8,0,7,0,7,1,6,0,6,0,6,1,6,1,0,0,0,0,0,0,0,0,0,0,0,0,0,0,0,0,0,0,0,0,0,0,16,5,16,7,16,8,16,9,16,10,16,10,15,12,15,12,14,13,14,13,13,12,13,12,12,11,12,11,12,11,12,10,12,10,13,9,13,9,13,8,14,8,13,8,14,8,14,7,14,6,14,6,0,0,23,15,23,14,20,12,22,12,21,11,20,10,19,8,18,7,17,6,17,6,17,3,17,3,16,3,16,3,16,1,16,1,15,1,15,1,15,1,14,1,13,1,12,1,12,2,10,1,10,2,11,2,10,3,9,3,0,0,0,0,0,0,0,0,0,0,0,0,0,0,30,7,29,11,29,14,27,14,29,16,28,17,28,21,26,22,26,22,25,25,24,25,23,26,22,25,22,25,20,23,20,22,19,22,21,20,21,19,23,19,22,19,21,17,24,17,25,17,25,17,24,15,26,14,24,15]"
618057165065200,38.714216800,91528,1892163879,-50,-98,6,0,1,7,0,0,256,0,0,"[0,0,14,-5,13,-6,12,-5,12,-5,11,-5,10,-5,9,-6,9,-6,9,-6,8,-6,8,-7,7,-6,6,-6,6,-7,6,-7,6,-7,6,-6,6,-6,6,-6,5,-6,5,-6,5,-5,5,-5,5,-4,5,-4,5,-4,0,0,0,0,0,0,0,0,0,0,0,0,0,0,0,0,0,0,0,0,0,0,15,-8,16,-7,16,-7,17,-6,18,-5,19,-4,19,-3,19,-3,19,-2,18,-1,18,-1,17,-1,17,-1,16,-1,16,-2,16,-3,15,-3,16,-3,15,-4,15,-4,15,-5,15,-5,15,-5,14,-5,14,-6,14,-6,0,0,26,-9,25,-10,24,-9,23,-9,21,-9,20,-9,18,-10,18,-10,17,-10,16,-11,14,-11,13,-12,12,-12,12,-12,12,-12,12,-12,11,-12,12,-11,11,-11,11,-11,11,-10,9,-9,9,-9,9,-8,9,-7,9,-6,8,-6,9,-6,0,0,0,0,0,0,0,0,0,0,0,0,0,0,24,-18,27,-16,29,-14,30,-12,31,-11,31,-9,34,-9,35,-7,35,-5,35,-4,35,-2,34,-2,33,-1,32,-2,31,-2,31,-2,30,-3,30,-4,29,-4,29,-5,28,-6,28,-7,28,-8,28,-9,29,-9,27,-9,27,-10,28,-10]"
618057182911800,38.732063400,91529,1892176979,-50,-98,6,0,1,7,0,0,256,0,0,"[0,0,12,8,11,7,11,7,11,6,10,6,10,5,10,5,10,4,9,3,9,3,9,2,9,2,8,2,8,1,9,1,8,1,8,1,8,1,8,1,7,1,7,1,6,1,6,1,6,1,6,1,5,1,0,0,0,0,0,0,0,0,0,0,0,0,0,0,0,0,0,0,0,0,0,0,15,8,15,8,14,9,14,10,14,11,14,12,13,13,13,14,12,14,12,14,11,13,11,13,10,13,10,12,10,12,11,11,11,11,11,10,12,10,12,10,12,9,12,9,13,9,13,9,13,8,13,8,0,0,47,25,46,24,43,21,43,20,38,19,39,16,38,13,37,11,38,9,36,6,36,5,33,5,33,4,30,2,33,1,32,0,31,0,31,-1,30,-2,29,0,26,1,25,3,24,0,23,2,21,2,20,5,20,4,18,4,0,0,0,0,0,0,0,0,0,0,0,0,0,0,59,16,57,23,55,25,54,28,56,33,53,35,56,40,53,41,53,44,52,46,49,46,46,50,45,48,43,48,40,45,40,44,43,39,42,38,41,36,46,37,43,35,48,30,49,30,49,29,52,29,48,27,49,28,50,27]"
618057204132700,38.753284300,91530,1892196626,-50,-98,6,0,1,7,0,0,256,0,0,"[0,0,11,-10,10,-10,10,-10,10,-9,9,-9,8,-9,7,-9,7,-9,6,-9,6,-9,5,-8,4,-8,4,-9,3,-8,4,-9,3,-8,3,-8,3,-8,3,-8,3,-8,3,-7,3,-7,3,-7,3,-6,3,-5,3,-5,0,0,0,0,0,0,0,0,0,0,0,0,0,0,0,0,0,0,0,0,0,0,12,-12,13,-12,14,-12,14,-11,15,-10,16,-10,17,-9,18,-8,18,-8,17,-6,17,-6,16,-6,16,-6,15,-6,15,-7,14,-8,14,-7,14,-8,13,-9,13,-9,13,-10,13,-10,13,-10,13,-10,12,-10,12,-10,0,0,20,-19,18,-20,17,-19,15,-18,15,-18,14,-18,13,-17,11,-17,10,-16,9,-16,7,-16,7,-16,6,-17,6,-17,5,-17,5,-16,4,-16,5,-15,5,-14,5,-14,5,-13,5,-13,5,-12,4,-11,4,-10,4,-10,5,-11,5,-10,0,0,0,0,0,0,0,0,0,0,0,0,0,0,15,-27,18,-26,21,-24,22,-23,24,-23,24,-22,27,-22,29,-21,31,-19,31,-18,31,-17,31,-17,30,-15,29,-14,28,-14,26,-15,26,-15,25,-15,24,-16,24,-17,24,-19,21,-19,22,-20,21,-20,22,-20,20,-22,21,-20,22,-21]"
618057221584400,38.770736000,91531,1892216795,-50,-98,6,0,1,7,0,0,256,0,0,"[0,0,10,10,10,9,10,9,10,8,9,8,9,7,9,6,9,6,8,5,8,4,8,4,8,3,8,3,8,3,8,2,8,2,8,2,8,2,7,2,7,2,7,2,6,2,6,2,5,2,5,2,5,2,0,0,0,0,0,0,0,0,0,0,0,0,0,0,0,0,0,0,0,0,0,0,13,9,13,11,12,11,12,13,12,13,11,15,11,15,10,16,10,15,9,16,9,16,8,15,8,15,8,14,8,14,8,13,9,13,9,12,9,12,10,12,10,11,11,11,11,11,11,11,11,11,11,10,0,0,18,19,19,19,17,17,17,16,16,16,17,14,15,14,15,12,15,10,15,9,15,7,15,7,15,6,13,5,16,4,14,5,14,4,13,3,15,4,13,4,12,4,11,5,11,4,10,4,10,3,9,3,8,5,9,5,0,0,0,0,0,0,0,0,0,0,0,0,0,0,26,15,24,19,23,20,21,21,21,23,20,24,20,27,18,29,17,30,16,31,14,30,14,30,14,29,13,29,12,27,13,26,13,25,14,25,14,24,16,24,16,23,17,22,17,23,17,21,19,21,20,21,19,20,19,21]"
618057241372900,38.790524500,91532,1892236655,-50,-98,6,0,1,7,0,0,256,0,0,"[0,0,0,14,0,15,0,13,0,13,1,12,1,12,1,11,2,11,2,10,2,9,2,9,3,9,3,8,3,8,3,8,3,7,3,7,3,7,3,6,3,7,3,6,2,6,2,6,2,6,1,5,1,5,0,0,0,0,0,0,0,0,0,0,0,0,0,0,0,0,0,0,0,0,0,0,3,17,2,17,1,18,0,17,-1,18,-2,18,-3,18,-3,19,-5,18,-5,18,-5,17,-5,17,-5,16,-4,16,-4,15,-4,16,-3,15,-3,16,-2,15,-1,16,-1,16,-1,16,0,16,0,16,0,16,0,15,0,0,2,26,1,26,1,26,0,24,1,24,3,21,3,20,3,19,5,18,4,17,5,16,5,15,5,16,6,14,7,14,7,15,6,13,7,13,6,12,6,12,6,11,5,11,4,11,4,10,2,9,3,9,2,10,1,9,0,0,0,0,0,0,0,0,0,0,0,0,0,0,8,29,4,30,2,30,2,32,1,32,-1,32,-2,34,-6,34,-5,33,-7,33,-8,32,-10,32,-11,31,-11,29,-10,30,-10,29,-8,28,-6,28,-5,28,-4,27,-5,28,-2,28,-2,29,-1,29,-1,28,-1,28,-1,29,1,29]"
618057263526900,38.812678500,91533,1892256523,-50,-98,6,0,1,7,0,0,256,0,0,"[0,0,-11,11,-9,10,-10,10,-9,10,-9,9,-7,9,-7,9,-6,9,-6,9,-5,9,-5,8,-4,8,-4,8,-3,9,-3,8,-3,8,-3,8,-3,7,-3,7,-3,7,-3,7,-3,6,-3,6,-3,6,-3,5,-3,5,0,0,0,0,0,0,0,0,0,0,0,0,0,0,0,0,0,0,0,0,0,0,-11,13,-12,13,-12,13,-13,13,-14,12,-15,12,-16,11,-17,11,-16,10,-16,10,-16,9,-16,8,-15,9,-15,8,-14,9,-14,9,-13,9,-13,9,-13,10,-12,11,-12,11,-11,11,-12,11,-11,11,-11,12,-11,11,0,0,-20,19,-19,20,-18,17,-17,18,-16,18,-13,17,-14,16,-12,16,-10,16,-10,17,-9,16,-8,16,-6,16,-6,15,-6,15,-6,14,-5,15,-5,14,-5,14,-6,13,-5,13,-5,12,-6,11,-5,11,-5,9,-5,9,-6,9,-6,9,0,0,0,0,0,0,0,0,0,0,0,0,0,0,-17,26,-20,26,-22,23,-22,23,-25,24,-25,22,-28,22,-29,18,-29,19,-32,17,-31,17,-33,16,-32,14,-31,13,-29,13,-28,14,-27,14,-26,16,-23,15,-26,17,-23,17,-23,19,-23,19,-22,21,-23,19,-21,20,-21,20,-22,19]"
618057282687800,38.831839400,91534,1892276571,-50,-98,6,0,1,7,0,0,256,0,0,"[0,0,14,-6,12,-7,11,-7,12,-7,11,-7,10,-6,9,-7,9,-7,8,-7,8,-7,7,-7,6,-7,5,-7,5,-7,5,-8,5,-7,5,-7,5,-7,5,-7,5,-6,5,-6,4,-6,4,-6,4,-5,4,-5,4,-4,0,0,0,0,0,0,0,0,0,0,0,0,0,0,0,0,0,0,0,0,0,0,15,-9,15,-8,16,-8,16,-7,18,-6,18,-5,19,-5,19,-3,19,-3,19,-3,18,-2,18,-2,17,-3,16,-2,15,-3,16,-4,15,-4,16,-5,15,-5,14,-5,14,-5,14,-7,15,-7,14,-7,14,-7,14,-7,0,0,22,-16,19,-18,20,-17,18,-14,17,-16,16,-15,15,-15,13,-15,12,-15,9,-15,10,-16,8,-16,7,-15,7,-16,7,-15,7,-15,6,-14,5,-15,6,-13,7,-13,6,-13,6,-12,5,-12,5,-11,5,-10,5,-10,5,-9,6,-9,0,0,0,0,0,0,0,0,0,0,0,0,0,0,19,-25,21,-23,23,-21,25,-20,25,-20,27,-19,28,-17,32,-16,32,-15,33,-12,32,-12,32,-11,32,-11,30,-9,28,-11,27,-11,28,-11,26,-12,26,-13,25,-12,25,-14,24,-15,24,-16,22,-16,23,-17,22,-19,22,-18,22,-17]"
618057304537900,38.853689500,91535,1892297904,-50,-98,6,0,1,7,0,0,256,0,0,"[0,0,-2,-15,-2,-15,-2,-14,-2,-14,-3,-13,-3,-12,-3,-12,-3,-11,-4,-10,-4,-10,-4,-9,-5,-9,-5,-9,-5,-8,-5,-9,-5,-8,-5,-8,-5,-7,-5,-7,-4,-7,-4,-7,-4,-7,-4,-7,-3,-6,-3,-6,-3,-6,0,0,0,0,0,0,0,0,0,0,0,0,0,0,0,0,0,0,0,0,0,0,-4,-17,-3,-17,-2,-19,-1,-18,0,-20,1,-19,2,-20,3,-19,3,-19,4,-20,4,-18,4,-18,3,-17,3,-17,2,-16,2,-17,1,-16,1,-17,0,-16,0,-17,-1,-16,-1,-16,-1,-17,-1,-17,-1,-16,-2,-16,0,0,-4,-28,-4,-28,-4,-27,-4,-25,-4,-25,-5,-23,-5,-21,-6,-21,-6,-20,-7,-18,-8,-17,-8,-17,-9,-16,-9,-16,-9,-15,-9,-15,-10,-15,-9,-14,-9,-13,-8,-14,-8,-13,-7,-13,-6,-12,-6,-11,-6,-11,-5,-11,-4,-11,-3,-11,0,0,0,0,0,0,0,0,0,0,0,0,0,0,-13,-29,-11,-30,-8,-32,-5,-33,-4,-34,-2,-34,-1,-36,1,-36,3,-36,5,-37,6,-36,6,-36,6,-34,6,-33,6,-32,5,-32,4,-31,3,-31,2,-30,2,-31,0,-31,0,-30,-2,-31,-2,-31,-3,-31,-3,-31,-3,-30,-4,-30]"
618057329111500,38.878263100,91536,1892327260,-50,-98,6,0,1,7,0,0,256,0,0,"[0,0,-1,-14,-2,-14,-2,-14,-2,-13,-2,-13,-2,-12,-3,-11,-3,-11,-3,-10,-3,-10,-4,-9,-4,-9,-4,-9,-5,-8,-4,-8,-5,-8,-5,-8,-5,-7,-4,-7,-4,-7,-3,-7,-3,-7,-3,-6,-3,-6,-3,-6,-2,-5,0,0,0,0,0,0,0,0,0,0,0,0,0,0,0,0,0,0,0,0,0,0,-3,-17,-2,-17,-2,-17,-1,-18,0,-17,1,-19,2,-18,3,-19,3,-18,3,-17,4,-17,4,-17,3,-17,4,-16,2,-16,3,-15,2,-15,1,-15,1,-16,0,-16,0,-16,-1,-16,-1,-16,-1,-16,-1,-16,-1,-16,0,0,-2,-27,-4,-27,-4,-26,-3,-24,-4,-24,-5,-22,-5,-22,-5,-20,-6,-19,-6,-18,-7,-17,-8,-17,-8,-16,-9,-15,-8,-15,-9,-15,-8,-14,-9,-13,-8,-13,-8,-13,-7,-12,-6,-13,-6,-12,-5,-11,-5,-11,-5,-10,-4,-11,-4,-10,0,0,0,0,0,0,0,0,0,0,0,0,0,0,-14,-28,-9,-29,-6,-31,-5,-32,-4,-32,-1,-33,0,-34,2,-35,3,-35,5,-35,6,-34,7,-34,6,-32,6,-32,7,-31,6,-31,4,-31,4,-29,3,-29,2,-30,1,-29,0,-30,0,-30,-1,-31,-2,-29,-2,-30,-3,-30,-2,-30]"
618057343841500,38.892993100,91537,1892336683,-50,-98,6,0,1,7,0,0,256,0,0,"[0,0,0,-15,0,-15,0,-14,0,-14,-1,-13,-1,-12,-2,-12,-2,-12,-2,-11,-3,-11,-3,-10,-4,-10,-4,-10,-4,-9,-4,-9,-4,-8,-4,-9,-4,-8,-4,-8,-3,-8,-3,-8,-4,-7,-3,-7,-2,-7,-2,-6,-2,-6,0,0,0,0,0,0,0,0,0,0,0,0,0,0,0,0,0,0,0,0,0,0,-1,-18,0,-18,1,-18,2,-19,3,-19,3,-18,5,-19,6,-19,6,-19,6,-19,6,-18,6,-17,5,-17,6,-17,5,-16,5,-16,4,-16,3,-16,3,-16,2,-16,1,-16,1,-17,1,-17,1,-16,0,-16,1,-16,0,0,5,-28,3,-28,2,-27,2,-24,3,-24,1,-23,1,-23,0,-21,-2,-20,-3,-19,-3,-17,-4,-18,-5,-17,-5,-17,-6,-16,-5,-16,-6,-16,-6,-16,-5,-14,-4,-15,-4,-13,-3,-14,-4,-14,-3,-13,-3,-12,-3,-11,-3,-11,-1,-10,0,0,0,0,0,0,0,0,0,0,0,0,0,0,-4,-32,0,-32,2,-33,4,-34,6,-33,8,-33,9,-34,10,-33,13,-33,15,-34,17,-32,15,-33,14,-31,14,-30,14,-29,13,-29,13,-29,11,-28,11,-27,10,-29,9,-29,8,-29,8,-28,7,-31,5,-29,5,-29,5,-32,4,-29]"
618057363386500,38.912538100,91538,1892357689,-50,-98,6,0,1,7,0,0,256,0,0,"[0,0,-16,2,-15,2,-14,1,-14,2,-13,2,-12,2,-12,2,-11,3,-11,3,-10,4,-10,4,-9,4,-9,4,-8,4,-8,5,-8,4,-8,4,-8,4,-8,4,-7,4,-7,4,-7,4,-6,3,-6,2,-6,3,-6,2,0,0,0,0,0,0,0,0,0,0,0,0,0,0,0,0,0,0,0,0,0,0,-18,2,-18,1,-19,1,-18,0,-20,-1,-20,-2,-20,-3,-20,-4,-19,-4,-19,-5,-19,-5,-18,-5,-18,-5,-17,-4,-17,-4,-17,-3,-17,-2,-17,-2,-17,-1,-16,0,-17,0,-17,1,-17,0,-17,0,-16,1,-17,1,0,0,-28,1,-27,1,-26,1,-25,2,-24,3,-23,3,-21,3,-20,4,-19,4,-19,5,-18,6,-16,6,-16,8,-15,8,-14,8,-15,8,-14,8,-14,7,-14,7,-13,7,-13,6,-11,6,-11,6,-10,5,-12,5,-10,4,-10,3,-11,3,0,0,0,0,0,0,0,0,0,0,0,0,0,0,-30,5,-31,2,-31,1,-31,-1,-33,-2,-32,-3,-34,-5,-34,-8,-35,-9,-35,-11,-33,-10,-33,-11,-32,-11,-31,-12,-29,-11,-29,-10,-29,-9,-29,-7,-29,-6,-30,-6,-29,-4,-30,-2,-30,-2,-30,-2,-30,-2,-30,-1,-30,0,-29,-1]"
618057382534500,38.931686100,91539,1892376701,-50,-98,6,0,1,7,0,0,256,0,0,"[0,0,10,10,10,9,10,9,10,8,10,8,9,7,9,6,9,6,8,5,9,4,9,3,9,3,9,3,8,3,8,2,8,2,8,2,8,2,7,2,7,2,7,2,6,2,6,2,6,2,5,2,5,2,0,0,0,0,0,0,0,0,0,0,0,0,0,0,0,0,0,0,0,0,0,0,14,9,14,10,13,11,13,12,13,13,12,14,11,15,11,16,10,15,10,15,10,15,9,14,9,14,9,13,9,14,9,13,9,12,10,12,10,12,10,12,11,12,11,11,11,11,11,10,12,10,12,10,0,0,20,19,17,17,18,16,18,15,18,15,17,13,16,12,16,11,16,10,15,7,15,7,15,7,16,6,15,5,16,5,15,5,14,4,15,4,15,4,13,4,13,4,12,4,11,4,10,4,10,4,10,5,9,5,8,5,0,0,0,0,0,0,0,0,0,0,0,0,0,0,27,13,25,16,25,18,24,21,22,21,22,23,22,24,22,26,20,28,19,29,17,30,16,29,16,29,15,28,15,27,14,25,16,25,16,24,17,25,17,23,18,22,18,22,18,21,20,21,20,20,21,19,22,19,22,20]"
618057404594400,38.953746000,91540,1892398043,-50,-98,6,0,1,7,0,0,256,0,0,"[0,0,12,-10,11,-10,10,-10,10,-9,9,-9,8,-9,7,-9,7,-9,7,-9,6,-9,5,-9,4,-9,4,-9,4,-9,4,-9,3,-9,3,-8,3,-8,3,-8,3,-8,3,-8,3,-7,3,-7,2,-6,3,-6,3,-6,0,0,0,0,0,0,0,0,0,0,0,0,0,0,0,0,0,0,0,0,0,0,12,-13,13,-12,14,-12,14,-11,15,-11,17,-10,17,-9,17,-9,17,-8,17,-7,17,-7,16,-7,16,-7,15,-7,15,-7,14,-7,14,-8,14,-8,13,-9,13,-9,13,-10,13,-10,13,-10,12,-10,12,-11,12,-10,0,0,23,-16,20,-17,19,-17,17,-15,17,-16,15,-15,14,-16,13,-15,12,-15,11,-14,9,-15,9,-15,7,-15,7,-16,6,-16,6,-15,6,-15,6,-15,6,-14,6,-14,6,-13,6,-12,6,-11,5,-11,6,-10,5,-10,6,-9,7,-9,0,0,0,0,0,0,0,0,0,0,0,0,0,0,19,-26,22,-23,23,-22,25,-20,27,-20,28,-17,29,-17,31,-16,31,-14,32,-14,33,-11,32,-12,31,-10,30,-10,30,-11,27,-12,28,-12,26,-12,27,-12,25,-12,25,-14,25,-15,24,-15,25,-17,24,-17,23,-19,22,-18,23,-17]"
618057424704700,38.973856300,91541,1892418306,-50,-98,6,0,1,7,0,0,256,0,0,"[0,0,7,-14,6,-14,6,-13,6,-12,5,-12,4,-12,4,-12,3,-11,3,-11,2,-10,2,-10,1,-11,0,-10,0,-10,0,-10,1,-9,0,-9,0,-9,0,-9,0,-8,0,-8,0,-8,1,-7,0,-7,1,-7,1,-6,0,0,0,0,0,0,0,0,0,0,0,0,0,0,0,0,0,0,0,0,0,0,6,-17,7,-17,8,-16,9,-17,10,-16,11,-16,12,-16,13,-15,14,-14,13,-14,13,-14,12,-13,12,-13,12,-12,11,-13,10,-12,10,-13,10,-13,9,-14,9,-14,8,-14,8,-15,8,-15,7,-15,7,-15,7,-15,0,0,14,-23,13,-25,13,-23,12,-22,11,-21,9,-22,9,-20,7,-20,6,-19,5,-19,4,-18,3,-18,3,-17,2,-17,1,-18,2,-16,0,-17,1,-15,2,-15,1,-15,0,-15,2,-14,2,-13,2,-13,1,-11,2,-11,4,-11,4,-10,0,0,0,0,0,0,0,0,0,0,0,0,0,0,9,-32,13,-28,15,-28,17,-28,18,-28,18,-27,21,-28,22,-25,24,-26,25,-25,26,-23,27,-23,25,-20,25,-21,24,-21,23,-19,22,-21,22,-21,20,-22,20,-22,20,-23,18,-24,18,-24,17,-26,17,-25,15,-24,16,-25,15,-24]"
618057443646800,38.992798400,91542,1892436521,-50,-98,6,0,1,7,0,0,256,0,0,"[0,0,8,-13,7,-13,6,-13,7,-12,6,-12,5,-11,4,-11,4,-10,4,-10,3,-10,2,-10,1,-10,1,-10,1,-10,1,-9,1,-10,0,-9,1,-9,1,-9,1,-8,1,-8,1,-8,0,-7,1,-7,1,-7,1,-7,0,0,0,0,0,0,0,0,0,0,0,0,0,0,0,0,0,0,0,0,0,0,7,-16,9,-16,9,-16,10,-15,11,-15,13,-15,13,-14,14,-14,14,-13,14,-13,13,-13,13,-12,13,-12,12,-12,12,-12,11,-12,11,-12,10,-12,10,-13,10,-13,9,-13,9,-14,9,-14,8,-14,7,-14,9,-14,0,0,31,-44,29,-46,28,-42,25,-41,22,-40,20,-38,19,-38,17,-37,14,-36,9,-35,8,-35,6,-35,6,-35,8,-33,6,-33,5,-30,3,-34,2,-29,2,-30,4,-27,5,-27,4,-27,5,-26,4,-23,4,-21,5,-21,7,-21,8,-21,0,0,0,0,0,0,0,0,0,0,0,0,0,0,22,-59,29,-56,31,-55,35,-53,41,-53,40,-50,46,-52,47,-49,53,-46,55,-45,56,-41,56,-41,53,-39,51,-38,50,-39,47,-38,46,-37,45,-40,43,-39,42,-40,39,-39,37,-43,36,-45,38,-47,35,-46,34,-50,33,-48,33,-46]"
618057463845000,39.012996600,91543,1892456476,-50,-98,6,0,1,7,0,0,256,0,0,"[0,0,-9,-12,-9,-12,-9,-12,-8,-10,-9,-10,-9,-9,-8,-9,-8,-8,-8,-7,-8,-7,-8,-6,-8,-6,-8,-6,-8,-5,-8,-4,-8,-5,-8,-5,-8,-4,-8,-4,-7,-4,-7,-4,-7,-4,-6,-4,-6,-4,-5,-4,-5,-4,0,0,0,0,0,0,0,0,0,0,0,0,0,0,0,0,0,0,0,0,0,0,-11,-14,-10,-15,-10,-15,-9,-16,-9,-17,-9,-18,-8,-18,-7,-18,-6,-18,-6,-18,-6,-18,-5,-17,-5,-17,-5,-16,-6,-16,-6,-15,-7,-15,-7,-14,-8,-14,-8,-14,-9,-14,-8,-14,-9,-14,-9,-14,-9,-13,-9,-13,0,0,-15,-23,-15,-25,-14,-22,-14,-21,-13,-19,-14,-18,-13,-17,-14,-16,-14,-14,-13,-14,-15,-12,-14,-12,-14,-11,-14,-11,-15,-10,-14,-8,-14,-9,-15,-8,-14,-8,-13,-8,-13,-8,-11,-8,-11,-7,-11,-8,-10,-7,-9,-7,-8,-8,-7,-8,0,0,0,0,0,0,0,0,0,0,0,0,0,0,-20,-23,-19,-27,-15,-28,-16,-29,-15,-31,-13,-31,-12,-32,-11,-34,-10,-34,-8,-35,-7,-34,-6,-35,-6,-33,-5,-33,-4,-32,-5,-30,-6,-30,-8,-29,-8,-29,-9,-28,-10,-28,-12,-27,-12,-26,-13,-27,-15,-27,-14,-26,-13,-27,-13,-26]"
618057482412100,39.031563700,91544,1892476553,-50,-98,6,0,1,7,0,0,256,0,0,"[0,0,10,10,11,9,10,9,10,8,10,7,9,7,9,6,9,6,9,5,8,4,9,3,9,3,9,3,8,3,9,2,8,1,8,2,8,2,7,2,7,2,7,2,6,2,6,2,6,2,5,2,5,2,0,0,0,0,0,0,0,0,0,0,0,0,0,0,0,0,0,0,0,0,0,0,14,10,13,11,13,12,12,12,13,14,12,14,11,15,10,16,10,16,9,16,9,16,9,15,8,15,8,14,9,13,9,13,9,12,10,12,10,12,10,12,10,12,11,11,12,11,12,11,11,10,12,10,0,0,19,21,17,18,18,18,18,16,17,16,16,13,16,13,15,11,16,12,15,8,16,7,16,7,15,5,15,7,15,5,15,5,15,5,15,4,14,4,14,5,14,5,12,4,11,4,10,4,10,5,9,5,8,5,8,5,0,0,0,0,0,0,0,0,0,0,0,0,0,0,25,16,23,20,22,21,21,23,20,24,20,26,19,27,19,30,16,30,16,32,13,32,13,30,13,30,12,29,12,29,13,28,14,27,13,24,14,25,14,24,16,24,17,24,18,23,18,22,19,21,19,21,19,21,20,21]"
618057505687200,39.054838800,91545,1892499977,-50,-98,6,0,1,7,0,0,256,0,0,"[0,0,-5,-13,-6,-13,-6,-12,-5,-12,-5,-11,-5,-11,-6,-10,-6,-10,-6,-9,-6,-8,-6,-8,-7,-8,-6,-7,-7,-7,-7,-6,-7,-6,-7,-6,-6,-6,-6,-6,-6,-5,-5,-5,-5,-6,-5,-5,-5,-5,-4,-5,-4,-5,0,0,0,0,0,0,0,0,0,0,0,0,0,0,0,0,0,0,0,0,0,0,-7,-15,-7,-16,-6,-17,-5,-17,-5,-18,-4,-18,-3,-19,-2,-19,-1,-18,-1,-18,0,-18,-1,-17,-1,-17,-1,-17,-1,-16,-2,-16,-2,-15,-3,-16,-3,-15,-4,-15,-4,-15,-5,-15,-5,-15,-5,-15,-5,-15,-5,-14,0,0,-12,-25,-13,-24,-13,-23,-12,-22,-12,-21,-12,-20,-12,-18,-11,-17,-13,-16,-14,-13,-13,-12,-14,-12,-14,-11,-14,-11,-14,-9,-14,-10,-14,-10,-13,-8,-12,-9,-12,-9,-11,-8,-11,-9,-10,-8,-10,-8,-10,-7,-9,-8,-8,-8,-7,-8,0,0,0,0,0,0,0,0,0,0,0,0,0,0,-20,-24,-18,-27,-17,-28,-13,-30,-13,-31,-12,-32,-11,-33,-9,-35,-7,-35,-5,-35,-3,-36,-4,-36,-4,-33,-4,-33,-4,-32,-6,-31,-5,-31,-7,-29,-7,-29,-8,-29,-9,-28,-9,-29,-9,-29,-10,-29,-12,-27,-12,-27,-14,-27,-12,-27]"
618057526244600,39.075396200,91546,1892517538,-50,-98,6,0,1,7,0,0,256,0,0,"[0,0,-12,-11,-12,-10,-11,-10,-11,-9,-10,-9,-10,-8,-10,-7,-10,-6,-10,-6,-10,-5,-9,-5,-9,-5,-9,-5,-9,-4,-9,-3,-9,-3,-9,-3,-9,-3,-9,-3,-8,-3,-8,-2,-8,-3,-7,-3,-6,-3,-6,-3,-6,-3,0,0,0,0,0,0,0,0,0,0,0,0,0,0,0,0,0,0,0,0,0,0,-14,-11,-14,-12,-14,-13,-13,-14,-13,-15,-13,-16,-13,-16,-11,-17,-11,-17,-10,-17,-9,-17,-9,-17,-9,-16,-9,-15,-9,-15,-9,-14,-10,-14,-11,-13,-11,-13,-11,-13,-12,-12,-12,-13,-13,-12,-12,-13,-12,-12,-12,-11,0,0,-23,-18,-21,-17,-21,-16,-21,-15,-20,-13,-19,-12,-19,-13,-18,-10,-18,-9,-18,-7,-18,-6,-18,-6,-16,-5,-17,-5,-17,-3,-16,-3,-16,-3,-16,-3,-15,-3,-15,-4,-14,-4,-13,-3,-13,-3,-12,-4,-11,-3,-10,-4,-10,-5,-10,-5,0,0,0,0,0,0,0,0,0,0,0,0,0,0,-30,-13,-28,-16,-27,-18,-25,-20,-26,-22,-23,-23,-25,-27,-23,-28,-22,-29,-20,-30,-20,-30,-19,-30,-20,-29,-17,-28,-17,-28,-17,-24,-17,-24,-19,-23,-18,-23,-20,-23,-20,-22,-21,-22,-21,-21,-22,-21,-23,-20,-23,-19,-23,-18,-23,-18]"
618057543607000,39.092758600,91547,1892536769,-50,-98,6,0,1,7,0,0,256,0,0,"[0,0,-13,-10,-13,-9,-12,-9,-12,-8,-11,-7,-11,-7,-11,-6,-11,-5,-10,-5,-10,-4,-10,-4,-10,-4,-10,-3,-9,-3,-10,-2,-9,-2,-9,-2,-9,-2,-9,-2,-8,-2,-8,-2,-8,-2,-7,-3,-7,-3,-7,-2,-6,-3,0,0,0,0,0,0,0,0,0,0,0,0,0,0,0,0,0,0,0,0,0,0,-15,-10,-15,-10,-15,-11,-14,-12,-14,-14,-14,-14,-14,-15,-13,-15,-13,-15,-12,-16,-11,-16,-11,-15,-10,-15,-10,-15,-10,-13,-11,-13,-11,-12,-12,-12,-12,-12,-13,-11,-13,-11,-13,-10,-14,-11,-13,-11,-13,-10,-13,-10,0,0,-43,-36,-43,-36,-40,-33,-39,-29,-37,-26,-36,-25,-37,-24,-33,-21,-34,-18,-35,-14,-36,-13,-32,-12,-32,-12,-32,-11,-35,-10,-35,-9,-34,-9,-32,-7,-31,-6,-30,-6,-27,-7,-26,-7,-25,-7,-23,-7,-21,-8,-21,-9,-20,-9,-18,-9,0,0,0,0,0,0,0,0,0,0,0,0,0,0,-56,-30,-52,-35,-49,-38,-48,-40,-49,-44,-45,-46,-44,-52,-44,-55,-45,-54,-42,-59,-40,-58,-35,-60,-35,-58,-33,-58,-29,-54,-31,-52,-33,-48,-35,-50,-37,-45,-37,-47,-37,-43,-40,-42,-41,-41,-46,-40,-44,-42,-42,-41,-43,-40,-44,-39]"
618057565761200,39.114912800,91548,1892556523,-50,-98,6,0,1,7,0,0,256,0,0,"[0,0,15,1,14,1,13,0,14,0,13,0,12,0,11,-1,11,-1,10,-1,10,-2,9,-2,9,-3,8,-3,8,-3,8,-4,8,-4,8,-4,8,-4,8,-4,7,-3,7,-3,6,-3,6,-2,6,-2,6,-2,6,-2,0,0,0,0,0,0,0,0,0,0,0,0,0,0,0,0,0,0,0,0,0,0,17,1,17,2,18,3,17,3,18,5,18,5,18,6,18,7,17,7,16,8,16,8,15,8,15,7,15,7,15,6,15,5,15,5,15,5,15,4,15,3,15,3,15,2,16,3,15,2,15,2,16,2,0,0,28,4,26,3,24,2,24,1,23,1,21,1,21,0,20,0,19,-3,18,-3,17,-4,16,-4,16,-6,15,-5,15,-6,15,-6,14,-6,15,-6,14,-5,14,-4,13,-4,13,-4,12,-4,11,-5,10,-3,11,-3,10,-2,10,-1,0,0,0,0,0,0,0,0,0,0,0,0,0,0,29,-4,32,-1,31,1,32,3,32,5,32,7,32,8,32,11,31,13,32,14,30,16,30,14,29,14,28,14,27,13,27,12,28,11,27,11,28,9,26,9,27,8,26,7,28,6,28,6,29,4,27,3,28,3,30,3]"
618057584485600,39.133637200,91549,1892580890,-50,-98,6,0,1,6,0,0,256,0,0,"[0,0,-1,-15,-2,-15,-2,-15,-2,-14,-2,-14,-2,-12,-3,-12,-3,-11,-4,-11,-3,-10,-4,-9,-5,-9,-5,-9,-5,-9,-5,-8,-5,-8,-5,-8,-5,-7,-5,-7,-5,-8,-4,-7,-4,-7,-4,-7,-3,-7,-3,-6,-3,-6,0,0,0,0,0,0,0,0,0,0,0,0,0,0,0,0,0,0,0,0,0,0,-3,-17,-2,-18,-1,-19,0,-19,0,-20,2,-19,3,-19,4,-19,4,-20,5,-19,4,-18,4,-17,4,-18,4,-17,3,-17,3,-17,2,-16,1,-16,1,-17,0,-17,0,-17,0,-17,-1,-17,-1,-16,-2,-17,-1,-16,0,0,-3,-27,-3,-27,-4,-25,-4,-24,-4,-23,-5,-22,-6,-21,-6,-21,-6,-19,-7,-18,-7,-17,-9,-16,-9,-14,-10,-15,-9,-15,-9,-14,-9,-14,-9,-13,-8,-12,-8,-12,-8,-12,-7,-12,-6,-12,-6,-11,-6,-9,-6,-10,-4,-11,-4,-10,0,0,0,0,0,0,0,0,0,0,0,0,0,0,-11,-29,-8,-31,-6,-31,-4,-32,-3,-34,-1,-33,0,-35,1,-34,3,-35,5,-35,6,-34,6,-34,7,-32,7,-32,7,-30,5,-30,6,-30,4,-29,3,-29,2,-30,2,-30,0,-29,-1,-30,-2,-29,-2,-29,-2,-29,-3,-30,-3,-29]"
618057605992800,39.155144400,91550,1892598883,-50,-98,6,0,1,7,0,0,256,0,0,"[0,0,-13,8,-13,8,-12,7,-11,8,-11,8,-10,7,-9,7,-8,7,-8,7,-7,8,-7,7,-6,7,-6,7,-5,8,-5,7,-5,7,-4,7,-5,7,-5,7,-5,6,-4,6,-4,6,-4,6,-4,5,-4,4,-4,4,0,0,0,0,0,0,0,0,0,0,0,0,0,0,0,0,0,0,0,0,0,0,-14,10,-15,10,-16,9,-17,8,-18,8,-19,8,-18,7,-19,6,-19,5,-19,5,-19,4,-18,4,-18,4,-17,4,-16,4,-16,5,-16,5,-16,6,-15,6,-15,7,-15,7,-14,8,-15,8,-14,8,-14,8,-14,8,0,0,-22,15,-22,16,-21,16,-20,14,-18,15,-17,15,-16,14,-16,13,-15,14,-13,14,-12,14,-10,14,-10,14,-8,15,-9,15,-8,14,-8,15,-7,14,-7,14,-8,14,-7,12,-7,11,-7,11,-7,9,-7,9,-7,8,-7,8,-8,8,0,0,0,0,0,0,0,0,0,0,0,0,0,0,-20,23,-24,21,-25,19,-26,18,-28,18,-28,16,-29,16,-32,13,-32,12,-34,11,-33,9,-35,9,-32,8,-32,8,-31,8,-29,8,-28,10,-27,10,-26,12,-27,12,-27,12,-27,14,-26,14,-25,15,-25,15,-25,17,-24,16,-25,16]"
618057627846700,39.176998300,91551,1892621961,-50,-98,6,0,1,7,0,0,256,0,0,"[0,0,15,-1,14,-1,13,-2,13,-1,13,-2,12,-2,11,-2,10,-3,10,-3,10,-4,9,-4,9,-4,8,-4,8,-4,8,-5,7,-5,7,-5,7,-5,7,-5,7,-5,7,-4,6,-4,6,-4,5,-3,6,-3,5,-3,0,0,0,0,0,0,0,0,0,0,0,0,0,0,0,0,0,0,0,0,0,0,17,-2,18,-1,18,0,18,1,18,1,19,3,19,3,19,4,19,4,18,5,17,6,17,5,16,5,16,5,16,4,16,3,16,3,16,2,16,1,16,1,16,1,16,0,16,0,16,0,16,-1,16,-1,0,0,27,-5,26,-6,24,-6,22,-6,22,-6,21,-7,19,-6,18,-8,18,-8,16,-9,15,-10,14,-10,13,-10,13,-10,12,-11,12,-11,12,-10,12,-10,11,-10,12,-9,11,-8,9,-9,10,-8,8,-7,9,-6,9,-6,9,-6,9,-5,0,0,0,0,0,0,0,0,0,0,0,0,0,0,27,-14,29,-11,30,-10,31,-8,31,-5,32,-4,33,-3,35,0,34,0,35,3,34,4,33,3,32,3,31,3,30,3,29,2,30,2,28,1,29,0,29,0,28,-1,27,-2,28,-3,28,-4,28,-4,28,-6,28,-7,29,-7]"
618057643815600,39.192967200,91552,1892636644,-50,-98,6,0,1,7,0,0,256,0,0,"[0,0,-15,5,-14,5,-13,5,-13,5,-12,5,-11,5,-11,5,-10,5,-9,6,-9,6,-8,6,-8,6,-7,6,-7,6,-6,7,-7,6,-7,6,-6,6,-6,6,-6,6,-6,5,-5,5,-5,5,-5,4,-5,4,-5,4,0,0,0,0,0,0,0,0,0,0,0,0,0,0,0,0,0,0,0,0,0,0,-17,6,-17,5,-18,5,-18,4,-19,3,-19,2,-20,1,-20,0,-20,1,-20,-1,-19,-1,-19,-1,-18,0,-17,0,-17,0,-17,2,-16,2,-17,2,-16,2,-16,4,-16,3,-16,4,-17,5,-16,5,-15,5,-15,4,0,0,-25,12,-23,13,-23,12,-22,12,-20,12,-18,12,-18,12,-17,12,-16,11,-14,12,-13,13,-12,14,-11,13,-10,13,-10,14,-10,12,-10,13,-10,12,-10,12,-9,12,-10,10,-8,10,-8,10,-8,9,-9,8,-8,8,-8,7,-8,7,0,0,0,0,0,0,0,0,0,0,0,0,0,0,-23,21,-26,19,-27,16,-28,15,-30,14,-30,13,-32,12,-33,11,-34,8,-36,7,-35,6,-34,6,-33,5,-33,6,-30,6,-30,7,-30,6,-29,7,-29,8,-29,8,-27,10,-28,10,-27,11,-28,11,-27,13,-26,14,-25,14,-26,12]"
618057664150300,39.213301900,91553,1892656705,-50,-98,6,0,1,7,0,0,256,0,0,"[0,0,14,-5,13,-6,12,-6,12,-6,11,-6,11,-6,10,-6,10,-6,9,-6,8,-6,8,-7,6,-7,7,-7,6,-7,6,-8,6,-7,5,-7,5,-7,5,-6,6,-6,5,-6,5,-6,5,-5,4,-5,4,-4,4,-4,0,0,0,0,0,0,0,0,0,0,0,0,0,0,0,0,0,0,0,0,0,0,15,-8,16,-7,16,-6,17,-5,18,-4,19,-3,19,-2,19,-2,19,-1,18,-1,17,-1,18,-1,17,-1,17,-1,16,-1,16,-2,15,-2,16,-3,15,-3,15,-4,15,-4,15,-5,16,-5,15,-6,14,-6,15,-6,0,0,25,-8,25,-10,23,-9,22,-9,21,-9,19,-10,18,-10,17,-10,16,-10,15,-10,14,-11,13,-11,12,-11,11,-12,12,-12,11,-13,11,-12,10,-11,10,-11,10,-11,10,-10,10,-10,9,-9,9,-9,9,-7,9,-7,8,-7,8,-6,0,0,0,0,0,0,0,0,0,0,0,0,0,0,26,-16,28,-14,29,-12,30,-10,31,-9,32,-8,33,-7,34,-5,34,-2,35,-1,35,0,34,0,33,0,33,1,30,1,30,-1,30,-1,28,-1,28,-3,29,-2,28,-4,28,-7,28,-7,28,-8,29,-8,28,-9,28,-10,27,-9]"
618057683407700,39.232559300,91554,1892678194,-50,-98,6,0,1,7,0,0,256,0,0,"[0,0,1,14,2,14,2,13,2,13,2,12,2,11,3,11,3,10,3,9,3,9,4,8,4,8,5,8,4,7,5,7,5,7,5,7,4,6,4,6,4,6,4,6,3,6,3,5,3,6,3,5,2,5,0,0,0,0,0,0,0,0,0,0,0,0,0,0,0,0,0,0,0,0,0,0,3,16,2,17,2,17,1,17,0,19,-1,19,-3,18,-3,18,-3,18,-4,18,-4,17,-4,17,-4,17,-3,16,-3,16,-2,16,-2,15,-1,16,0,15,0,16,0,16,0,16,1,16,1,16,1,15,1,15,0,0,3,26,3,27,3,25,4,24,4,23,4,22,5,20,6,20,6,18,7,17,8,16,8,15,8,14,9,14,9,14,9,13,9,14,8,12,8,12,8,11,7,11,6,12,6,11,5,10,5,10,5,9,4,10,2,9,0,0,0,0,0,0,0,0,0,0,0,0,0,0,10,27,8,29,7,31,5,32,3,33,2,33,1,35,-1,35,-4,36,-5,35,-6,35,-7,34,-7,33,-7,32,-6,32,-5,30,-4,30,-4,29,-3,29,-2,29,-1,29,0,30,1,29,2,30,2,30,3,30,3,29,3,28]"
618057708855700,39.258007300,91555,1892699323,-50,-98,6,0,1,7,0,0,256,0,0,"[0,0,-12,-9,-13,-9,-12,-8,-12,-8,-11,-8,-11,-7,-11,-6,-11,-6,-10,-5,-10,-4,-10,-4,-10,-3,-9,-3,-9,-2,-9,-2,-9,-1,-9,-2,-9,-1,-9,-2,-9,-2,-8,-2,-7,-2,-7,-2,-7,-2,-7,-2,-6,-2,0,0,0,0,0,0,0,0,0,0,0,0,0,0,0,0,0,0,0,0,0,0,-15,-10,-15,-11,-15,-12,-14,-13,-14,-14,-14,-14,-13,-15,-12,-16,-12,-16,-11,-16,-10,-16,-10,-15,-10,-15,-10,-14,-10,-14,-11,-13,-11,-13,-12,-12,-12,-12,-12,-12,-13,-11,-13,-11,-13,-11,-13,-10,-13,-10,-13,-10,0,0,-48,-27,-48,-26,-46,-24,-43,-21,-41,-21,-42,-20,-39,-20,-37,-17,-36,-12,-36,-10,-37,-5,-35,-6,-34,-2,-34,-4,-34,-2,-35,-3,-32,-1,-31,-1,-30,-2,-30,-3,-28,-3,-24,-4,-25,-2,-24,-1,-24,-3,-23,-6,-22,-3,-19,-7,0,0,0,0,0,0,0,0,0,0,0,0,0,0,-60,-17,-60,-26,-56,-26,-55,-32,-57,-35,-53,-38,-55,-43,-52,-48,-51,-49,-49,-54,-46,-50,-45,-52,-46,-51,-44,-49,-41,-48,-44,-43,-41,-43,-46,-42,-42,-38,-46,-40,-45,-37,-47,-36,-47,-34,-49,-33,-51,-33,-50,-29,-50,-28,-50,-28]"
618057724472900,39.273624500,91556,1892716531,-50,-98,6,0,1,7,0,0,256,0,0,"[0,0,-14,-9,-13,-9,-12,-8,-12,-8,-11,-7,-11,-6,-11,-5,-11,-5,-10,-4,-10,-3,-10,-3,-10,-3,-10,-3,-10,-2,-10,-2,-9,-2,-9,-2,-9,-1,-9,-1,-8,-1,-8,-1,-8,-2,-7,-2,-7,-2,-7,-2,-6,-2,0,0,0,0,0,0,0,0,0,0,0,0,0,0,0,0,0,0,0,0,0,0,-16,-9,-16,-10,-15,-11,-15,-12,-15,-12,-15,-14,-14,-14,-14,-15,-13,-15,-13,-15,-12,-15,-12,-14,-11,-14,-11,-14,-12,-13,-12,-13,-12,-12,-12,-12,-12,-11,-13,-11,-13,-10,-13,-10,-14,-10,-13,-10,-14,-10,-14,-9,0,0,-44,-30,-44,-31,-43,-30,-42,-27,-40,-26,-38,-23,-37,-22,-38,-18,-36,-18,-37,-13,-36,-10,-35,-9,-33,-7,-31,-5,-33,-5,-34,-6,-33,-5,-33,-5,-31,-4,-29,-5,-28,-5,-26,-6,-26,-4,-23,-5,-23,-6,-22,-6,-21,-8,-20,-7,0,0,0,0,0,0,0,0,0,0,0,0,0,0,-58,-21,-56,-30,-54,-33,-53,-38,-51,-41,-48,-43,-50,-47,-49,-52,-46,-53,-43,-57,-40,-56,-40,-56,-39,-55,-38,-54,-37,-52,-35,-49,-38,-47,-37,-44,-39,-44,-42,-42,-40,-43,-44,-39,-44,-41,-45,-36,-48,-36,-48,-36,-44,-36,-49,-33]"
618057743398200,39.292549800,91557,1892739092,-50,-98,6,0,1,7,0,0,256,0,0,"[0,0,-6,-14,-6,-14,-6,-13,-5,-13,-6,-12,-6,-12,-6,-11,-6,-10,-6,-10,-7,-9,-6,-8,-7,-8,-7,-8,-7,-7,-7,-7,-6,-7,-7,-7,-6,-6,-6,-6,-6,-6,-6,-6,-5,-6,-5,-6,-4,-5,-4,-5,-4,-5,0,0,0,0,0,0,0,0,0,0,0,0,0,0,0,0,0,0,0,0,0,0,-9,-16,-8,-16,-7,-17,-7,-18,-6,-19,-5,-19,-4,-19,-3,-20,-3,-20,-2,-19,-2,-18,-1,-18,-2,-18,-2,-17,-2,-17,-3,-16,-3,-16,-3,-16,-4,-16,-5,-16,-5,-16,-5,-16,-6,-16,-6,-16,-6,-16,-6,-15,0,0,-10,-25,-11,-25,-10,-24,-9,-22,-9,-21,-10,-21,-10,-18,-11,-18,-11,-17,-11,-15,-12,-15,-11,-14,-12,-13,-11,-13,-13,-11,-12,-11,-12,-11,-11,-10,-11,-10,-11,-11,-11,-11,-10,-10,-9,-10,-8,-10,-7,-10,-6,-9,-6,-10,-5,-10,0,0,0,0,0,0,0,0,0,0,0,0,0,0,-18,-25,-15,-28,-13,-29,-12,-30,-12,-31,-10,-31,-8,-34,-7,-34,-7,-35,-4,-36,-4,-35,-1,-35,-1,-34,0,-32,0,-31,-1,-30,-2,-30,-5,-28,-6,-29,-5,-29,-7,-28,-9,-28,-9,-28,-10,-27,-9,-28,-10,-27,-10,-28,-11,-28]"
618057765065900,39.314217500,91558,1892760455,-50,-98,6,0,1,6,0,0,256,0,0,"[0,0,-9,11,-8,11,-8,11,-8,10,-7,10,-6,9,-6,10,-5,9,-5,9,-4,8,-4,9,-3,9,-3,9,-2,9,-2,8,-2,8,-2,8,-2,8,-2,8,-2,7,-2,6,-2,6,-2,6,-2,5,-2,5,-3,5,0,0,0,0,0,0,0,0,0,0,0,0,0,0,0,0,0,0,0,0,0,0,-9,14,-11,14,-11,13,-12,13,-13,13,-15,13,-15,12,-16,11,-16,10,-16,10,-15,10,-15,9,-14,9,-14,9,-14,10,-13,10,-13,10,-12,10,-12,11,-11,11,-11,11,-11,12,-11,12,-10,12,-10,12,-10,13,0,0,-36,43,-33,42,-33,42,-29,38,-28,38,-25,36,-24,34,-21,36,-18,35,-16,34,-14,35,-12,34,-10,33,-7,32,-8,33,-7,31,-7,32,-6,32,-7,29,-9,27,-8,26,-9,26,-8,24,-7,21,-8,20,-10,19,-10,20,-9,18,0,0,0,0,0,0,0,0,0,0,0,0,0,0,-24,57,-33,55,-37,52,-41,51,-42,50,-46,49,-50,48,-54,47,-56,43,-60,41,-58,37,-60,37,-57,36,-58,33,-53,34,-52,35,-50,35,-46,36,-47,36,-47,38,-44,38,-42,41,-42,40,-42,44,-40,44,-38,46,-37,47,-37,45]"
618057786554300,39.335705900,91559,1892779208,-50,-98,6,0,1,7,0,0,256,0,0,"[0,0,-3,-15,-4,-15,-3,-15,-3,-13,-4,-13,-4,-12,-4,-12,-4,-11,-4,-10,-5,-10,-5,-9,-6,-9,-5,-9,-6,-8,-6,-8,-5,-8,-6,-8,-6,-8,-5,-8,-5,-7,-5,-7,-4,-7,-4,-7,-4,-6,-3,-6,-3,-6,0,0,0,0,0,0,0,0,0,0,0,0,0,0,0,0,0,0,0,0,0,0,-5,-17,-5,-18,-4,-18,-3,-18,-2,-19,-1,-20,0,-20,0,-20,1,-19,2,-19,2,-18,2,-18,2,-18,1,-17,1,-17,0,-17,0,-16,0,-16,-1,-17,-2,-17,-2,-17,-3,-16,-3,-17,-3,-16,-3,-16,-3,-16,0,0,-8,-27,-9,-26,-8,-25,-8,-23,-7,-23,-9,-21,-9,-20,-10,-19,-10,-17,-11,-16,-11,-15,-11,-15,-11,-13,-12,-14,-12,-13,-11,-12,-11,-12,-11,-12,-11,-11,-10,-11,-9,-10,-9,-10,-8,-11,-8,-9,-7,-10,-7,-9,-6,-9,-5,-10,0,0,0,0,0,0,0,0,0,0,0,0,0,0,-16,-28,-13,-28,-12,-28,-10,-30,-9,-32,-7,-32,-6,-34,-5,-34,-3,-35,-2,-35,-1,-34,1,-35,1,-32,1,-32,0,-31,1,-30,-1,-30,-3,-29,-3,-29,-3,-30,-3,-29,-5,-29,-6,-30,-8,-29,-8,-28,-8,-28,-9,-29,-8,-28]"
618057802688900,39.351840500,91560,1892797933,-50,-98,6,0,1,7,0,0,256,0,0,"[0,0,4,14,4,14,4,12,5,12,5,12,4,11,5,10,5,9,5,9,5,8,5,7,6,7,6,7,6,7,6,6,6,6,6,6,5,5,5,5,5,5,5,5,4,5,4,5,4,5,3,4,3,4,0,0,0,0,0,0,0,0,0,0,0,0,0,0,0,0,0,0,0,0,0,0,6,16,5,16,4,17,4,17,3,18,2,18,1,19,0,18,0,18,-1,18,-1,18,-1,17,-1,17,-1,16,0,16,0,16,1,15,2,16,2,15,3,15,3,15,4,15,4,15,4,15,4,14,4,14,0,0,9,25,11,24,11,23,9,20,10,20,10,19,9,18,9,17,10,15,10,13,12,12,11,12,11,10,11,12,13,10,12,10,12,9,12,9,11,10,10,9,10,9,9,9,8,8,7,8,8,7,7,8,6,8,5,8,0,0,0,0,0,0,0,0,0,0,0,0,0,0,19,24,16,26,15,27,12,28,11,29,10,31,9,33,8,33,6,34,3,34,3,34,2,33,3,32,2,31,3,30,3,29,3,28,5,28,5,27,6,28,8,27,7,27,8,28,10,27,10,28,12,25,12,25,11,24]"
618057827413200,39.376564800,91561,1892825490,-50,-98,6,0,1,7,0,0,256,0,0,"[0,0,-16,-2,-15,-2,-15,-2,-14,-1,-14,-2,-13,-1,-12,0,-12,0,-11,1,-11,1,-10,2,-10,1,-10,2,-9,2,-9,2,-9,3,-9,2,-9,2,-9,2,-8,2,-8,1,-7,1,-7,1,-7,1,-7,1,-7,1,0,0,0,0,0,0,0,0,0,0,0,0,0,0,0,0,0,0,0,0,0,0,-18,0,-18,-1,-19,-2,-18,-3,-19,-4,-20,-5,-20,-6,-19,-7,-19,-8,-18,-8,-18,-8,-17,-8,-17,-7,-16,-7,-16,-7,-17,-6,-16,-5,-17,-5,-16,-4,-16,-4,-16,-4,-17,-3,-18,-3,-17,-3,-17,-2,-16,-2,0,0,-29,-3,-28,-3,-27,-3,-26,-2,-25,-2,-24,-1,-23,-1,-21,1,-21,1,-21,2,-19,3,-18,4,-18,4,-17,5,-17,5,-16,5,-16,5,-15,5,-16,4,-15,4,-15,4,-14,3,-13,3,-12,3,-12,2,-12,2,-11,2,-10,0,0,0,0,0,0,0,0,0,0,0,0,0,0,0,-31,5,-32,2,-33,-1,-34,-3,-35,-4,-34,-6,-36,-7,-36,-9,-36,-12,-35,-14,-35,-15,-33,-14,-32,-15,-31,-15,-30,-14,-30,-12,-29,-12,-30,-10,-30,-10,-30,-9,-30,-8,-31,-7,-30,-7,-31,-6,-32,-5,-31,-4,-31,-4,-31,-4]"
618057844525700,39.393677300,91562,1892839128,-50,-98,6,0,1,7,0,0,256,0,0,"[0,0,14,6,12,5,12,5,12,4,12,4,11,3,11,2,10,2,9,2,10,0,9,0,9,0,9,0,9,0,9,-1,9,-1,8,-1,8,-1,8,-1,7,-1,7,0,7,0,6,0,6,0,6,0,6,0,0,0,0,0,0,0,0,0,0,0,0,0,0,0,0,0,0,0,0,0,0,0,16,5,16,6,15,7,15,8,15,9,15,10,15,11,14,12,14,12,13,12,13,12,12,12,12,11,12,11,12,10,13,9,12,9,13,8,13,8,13,7,13,7,14,7,14,7,14,6,14,6,14,5,0,0,25,11,24,10,23,9,23,8,22,7,22,5,21,4,19,4,19,4,18,2,18,1,17,1,16,0,16,-1,17,-2,17,-1,14,-2,16,-1,16,-1,14,-1,14,-1,13,-1,12,-1,11,0,12,1,10,0,10,0,9,1,0,0,0,0,0,0,0,0,0,0,0,0,0,0,30,5,30,8,29,11,30,12,28,13,29,15,29,18,29,19,28,21,28,21,27,23,25,23,24,22,23,22,23,22,23,20,23,18,23,17,24,16,24,16,25,15,26,14,27,13,26,12,26,12,26,11,26,12,27,11]"
618057868002100,39.417153700,91563,1892861584,-50,-98,6,0,1,7,0,0,256,0,0,"[0,0,-16,1,-15,1,-15,1,-14,1,-13,1,-12,2,-12,2,-11,3,-11,3,-10,3,-10,4,-9,4,-8,4,-8,4,-8,4,-8,5,-8,4,-8,4,-8,4,-7,4,-7,3,-6,4,-7,3,-6,3,-6,3,-6,2,0,0,0,0,0,0,0,0,0,0,0,0,0,0,0,0,0,0,0,0,0,0,-18,2,-19,0,-18,0,-19,-1,-19,-2,-20,-3,-20,-4,-20,-5,-19,-5,-19,-5,-18,-5,-17,-5,-17,-5,-17,-5,-17,-4,-17,-4,-17,-3,-17,-2,-17,-2,-17,-1,-17,0,-17,0,-17,0,-17,1,-17,1,-17,1,0,0,-26,10,-26,10,-24,10,-23,10,-22,9,-20,10,-19,10,-18,11,-17,11,-16,12,-15,12,-14,12,-13,11,-12,12,-12,13,-11,12,-11,12,-11,12,-11,12,-11,11,-10,10,-10,9,-10,9,-10,8,-9,8,-9,7,-9,6,-9,5,0,0,0,0,0,0,0,0,0,0,0,0,0,0,-26,17,-28,14,-29,12,-30,10,-31,11,-31,9,-33,7,-35,6,-35,5,-36,3,-34,3,-35,1,-34,0,-33,0,-32,0,-30,1,-30,2,-30,3,-30,4,-29,4,-29,6,-29,7,-29,7,-29,9,-29,9,-28,9,-28,10,-28,10]"
618057888541500,39.437693100,91564,1892881146,-50,-98,6,0,1,7,0,0,256,0,0,"[0,0,-16,3,-15,3,-14,3,-14,3,-13,3,-12,3,-12,3,-11,4,-10,4,-10,4,-9,4,-8,5,-8,5,-8,5,-8,5,-8,5,-7,5,-7,5,-7,4,-7,4,-7,4,-6,4,-7,4,-6,3,-6,3,-6,2,0,0,0,0,0,0,0,0,0,0,0,0,0,0,0,0,0,0,0,0,0,0,-17,5,-18,4,-18,3,-18,2,-19,2,-20,1,-20,-1,-20,-2,-20,-2,-19,-2,-19,-2,-19,-2,-18,-2,-17,-2,-17,-1,-17,-1,-17,0,-17,0,-16,1,-16,1,-17,1,-17,2,-18,2,-16,3,-16,3,-16,3,0,0,-24,15,-23,15,-22,15,-20,14,-19,14,-18,13,-17,13,-16,13,-15,13,-13,14,-11,15,-10,14,-10,15,-10,14,-9,15,-9,14,-8,14,-8,13,-9,13,-9,12,-8,11,-9,10,-8,10,-7,10,-7,9,-7,8,-8,8,-8,7,0,0,0,0,0,0,0,0,0,0,0,0,0,0,-20,23,-23,22,-24,21,-26,17,-28,18,-28,16,-31,16,-32,14,-33,11,-34,10,-34,8,-34,10,-32,10,-31,10,-31,9,-29,10,-29,9,-29,10,-27,10,-28,12,-27,12,-27,12,-27,13,-27,14,-26,16,-25,17,-24,17,-24,17]"
618057902638300,39.451789900,91565,1892897104,-51,-98,6,0,1,7,0,0,256,0,0,"[0,0,9,11,9,10,8,10,8,9,8,9,8,8,8,7,8,6,8,6,8,6,8,4,8,5,8,4,7,4,8,3,7,3,8,3,8,3,7,3,7,3,7,3,6,3,5,3,5,3,5,3,4,3,0,0,0,0,0,0,0,0,0,0,0,0,0,0,0,0,0,0,0,0,0,0,12,11,12,12,11,13,11,14,10,15,10,16,9,16,9,16,8,16,7,16,6,16,6,16,7,15,6,15,7,14,6,13,7,14,8,13,8,13,9,12,9,12,10,12,10,12,9,12,10,12,9,11,0,0,25,9,26,9,24,8,23,7,21,7,21,6,20,5,20,4,18,3,18,2,18,1,17,0,17,0,17,-1,17,-2,16,-2,16,-2,15,-1,15,-2,14,-1,14,0,13,0,13,0,12,0,11,1,11,0,11,1,10,2,0,0,0,0,0,0,0,0,0,0,0,0,0,0,30,2,30,6,29,7,28,9,30,10,29,11,30,14,28,17,29,16,28,19,27,19,26,22,25,20,24,20,23,19,23,18,23,16,25,15,24,14,25,14,24,14,26,12,26,12,26,11,27,12,26,11,26,11,26,10]"
618057923490500,39.472642100,91566,1892916598,-50,-98,6,0,1,7,0,0,256,0,0,"[0,0,-13,9,-13,9,-12,8,-11,8,-10,8,-10,8,-9,8,-8,8,-8,7,-7,8,-7,8,-6,8,-6,7,-5,7,-5,8,-5,8,-5,7,-5,7,-5,7,-5,7,-5,6,-4,6,-4,6,-4,5,-4,5,-4,4,0,0,0,0,0,0,0,0,0,0,0,0,0,0,0,0,0,0,0,0,0,0,-14,12,-14,11,-15,11,-15,10,-17,10,-18,9,-18,8,-19,7,-19,6,-19,6,-18,6,-18,6,-17,6,-17,5,-16,6,-16,6,-15,6,-15,7,-15,7,-14,8,-14,8,-14,9,-15,9,-13,9,-14,10,-13,9,0,0,-20,18,-19,19,-18,17,-17,18,-15,16,-15,16,-13,16,-13,16,-11,16,-9,17,-9,16,-8,15,-7,15,-6,15,-7,15,-6,14,-6,14,-5,14,-6,14,-6,12,-6,12,-5,12,-5,11,-5,10,-5,10,-6,8,-6,8,-7,8,0,0,0,0,0,0,0,0,0,0,0,0,0,0,-15,27,-19,24,-20,23,-22,21,-25,22,-24,20,-29,20,-28,19,-30,17,-31,16,-31,15,-32,15,-30,14,-29,14,-28,13,-27,13,-26,14,-26,14,-25,14,-25,16,-23,17,-24,18,-23,18,-23,18,-23,20,-21,21,-21,20,-20,18]"
618057942140100,39.491291700,91567,1892936562,-50,-98,6,0,1,7,0,0,256,0,0,"[0,0,1,14,2,14,1,12,2,12,2,12,2,11,2,11,2,10,3,9,3,9,3,8,4,8,4,8,4,7,4,7,4,6,4,7,4,6,4,6,3,6,3,6,3,6,2,6,2,5,2,5,1,4,0,0,0,0,0,0,0,0,0,0,0,0,0,0,0,0,0,0,0,0,0,0,5,16,3,15,3,16,2,16,2,18,0,17,0,18,-2,18,-2,18,-3,18,-2,17,-3,16,-3,16,-2,15,-2,15,-1,15,-1,15,-1,15,0,15,1,15,1,15,1,15,2,15,2,15,2,15,2,14,0,0,6,26,6,27,6,25,6,22,6,23,6,20,7,20,8,18,9,16,9,17,9,15,9,15,9,14,10,13,10,13,11,12,10,12,10,12,9,11,8,11,8,11,7,11,7,10,6,10,6,9,5,9,4,9,3,9,0,0,0,0,0,0,0,0,0,0,0,0,0,0,15,27,13,29,10,29,9,30,8,32,7,31,5,34,3,34,2,35,1,35,0,35,-3,35,-3,33,-3,32,-2,31,-2,30,-1,29,1,29,1,29,2,29,3,28,4,29,5,29,5,28,6,28,5,29,6,29,7,28]"
618057967071400,39.516223000,91568,1892957683,-50,-98,6,0,1,7,0,0,256,0,0,"[0,0,-12,-10,-12,-9,-12,-9,-11,-8,-11,-8,-11,-7,-11,-7,-10,-6,-10,-5,-10,-5,-10,-4,-9,-4,-10,-3,-9,-3,-9,-3,-9,-2,-9,-3,-9,-2,-9,-2,-8,-2,-8,-2,-7,-3,-7,-3,-6,-3,-7,-3,-6,-2,0,0,0,0,0,0,0,0,0,0,0,0,0,0,0,0,0,0,0,0,0,0,-15,-9,-15,-10,-15,-11,-14,-12,-14,-13,-14,-14,-13,-14,-13,-15,-12,-15,-12,-16,-11,-15,-11,-15,-10,-14,-10,-14,-10,-13,-11,-13,-10,-12,-12,-12,-11,-12,-12,-11,-12,-11,-12,-11,-13,-11,-13,-10,-13,-10,-13,-10,0,0,-46,-28,-44,-30,-45,-28,-42,-24,-40,-23,-40,-21,-37,-18,-38,-17,-37,-14,-35,-12,-36,-9,-33,-9,-32,-7,-32,-6,-34,-5,-32,-4,-30,-4,-33,-4,-29,-3,-30,-3,-28,-5,-27,-4,-25,-4,-23,-5,-23,-5,-22,-7,-19,-6,-20,-9,0,0,0,0,0,0,0,0,0,0,0,0,0,0,-57,-19,-55,-26,-55,-30,-53,-35,-52,-37,-51,-38,-52,-44,-53,-46,-49,-47,-48,-51,-45,-51,-44,-53,-42,-51,-38,-50,-40,-47,-36,-44,-40,-45,-40,-42,-41,-41,-42,-40,-43,-38,-45,-35,-46,-37,-46,-35,-49,-33,-49,-32,-47,-32,-50,-31]"
618057984454200,39.533605800,91569,1892976503,-50,-98,6,0,1,7,0,0,256,0,0,"[0,0,4,-14,3,-15,2,-14,3,-14,2,-13,2,-12,1,-12,1,-11,0,-11,0,-11,0,-10,-2,-10,-2,-10,-2,-9,-2,-10,-2,-9,-3,-9,-2,-9,-2,-8,-2,-8,-2,-8,-2,-8,-2,-8,-1,-7,-1,-6,-1,-6,0,0,0,0,0,0,0,0,0,0,0,0,0,0,0,0,0,0,0,0,0,0,3,-18,4,-17,5,-18,6,-17,7,-18,7,-18,8,-17,9,-17,10,-17,10,-16,10,-15,10,-15,10,-15,9,-15,8,-14,7,-15,7,-14,7,-15,6,-15,5,-15,5,-16,4,-16,4,-17,5,-16,4,-16,4,-16,0,0,4,-26,5,-27,3,-26,3,-23,3,-23,3,-23,1,-21,1,-21,-1,-19,-2,-18,-4,-18,-4,-18,-4,-17,-5,-16,-4,-16,-4,-15,-5,-16,-5,-16,-5,-15,-4,-15,-3,-13,-3,-15,-4,-13,-3,-13,-3,-12,-3,-11,-2,-12,-1,-11,0,0,0,0,0,0,0,0,0,0,0,0,0,0,-3,-31,0,-31,3,-32,5,-30,6,-32,8,-30,10,-33,12,-33,15,-32,15,-31,17,-29,17,-29,14,-30,15,-29,14,-29,13,-27,13,-27,13,-26,11,-26,10,-28,10,-27,8,-28,8,-27,7,-28,7,-29,4,-29,4,-28,4,-28]"
618058003007500,39.552159100,91570,1892996528,-50,-98,6,0,1,7,0,0,256,0,0,"[0,0,-13,9,-11,8,-12,8,-11,8,-10,8,-9,8,-9,7,-8,7,-8,7,-7,7,-6,7,-6,7,-5,8,-5,7,-5,8,-4,7,-5,7,-5,7,-4,7,-5,6,-4,6,-4,6,-4,5,-4,5,-4,5,-4,4,0,0,0,0,0,0,0,0,0,0,0,0,0,0,0,0,0,0,0,0,0,0,-13,11,-14,10,-15,10,-16,10,-16,9,-18,8,-18,7,-19,7,-18,6,-18,6,-18,6,-17,5,-17,5,-16,5,-16,6,-15,6,-15,6,-15,6,-15,7,-14,8,-14,8,-14,8,-14,9,-13,9,-13,9,-13,9,0,0,-25,12,-23,13,-23,13,-20,12,-20,13,-18,12,-17,12,-15,12,-15,12,-14,12,-13,12,-12,13,-11,13,-11,13,-11,12,-10,12,-9,13,-8,11,-9,11,-9,11,-9,10,-9,10,-7,10,-8,8,-8,8,-8,7,-9,7,-8,6,0,0,0,0,0,0,0,0,0,0,0,0,0,0,-22,22,-25,19,-26,17,-28,16,-29,15,-30,14,-31,13,-33,12,-33,10,-34,9,-34,7,-33,7,-33,5,-31,6,-30,7,-30,7,-30,7,-28,7,-28,8,-27,9,-27,11,-27,11,-26,12,-27,13,-26,13,-26,13,-25,14,-26,13]"
618058027121300,39.576272900,91571,1893021242,-50,-98,6,0,1,7,0,0,256,0,0,"[0,0,12,9,11,8,11,8,11,8,10,7,10,6,10,5,10,5,9,4,9,4,9,3,9,3,9,2,9,2,9,2,8,2,8,2,8,2,8,2,8,2,7,2,7,2,6,2,6,2,6,2,5,2,0,0,0,0,0,0,0,0,0,0,0,0,0,0,0,0,0,0,0,0,0,0,14,7,14,8,14,9,14,10,14,12,14,13,13,13,13,14,12,14,11,14,11,14,10,14,10,13,10,13,10,13,10,12,10,11,11,11,11,11,12,10,12,10,12,10,13,10,13,10,12,9,12,9,0,0,28,48,27,42,26,44,26,38,27,39,26,36,25,34,26,30,26,26,26,24,26,22,26,23,25,20,27,21,27,17,28,19,25,17,26,18,26,17,24,16,21,16,20,16,18,17,17,15,16,14,15,14,12,16,12,16,0,0,0,0,0,0,0,0,0,0,0,0,0,0,46,40,45,47,39,49,36,51,34,52,33,57,28,59,29,63,25,66,21,65,19,65,17,64,16,63,14,61,15,60,16,60,17,59,18,53,20,55,21,53,23,54,26,51,25,52,30,50,28,50,29,49,30,50,31,50]"
618058043510000,39.592661600,91572,1893036546,-50,-98,6,0,1,7,0,0,256,0,0,"[0,0,3,-15,2,-15,2,-14,2,-14,1,-13,1,-13,0,-12,0,-12,0,-11,-1,-11,-1,-10,-2,-10,-2,-10,-2,-9,-2,-9,-3,-9,-3,-10,-3,-9,-2,-8,-2,-8,-2,-8,-2,-8,-2,-7,-1,-7,-1,-7,-1,-6,0,0,0,0,0,0,0,0,0,0,0,0,0,0,0,0,0,0,0,0,0,0,1,-17,3,-18,3,-18,4,-18,5,-18,6,-18,7,-18,8,-18,8,-17,8,-17,9,-16,8,-15,8,-15,8,-15,7,-15,6,-15,6,-15,5,-16,5,-16,4,-16,4,-16,4,-16,4,-16,3,-16,3,-16,3,-16,0,0,4,-27,3,-27,2,-27,2,-24,1,-24,1,-22,0,-22,-1,-22,-2,-20,-2,-18,-4,-18,-5,-17,-4,-17,-5,-17,-6,-16,-5,-15,-5,-16,-5,-15,-4,-14,-5,-15,-4,-13,-4,-15,-3,-13,-3,-13,-2,-12,-3,-11,-1,-11,-1,-11,0,0,0,0,0,0,0,0,0,0,0,0,0,0,-4,-31,-2,-32,1,-31,2,-32,4,-32,6,-33,9,-32,10,-34,13,-33,14,-31,15,-32,14,-30,13,-30,13,-29,13,-29,11,-29,12,-28,9,-27,9,-28,9,-28,8,-28,7,-28,7,-28,6,-29,5,-28,4,-29,4,-30,3,-29]"
618058063792200,39.612943800,91573,1893056561,-50,-98,6,0,1,7,0,0,256,0,0,"[0,0,-15,5,-14,5,-14,4,-13,4,-12,4,-11,4,-11,4,-10,5,-10,5,-9,5,-9,5,-8,5,-8,5,-7,6,-7,6,-7,6,-7,5,-7,6,-7,5,-7,5,-7,5,-6,4,-5,4,-6,3,-6,3,-6,3,0,0,0,0,0,0,0,0,0,0,0,0,0,0,0,0,0,0,0,0,0,0,-16,7,-17,7,-17,6,-18,5,-18,4,-20,3,-19,2,-20,1,-19,1,-19,0,-19,0,-18,0,-18,0,-17,1,-17,1,-16,2,-17,2,-16,2,-16,3,-16,3,-16,3,-16,4,-16,4,-15,5,-15,5,-15,5,0,0,-28,8,-26,8,-25,9,-24,7,-22,8,-21,8,-20,9,-18,10,-17,9,-17,10,-16,10,-15,10,-14,11,-14,11,-13,11,-13,11,-11,10,-13,11,-12,10,-11,9,-11,9,-10,8,-10,7,-10,7,-10,5,-10,6,-10,6,-10,4,0,0,0,0,0,0,0,0,0,0,0,0,0,0,-25,17,-28,15,-30,13,-31,12,-31,10,-32,9,-33,7,-36,6,-35,4,-35,2,-36,2,-35,1,-34,0,-34,-1,-32,0,-31,0,-31,2,-29,2,-29,3,-29,4,-30,5,-29,6,-28,7,-30,8,-29,8,-29,8,-28,8,-29,9]"
618058082559900,39.631711500,91574,1893076605,-50,-98,6,0,1,7,0,0,256,0,0,"[0,0,15,-2,14,-2,13,-2,13,-2,12,-2,11,-3,11,-3,10,-3,9,-4,9,-4,9,-5,8,-5,8,-5,7,-5,7,-5,7,-5,7,-5,7,-5,7,-5,7,-5,6,-4,6,-4,6,-4,5,-4,5,-3,5,-3,0,0,0,0,0,0,0,0,0,0,0,0,0,0,0,0,0,0,0,0,0,0,16,-4,17,-3,17,-2,17,-1,18,0,18,1,19,2,18,3,18,3,18,4,17,4,17,3,16,3,16,3,16,2,15,2,15,1,15,1,15,0,15,0,15,-1,15,-1,16,-1,15,-2,15,-2,16,-2,0,0,27,-4,25,-6,23,-7,23,-6,22,-6,19,-7,19,-7,18,-7,17,-7,17,-9,15,-10,14,-9,14,-9,13,-10,14,-9,13,-9,12,-9,12,-9,13,-8,12,-8,12,-8,10,-8,9,-7,10,-7,9,-5,10,-6,9,-6,10,-4,0,0,0,0,0,0,0,0,0,0,0,0,0,0,27,-15,29,-11,30,-9,30,-7,32,-7,31,-5,33,-4,33,-2,33,0,34,1,33,3,33,3,32,4,32,4,30,3,28,2,29,1,28,1,28,0,28,-1,28,-3,28,-2,28,-2,29,-5,28,-5,27,-5,29,-6,29,-6]"
618058100188200,39.649339800,91575,1893097547,-50,-98,6,0,1,7,0,0,256,0,0,"[0,0,11,-11,10,-11,10,-11,9,-10,9,-10,8,-9,7,-9,7,-9,6,-9,5,-9,5,-9,4,-9,3,-9,3,-9,3,-9,3,-9,2,-9,3,-9,3,-8,3,-8,3,-7,3,-7,3,-7,2,-6,3,-6,3,-6,0,0,0,0,0,0,0,0,0,0,0,0,0,0,0,0,0,0,0,0,0,0,10,-14,12,-14,12,-13,13,-13,14,-12,15,-12,16,-11,17,-10,17,-9,16,-9,16,-9,15,-9,15,-9,14,-9,15,-9,14,-9,14,-9,13,-9,13,-10,13,-10,12,-11,12,-11,12,-11,11,-12,11,-12,11,-12,0,0,21,-19,19,-20,18,-19,16,-18,16,-17,14,-17,13,-15,12,-18,13,-17,11,-15,9,-16,8,-17,7,-17,6,-16,6,-16,6,-16,6,-17,5,-15,5,-14,6,-14,6,-12,5,-13,6,-13,4,-11,5,-9,5,-10,5,-9,5,-10,0,0,0,0,0,0,0,0,0,0,0,0,0,0,16,-28,19,-25,21,-24,23,-23,24,-22,24,-21,27,-22,28,-20,29,-18,30,-17,32,-16,30,-15,30,-14,28,-13,28,-14,27,-14,27,-15,26,-15,25,-16,25,-17,23,-17,22,-18,22,-18,22,-21,22,-20,22,-20,22,-21,21,-19]"
618058123860200,39.673011800,91576,1893116640,-50,-98,6,0,1,7,0,0,256,0,0,"[0,0,-8,13,-7,12,-7,12,-7,11,-6,11,-5,11,-4,10,-4,10,-4,9,-3,10,-3,9,-2,9,-1,9,-1,8,-1,9,-1,8,0,9,-1,8,-1,8,-1,7,-1,7,-1,7,-1,6,-2,6,-1,6,-2,5,0,0,0,0,0,0,0,0,0,0,0,0,0,0,0,0,0,0,0,0,0,0,-8,15,-9,15,-9,15,-10,14,-11,15,-13,14,-14,14,-14,13,-14,13,-14,12,-14,11,-14,11,-13,11,-13,11,-12,11,-11,12,-11,11,-11,12,-10,12,-10,13,-9,13,-9,13,-9,14,-8,13,-8,13,-8,13,0,0,-23,50,-20,49,-20,49,-20,45,-16,44,-13,42,-11,40,-10,41,-9,36,-5,36,-4,34,1,35,1,35,0,35,1,33,1,32,1,30,2,31,2,29,1,29,2,28,0,28,-1,25,0,24,-2,23,-1,21,-2,21,-4,20,0,0,0,0,0,0,0,0,0,0,0,0,0,0,-9,60,-14,62,-19,58,-25,57,-28,59,-33,59,-36,58,-40,61,-43,56,-45,55,-45,52,-43,53,-46,49,-43,50,-43,47,-39,48,-40,47,-34,46,-35,48,-33,48,-30,52,-30,50,-29,52,-26,54,-25,54,-21,54,-22,54,-23,52]"
618058142965000,39.692116600,91577,1893136553,-50,-98,6,0,1,7,0,0,256,0,0,"[0,0,-4,14,-3,14,-3,13,-3,13,-2,12,-2,12,-2,11,-1,11,-1,10,0,9,0,9,1,9,1,9,2,8,1,8,1,8,2,8,1,8,1,7,1,7,1,7,1,7,1,6,1,6,1,6,0,5,0,0,0,0,0,0,0,0,0,0,0,0,0,0,0,0,0,0,0,0,0,0,-2,16,-4,17,-4,17,-6,17,-6,17,-7,17,-9,17,-10,16,-10,16,-9,16,-9,15,-9,15,-9,14,-9,14,-8,14,-8,14,-7,14,-7,14,-6,15,-5,14,-5,15,-5,15,-5,15,-4,15,-3,15,-4,15,0,0,-8,27,-8,24,-8,25,-6,23,-5,24,-5,21,-4,21,-3,20,-2,19,-1,17,0,18,0,17,1,17,2,16,2,16,1,15,2,17,2,15,1,14,1,14,2,13,1,13,0,12,1,11,0,11,-1,10,-2,10,-2,10,0,0,0,0,0,0,0,0,0,0,0,0,0,0,-1,31,-4,31,-7,29,-8,31,-9,30,-11,31,-14,31,-15,32,-16,32,-18,30,-18,28,-20,28,-20,27,-20,26,-19,24,-17,25,-17,25,-15,24,-14,25,-13,26,-13,27,-11,28,-11,28,-11,27,-10,28,-10,28,-8,28,-9,27]"
618058161061500,39.710213100,91578,1893156488,-50,-98,6,0,1,7,0,0,256,0,0,"[0,0,7,13,6,12,7,12,6,11,6,10,6,10,6,9,7,9,7,8,7,7,7,6,7,6,7,6,7,6,7,5,7,5,7,5,6,5,6,4,6,5,6,4,5,4,5,4,5,4,4,4,4,4,0,0,0,0,0,0,0,0,0,0,0,0,0,0,0,0,0,0,0,0,0,0,8,14,8,15,7,16,7,16,6,18,5,18,4,18,3,18,3,19,3,19,2,18,2,17,2,17,2,17,3,16,3,15,4,15,4,15,5,14,5,14,6,14,6,15,7,15,7,14,7,14,7,14,0,0,12,24,12,25,12,22,12,21,11,20,12,19,11,17,12,16,11,15,12,15,12,13,11,13,13,11,12,9,14,9,13,9,13,9,11,9,12,8,11,9,11,8,9,7,9,8,8,8,7,8,7,7,7,8,5,7,0,0,0,0,0,0,0,0,0,0,0,0,0,0,19,25,16,26,15,27,13,27,13,30,12,28,10,32,8,32,8,33,6,35,5,33,3,35,2,33,2,32,2,31,3,29,3,28,6,29,7,27,7,29,8,27,9,26,9,28,12,27,12,28,12,27,11,26,11,26]"
618058182911300,39.732062900,91579,1893176498,-50,-98,6,0,1,7,0,0,256,0,0,"[0,0,6,-14,5,-15,4,-13,4,-14,4,-13,3,-12,3,-12,2,-12,2,-11,1,-11,0,-11,-1,-10,-1,-10,-1,-10,-1,-10,-1,-9,-1,-9,-1,-9,-1,-9,-1,-9,0,-8,-1,-8,0,-8,0,-7,0,-7,0,-7,0,0,0,0,0,0,0,0,0,0,0,0,0,0,0,0,0,0,0,0,0,0,4,-18,6,-17,7,-18,7,-17,9,-18,10,-17,11,-16,12,-16,12,-15,12,-15,11,-14,11,-14,11,-14,10,-14,10,-14,9,-14,8,-14,8,-14,8,-15,7,-15,7,-15,7,-15,6,-15,6,-16,5,-16,6,-15,0,0,11,-26,9,-26,9,-25,8,-23,7,-23,7,-22,6,-21,6,-21,5,-20,2,-19,0,-19,0,-19,-1,-18,-2,-18,-1,-16,-1,-17,-2,-17,-1,-16,-1,-15,0,-15,0,-14,0,-15,0,-13,1,-12,0,-11,1,-11,2,-11,2,-11,0,0,0,0,0,0,0,0,0,0,0,0,0,0,3,-31,6,-31,8,-30,12,-30,13,-30,14,-30,16,-31,18,-30,21,-28,22,-27,23,-26,22,-26,22,-27,20,-26,20,-25,19,-25,19,-25,17,-24,17,-25,16,-24,15,-26,14,-26,15,-26,13,-26,12,-27,10,-28,10,-28,11,-27]"
618058207791700,39.756943300,91580,1893202241,-51,-98,6,0,1,7,0,0,256,0,0,"[0,0,-15,1,-14,1,-14,1,-14,1,-13,1,-12,1,-11,2,-11,2,-10,2,-10,3,-9,3,-9,3,-8,4,-8,4,-8,4,-8,4,-7,4,-8,4,-8,4,-8,3,-7,3,-7,3,-6,2,-6,2,-6,2,-6,2,0,0,0,0,0,0,0,0,0,0,0,0,0,0,0,0,0,0,0,0,0,0,-17,2,-17,1,-17,0,-18,0,-18,-1,-19,-2,-19,-3,-19,-4,-18,-5,-18,-5,-17,-5,-17,-5,-16,-5,-16,-4,-16,-4,-15,-3,-16,-3,-16,-2,-16,-1,-16,-1,-16,-1,-16,0,-16,0,-16,0,-16,1,-16,1,0,0,-27,11,-25,10,-23,9,-22,10,-22,10,-20,10,-19,10,-18,11,-17,10,-15,12,-14,11,-13,12,-13,11,-12,12,-12,12,-12,12,-11,12,-11,11,-11,12,-11,11,-10,9,-9,9,-9,8,-10,7,-10,7,-9,6,-9,6,-10,5,0,0,0,0,0,0,0,0,0,0,0,0,0,0,-23,16,-28,15,-28,13,-30,13,-30,11,-31,10,-33,8,-35,7,-36,6,-36,5,-35,3,-34,2,-34,1,-33,1,-31,1,-30,2,-31,3,-30,3,-30,5,-29,5,-29,8,-28,8,-28,8,-29,10,-29,10,-28,10,-28,9,-27,10]"
618058228717900,39.777869500,91581,1893222663,-51,-98,6,0,1,7,0,0,256,0,0,"[0,0,-4,14,-3,14,-4,14,-3,12,-2,13,-2,12,-1,11,-1,11,-1,10,0,9,0,9,1,9,1,9,1,9,1,8,1,9,2,8,1,8,1,8,1,8,1,7,1,7,1,7,0,6,0,6,0,6,0,0,0,0,0,0,0,0,0,0,0,0,0,0,0,0,0,0,0,0,0,0,-3,17,-4,17,-5,17,-5,17,-6,17,-7,18,-9,17,-9,17,-10,17,-10,16,-10,15,-9,15,-9,15,-9,14,-9,15,-8,14,-8,14,-7,14,-6,15,-5,15,-5,15,-5,16,-5,15,-4,15,-4,16,-4,16,0,0,0,28,0,27,0,25,1,25,1,23,2,22,3,21,3,20,4,19,4,18,4,17,5,17,6,16,7,15,8,15,7,14,7,15,7,14,7,14,6,13,5,13,5,12,4,12,4,11,3,11,3,10,2,10,1,10,0,0,0,0,0,0,0,0,0,0,0,0,0,0,6,28,3,31,1,30,0,30,1,32,-3,31,-3,34,-5,33,-6,33,-9,33,-9,33,-11,33,-12,31,-12,30,-11,29,-10,29,-9,28,-7,28,-6,28,-6,29,-4,28,-3,29,-3,29,-1,30,-2,30,-1,30,-1,29,-1,29]"
618058245897600,39.795049200,91582,1893240476,-51,-98,6,0,1,6,0,0,256,0,0,"[0,0,-9,-11,-9,-12,-9,-11,-8,-10,-8,-10,-8,-9,-8,-9,-8,-8,-8,-7,-8,-6,-8,-6,-8,-6,-8,-5,-8,-5,-8,-5,-8,-4,-8,-4,-8,-4,-7,-4,-7,-4,-7,-4,-6,-4,-6,-5,-5,-4,-5,-4,-5,-4,0,0,0,0,0,0,0,0,0,0,0,0,0,0,0,0,0,0,0,0,0,0,-11,-12,-11,-13,-11,-14,-10,-15,-10,-15,-9,-16,-9,-16,-8,-17,-7,-17,-6,-16,-7,-16,-6,-16,-6,-16,-6,-15,-6,-15,-6,-14,-7,-14,-7,-14,-8,-14,-8,-13,-8,-13,-9,-13,-9,-13,-10,-13,-10,-12,-9,-12,0,0,-17,-22,-16,-24,-17,-21,-15,-19,-15,-18,-15,-17,-14,-16,-14,-15,-14,-13,-14,-12,-15,-11,-15,-10,-15,-9,-15,-9,-15,-8,-15,-8,-15,-7,-14,-7,-14,-7,-13,-8,-12,-8,-11,-8,-11,-7,-10,-8,-10,-6,-9,-7,-9,-6,-8,-7,0,0,0,0,0,0,0,0,0,0,0,0,0,0,-24,-19,-22,-23,-20,-24,-20,-26,-19,-27,-18,-28,-17,-30,-16,-33,-15,-32,-13,-33,-12,-32,-10,-32,-10,-33,-10,-32,-9,-31,-10,-28,-11,-29,-12,-26,-13,-27,-13,-26,-13,-26,-15,-25,-16,-26,-16,-26,-17,-25,-17,-24,-17,-24,-17,-24]"
618058263025100,39.812176700,91583,1893258205,-51,-98,6,0,1,7,0,0,256,0,0,"[0,0,8,11,8,11,8,11,7,10,8,9,7,9,8,8,7,7,7,7,7,6,7,5,7,5,8,5,7,4,7,4,7,4,7,4,7,3,7,3,6,3,6,3,5,3,5,4,5,3,5,3,4,3,0,0,0,0,0,0,0,0,0,0,0,0,0,0,0,0,0,0,0,0,0,0,11,12,11,13,10,14,10,14,9,16,9,16,8,17,8,17,7,17,6,17,5,17,5,16,5,16,5,16,6,15,6,14,6,14,6,14,7,13,8,13,8,13,9,13,8,13,8,13,9,13,8,12,0,0,21,17,20,16,20,16,19,14,19,13,18,12,17,12,17,10,17,9,17,7,17,6,17,5,16,5,16,4,16,4,16,4,15,3,15,4,14,4,14,4,13,4,12,4,11,4,11,4,10,4,10,4,9,5,8,5,0,0,0,0,0,0,0,0,0,0,0,0,0,0,27,10,27,14,25,16,25,18,24,19,24,21,23,22,23,25,21,26,20,28,18,28,18,27,19,27,17,26,17,25,17,24,18,24,17,22,18,22,19,21,19,21,20,21,20,20,21,20,21,19,23,18,22,18,22,18]"
618058283922300,39.833073900,91584,1893279064,-51,-98,6,0,1,7,0,0,256,0,0,"[0,0,-11,12,-10,11,-10,10,-9,10,-8,10,-7,10,-7,9,-6,9,-6,9,-5,9,-5,8,-4,9,-3,8,-3,9,-3,8,-3,8,-3,8,-3,8,-3,8,-3,7,-3,7,-3,7,-3,6,-3,6,-3,5,-3,4,0,0,0,0,0,0,0,0,0,0,0,0,0,0,0,0,0,0,0,0,0,0,-10,14,-11,13,-12,13,-13,12,-13,12,-15,12,-15,11,-16,11,-16,10,-16,10,-16,9,-16,9,-15,9,-15,9,-14,9,-14,9,-13,10,-13,10,-12,10,-12,10,-12,11,-12,11,-12,12,-11,12,-11,12,-11,11,0,0,-38,44,-36,40,-37,40,-32,37,-30,36,-27,37,-25,35,-22,35,-21,34,-19,32,-18,32,-14,34,-13,32,-12,33,-12,31,-11,31,-9,31,-11,29,-10,28,-10,28,-10,25,-10,25,-10,23,-10,22,-11,20,-11,18,-11,16,-14,16,0,0,0,0,0,0,0,0,0,0,0,0,0,0,-29,53,-34,52,-39,51,-41,50,-44,50,-47,48,-51,47,-56,45,-56,43,-60,41,-61,38,-60,37,-59,34,-57,32,-55,33,-53,32,-53,32,-50,33,-49,36,-48,36,-46,38,-43,41,-43,41,-43,43,-42,43,-41,44,-41,45,-40,42]"
618058303336200,39.852487800,91585,1893296600,-50,-98,6,0,1,7,0,0,256,0,0,"[0,0,-11,9,-11,8,-10,8,-10,8,-9,8,-8,8,-8,7,-7,8,-6,7,-6,7,-6,7,-5,7,-5,7,-4,7,-4,7,-4,7,-3,7,-4,7,-4,6,-4,6,-4,6,-3,5,-4,5,-3,5,-4,4,-4,4,0,0,0,0,0,0,0,0,0,0,0,0,0,0,0,0,0,0,0,0,0,0,-13,10,-13,10,-14,10,-14,9,-15,9,-16,8,-16,8,-17,7,-17,6,-17,6,-17,5,-16,5,-15,5,-15,5,-14,5,-14,6,-14,6,-14,7,-13,7,-13,8,-13,8,-12,9,-13,9,-12,8,-12,8,-12,8,0,0,-22,19,-20,19,-17,17,-17,17,-17,17,-14,16,-13,16,-12,16,-11,15,-10,15,-9,15,-8,16,-7,15,-7,15,-6,15,-6,15,-6,15,-6,14,-6,13,-6,13,-7,12,-6,12,-5,11,-4,10,-5,10,-5,9,-6,9,-7,9,0,0,0,0,0,0,0,0,0,0,0,0,0,0,-17,26,-20,24,-21,22,-24,22,-24,21,-27,21,-28,20,-31,19,-31,17,-32,17,-31,14,-32,14,-31,12,-31,12,-29,13,-28,13,-27,14,-26,14,-26,15,-25,16,-24,17,-23,17,-24,17,-23,19,-23,18,-22,20,-21,20,-22,19]"
618058327822400,39.876974000,91586,1893319437,-51,-98,6,0,1,7,0,0,256,0,0,"[0,0,-2,-15,-2,-15,-3,-15,-2,-14,-3,-14,-3,-13,-4,-12,-3,-11,-4,-11,-4,-10,-5,-10,-5,-9,-6,-9,-5,-8,-5,-8,-5,-8,-6,-8,-5,-8,-5,-8,-5,-7,-4,-7,-4,-7,-4,-7,-4,-7,-3,-6,-3,-6,0,0,0,0,0,0,0,0,0,0,0,0,0,0,0,0,0,0,0,0,0,0,-4,-17,-3,-18,-3,-18,-2,-19,-1,-20,1,-20,1,-20,3,-20,3,-19,3,-19,3,-18,3,-18,3,-18,3,-17,2,-17,1,-17,1,-17,0,-17,0,-17,-1,-17,-1,-17,-1,-17,-2,-17,-2,-17,-3,-16,-2,-16,0,0,-6,-27,-6,-27,-5,-26,-5,-24,-6,-23,-6,-23,-6,-21,-6,-20,-7,-18,-9,-17,-9,-16,-10,-16,-10,-15,-10,-14,-11,-14,-11,-13,-12,-15,-10,-13,-10,-13,-9,-13,-8,-12,-8,-12,-7,-11,-7,-10,-7,-10,-7,-11,-5,-10,-5,-10,0,0,0,0,0,0,0,0,0,0,0,0,0,0,-12,-31,-9,-31,-7,-31,-5,-32,-3,-33,-2,-33,0,-35,1,-35,3,-35,5,-35,6,-33,6,-35,5,-33,6,-31,5,-31,3,-30,4,-30,3,-29,1,-29,1,-30,-1,-30,-1,-30,-2,-30,-3,-31,-3,-30,-4,-29,-5,-29,-4,-29]"
618058342053000,39.891204600,91587,1893336543,-50,-98,6,0,1,7,0,0,256,0,0,"[0,0,14,3,13,3,13,3,13,2,12,2,11,2,11,1,11,0,10,0,10,-1,9,-1,9,-1,9,-1,9,-2,9,-2,8,-3,8,-2,8,-3,8,-2,8,-2,7,-2,7,-1,6,-1,6,-1,6,-1,6,-1,0,0,0,0,0,0,0,0,0,0,0,0,0,0,0,0,0,0,0,0,0,0,16,3,16,4,16,5,16,5,16,7,17,8,16,8,16,9,16,10,14,10,14,10,14,10,13,9,13,9,13,8,13,7,13,7,14,7,14,6,14,5,14,5,15,4,15,4,15,4,15,4,15,4,0,0,26,8,25,8,24,6,22,5,22,4,22,4,21,3,19,2,19,1,19,-2,18,-1,17,-2,16,-3,16,-3,16,-3,16,-4,14,-3,16,-3,15,-3,14,-3,14,-2,12,-2,12,-2,11,-2,11,-1,10,-1,10,-1,10,1,0,0,0,0,0,0,0,0,0,0,0,0,0,0,30,1,30,4,30,6,31,8,30,11,30,12,30,13,30,16,30,17,30,19,27,20,27,19,27,19,26,19,25,18,24,17,25,17,25,14,26,13,25,13,26,13,26,11,27,10,27,10,29,9,28,8,26,8,28,9]"
618058363958400,39.913110000,91588,1893356641,-50,-98,6,0,1,7,0,0,256,0,0,"[0,0,-16,2,-15,2,-14,2,-14,2,-13,2,-12,3,-12,2,-11,3,-10,3,-11,4,-10,4,-9,4,-9,4,-8,4,-9,5,-8,5,-8,4,-8,4,-8,4,-7,4,-7,4,-6,3,-7,3,-6,3,-6,2,-6,2,0,0,0,0,0,0,0,0,0,0,0,0,0,0,0,0,0,0,0,0,0,0,-18,4,-18,3,-19,2,-18,1,-19,0,-20,-1,-20,-2,-20,-3,-20,-3,-19,-3,-19,-3,-18,-4,-17,-3,-17,-3,-17,-3,-17,-2,-17,-2,-17,-1,-16,0,-17,0,-17,1,-17,1,-18,2,-16,2,-16,2,-16,2,0,0,-27,5,-27,6,-25,6,-24,7,-22,7,-20,7,-20,7,-20,8,-19,7,-17,9,-16,9,-15,9,-13,9,-13,9,-13,10,-14,10,-13,10,-12,10,-13,8,-12,9,-12,7,-11,8,-11,7,-10,6,-11,6,-10,5,-10,4,-10,4,0,0,0,0,0,0,0,0,0,0,0,0,0,0,-28,14,-29,13,-30,9,-32,7,-32,7,-32,6,-35,5,-36,1,-35,1,-36,-1,-36,-3,-35,-3,-33,-4,-32,-4,-31,-2,-31,-3,-31,-1,-31,-1,-29,0,-31,1,-29,3,-29,4,-29,4,-29,5,-30,6,-29,7,-30,7,-29,7]"
618058381946400,39.931098000,91589,1893376648,-50,-98,6,0,1,7,0,0,256,0,0,"[0,0,6,13,5,13,6,12,6,11,6,11,5,10,5,9,6,9,6,8,6,8,6,7,6,7,6,6,6,5,6,5,6,5,6,5,6,4,6,5,6,5,5,4,5,4,5,4,4,4,4,4,4,4,0,0,0,0,0,0,0,0,0,0,0,0,0,0,0,0,0,0,0,0,0,0,7,14,7,15,6,16,5,17,5,18,3,18,3,18,2,19,2,18,1,18,1,18,1,17,1,16,1,16,1,16,2,15,3,15,3,15,3,15,4,14,4,15,5,15,6,15,6,14,6,14,6,14,0,0,17,22,17,21,16,19,16,19,15,17,15,16,15,15,15,13,15,12,15,11,14,10,15,9,15,8,15,8,15,7,15,7,15,7,14,7,14,6,13,6,12,6,11,6,10,6,10,6,9,6,9,6,8,6,8,6,0,0,0,0,0,0,0,0,0,0,0,0,0,0,24,18,22,21,20,23,19,24,19,26,17,26,17,29,16,30,15,30,13,32,12,32,11,32,10,31,9,31,10,29,9,28,11,28,12,27,12,26,13,26,14,25,15,24,16,25,16,24,17,25,17,24,18,24,17,23]"
618058403837700,39.952989300,91590,1893396514,-50,-98,6,0,1,7,0,0,256,0,0,"[0,0,-8,12,-7,13,-6,12,-6,12,-5,11,-5,11,-4,10,-4,10,-3,9,-3,10,-3,9,-2,9,-2,9,-1,9,-1,9,-1,8,-1,8,-1,8,-1,8,-1,8,-1,7,-1,7,-1,6,-2,6,-2,5,-2,5,0,0,0,0,0,0,0,0,0,0,0,0,0,0,0,0,0,0,0,0,0,0,-8,15,-8,15,-9,15,-9,15,-11,15,-12,15,-12,14,-14,14,-13,13,-14,13,-14,12,-13,11,-13,11,-12,11,-12,11,-11,12,-10,11,-10,12,-9,12,-9,13,-9,13,-8,13,-9,14,-8,14,-8,14,-8,13,0,0,-4,56,-1,54,0,51,-1,48,2,47,2,45,3,44,5,41,6,39,8,36,11,35,12,34,12,33,13,31,13,31,13,29,14,30,13,29,12,28,11,28,9,26,9,25,9,24,8,23,7,21,6,21,5,21,4,21,0,0,0,0,0,0,0,0,0,0,0,0,0,0,14,58,9,61,3,61,-1,62,-4,64,-7,63,-10,68,-14,68,-19,66,-21,66,-23,65,-22,64,-22,63,-21,60,-20,60,-19,59,-19,57,-16,57,-15,56,-13,56,-10,58,-10,57,-8,58,-6,59,-4,59,-1,59,0,59,-1,59]"
618058429963100,39.979114700,91591,1893423302,-50,-98,6,0,1,7,0,0,256,0,0,"[0,0,15,1,14,0,14,0,13,0,12,0,12,-1,11,-1,11,-1,10,-2,10,-2,10,-3,9,-3,8,-4,8,-3,8,-4,8,-4,8,-4,8,-4,7,-4,7,-3,7,-3,6,-3,6,-3,6,-2,6,-2,5,-1,0,0,0,0,0,0,0,0,0,0,0,0,0,0,0,0,0,0,0,0,0,0,17,-1,17,0,18,1,17,1,18,3,18,4,18,4,18,5,18,6,17,7,17,6,16,7,16,7,16,6,15,5,15,4,15,4,15,3,15,3,16,2,15,2,16,1,16,1,15,1,15,1,16,1,0,0,27,0,26,-2,26,-2,25,-1,23,-1,21,-3,19,-3,19,-4,19,-5,19,-5,18,-6,16,-7,15,-7,15,-7,14,-7,15,-7,14,-7,13,-8,13,-7,13,-7,13,-6,11,-5,11,-6,11,-5,10,-4,10,-3,10,-3,10,-3,0,0,0,0,0,0,0,0,0,0,0,0,0,0,28,-9,31,-6,31,-3,32,-1,32,0,32,1,34,3,34,6,33,7,33,9,33,9,33,11,31,10,30,10,29,10,29,8,27,9,28,6,28,5,29,5,28,4,28,3,30,2,28,1,30,1,29,1,29,0,29,0]"
618058470671100,40.019822700,91592,1893461329,-51,-98,6,0,1,7,0,0,256,0,0,"[0,0,-15,-5,-15,-5,-13,-5,-14,-4,-12,-4,-12,-4,-12,-3,-11,-2,-11,-2,-11,-1,-11,0,-10,-1,-10,0,-9,0,-10,1,-9,1,-9,1,-8,1,-9,0,-9,0,-8,0,-8,0,-8,0,-7,0,-7,0,-6,0,0,0,0,0,0,0,0,0,0,0,0,0,0,0,0,0,0,0,0,0,0,0,-17,-5,-17,-6,-17,-7,-17,-8,-17,-9,-17,-10,-17,-11,-16,-11,-16,-12,-15,-12,-15,-12,-14,-12,-14,-11,-13,-11,-14,-10,-14,-9,-14,-9,-15,-9,-14,-8,-15,-7,-15,-7,-15,-7,-16,-7,-16,-6,-15,-6,-15,-6,0,0,-28,2,-28,1,-26,1,-25,2,-23,2,-23,3,-22,4,-21,4,-19,5,-19,6,-18,6,-17,7,-16,7,-16,8,-16,8,-15,8,-15,8,-14,7,-14,7,-14,7,-13,6,-13,6,-12,5,-12,4,-11,4,-11,3,-11,3,-11,2,0,0,0,0,0,0,0,0,0,0,0,0,0,0,-29,7,-31,4,-32,2,-31,1,-32,-1,-31,-2,-34,-4,-34,-5,-35,-6,-35,-8,-33,-10,-33,-9,-32,-10,-31,-10,-30,-10,-30,-8,-30,-7,-29,-7,-29,-6,-30,-5,-29,-3,-30,-2,-30,-1,-31,-1,-30,0,-30,0,-29,1,-30,1]"
618058490136800,40.039288400,91593,1893476551,-50,-98,6,0,1,7,0,0,256,0,0,"[0,0,-11,-11,-11,-11,-11,-10,-10,-9,-10,-9,-10,-8,-10,-8,-9,-7,-9,-6,-9,-6,-9,-5,-9,-5,-8,-4,-9,-4,-9,-4,-9,-3,-9,-4,-8,-3,-8,-3,-8,-3,-7,-3,-7,-4,-7,-4,-6,-4,-6,-3,-6,-4,0,0,0,0,0,0,0,0,0,0,0,0,0,0,0,0,0,0,0,0,0,0,-14,-11,-14,-12,-13,-12,-13,-13,-13,-14,-12,-15,-12,-16,-11,-17,-11,-16,-10,-16,-9,-16,-9,-16,-8,-16,-8,-15,-9,-15,-9,-14,-10,-13,-10,-13,-10,-13,-11,-12,-11,-12,-12,-12,-12,-12,-11,-12,-11,-12,-11,-11,0,0,-20,-20,-19,-19,-19,-18,-17,-16,-19,-16,-17,-15,-16,-14,-16,-13,-16,-11,-16,-9,-17,-9,-17,-8,-17,-8,-16,-7,-16,-5,-16,-6,-15,-5,-16,-6,-15,-5,-13,-6,-14,-5,-12,-6,-12,-5,-11,-6,-11,-5,-11,-7,-9,-6,-9,-5,0,0,0,0,0,0,0,0,0,0,0,0,0,0,-26,-16,-25,-20,-25,-20,-24,-25,-22,-24,-21,-27,-20,-27,-21,-30,-18,-30,-17,-31,-16,-32,-15,-30,-16,-30,-15,-30,-15,-29,-14,-27,-15,-28,-14,-25,-16,-26,-16,-23,-18,-24,-18,-24,-19,-23,-20,-24,-21,-22,-21,-22,-21,-21,-21,-22]"
618058506669900,40.055821500,91594,1893496511,-50,-98,6,0,1,7,0,0,256,0,0,"[0,0,-14,-8,-14,-8,-13,-8,-13,-7,-12,-6,-12,-6,-11,-5,-11,-5,-11,-4,-11,-3,-10,-3,-11,-2,-10,-2,-10,-2,-10,-1,-10,-1,-9,-1,-9,-1,-9,-1,-9,-1,-9,-1,-8,-2,-7,-2,-7,-2,-7,-2,-6,-2,0,0,0,0,0,0,0,0,0,0,0,0,0,0,0,0,0,0,0,0,0,0,-17,-8,-17,-9,-16,-9,-15,-10,-16,-12,-15,-12,-15,-13,-15,-14,-15,-14,-14,-15,-13,-14,-13,-14,-12,-14,-12,-13,-12,-12,-13,-12,-12,-11,-13,-11,-13,-11,-13,-10,-14,-10,-14,-9,-15,-9,-14,-9,-14,-9,-14,-8,0,0,-28,-12,-26,-12,-23,-10,-24,-9,-23,-9,-22,-8,-21,-7,-20,-6,-21,-4,-20,-3,-19,-2,-18,-2,-18,-2,-17,0,-18,0,-18,0,-17,1,-17,1,-16,0,-15,0,-15,0,-14,0,-13,-1,-11,-1,-12,-1,-12,-2,-11,-2,-10,-3,0,0,0,0,0,0,0,0,0,0,0,0,0,0,-31,-6,-30,-9,-30,-12,-30,-13,-30,-14,-29,-16,-30,-19,-29,-20,-28,-21,-27,-23,-26,-23,-27,-24,-26,-23,-25,-23,-23,-21,-23,-20,-24,-19,-25,-18,-25,-17,-25,-16,-25,-15,-26,-15,-25,-15,-27,-14,-27,-14,-26,-12,-27,-12,-27,-11]"
618058521882700,40.071034300,91595,1893516584,-50,-98,6,0,1,7,0,0,256,0,0,"[0,0,2,14,2,13,2,13,2,12,2,11,2,11,3,11,3,10,3,9,3,8,3,8,4,8,4,8,4,7,4,7,5,6,4,6,4,6,4,6,4,6,3,6,3,6,2,5,2,5,2,4,2,4,0,0,0,0,0,0,0,0,0,0,0,0,0,0,0,0,0,0,0,0,0,0,5,15,4,16,3,16,2,17,2,17,1,18,-1,18,-1,18,-2,18,-2,17,-2,17,-3,16,-3,16,-2,16,-2,16,-1,15,0,15,0,15,0,15,1,15,1,15,1,15,2,15,2,15,2,15,2,15,0,0,7,27,5,26,7,24,6,23,6,22,8,21,7,19,8,19,9,16,9,16,8,15,9,15,10,14,9,14,10,13,10,12,10,12,10,11,9,11,9,10,9,10,7,10,7,10,6,11,5,9,4,8,4,11,3,9,0,0,0,0,0,0,0,0,0,0,0,0,0,0,15,27,11,29,9,28,9,30,8,31,6,32,4,34,2,34,2,34,0,35,0,34,-2,34,-4,33,-4,31,-5,31,-3,30,-1,29,0,30,1,28,2,29,2,28,4,29,5,29,6,29,6,29,6,30,6,29,6,27]"
618058549258500,40.098410100,91596,1893541905,-50,-98,6,0,1,7,0,0,256,0,0,"[0,0,-7,12,-7,12,-6,11,-6,10,-5,10,-5,10,-5,10,-4,9,-3,9,-2,8,-2,8,-2,9,-1,8,-1,8,-1,8,-1,8,0,7,0,7,-1,7,-1,7,-1,7,-1,6,-1,6,-1,5,-1,5,-1,5,0,0,0,0,0,0,0,0,0,0,0,0,0,0,0,0,0,0,0,0,0,0,-6,14,-8,14,-8,14,-9,14,-10,14,-11,14,-12,13,-13,13,-13,12,-12,12,-12,12,-12,11,-12,11,-11,11,-11,11,-10,11,-10,11,-10,11,-9,12,-8,12,-9,12,-8,13,-8,12,-7,13,-7,13,-7,13,0,0,-31,48,-27,46,-27,46,-26,41,-24,42,-18,40,-18,41,-16,36,-15,36,-11,34,-11,33,-10,36,-7,34,-6,34,-4,30,-3,32,-3,33,-4,32,-5,28,-3,28,-5,27,-6,26,-5,24,-6,23,-7,22,-5,20,-7,19,-8,19,0,0,0,0,0,0,0,0,0,0,0,0,0,0,-20,58,-27,56,-31,55,-34,56,-36,53,-39,52,-43,53,-48,53,-50,50,-51,47,-53,47,-53,43,-54,41,-51,39,-49,38,-49,39,-46,40,-41,39,-43,42,-40,42,-39,45,-37,46,-36,47,-36,49,-34,47,-35,48,-32,48,-33,48]"
618058563638700,40.112790300,91597,1893557293,-51,-98,6,0,1,7,0,0,256,0,0,"[0,0,4,-15,3,-15,3,-14,3,-13,2,-13,2,-13,1,-12,1,-12,0,-11,0,-11,-1,-10,-1,-10,-1,-10,-2,-10,-2,-10,-2,-9,-2,-9,-2,-9,-2,-9,-1,-8,-1,-8,-2,-8,-1,-8,-1,-7,-1,-7,-1,-6,0,0,0,0,0,0,0,0,0,0,0,0,0,0,0,0,0,0,0,0,0,0,3,-17,4,-17,5,-18,5,-17,6,-18,8,-18,9,-17,10,-17,9,-16,10,-16,10,-16,10,-15,9,-15,9,-14,8,-14,7,-14,7,-14,7,-15,6,-15,5,-16,5,-15,5,-16,5,-16,4,-16,4,-15,4,-15,0,0,5,-27,3,-29,3,-26,4,-24,3,-24,2,-23,1,-22,0,-22,-1,-20,-3,-19,-4,-18,-4,-18,-5,-18,-4,-17,-5,-17,-5,-16,-5,-17,-5,-15,-5,-14,-4,-15,-3,-14,-2,-14,-3,-13,-3,-13,-2,-12,-3,-11,-1,-12,-1,-11,0,0,0,0,0,0,0,0,0,0,0,0,0,0,-4,-31,-1,-33,2,-32,4,-32,6,-34,6,-32,9,-34,11,-33,13,-34,15,-33,15,-31,15,-32,15,-31,14,-29,14,-28,12,-28,12,-27,12,-28,10,-27,10,-29,8,-28,8,-29,7,-29,6,-30,6,-30,4,-30,4,-29,5,-28]"
618058582006200,40.131157800,91598,1893576413,-50,-98,6,0,1,7,0,0,256,0,0,"[0,0,1,15,1,15,1,14,2,13,2,12,2,12,3,11,3,10,3,10,3,9,3,9,4,8,4,8,5,8,4,7,4,7,4,7,4,6,4,6,4,6,3,6,3,6,3,6,2,6,2,5,2,5,0,0,0,0,0,0,0,0,0,0,0,0,0,0,0,0,0,0,0,0,0,0,3,17,2,17,2,18,1,18,0,19,-1,19,-2,19,-3,19,-3,19,-4,18,-4,18,-4,17,-4,17,-3,16,-3,16,-2,16,-2,16,-1,16,-1,16,0,16,0,16,1,16,1,16,1,16,2,16,2,16,0,0,4,27,3,28,4,26,3,24,3,22,5,21,5,20,6,19,7,18,8,17,7,16,7,17,9,15,7,14,9,14,9,12,9,13,8,12,9,11,8,11,7,11,6,11,7,11,4,10,5,10,4,9,4,10,2,10,0,0,0,0,0,0,0,0,0,0,0,0,0,0,10,29,6,30,4,31,4,31,2,33,2,32,0,35,-2,34,-2,35,-4,35,-4,34,-8,34,-8,33,-9,32,-7,30,-7,29,-5,30,-4,29,-2,28,-2,30,-2,28,2,29,2,29,2,29,3,30,2,29,1,30,3,28]"
618058602368800,40.151520400,91599,1893597377,-50,-98,6,0,1,7,0,0,256,0,0,"[0,0,4,13,4,13,4,13,4,12,4,11,5,11,4,10,5,9,5,8,5,8,5,7,5,7,6,7,6,7,5,6,6,5,6,6,5,5,5,5,5,5,5,5,4,5,4,5,4,5,3,4,3,4,0,0,0,0,0,0,0,0,0,0,0,0,0,0,0,0,0,0,0,0,0,0,6,15,5,16,5,16,4,17,3,17,2,18,2,18,1,19,0,18,0,18,-1,18,-1,17,-1,17,0,16,0,16,1,15,1,15,2,15,2,16,3,15,3,15,4,15,4,15,4,15,4,15,4,15,0,0,7,27,7,27,6,23,7,23,7,22,8,21,8,20,7,18,9,17,9,16,9,15,10,14,9,14,10,12,10,12,11,11,11,12,10,11,10,10,10,10,9,10,8,9,7,10,6,9,7,9,5,9,5,9,4,8,0,0,0,0,0,0,0,0,0,0,0,0,0,0,14,27,12,28,9,29,8,29,8,32,6,31,4,34,3,33,2,35,-1,35,-1,34,-3,34,-4,33,-2,32,-3,30,-2,30,-1,28,1,30,2,28,2,30,3,29,4,28,4,29,4,29,5,29,7,30,7,28,7,28]"
618058622311400,40.171463000,91600,1893616621,-50,-98,6,0,1,7,0,0,256,0,0,"[0,0,-2,14,-2,14,-2,13,-2,13,-1,12,-1,12,0,11,1,11,0,10,1,10,2,9,2,9,2,8,2,8,3,8,3,8,3,8,3,7,2,7,2,7,2,6,2,7,1,6,1,6,1,5,0,5,0,0,0,0,0,0,0,0,0,0,0,0,0,0,0,0,0,0,0,0,0,0,-1,16,-2,16,-3,17,-4,17,-5,18,-5,18,-6,18,-8,17,-8,17,-8,17,-8,16,-8,15,-8,15,-7,15,-7,14,-6,14,-5,14,-5,15,-4,15,-3,15,-3,15,-3,15,-3,16,-2,15,-2,15,-2,15,0,0,-1,27,-1,26,-1,27,-1,23,0,23,1,22,1,21,3,20,2,18,4,16,4,17,4,17,5,16,6,16,6,14,6,14,5,14,6,14,6,13,5,13,4,12,4,12,4,11,4,11,3,10,2,10,2,10,0,10,0,0,0,0,0,0,0,0,0,0,0,0,0,0,6,30,2,31,1,30,-2,31,-3,33,-5,32,-6,33,-7,35,-10,34,-10,33,-12,31,-12,32,-12,31,-13,30,-12,29,-11,27,-10,28,-9,27,-8,27,-6,28,-6,29,-5,29,-4,29,-3,29,-3,29,-3,30,-2,29,-2,29]"
618058655722800,40.204874400,91601,1893647543,-50,-98,6,0,1,7,0,0,256,0,0,"[0,0,5,-13,4,-13,3,-12,4,-12,3,-11,3,-11,2,-10,2,-10,1,-10,1,-9,0,-9,0,-9,-1,-9,-1,-9,-1,-9,-1,-9,-1,-8,-1,-8,-1,-8,0,-8,0,-7,-1,-7,0,-7,0,-6,0,-6,0,-6,0,0,0,0,0,0,0,0,0,0,0,0,0,0,0,0,0,0,0,0,0,0,4,-15,5,-15,6,-15,6,-15,8,-15,8,-15,9,-15,10,-14,10,-14,11,-13,10,-12,10,-12,10,-12,9,-12,9,-12,8,-12,7,-12,8,-12,7,-12,6,-13,6,-13,6,-14,6,-14,5,-14,5,-13,5,-13,0,0,19,-48,20,-51,16,-50,16,-45,14,-45,11,-44,11,-41,8,-40,6,-37,2,-37,2,-35,-1,-36,1,-36,-2,-32,-3,-35,-3,-34,-4,-33,-4,-29,-3,-30,-4,-30,-2,-27,-1,-27,0,-26,-1,-25,0,-23,0,-22,2,-23,3,-21,0,0,0,0,0,0,0,0,0,0,0,0,0,0,6,-59,13,-61,18,-60,21,-60,25,-62,27,-61,31,-59,35,-59,36,-58,42,-56,40,-54,43,-53,42,-49,42,-50,38,-48,36,-46,37,-47,32,-47,32,-48,31,-48,31,-51,26,-53,25,-53,21,-54,22,-52,23,-55,21,-56,21,-54]"
618058668877000,40.218028600,91602,1893656520,-50,-98,6,0,1,7,0,0,256,0,0,"[0,0,-1,15,-1,14,-1,14,-1,13,-1,13,0,12,0,11,1,11,1,10,2,10,2,9,2,9,3,9,3,8,3,8,3,8,3,8,2,7,2,7,2,7,2,7,2,7,2,6,1,6,1,6,1,5,0,0,0,0,0,0,0,0,0,0,0,0,0,0,0,0,0,0,0,0,0,0,1,17,1,18,0,18,-1,18,-3,18,-3,19,-4,18,-5,19,-6,18,-6,18,-6,17,-6,17,-6,16,-6,16,-5,16,-5,15,-4,15,-4,15,-3,16,-3,16,-2,16,-2,16,-2,16,-1,16,-1,16,-1,15,0,0,-2,27,-3,27,-2,26,-2,24,-1,23,0,23,1,20,1,20,2,19,3,18,3,18,5,16,5,16,5,15,5,15,5,14,7,14,5,13,5,14,5,13,4,11,4,13,3,12,3,11,3,10,2,10,0,10,1,11,0,0,0,0,0,0,0,0,0,0,0,0,0,0,4,31,1,31,0,31,-2,30,-3,33,-5,32,-7,33,-9,34,-10,33,-12,34,-13,32,-14,32,-15,30,-14,29,-13,29,-12,28,-12,27,-10,27,-9,27,-8,28,-7,28,-5,29,-5,29,-4,29,-5,29,-3,29,-3,29,-4,27]"
618058691470700,40.240622300,91603,1893685982,-50,-98,6,0,1,7,0,0,256,0,0,"[0,0,13,7,12,6,12,6,12,5,11,5,11,4,10,4,10,3,10,2,10,2,9,1,9,1,9,0,9,0,9,0,9,-1,8,0,8,-1,8,-1,8,0,7,0,7,0,6,0,6,0,6,0,6,1,0,0,0,0,0,0,0,0,0,0,0,0,0,0,0,0,0,0,0,0,0,0,15,6,15,7,15,8,15,9,15,9,15,11,14,12,14,13,13,13,13,13,12,12,12,12,11,12,11,11,12,11,11,10,12,10,12,9,13,9,13,8,13,8,14,8,14,7,14,7,13,7,14,7,0,0,50,20,50,20,47,18,48,18,42,16,41,14,39,12,38,10,38,7,38,4,35,4,34,1,33,-1,31,-1,34,-2,33,-3,32,-4,32,-3,31,-2,30,0,28,0,26,0,26,1,23,-1,23,-1,21,2,22,2,21,2,0,0,0,0,0,0,0,0,0,0,0,0,0,0,61,7,64,15,61,19,57,23,59,25,56,27,61,33,59,38,58,39,56,44,54,44,51,47,51,45,49,45,45,41,48,39,44,38,48,36,49,31,49,32,49,30,51,28,50,28,53,26,54,28,53,25,52,23,54,23]"
618058718714300,40.267865900,91604,1893709542,-50,-98,6,0,1,7,0,0,256,0,0,"[0,0,-11,11,-10,10,-10,10,-9,10,-9,10,-8,9,-7,9,-7,9,-6,8,-6,8,-5,9,-4,8,-4,8,-3,9,-3,8,-3,8,-3,8,-3,8,-3,8,-3,7,-3,7,-3,7,-3,6,-3,6,-3,5,-3,5,0,0,0,0,0,0,0,0,0,0,0,0,0,0,0,0,0,0,0,0,0,0,-11,13,-13,13,-13,12,-14,12,-14,11,-17,11,-17,10,-18,9,-17,9,-17,8,-17,8,-16,8,-16,8,-15,8,-15,8,-14,9,-14,9,-13,9,-13,10,-13,10,-13,10,-12,11,-12,11,-12,11,-11,11,-12,11,0,0,-21,19,-19,19,-18,19,-17,17,-16,17,-16,15,-14,16,-14,16,-11,15,-10,15,-8,15,-7,16,-7,16,-6,16,-6,15,-6,15,-5,14,-6,14,-6,14,-5,13,-6,12,-5,13,-5,12,-5,11,-5,10,-5,8,-6,9,-6,10,0,0,0,0,0,0,0,0,0,0,0,0,0,0,-17,26,-20,26,-21,23,-23,22,-25,22,-24,21,-28,20,-30,19,-31,18,-32,16,-32,14,-31,15,-30,14,-29,14,-29,14,-26,14,-27,13,-26,14,-25,15,-26,15,-24,17,-23,17,-24,17,-24,18,-23,20,-22,21,-20,20,-22,20]"
618058733886600,40.283038200,91605,1893718876,-51,-98,6,0,1,7,0,0,256,0,0,"[0,0,0,-16,0,-15,0,-15,0,-14,-1,-14,-1,-13,-2,-13,-2,-12,-2,-11,-3,-10,-3,-10,-4,-10,-4,-10,-4,-9,-4,-8,-4,-9,-4,-8,-4,-9,-4,-8,-3,-8,-3,-7,-3,-7,-3,-7,-3,-7,-3,-6,-2,-6,0,0,0,0,0,0,0,0,0,0,0,0,0,0,0,0,0,0,0,0,0,0,-1,-18,0,-19,1,-18,2,-19,3,-19,4,-20,5,-19,6,-19,7,-18,6,-18,6,-18,6,-17,6,-17,5,-17,5,-17,4,-16,4,-16,3,-16,3,-17,2,-17,2,-17,2,-17,1,-17,0,-17,0,-17,1,-17,0,0,-6,-28,-7,-28,-7,-26,-7,-25,-7,-24,-7,-22,-7,-21,-9,-20,-8,-19,-10,-18,-10,-16,-10,-16,-12,-15,-11,-14,-11,-14,-11,-13,-11,-13,-11,-13,-10,-13,-10,-13,-9,-12,-9,-11,-8,-11,-8,-10,-7,-10,-6,-10,-6,-10,-5,-10,0,0,0,0,0,0,0,0,0,0,0,0,0,0,-13,-28,-10,-30,-9,-31,-6,-32,-5,-33,-3,-33,-2,-35,-1,-35,1,-35,3,-36,4,-35,4,-35,3,-34,4,-33,3,-32,2,-31,2,-31,1,-30,0,-30,-1,-30,-2,-30,-2,-30,-3,-30,-4,-31,-5,-30,-6,-30,-7,-30,-6,-30]"
618058744834700,40.293986300,91606,1893736606,-50,-98,6,0,1,7,0,0,256,0,0,"[0,0,-9,13,-8,12,-8,12,-7,11,-6,11,-6,10,-5,10,-5,10,-4,9,-3,9,-3,9,-2,9,-2,9,-1,9,-1,9,-1,9,-1,8,-1,9,-1,8,-2,7,-2,7,-1,7,-1,6,-1,6,-2,6,-2,5,0,0,0,0,0,0,0,0,0,0,0,0,0,0,0,0,0,0,0,0,0,0,-8,15,-10,15,-10,14,-12,15,-12,14,-14,15,-14,13,-15,13,-15,12,-15,12,-15,12,-14,11,-14,11,-13,11,-13,11,-12,11,-12,11,-11,11,-11,12,-10,12,-10,12,-10,13,-10,13,-9,14,-9,13,-9,13,0,0,-36,40,-36,41,-32,39,-28,37,-30,37,-25,36,-24,35,-21,36,-18,33,-16,32,-13,34,-11,32,-8,32,-9,34,-9,31,-8,30,-8,32,-8,29,-8,29,-9,26,-8,27,-9,26,-9,24,-8,23,-6,20,-8,19,-10,20,-11,18,0,0,0,0,0,0,0,0,0,0,0,0,0,0,-28,54,-35,53,-41,49,-43,47,-44,51,-46,47,-52,45,-55,42,-57,40,-60,38,-59,37,-62,34,-58,33,-58,30,-54,30,-53,31,-53,33,-49,34,-46,36,-46,35,-45,37,-43,40,-44,42,-41,42,-41,43,-38,45,-38,45,-40,42]"
618058764073200,40.313224800,91607,1893762921,-49,-98,6,0,1,5,0,0,256,0,0,"[0,0,-16,1,-15,1,-14,1,-14,1,-13,1,-13,2,-12,2,-12,2,-11,3,-10,3,-10,4,-9,3,-9,4,-9,4,-9,4,-8,4,-8,4,-8,4,-8,4,-8,4,-7,3,-7,3,-7,3,-6,2,-7,2,-6,2,0,0,0,0,0,0,0,0,0,0,0,0,0,0,0,0,0,0,0,0,0,0,-17,3,-18,2,-18,1,-19,0,-19,-1,-20,-2,-20,-3,-20,-3,-20,-4,-19,-4,-18,-4,-18,-5,-17,-4,-17,-4,-17,-3,-17,-3,-17,-2,-17,-2,-17,-1,-16,-1,-17,0,-17,0,-17,0,-17,1,-17,1,-17,1,0,0,-29,4,-27,3,-27,3,-23,4,-24,4,-22,5,-20,4,-20,6,-20,6,-18,8,-17,7,-17,8,-15,8,-16,8,-15,8,-16,9,-13,9,-14,8,-13,8,-13,6,-13,7,-12,7,-12,6,-10,6,-11,4,-11,4,-10,4,-10,3,0,0,0,0,0,0,0,0,0,0,0,0,0,0,-28,13,-31,9,-32,7,-32,6,-32,3,-34,3,-34,0,-37,-2,-36,-2,-36,-5,-35,-6,-34,-6,-34,-6,-33,-7,-32,-6,-30,-5,-31,-4,-29,-4,-31,-3,-29,-2,-30,-1,-29,0,-29,1,-29,2,-30,2,-30,3,-29,3,-29,3]"
618058783220100,40.332371700,91608,1893776509,-50,-98,6,0,1,7,0,0,256,0,0,"[0,0,-3,14,-3,14,-2,13,-2,13,-1,12,-1,11,-1,11,0,10,0,10,0,10,1,9,1,9,2,9,2,8,2,8,2,8,2,8,2,7,2,7,1,7,1,7,1,7,1,6,1,6,0,6,0,5,0,0,0,0,0,0,0,0,0,0,0,0,0,0,0,0,0,0,0,0,0,0,-1,17,-1,17,-2,17,-4,17,-4,18,-6,17,-7,17,-7,17,-8,17,-8,17,-8,16,-8,15,-8,15,-7,15,-6,15,-6,15,-6,14,-5,15,-5,14,-4,15,-4,15,-4,15,-3,16,-3,15,-2,15,-3,15,0,0,4,27,4,26,4,25,5,23,4,23,5,21,5,21,6,19,7,18,7,17,8,16,8,15,8,15,9,15,9,13,9,13,9,13,9,13,8,12,8,12,7,12,7,11,6,10,5,10,5,10,5,10,4,9,3,10,0,0,0,0,0,0,0,0,0,0,0,0,0,0,12,27,8,29,6,30,5,31,4,31,3,33,1,33,-1,35,-2,34,-4,35,-5,34,-6,33,-6,32,-7,31,-6,30,-5,30,-4,30,-3,28,-2,29,-2,28,0,29,1,29,2,29,3,29,2,29,3,29,3,29,4,29]"
618058803515100,40.352666700,91609,1893796413,-50,-98,6,0,1,7,0,0,256,0,0,"[0,0,-12,10,-10,10,-10,10,-10,9,-9,9,-9,9,-8,9,-7,9,-7,8,-6,9,-5,9,-5,8,-4,8,-3,9,-4,8,-4,8,-3,8,-3,8,-3,8,-4,7,-4,7,-3,6,-3,6,-3,6,-3,6,-3,5,0,0,0,0,0,0,0,0,0,0,0,0,0,0,0,0,0,0,0,0,0,0,-11,13,-13,13,-13,13,-14,12,-15,12,-16,11,-17,10,-17,9,-18,9,-17,8,-17,8,-16,8,-16,8,-15,8,-15,8,-14,9,-14,9,-14,9,-13,10,-13,10,-13,10,-12,10,-13,11,-12,11,-12,11,-12,11,0,0,-20,20,-18,19,-17,19,-16,18,-15,18,-14,17,-11,18,-11,17,-10,17,-9,16,-8,15,-7,16,-6,16,-6,16,-5,15,-5,14,-4,15,-5,15,-4,15,-4,13,-4,13,-4,12,-4,12,-4,12,-5,11,-4,10,-5,10,-6,9,0,0,0,0,0,0,0,0,0,0,0,0,0,0,-14,26,-18,26,-21,25,-21,24,-23,24,-25,23,-28,22,-29,22,-29,20,-31,19,-31,18,-31,16,-30,15,-29,16,-28,15,-27,15,-27,15,-25,16,-24,16,-24,17,-23,19,-22,19,-22,20,-22,21,-21,20,-22,21,-20,22,-20,20]"
618058827127700,40.376279300,91610,1893820850,-50,-98,6,0,1,7,0,0,256,0,0,"[0,0,8,12,8,11,7,10,8,10,7,10,7,8,8,8,7,7,7,7,8,6,7,5,7,5,8,5,7,4,8,4,7,4,7,4,8,3,7,3,7,4,6,3,5,4,5,4,5,3,5,3,4,3,0,0,0,0,0,0,0,0,0,0,0,0,0,0,0,0,0,0,0,0,0,0,11,12,11,13,10,14,9,15,9,16,8,16,8,17,7,18,6,18,5,18,5,17,5,16,5,16,5,15,5,15,6,15,6,14,7,14,7,14,8,14,8,13,8,13,9,14,9,13,9,13,9,12,0,0,21,17,21,16,20,16,19,14,19,13,18,11,18,11,18,9,17,8,17,8,17,6,16,5,16,4,16,4,17,4,16,3,15,3,15,3,15,3,14,4,13,3,13,3,12,3,11,4,10,4,9,4,9,4,9,5,0,0,0,0,0,0,0,0,0,0,0,0,0,0,27,11,26,15,25,16,25,18,24,20,23,21,23,22,23,25,22,26,21,27,20,27,19,28,18,28,17,27,16,25,16,24,17,23,17,22,18,22,19,21,20,21,20,20,21,19,22,19,22,19,22,19,22,19,22,17]"
618058844351700,40.393503300,91611,1893836556,-50,-98,6,0,1,7,0,0,256,0,0,"[0,0,-1,-16,-1,-15,-2,-15,-2,-14,-2,-14,-2,-13,-3,-13,-3,-12,-3,-11,-4,-10,-4,-10,-5,-10,-5,-9,-5,-9,-5,-8,-5,-8,-5,-8,-5,-8,-4,-8,-4,-8,-4,-7,-4,-7,-4,-7,-4,-7,-3,-6,-3,-6,0,0,0,0,0,0,0,0,0,0,0,0,0,0,0,0,0,0,0,0,0,0,-4,-18,-2,-19,-1,-19,-1,-19,0,-20,2,-20,3,-20,4,-20,5,-19,4,-19,4,-18,4,-18,4,-18,3,-18,3,-17,2,-16,2,-16,2,-16,1,-17,1,-17,0,-17,0,-17,-1,-17,-2,-17,-2,-16,-1,-16,0,0,0,-28,-1,-27,-1,-26,-1,-25,-2,-24,-2,-22,-4,-21,-4,-19,-5,-19,-5,-18,-5,-18,-7,-16,-7,-17,-7,-17,-7,-15,-8,-14,-8,-15,-7,-14,-8,-14,-7,-13,-6,-13,-5,-13,-5,-12,-4,-12,-3,-10,-4,-10,-3,-10,-1,-10,0,0,0,0,0,0,0,0,0,0,0,0,0,0,-8,-30,-6,-30,-4,-31,-1,-32,0,-32,2,-32,4,-33,5,-35,7,-34,7,-34,10,-33,9,-32,10,-31,10,-30,9,-30,9,-29,8,-29,6,-28,7,-28,5,-29,4,-29,3,-29,2,-29,1,-30,0,-29,1,-30,0,-29,0,-28]"
618058868345800,40.417497400,91612,1893865609,-50,-98,6,0,1,7,0,0,256,0,0,"[0,0,7,-14,6,-13,6,-13,5,-13,5,-12,4,-12,4,-12,3,-11,3,-10,2,-10,2,-10,1,-10,1,-10,0,-10,0,-10,0,-9,0,-9,0,-9,0,-9,1,-9,0,-8,1,-8,0,-8,1,-7,1,-6,1,-6,0,0,0,0,0,0,0,0,0,0,0,0,0,0,0,0,0,0,0,0,0,0,6,-17,7,-16,8,-16,9,-16,10,-16,11,-16,12,-15,12,-15,13,-14,13,-14,13,-13,12,-13,12,-13,11,-13,11,-12,10,-12,10,-12,10,-13,9,-14,8,-14,8,-14,8,-14,8,-14,7,-15,7,-14,8,-15,0,0,18,-21,16,-23,15,-21,14,-20,15,-19,11,-20,12,-19,10,-19,9,-17,8,-18,7,-17,5,-18,5,-18,4,-17,4,-17,3,-17,3,-17,3,-16,3,-15,4,-15,3,-15,4,-14,3,-13,4,-12,3,-12,4,-11,4,-11,5,-10,0,0,0,0,0,0,0,0,0,0,0,0,0,0,13,-29,16,-27,17,-26,20,-25,21,-26,21,-24,24,-25,26,-24,27,-22,29,-19,29,-19,29,-19,28,-18,28,-17,27,-17,24,-17,24,-18,24,-18,23,-19,22,-20,21,-20,21,-22,21,-21,19,-22,20,-23,20,-23,18,-24,19,-21]"
618058882869900,40.432021500,91613,1893878814,-50,-98,6,0,1,7,0,0,256,0,0,"[0,0,2,-15,2,-15,2,-15,2,-14,1,-13,1,-12,0,-12,0,-11,0,-11,-1,-11,-1,-10,-2,-10,-3,-10,-3,-10,-2,-9,-2,-9,-3,-9,-3,-9,-2,-8,-2,-8,-2,-8,-2,-8,-2,-8,-2,-7,-1,-6,-1,-6,0,0,0,0,0,0,0,0,0,0,0,0,0,0,0,0,0,0,0,0,0,0,1,-18,2,-18,3,-18,3,-18,5,-18,6,-18,6,-18,8,-18,8,-17,8,-17,8,-16,8,-16,7,-16,7,-16,6,-15,6,-15,6,-15,5,-15,4,-16,4,-16,4,-16,3,-16,3,-16,2,-16,2,-16,3,-16,0,0,9,-27,8,-26,9,-25,7,-23,6,-23,6,-22,4,-23,3,-21,3,-20,1,-19,0,-18,-1,-18,-1,-18,-2,-19,-2,-18,-2,-17,-3,-17,-3,-17,-3,-15,-3,-14,-2,-14,-2,-14,-1,-13,-1,-13,-1,-12,0,-11,1,-11,2,-11,0,0,0,0,0,0,0,0,0,0,0,0,0,0,2,-32,6,-32,9,-31,10,-31,12,-31,13,-30,15,-31,17,-32,18,-30,20,-29,22,-28,21,-27,20,-27,19,-26,19,-26,18,-25,18,-25,15,-25,16,-26,14,-25,13,-26,12,-26,12,-28,11,-28,11,-29,11,-29,11,-28,10,-28]"
618058901265200,40.450416800,91614,1893896620,-50,-98,6,0,1,7,0,0,256,0,0,"[0,0,11,10,10,10,10,9,10,8,10,8,9,7,9,6,9,6,9,5,9,4,9,3,8,3,9,3,8,2,9,2,8,2,8,2,8,2,8,2,8,2,7,2,6,3,6,2,5,2,5,2,5,2,0,0,0,0,0,0,0,0,0,0,0,0,0,0,0,0,0,0,0,0,0,0,14,9,13,11,13,12,13,12,12,13,12,14,11,15,11,16,10,16,10,16,9,15,9,15,9,14,9,14,8,14,9,13,9,12,10,12,10,12,10,12,11,11,11,11,12,11,12,11,11,10,11,10,0,0,21,19,19,18,19,17,19,15,18,15,17,13,18,11,16,10,17,9,15,7,16,7,15,6,15,5,16,5,15,5,16,4,15,4,16,4,14,4,14,4,13,4,12,4,11,3,10,5,11,3,10,4,8,5,8,5,0,0,0,0,0,0,0,0,0,0,0,0,0,0,27,13,26,17,25,19,25,21,23,21,22,24,22,25,21,28,20,28,19,29,17,30,16,28,16,28,16,28,15,26,14,26,16,26,15,24,17,24,17,23,19,23,19,21,19,20,20,22,20,20,21,20,21,19,21,21]"
618058922736600,40.471888200,91615,1893916894,-50,-98,6,0,1,7,0,0,256,0,0,"[0,0,8,12,8,11,8,11,8,9,7,9,7,8,7,8,7,7,7,7,7,6,7,5,7,5,8,4,8,4,8,4,8,4,7,3,7,3,7,3,7,3,6,3,6,3,5,3,5,3,5,3,4,3,0,0,0,0,0,0,0,0,0,0,0,0,0,0,0,0,0,0,0,0,0,0,11,13,10,13,9,15,9,15,8,16,8,17,6,17,6,17,5,18,5,17,5,17,5,16,5,16,5,15,5,15,5,15,6,14,7,14,7,14,7,13,7,13,8,13,8,13,9,13,9,12,9,12,0,0,16,23,15,20,17,19,15,18,15,17,15,15,14,15,13,14,15,12,14,11,15,9,14,9,14,8,15,8,15,7,14,6,14,7,14,6,14,6,13,6,13,8,11,6,11,6,10,6,10,5,9,6,8,6,6,6,0,0,0,0,0,0,0,0,0,0,0,0,0,0,25,18,23,20,23,22,20,24,20,25,19,26,18,29,18,29,16,31,14,33,12,32,11,32,12,30,12,30,10,28,12,27,11,27,12,27,13,26,13,26,15,25,15,24,15,24,16,24,17,24,17,22,18,23,19,21]"
618058942649100,40.491800700,91616,1893936579,-50,-98,6,0,1,7,0,0,256,0,0,"[0,0,15,-3,14,-3,13,-3,13,-3,12,-3,12,-4,11,-4,10,-5,10,-4,9,-5,9,-5,8,-5,8,-5,7,-6,7,-6,7,-6,7,-6,7,-6,7,-5,6,-5,6,-5,6,-4,6,-4,5,-4,6,-3,5,-3,0,0,0,0,0,0,0,0,0,0,0,0,0,0,0,0,0,0,0,0,0,0,16,-5,17,-5,17,-4,18,-3,18,-2,19,-1,19,0,19,0,19,1,19,2,18,2,17,2,17,2,16,2,16,1,16,1,16,0,16,0,15,-1,16,-2,16,-3,16,-3,16,-3,16,-3,16,-3,16,-3,0,0,27,-3,25,-4,25,-5,24,-5,23,-4,22,-6,20,-7,18,-7,17,-7,17,-7,17,-7,15,-8,14,-8,13,-9,14,-9,13,-10,13,-10,14,-8,12,-9,12,-8,11,-8,10,-7,11,-7,11,-5,11,-5,9,-5,9,-4,10,-3,0,0,0,0,0,0,0,0,0,0,0,0,0,0,29,-11,30,-7,30,-5,31,-5,32,-3,32,-2,34,0,35,1,35,2,34,3,34,5,33,7,31,8,31,8,29,7,29,5,29,4,30,3,29,2,29,2,29,1,28,-3,28,-2,28,-3,29,-2,29,-2,28,-2,29,-3]"
618058963379400,40.512531000,91617,1893956626,-51,-98,6,0,1,7,0,0,256,0,0,"[0,0,-6,-14,-7,-14,-6,-14,-6,-13,-6,-12,-6,-11,-6,-11,-7,-10,-7,-9,-7,-9,-7,-8,-7,-8,-7,-7,-7,-7,-7,-6,-7,-6,-7,-7,-7,-6,-7,-6,-7,-6,-6,-6,-6,-6,-5,-6,-5,-5,-5,-5,-4,-5,0,0,0,0,0,0,0,0,0,0,0,0,0,0,0,0,0,0,0,0,0,0,-8,-16,-8,-17,-7,-18,-6,-18,-5,-19,-5,-19,-4,-20,-3,-20,-2,-19,-2,-20,-2,-19,-2,-18,-1,-18,-2,-18,-2,-17,-3,-17,-3,-16,-4,-17,-4,-16,-5,-16,-5,-16,-6,-16,-6,-16,-6,-16,-6,-16,-6,-15,0,0,-11,-25,-12,-25,-12,-23,-11,-21,-11,-22,-12,-20,-12,-19,-12,-18,-12,-16,-12,-14,-13,-13,-13,-14,-13,-13,-14,-12,-13,-10,-14,-11,-12,-11,-13,-11,-13,-10,-12,-10,-12,-9,-11,-10,-10,-9,-9,-9,-9,-9,-9,-9,-7,-9,-7,-8,0,0,0,0,0,0,0,0,0,0,0,0,0,0,-20,-25,-17,-27,-16,-29,-14,-30,-13,-30,-12,-32,-10,-33,-10,-35,-7,-35,-6,-35,-4,-34,-4,-34,-3,-34,-4,-33,-4,-32,-5,-31,-5,-30,-6,-28,-8,-29,-7,-28,-8,-29,-9,-28,-9,-28,-11,-29,-11,-27,-11,-28,-12,-27,-12,-28]"
618058981345000,40.530496600,91618,1893976410,-50,-98,6,0,1,7,0,0,256,0,0,"[0,0,8,13,7,12,7,12,7,10,7,10,7,10,7,9,7,8,7,7,7,6,7,6,8,6,7,6,8,5,7,4,7,4,7,4,7,4,7,4,6,4,6,4,5,4,5,4,5,4,5,3,4,3,0,0,0,0,0,0,0,0,0,0,0,0,0,0,0,0,0,0,0,0,0,0,11,13,11,14,10,14,9,15,8,16,8,17,7,18,6,18,5,18,5,17,5,17,5,16,5,16,5,16,5,16,5,15,5,15,6,14,7,15,6,14,7,14,7,14,8,14,8,13,9,13,9,13,0,0,14,24,13,22,12,21,13,21,12,19,12,18,12,17,12,15,12,15,14,13,13,11,13,11,14,9,14,10,13,9,13,8,13,9,13,8,12,8,12,8,11,7,10,8,9,7,8,7,8,7,8,7,6,7,6,7,0,0,0,0,0,0,0,0,0,0,0,0,0,0,22,22,19,24,18,26,17,27,15,28,13,28,12,31,12,32,10,32,8,34,7,33,6,33,6,32,6,30,6,30,6,29,7,28,8,28,8,28,9,28,9,27,10,26,11,27,12,27,13,26,14,27,15,25,15,25]"
618059005378500,40.554530100,91619,1893996625,-50,-98,6,0,1,7,0,0,256,0,0,"[0,0,-10,12,-9,12,-9,11,-8,11,-8,11,-6,10,-6,10,-5,10,-5,9,-5,9,-4,9,-4,9,-3,9,-3,9,-3,9,-3,8,-2,8,-2,8,-3,8,-3,7,-3,7,-3,7,-3,6,-3,6,-3,6,-3,5,0,0,0,0,0,0,0,0,0,0,0,0,0,0,0,0,0,0,0,0,0,0,-9,15,-10,15,-10,15,-11,14,-13,14,-14,14,-14,13,-15,13,-15,12,-15,11,-15,11,-15,10,-14,11,-13,10,-13,10,-13,10,-13,11,-12,11,-12,12,-11,12,-11,12,-10,13,-11,13,-10,13,-10,13,-10,12,0,0,-34,42,-33,44,-31,42,-31,39,-28,39,-24,37,-24,36,-20,36,-19,34,-16,34,-14,35,-12,35,-10,33,-9,33,-9,32,-8,32,-7,32,-8,32,-8,29,-10,27,-8,27,-9,26,-9,24,-8,23,-9,21,-9,19,-10,21,-12,17,0,0,0,0,0,0,0,0,0,0,0,0,0,0,-23,56,-30,56,-35,51,-36,51,-39,51,-43,50,-47,49,-52,47,-51,46,-55,43,-55,40,-58,38,-55,35,-56,35,-51,34,-49,35,-48,36,-47,36,-45,37,-44,39,-41,41,-41,44,-39,43,-41,45,-38,45,-37,45,-38,46,-35,46]"
618059023837000,40.572988600,91620,1894016930,-50,-98,6,0,1,7,0,0,256,0,0,"[0,0,-3,15,-3,14,-3,14,-3,13,-2,13,-1,12,-1,11,-1,11,0,10,0,10,0,10,1,9,1,9,2,9,2,8,2,8,2,8,2,8,2,8,1,7,2,7,1,7,1,7,1,6,1,6,0,6,0,0,0,0,0,0,0,0,0,0,0,0,0,0,0,0,0,0,0,0,0,0,-2,17,-3,17,-4,17,-5,18,-6,18,-8,18,-7,17,-9,17,-9,17,-10,16,-10,16,-10,15,-9,15,-8,15,-8,15,-7,14,-7,14,-6,14,-6,15,-5,15,-5,16,-4,16,-4,16,-4,15,-4,16,-4,15,0,0,-9,25,-8,25,-8,24,-7,23,-6,22,-6,21,-5,20,-3,19,-3,17,-1,17,0,17,1,18,0,17,1,17,1,15,2,15,2,15,2,14,1,14,1,15,0,13,0,13,0,12,-1,11,0,11,0,10,0,10,-2,10,0,0,0,0,0,0,0,0,0,0,0,0,0,0,-3,30,-6,31,-7,29,-10,30,-11,30,-12,29,-14,30,-16,30,-17,29,-19,28,-20,27,-21,26,-20,24,-20,24,-18,24,-18,24,-17,25,-17,24,-14,23,-14,25,-13,25,-12,25,-12,27,-11,27,-10,27,-11,26,-10,28,-9,26]"
618059044825000,40.593976600,91621,1894036400,-50,-98,6,0,1,7,0,0,256,0,0,"[0,0,-2,-15,-3,-15,-2,-14,-2,-14,-3,-13,-3,-12,-3,-12,-3,-11,-4,-10,-4,-10,-5,-9,-5,-9,-5,-9,-5,-8,-6,-8,-5,-8,-5,-8,-5,-7,-5,-7,-5,-7,-4,-7,-4,-7,-4,-7,-4,-6,-3,-6,-3,-6,0,0,0,0,0,0,0,0,0,0,0,0,0,0,0,0,0,0,0,0,0,0,-4,-17,-3,-18,-2,-18,-2,-18,-1,-19,0,-19,1,-19,2,-19,3,-19,3,-19,3,-18,3,-18,3,-17,3,-17,2,-17,1,-17,1,-16,0,-16,0,-16,-1,-17,-1,-16,-2,-16,-2,-17,-2,-16,-2,-17,-2,-16,0,0,-7,-28,-7,-27,-6,-26,-8,-24,-8,-22,-8,-21,-8,-21,-8,-19,-9,-18,-10,-16,-11,-15,-11,-15,-11,-14,-11,-14,-11,-13,-11,-13,-11,-14,-11,-11,-10,-12,-9,-11,-9,-12,-9,-12,-8,-11,-7,-10,-7,-10,-7,-10,-5,-10,-6,-10,0,0,0,0,0,0,0,0,0,0,0,0,0,0,-15,-29,-13,-29,-11,-30,-9,-31,-7,-33,-6,-33,-5,-36,-3,-35,0,-35,0,-36,2,-36,2,-36,2,-33,1,-33,1,-32,0,-31,1,-30,0,-30,-1,-30,-3,-30,-3,-28,-4,-30,-5,-29,-5,-30,-6,-30,-8,-29,-7,-29,-8,-29]"
618059062256600,40.611408200,91622,1894056627,-50,-98,6,0,1,7,0,0,256,0,0,"[0,0,12,-9,11,-9,10,-9,10,-9,9,-9,8,-8,8,-9,7,-8,7,-9,6,-9,5,-9,5,-9,4,-9,4,-9,4,-9,4,-9,3,-8,4,-8,4,-8,4,-7,4,-7,3,-6,3,-7,3,-6,3,-6,3,-5,0,0,0,0,0,0,0,0,0,0,0,0,0,0,0,0,0,0,0,0,0,0,12,-12,13,-12,13,-11,14,-10,15,-10,17,-10,17,-8,17,-7,17,-7,16,-7,16,-7,16,-7,15,-7,15,-7,15,-7,14,-7,14,-7,13,-8,13,-8,13,-9,13,-9,12,-9,13,-10,12,-11,11,-10,12,-10,0,0,23,-15,21,-15,21,-15,19,-13,19,-13,17,-13,16,-13,15,-13,14,-13,11,-13,10,-14,10,-14,10,-14,9,-14,9,-13,10,-13,8,-14,8,-13,8,-12,8,-12,8,-11,7,-11,8,-10,7,-9,8,-9,8,-8,6,-7,8,-7,0,0,0,0,0,0,0,0,0,0,0,0,0,0,20,-22,22,-21,25,-19,27,-18,26,-16,28,-15,29,-14,31,-13,32,-10,33,-9,34,-8,31,-9,31,-8,30,-8,29,-9,28,-9,28,-9,25,-9,27,-9,26,-10,27,-12,25,-11,26,-13,26,-14,25,-15,23,-15,25,-15,24,-15]"
618059086694500,40.635846100,91623,1894079469,-50,-98,6,0,1,7,0,0,256,0,0,"[0,0,-7,13,-6,13,-6,13,-6,12,-5,12,-4,11,-4,11,-3,11,-3,10,-2,10,-2,9,-2,9,-1,9,0,9,0,9,0,8,0,8,0,8,0,8,0,7,0,7,0,7,-1,7,-1,6,-1,6,-2,5,0,0,0,0,0,0,0,0,0,0,0,0,0,0,0,0,0,0,0,0,0,0,-8,15,-9,16,-9,15,-10,15,-11,15,-12,15,-13,15,-14,14,-13,14,-14,13,-14,12,-14,11,-13,11,-13,11,-12,12,-11,11,-11,12,-10,12,-10,13,-9,13,-8,14,-8,14,-9,14,-8,13,-8,14,-8,14,0,0,-11,26,-11,25,-10,24,-10,22,-9,22,-7,21,-6,21,-5,20,-4,19,-3,19,-3,18,-2,17,-1,17,0,16,0,16,0,16,1,16,1,15,0,15,0,14,0,14,0,14,-1,13,-1,12,-1,11,-2,10,-1,10,-2,10,0,0,0,0,0,0,0,0,0,0,0,0,0,0,-3,31,-5,31,-12,29,-14,30,-15,30,-17,29,-19,29,-21,29,-22,28,-23,27,-23,27,-24,26,-25,23,-24,23,-23,23,-22,22,-21,23,-19,22,-19,23,-18,24,-17,25,-15,26,-14,27,-14,26,-14,27,-13,27,-13,27,-13,26]"
618059116335000,40.665486600,91624,1894109331,-50,-98,6,0,1,7,0,0,256,0,0,"[0,0,13,-8,12,-7,12,-7,11,-7,11,-7,10,-7,9,-7,8,-7,8,-7,7,-8,7,-8,6,-7,6,-8,5,-8,5,-8,5,-8,5,-8,5,-8,4,-8,5,-7,4,-7,4,-6,4,-6,4,-5,4,-5,4,-5,0,0,0,0,0,0,0,0,0,0,0,0,0,0,0,0,0,0,0,0,0,0,14,-10,15,-10,15,-9,16,-8,17,-7,18,-7,18,-6,19,-5,18,-5,18,-4,18,-3,17,-3,17,-3,16,-3,16,-4,15,-5,15,-5,15,-5,15,-6,14,-7,14,-7,14,-7,15,-7,14,-8,14,-8,14,-8,0,0,24,-12,23,-13,23,-13,21,-12,21,-13,18,-12,17,-13,15,-12,14,-12,13,-12,12,-14,12,-13,11,-14,10,-14,9,-14,9,-14,9,-14,10,-13,9,-12,9,-11,9,-11,8,-11,8,-10,8,-9,8,-10,7,-8,7,-7,8,-7,0,0,0,0,0,0,0,0,0,0,0,0,0,0,23,-20,25,-18,27,-16,28,-15,28,-15,30,-14,31,-12,34,-11,34,-9,34,-6,33,-6,34,-5,33,-4,31,-3,31,-3,30,-5,30,-6,28,-7,29,-7,26,-8,27,-9,27,-10,27,-11,27,-13,27,-11,26,-13,26,-14,26,-13]"
618059134361600,40.683513200,91625,1894116527,-50,-98,6,0,1,7,0,0,256,0,0,"[0,0,-11,-12,-10,-11,-10,-11,-10,-10,-10,-10,-10,-9,-9,-8,-9,-8,-9,-7,-9,-6,-9,-5,-9,-5,-9,-5,-9,-4,-9,-4,-9,-4,-9,-4,-9,-4,-8,-4,-8,-4,-8,-4,-7,-4,-7,-4,-6,-4,-6,-4,-6,-4,0,0,0,0,0,0,0,0,0,0,0,0,0,0,0,0,0,0,0,0,0,0,-14,-11,-14,-12,-13,-13,-13,-14,-12,-15,-12,-16,-11,-17,-10,-18,-10,-17,-9,-17,-9,-17,-9,-17,-9,-16,-8,-15,-8,-15,-9,-14,-10,-14,-9,-14,-10,-14,-10,-14,-11,-14,-11,-13,-11,-13,-12,-13,-12,-12,-12,-12,0,0,-16,-25,-16,-23,-14,-22,-14,-21,-15,-20,-14,-18,-14,-17,-15,-16,-14,-15,-16,-13,-15,-13,-15,-12,-14,-11,-15,-10,-14,-10,-15,-9,-15,-9,-14,-8,-14,-8,-14,-9,-13,-9,-11,-9,-11,-8,-10,-8,-10,-8,-9,-8,-8,-7,-7,-8,0,0,0,0,0,0,0,0,0,0,0,0,0,0,-23,-21,-22,-24,-20,-26,-19,-27,-17,-29,-15,-29,-15,-31,-15,-33,-13,-33,-12,-35,-11,-33,-9,-33,-8,-33,-9,-32,-8,-32,-9,-29,-9,-30,-10,-28,-11,-28,-11,-27,-13,-28,-13,-27,-14,-26,-15,-26,-15,-27,-15,-26,-17,-25,-16,-25]"
618059148244200,40.697395800,91626,1894138564,-50,-98,6,0,1,7,0,0,256,0,0,"[0,0,-16,3,-14,3,-15,3,-14,3,-13,3,-12,4,-12,4,-11,4,-11,5,-10,4,-9,5,-8,5,-8,5,-8,5,-8,5,-8,5,-7,5,-7,5,-7,5,-7,5,-7,4,-6,4,-6,4,-6,4,-6,3,-6,3,0,0,0,0,0,0,0,0,0,0,0,0,0,0,0,0,0,0,0,0,0,0,-17,4,-18,3,-18,3,-19,2,-19,0,-20,0,-20,-1,-20,-2,-20,-3,-19,-3,-19,-3,-19,-3,-18,-3,-18,-2,-17,-2,-17,-1,-17,-1,-17,0,-17,0,-16,1,-17,2,-16,2,-17,2,-16,2,-16,3,-16,3,0,0,-23,16,-22,16,-21,15,-20,15,-19,15,-17,15,-16,15,-15,15,-14,15,-12,15,-12,15,-11,15,-10,15,-9,15,-8,15,-8,15,-8,14,-8,14,-7,13,-8,13,-8,12,-8,12,-8,10,-7,10,-8,9,-7,9,-7,8,-8,7,0,0,0,0,0,0,0,0,0,0,0,0,0,0,-20,23,-23,21,-24,19,-26,18,-27,18,-28,17,-30,16,-32,15,-32,14,-34,13,-33,12,-33,10,-33,9,-32,9,-30,9,-30,9,-29,10,-28,11,-28,11,-27,12,-27,13,-26,14,-26,15,-26,16,-25,16,-25,16,-24,16,-25,16]"
618059164298100,40.713449700,91627,1894156440,-50,-98,6,0,1,7,0,0,256,0,0,"[0,0,-14,-7,-14,-7,-13,-6,-13,-6,-12,-6,-12,-5,-12,-4,-11,-3,-10,-3,-11,-3,-10,-2,-10,-2,-10,-2,-9,-1,-10,0,-9,0,-9,0,-9,0,-9,0,-9,-1,-8,-1,-7,-1,-7,-2,-7,-1,-7,-2,-7,-2,0,0,0,0,0,0,0,0,0,0,0,0,0,0,0,0,0,0,0,0,0,0,-17,-6,-16,-6,-17,-7,-16,-8,-17,-9,-16,-10,-17,-11,-15,-12,-15,-12,-15,-13,-14,-12,-13,-12,-13,-12,-13,-11,-13,-11,-14,-10,-13,-9,-14,-10,-14,-9,-14,-9,-14,-8,-14,-8,-15,-8,-15,-8,-15,-8,-14,-7,0,0,-27,-12,-24,-12,-24,-11,-23,-10,-22,-10,-20,-8,-20,-6,-20,-6,-20,-5,-19,-4,-19,-2,-18,-2,-17,-2,-16,-1,-18,-1,-17,-1,-16,0,-17,0,-16,0,-16,0,-15,0,-14,-1,-13,0,-13,-1,-12,-2,-11,-1,-11,-3,-10,-3,0,0,0,0,0,0,0,0,0,0,0,0,0,0,-30,-7,-30,-11,-29,-12,-29,-14,-30,-16,-29,-18,-29,-19,-29,-22,-28,-22,-27,-24,-26,-25,-25,-25,-24,-25,-23,-24,-23,-23,-22,-22,-22,-21,-23,-21,-24,-19,-24,-18,-24,-19,-25,-16,-25,-16,-26,-14,-27,-15,-27,-14,-26,-14,-26,-15]"
618059185520500,40.734672100,91628,1894179362,-50,-98,6,0,1,7,0,0,256,0,0,"[0,0,-5,-15,-5,-14,-5,-14,-5,-13,-5,-13,-5,-12,-6,-11,-5,-10,-6,-10,-6,-9,-6,-9,-6,-9,-6,-8,-7,-8,-7,-7,-6,-7,-7,-7,-6,-7,-6,-6,-6,-7,-5,-6,-6,-6,-5,-6,-4,-6,-4,-6,-4,-5,0,0,0,0,0,0,0,0,0,0,0,0,0,0,0,0,0,0,0,0,0,0,-6,-16,-6,-17,-4,-18,-4,-18,-3,-19,-2,-19,-1,-20,-1,-20,0,-20,0,-19,1,-18,0,-18,1,-18,1,-18,-1,-17,-1,-17,-1,-16,-2,-17,-2,-17,-3,-16,-4,-16,-4,-16,-5,-16,-4,-16,-5,-16,-5,-16,0,0,-11,-26,-11,-25,-10,-24,-10,-22,-11,-23,-11,-21,-11,-20,-10,-19,-11,-17,-13,-16,-12,-15,-13,-14,-12,-14,-13,-14,-13,-12,-13,-11,-12,-12,-12,-11,-12,-11,-11,-11,-11,-10,-10,-11,-9,-10,-9,-10,-8,-9,-8,-9,-7,-10,-5,-9,0,0,0,0,0,0,0,0,0,0,0,0,0,0,-20,-25,-17,-28,-15,-29,-14,-29,-12,-30,-11,-31,-9,-35,-10,-35,-7,-35,-6,-35,-4,-35,-3,-36,-4,-34,-3,-34,-1,-32,-4,-31,-4,-30,-5,-30,-6,-29,-6,-29,-7,-29,-8,-28,-8,-27,-10,-29,-11,-28,-11,-30,-12,-28,-12,-27]"
618059203137600,40.752289200,91629,1894199041,-50,-98,6,0,1,7,0,0,256,0,0,"[0,0,-11,11,-10,11,-10,10,-9,10,-9,10,-8,9,-7,9,-7,9,-6,9,-6,9,-5,9,-4,9,-4,9,-4,8,-3,9,-3,8,-3,8,-3,8,-3,8,-3,7,-3,7,-3,6,-3,6,-3,6,-3,5,-3,5,0,0,0,0,0,0,0,0,0,0,0,0,0,0,0,0,0,0,0,0,0,0,-11,13,-11,12,-12,12,-13,12,-14,12,-15,12,-16,11,-16,10,-16,10,-17,9,-16,9,-16,8,-15,8,-15,8,-14,8,-14,9,-13,9,-13,10,-13,10,-13,10,-12,10,-12,11,-12,12,-12,12,-11,11,-11,11,0,0,-23,14,-23,16,-20,14,-20,13,-18,14,-18,13,-17,14,-14,14,-15,13,-13,14,-11,14,-10,14,-9,14,-10,14,-10,14,-9,13,-8,13,-9,12,-8,12,-9,11,-8,11,-8,11,-6,11,-7,10,-7,8,-8,8,-8,8,-8,6,0,0,0,0,0,0,0,0,0,0,0,0,0,0,-20,23,-22,23,-23,22,-25,19,-27,20,-27,18,-29,17,-30,15,-33,13,-32,13,-33,11,-34,11,-32,10,-31,10,-30,10,-28,10,-29,10,-27,11,-26,11,-28,11,-25,13,-25,13,-26,14,-26,15,-25,16,-23,16,-22,16,-24,17]"
618059223544600,40.772696200,91630,1894216826,-50,-98,6,0,1,7,0,0,256,0,0,"[0,0,0,-15,0,-15,0,-15,0,-14,-1,-14,-1,-13,-1,-12,-2,-12,-2,-11,-3,-10,-3,-10,-3,-10,-3,-10,-4,-9,-4,-9,-4,-9,-4,-9,-4,-8,-4,-8,-4,-8,-3,-8,-3,-7,-3,-7,-3,-7,-2,-7,-2,-6,0,0,0,0,0,0,0,0,0,0,0,0,0,0,0,0,0,0,0,0,0,0,-1,-18,1,-18,1,-18,2,-18,3,-19,4,-19,5,-19,5,-19,6,-19,6,-17,7,-17,7,-16,6,-16,6,-16,6,-16,4,-15,4,-16,3,-16,3,-16,2,-16,2,-16,1,-17,2,-17,1,-17,1,-17,1,-17,0,0,2,-27,0,-29,0,-26,0,-25,-1,-23,-2,-23,-2,-21,-3,-22,-3,-19,-5,-19,-5,-19,-6,-17,-6,-17,-6,-16,-7,-15,-7,-15,-7,-16,-6,-14,-7,-14,-6,-14,-7,-13,-5,-13,-5,-13,-4,-12,-4,-11,-3,-11,-2,-11,-1,-11,0,0,0,0,0,0,0,0,0,0,0,0,0,0,-6,-31,-1,-31,1,-31,2,-30,3,-34,4,-32,7,-35,8,-33,8,-33,11,-34,10,-32,13,-33,13,-30,12,-30,12,-28,11,-28,9,-28,8,-29,7,-27,7,-30,6,-28,3,-28,3,-29,2,-29,3,-30,2,-29,1,-30,2,-30]"
618059242529200,40.791680800,91631,1894236675,-50,-98,6,0,1,7,0,0,256,0,0,"[0,0,14,2,14,1,13,1,13,1,12,1,12,0,11,0,10,-1,10,-1,10,-2,9,-2,9,-2,9,-3,8,-3,9,-3,8,-3,8,-3,7,-3,8,-3,8,-2,7,-2,7,-2,6,-2,6,-2,6,-2,6,-1,0,0,0,0,0,0,0,0,0,0,0,0,0,0,0,0,0,0,0,0,0,0,16,0,17,1,17,2,17,3,17,4,17,5,18,6,17,7,17,8,16,8,16,8,15,7,15,7,14,7,14,6,14,5,14,5,15,4,15,4,15,4,15,4,15,3,15,3,16,3,15,2,15,2,0,0,26,4,25,3,24,3,24,3,23,1,22,1,21,0,20,0,19,-2,18,-3,18,-4,17,-5,16,-5,16,-5,16,-6,16,-6,14,-5,16,-5,15,-4,14,-4,14,-3,13,-3,12,-3,11,-3,12,-3,11,-2,9,-2,10,-1,0,0,0,0,0,0,0,0,0,0,0,0,0,0,31,-5,32,-2,32,0,32,2,30,5,32,6,32,8,34,11,32,12,32,14,30,15,30,14,30,14,30,13,28,13,28,11,27,11,27,10,27,10,26,8,28,8,28,8,28,6,29,7,29,5,29,4,28,3,29,3]"
618059266725900,40.815877500,91632,1894258185,-50,-98,6,0,1,7,0,0,256,0,0,"[0,0,-11,10,-10,10,-10,10,-10,9,-9,9,-8,9,-8,9,-7,9,-7,8,-6,9,-5,8,-4,8,-4,9,-4,8,-4,8,-4,8,-2,8,-4,8,-4,7,-4,7,-4,7,-3,6,-3,6,-3,6,-3,5,-4,5,0,0,0,0,0,0,0,0,0,0,0,0,0,0,0,0,0,0,0,0,0,0,-11,13,-12,13,-13,13,-13,12,-14,12,-16,11,-16,10,-17,10,-17,9,-17,9,-16,9,-16,9,-15,8,-15,8,-15,8,-14,8,-14,8,-13,9,-13,10,-12,9,-13,10,-12,10,-12,11,-12,11,-11,11,-12,12,0,0,-22,17,-21,17,-19,16,-19,16,-17,16,-16,15,-14,15,-13,15,-12,14,-11,14,-10,15,-8,14,-8,15,-8,14,-8,15,-7,14,-7,15,-7,14,-7,14,-7,12,-7,12,-7,12,-6,11,-7,11,-6,9,-6,8,-6,8,-7,7,0,0,0,0,0,0,0,0,0,0,0,0,0,0,-18,24,-21,23,-21,21,-23,20,-25,21,-27,18,-29,18,-30,17,-30,16,-32,14,-31,13,-31,14,-32,12,-30,12,-29,11,-28,11,-27,12,-26,12,-26,13,-26,13,-25,15,-24,16,-24,16,-23,16,-22,18,-24,18,-23,18,-23,17]"
618059285267300,40.834418900,91633,1894277407,-50,-98,6,0,1,7,0,0,256,0,0,"[0,0,-16,3,-15,3,-14,3,-14,3,-13,3,-13,3,-12,3,-11,3,-11,4,-10,4,-9,5,-9,5,-8,5,-8,5,-8,5,-7,5,-8,5,-8,5,-8,5,-8,4,-7,4,-7,3,-7,3,-6,3,-6,3,-6,2,0,0,0,0,0,0,0,0,0,0,0,0,0,0,0,0,0,0,0,0,0,0,-17,6,-18,4,-18,4,-18,3,-19,2,-20,1,-20,0,-20,-1,-20,-2,-20,-2,-19,-2,-18,-1,-18,-1,-17,-2,-17,-1,-17,0,-17,0,-17,0,-17,1,-17,2,-17,2,-17,2,-17,2,-17,3,-16,3,-16,3,0,0,-28,7,-26,7,-25,7,-24,7,-22,7,-21,7,-20,9,-19,9,-17,9,-17,9,-16,9,-15,10,-14,10,-14,10,-14,11,-14,11,-13,11,-12,10,-12,10,-12,9,-12,10,-10,7,-11,8,-10,7,-10,6,-10,5,-10,5,-10,5,0,0,0,0,0,0,0,0,0,0,0,0,0,0,-27,15,-29,12,-30,11,-31,9,-32,9,-32,7,-35,5,-35,4,-36,2,-36,0,-35,-2,-35,-1,-34,-3,-33,-2,-32,-1,-31,-1,-30,0,-30,1,-30,1,-30,2,-29,3,-29,5,-30,5,-29,7,-30,7,-28,7,-29,8,-28,8]"
618059301719800,40.850871400,91634,1894296729,-50,-98,6,0,1,7,0,0,256,0,0,"[0,0,0,15,1,14,1,13,1,13,1,13,1,12,2,11,2,11,2,10,2,9,3,9,3,9,4,8,4,8,4,8,4,7,4,8,3,7,3,7,3,7,3,6,3,7,2,6,2,6,2,5,1,5,0,0,0,0,0,0,0,0,0,0,0,0,0,0,0,0,0,0,0,0,0,0,3,16,2,17,1,17,0,18,-1,18,-2,18,-3,19,-4,18,-4,18,-4,18,-5,17,-5,16,-4,17,-4,16,-4,16,-3,15,-2,15,-2,15,-2,15,-1,16,-1,16,0,16,0,16,1,16,0,15,1,15,0,0,3,27,3,27,3,26,3,23,4,24,3,22,5,22,4,20,6,18,6,16,9,16,8,15,8,15,8,15,9,13,9,12,9,13,9,13,8,13,8,12,8,12,6,12,5,11,5,11,5,10,4,11,4,10,3,10,0,0,0,0,0,0,0,0,0,0,0,0,0,0,11,28,8,30,6,30,4,31,3,32,1,33,-1,33,-2,34,-4,35,-6,35,-7,33,-7,32,-6,32,-7,32,-7,31,-5,30,-5,29,-4,29,-3,29,-3,28,-1,29,-1,29,1,29,0,30,1,28,2,29,3,29,3,29]"
618059322586200,40.871737800,91635,1894316562,-50,-98,6,0,1,7,0,0,256,0,0,"[0,0,-16,0,-15,0,-14,0,-14,0,-13,0,-12,1,-12,1,-11,2,-11,2,-10,3,-10,3,-9,3,-9,3,-9,4,-9,3,-8,4,-8,4,-8,4,-8,4,-8,3,-8,3,-7,2,-7,2,-6,2,-7,2,-6,2,0,0,0,0,0,0,0,0,0,0,0,0,0,0,0,0,0,0,0,0,0,0,-17,2,-18,1,-18,0,-18,-1,-19,-2,-20,-3,-19,-3,-20,-5,-19,-5,-18,-6,-18,-5,-17,-5,-17,-5,-17,-5,-16,-4,-16,-4,-16,-3,-16,-3,-16,-2,-16,-2,-16,-1,-16,-1,-17,0,-17,0,-16,0,-16,0,0,0,-28,-1,-26,-1,-26,-1,-24,-1,-23,1,-23,1,-21,2,-21,2,-20,3,-18,4,-18,4,-16,5,-17,6,-16,7,-16,6,-16,5,-14,6,-15,6,-14,6,-14,5,-13,5,-12,5,-12,4,-12,3,-11,2,-12,2,-11,2,-11,1,0,0,0,0,0,0,0,0,0,0,0,0,0,0,-29,7,-30,4,-32,1,-33,0,-32,-1,-32,-3,-32,-5,-36,-7,-34,-9,-35,-10,-34,-11,-32,-10,-31,-12,-31,-12,-30,-11,-29,-11,-30,-9,-28,-8,-29,-9,-29,-6,-29,-4,-28,-4,-29,-4,-30,-2,-29,-1,-29,-1,-28,-1,-30,-1]"
618059346677900,40.895829500,91636,1894338116,-50,-98,6,0,1,7,0,0,256,0,0,"[0,0,-6,-14,-6,-14,-6,-13,-6,-13,-6,-13,-6,-11,-6,-11,-6,-10,-6,-9,-6,-9,-7,-9,-7,-8,-7,-8,-7,-7,-7,-7,-7,-7,-7,-7,-7,-7,-6,-6,-6,-6,-6,-6,-5,-6,-5,-6,-5,-6,-4,-5,-4,-5,0,0,0,0,0,0,0,0,0,0,0,0,0,0,0,0,0,0,0,0,0,0,-8,-16,-8,-16,-7,-17,-6,-18,-5,-19,-5,-19,-4,-19,-3,-20,-2,-19,-1,-19,-1,-19,-1,-18,-1,-18,-1,-17,-2,-17,-3,-17,-3,-16,-3,-16,-4,-16,-5,-16,-5,-16,-6,-16,-6,-16,-6,-16,-6,-15,-6,-15,0,0,-7,-27,-8,-27,-8,-25,-7,-24,-7,-23,-8,-21,-8,-21,-7,-21,-9,-19,-10,-16,-12,-16,-12,-17,-12,-14,-11,-13,-11,-13,-12,-13,-12,-13,-11,-12,-9,-12,-10,-11,-9,-12,-8,-12,-8,-11,-8,-10,-8,-9,-7,-10,-6,-10,-6,-10,0,0,0,0,0,0,0,0,0,0,0,0,0,0,-16,-28,-14,-30,-12,-29,-9,-31,-8,-33,-6,-33,-5,-35,-3,-35,-2,-36,1,-36,2,-35,3,-35,2,-34,1,-33,1,-32,0,-32,1,-31,-1,-29,-2,-30,-2,-31,-3,-30,-4,-30,-4,-30,-6,-30,-7,-30,-9,-28,-8,-28,-8,-28]"
618059363406000,40.912557600,91637,1894362302,-50,-98,6,0,1,7,0,0,256,0,0,"[0,0,11,8,11,7,10,7,10,6,10,6,10,5,9,5,9,5,9,3,9,3,9,2,8,2,8,2,8,1,8,1,8,1,8,1,8,1,7,1,7,1,7,1,6,2,6,1,5,2,5,1,5,1,0,0,0,0,0,0,0,0,0,0,0,0,0,0,0,0,0,0,0,0,0,0,14,7,14,8,14,9,14,10,13,10,13,12,13,12,12,13,12,13,11,13,10,13,10,13,10,12,10,12,10,12,10,11,11,10,11,10,11,10,11,9,11,9,12,9,12,9,12,8,12,9,12,8,0,0,46,27,46,26,45,25,45,22,42,20,39,18,37,18,39,15,37,10,37,8,37,5,34,6,32,2,35,3,34,1,33,0,32,0,33,-1,33,1,29,3,28,3,26,4,24,4,23,0,23,5,21,3,21,5,19,8,0,0,0,0,0,0,0,0,0,0,0,0,0,0,58,18,56,24,57,27,53,32,54,35,53,38,50,43,52,46,50,47,48,53,44,51,42,52,43,52,42,48,38,46,39,45,40,44,42,42,43,39,43,38,44,37,45,35,46,36,48,32,50,33,51,31,49,31,50,33]"
618059384436600,40.933588200,91638,1894377588,-50,-98,6,0,1,7,0,0,256,0,0,"[0,0,9,-12,8,-13,7,-12,7,-12,6,-11,5,-11,5,-11,4,-11,4,-10,4,-10,3,-10,3,-10,2,-10,1,-9,1,-10,1,-9,1,-9,2,-9,1,-9,1,-8,1,-8,1,-8,1,-7,1,-7,2,-6,2,-6,0,0,0,0,0,0,0,0,0,0,0,0,0,0,0,0,0,0,0,0,0,0,7,-15,8,-15,9,-16,10,-15,11,-15,12,-14,13,-14,14,-13,14,-13,14,-12,14,-11,14,-11,13,-11,13,-11,12,-11,12,-11,11,-11,11,-12,10,-12,10,-13,10,-13,9,-13,10,-14,9,-13,9,-13,9,-13,0,0,8,-54,8,-56,7,-52,6,-50,5,-48,2,-47,0,-44,-2,-43,-2,-40,-4,-40,-5,-38,-7,-37,-8,-36,-9,-35,-10,-34,-10,-33,-10,-33,-10,-32,-10,-31,-8,-30,-8,-29,-8,-28,-6,-27,-5,-25,-4,-24,-3,-24,-2,-23,0,-22,0,0,0,0,0,0,0,0,0,0,0,0,0,0,-6,-61,1,-62,5,-62,8,-63,10,-65,14,-64,17,-66,22,-66,24,-65,27,-66,29,-62,31,-64,31,-59,31,-58,30,-56,27,-54,25,-54,23,-56,21,-56,20,-56,17,-57,14,-58,14,-59,12,-59,12,-59,11,-60,12,-59,11,-59]"
618059403126300,40.952277900,91639,1894396690,-50,-98,6,0,1,7,0,0,256,0,0,"[0,0,-4,15,-3,14,-3,13,-3,13,-2,12,-2,11,-2,11,-1,11,-1,10,0,10,0,9,1,9,1,9,1,9,2,8,1,8,1,8,1,8,1,8,0,7,1,7,0,7,1,7,0,6,0,6,0,5,0,0,0,0,0,0,0,0,0,0,0,0,0,0,0,0,0,0,0,0,0,0,-1,16,-3,17,-3,17,-4,17,-5,17,-6,18,-8,17,-9,17,-9,16,-8,16,-8,16,-8,15,-8,15,-8,14,-8,15,-7,14,-7,14,-6,14,-5,15,-5,15,-5,15,-5,16,-4,15,-4,16,-3,15,-3,15,0,0,-9,26,-8,25,-8,25,-7,22,-7,23,-6,21,-6,22,-4,20,-2,19,-1,17,0,18,0,18,1,17,1,17,1,15,1,16,2,16,2,15,2,14,2,14,0,13,0,14,1,13,-1,12,0,11,-1,10,-2,11,-2,11,0,0,0,0,0,0,0,0,0,0,0,0,0,0,-1,30,-5,30,-7,31,-8,31,-10,31,-12,31,-14,30,-16,31,-17,30,-19,31,-19,29,-19,29,-19,27,-19,26,-19,25,-17,24,-17,25,-15,24,-16,25,-14,25,-13,26,-13,26,-11,27,-13,27,-10,28,-9,28,-9,28,-9,28]"
618059424881600,40.974033200,91640,1894417086,-50,-98,6,0,1,7,0,0,256,0,0,"[0,0,10,-11,9,-11,8,-11,9,-11,8,-11,7,-10,6,-10,6,-10,5,-10,4,-10,4,-10,3,-9,3,-10,2,-9,2,-10,2,-9,2,-9,2,-9,2,-9,2,-8,2,-8,2,-7,2,-7,2,-7,2,-6,2,-6,0,0,0,0,0,0,0,0,0,0,0,0,0,0,0,0,0,0,0,0,0,0,10,-14,11,-14,12,-14,13,-13,14,-13,15,-12,16,-11,16,-11,16,-10,16,-10,16,-9,15,-9,15,-9,14,-9,14,-10,13,-10,13,-9,13,-10,12,-11,12,-11,11,-12,11,-12,12,-12,11,-12,10,-12,11,-12,0,0,17,-21,17,-22,15,-21,15,-19,14,-20,11,-19,10,-19,10,-18,8,-18,7,-18,6,-18,5,-17,5,-18,4,-17,4,-17,3,-16,2,-16,3,-15,3,-16,3,-14,3,-14,3,-13,3,-13,3,-12,3,-10,4,-10,4,-11,4,-10,0,0,0,0,0,0,0,0,0,0,0,0,0,0,12,-28,15,-28,17,-26,20,-24,20,-26,22,-24,25,-24,26,-22,27,-22,28,-21,28,-20,29,-20,29,-18,27,-16,26,-16,24,-17,23,-17,22,-19,22,-19,22,-20,21,-20,20,-21,20,-22,19,-24,20,-22,19,-24,17,-23,19,-23]"
618059443033800,40.992185400,91641,1894436459,-50,-98,6,0,1,7,0,0,256,0,0,"[0,0,-15,0,-15,0,-14,0,-14,0,-13,0,-12,1,-12,1,-11,1,-11,2,-11,3,-10,3,-10,3,-9,3,-8,3,-9,4,-8,4,-8,4,-8,4,-8,3,-8,3,-8,3,-7,2,-7,2,-7,2,-7,2,-7,1,0,0,0,0,0,0,0,0,0,0,0,0,0,0,0,0,0,0,0,0,0,0,-18,1,-18,0,-19,-1,-18,-2,-19,-3,-19,-4,-20,-4,-19,-6,-19,-5,-19,-7,-18,-6,-17,-6,-17,-6,-16,-6,-16,-5,-17,-4,-16,-4,-17,-4,-16,-3,-17,-2,-17,-2,-17,-1,-17,-1,-17,-1,-16,-1,-16,0,0,0,-27,8,-25,10,-24,10,-23,10,-22,10,-21,9,-19,9,-18,9,-18,10,-16,11,-15,12,-14,12,-12,12,-12,11,-12,13,-11,12,-12,12,-11,11,-11,11,-11,10,-11,9,-11,9,-10,8,-9,8,-9,7,-9,6,-10,6,-9,5,0,0,0,0,0,0,0,0,0,0,0,0,0,0,-25,17,-26,15,-28,14,-29,11,-31,10,-31,9,-33,8,-34,6,-35,4,-36,1,-34,1,-34,1,-33,2,-33,2,-32,1,-30,2,-30,2,-29,4,-29,4,-29,5,-28,6,-28,6,-29,7,-29,8,-29,9,-28,10,-27,10,-27,10]"
618059462130100,41.011281700,91642,1894456569,-50,-98,6,0,1,7,0,0,256,0,0,"[0,0,15,-2,13,-2,13,-2,12,-2,12,-2,11,-3,11,-3,10,-3,10,-4,9,-4,9,-4,8,-4,8,-5,8,-5,7,-5,7,-5,7,-5,7,-5,7,-5,7,-4,7,-4,6,-4,5,-3,5,-3,6,-3,5,-3,0,0,0,0,0,0,0,0,0,0,0,0,0,0,0,0,0,0,0,0,0,0,16,-3,17,-3,17,-2,17,-1,17,0,19,1,18,1,18,2,18,3,17,3,17,4,17,4,16,4,15,3,15,3,15,2,15,1,15,1,15,0,15,0,15,0,15,-1,15,-1,15,-1,15,-1,16,-2,0,0,27,1,25,0,25,0,24,0,22,-2,21,-2,20,-2,18,-3,19,-4,18,-5,17,-4,16,-6,16,-7,16,-7,15,-6,14,-7,14,-8,14,-7,13,-6,14,-6,13,-6,12,-6,11,-6,10,-5,10,-4,10,-3,10,-3,10,-3,0,0,0,0,0,0,0,0,0,0,0,0,0,0,30,-7,29,-3,31,-1,32,0,32,1,32,3,34,5,33,7,33,9,33,9,33,12,31,11,30,12,30,12,28,11,28,10,28,9,27,8,28,8,28,7,28,5,27,3,27,3,30,3,29,2,28,2,29,1,28,2]"
618059492173000,41.041324600,91643,1894481954,-50,-98,6,0,1,7,0,0,256,0,0,"[0,0,5,-14,4,-14,4,-13,4,-13,4,-13,3,-12,2,-12,2,-11,1,-11,1,-10,1,-10,0,-10,-1,-10,-1,-10,-1,-10,-1,-9,-1,-9,-1,-9,-1,-9,-1,-8,-1,-8,0,-8,0,-7,0,-7,0,-6,0,-7,0,0,0,0,0,0,0,0,0,0,0,0,0,0,0,0,0,0,0,0,0,0,4,-16,5,-17,5,-17,6,-17,8,-17,9,-17,9,-16,10,-16,10,-16,10,-15,11,-15,10,-14,10,-14,9,-14,9,-14,8,-14,8,-14,7,-14,7,-15,6,-14,6,-15,6,-15,6,-15,5,-15,5,-15,5,-15,0,0,1,-27,1,-29,0,-26,0,-25,0,-23,-1,-23,-2,-22,-2,-22,-3,-20,-4,-20,-5,-18,-5,-18,-6,-17,-6,-16,-7,-17,-7,-16,-7,-16,-6,-15,-6,-15,-6,-14,-5,-14,-5,-14,-4,-13,-4,-12,-3,-12,-3,-11,-3,-12,-2,-11,0,0,0,0,0,0,0,0,0,0,0,0,0,0,-6,-30,-2,-31,0,-31,1,-30,2,-33,3,-32,6,-35,8,-33,8,-34,11,-33,11,-33,13,-33,13,-31,13,-30,12,-29,11,-28,10,-28,8,-30,7,-28,7,-29,6,-28,4,-29,5,-30,3,-30,4,-31,3,-30,3,-30,3,-29]"
618059505976600,41.055128200,91644,1894497753,-50,-98,6,0,1,7,0,0,256,0,0,"[0,0,15,1,14,0,14,0,13,1,12,0,11,-1,11,0,11,-1,10,-2,10,-2,10,-3,9,-3,8,-3,8,-3,8,-4,8,-4,7,-4,8,-4,8,-4,7,-3,7,-3,7,-3,6,-3,6,-2,6,-2,6,-2,0,0,0,0,0,0,0,0,0,0,0,0,0,0,0,0,0,0,0,0,0,0,17,-1,17,0,18,1,18,2,18,3,19,4,18,5,18,6,18,7,17,7,17,6,16,6,16,6,15,6,15,5,15,5,15,4,15,3,15,3,16,3,16,3,16,2,16,1,16,1,16,1,16,1,0,0,27,6,24,4,25,3,24,3,22,2,21,1,20,1,19,0,19,-1,18,-1,17,-2,16,-4,16,-4,15,-4,16,-5,16,-5,14,-5,15,-5,13,-4,13,-4,13,-4,12,-4,11,-3,11,-3,11,-3,9,-2,10,-2,10,-1,0,0,0,0,0,0,0,0,0,0,0,0,0,0,29,-3,31,0,30,2,32,4,30,6,31,8,31,8,32,10,31,12,31,13,30,15,28,15,28,15,27,15,27,14,26,14,27,13,25,11,27,10,25,9,27,8,26,7,27,7,28,6,27,6,27,5,28,4,28,5]"
618059533606500,41.082758100,91645,1894530844,-51,-98,6,0,1,7,0,0,256,0,0,"[0,0,13,-3,12,-3,11,-3,11,-3,11,-3,10,-3,9,-4,8,-4,8,-4,8,-5,8,-5,7,-5,6,-5,6,-5,6,-5,6,-5,6,-5,6,-5,6,-5,6,-5,5,-4,5,-4,5,-4,4,-4,4,-3,4,-3,0,0,0,0,0,0,0,0,0,0,0,0,0,0,0,0,0,0,0,0,0,0,14,-4,16,-3,15,-2,16,-2,16,-1,17,0,17,0,17,1,17,2,15,2,15,3,15,2,15,2,14,2,14,1,14,1,14,0,14,0,14,-1,14,-1,13,-2,14,-2,14,-2,14,-3,14,-2,14,-2,0,0,26,-4,25,-5,22,-4,23,-5,22,-6,20,-6,19,-6,17,-7,17,-7,16,-8,15,-9,14,-9,13,-9,12,-9,13,-10,13,-10,12,-10,12,-10,11,-9,11,-8,11,-8,10,-8,10,-7,8,-7,9,-6,9,-6,10,-4,9,-2,0,0,0,0,0,0,0,0,0,0,0,0,0,0,29,-11,29,-7,29,-7,30,-6,31,-4,31,-3,33,-2,33,0,33,1,33,3,33,4,31,5,31,6,30,6,29,5,28,5,28,4,27,2,28,1,28,0,28,-1,27,-2,27,-2,27,-4,29,-4,27,-4,27,-4,28,-4]"
618059546122200,41.095273800,91646,1894544527,-50,-98,6,0,1,7,0,0,256,0,0,"[0,0,-16,1,-15,0,-15,1,-14,0,-13,1,-13,1,-12,2,-11,2,-11,2,-10,3,-10,3,-9,3,-9,3,-9,3,-9,4,-8,4,-7,4,-8,4,-8,4,-8,3,-7,3,-7,3,-6,3,-6,3,-6,2,-6,2,0,0,0,0,0,0,0,0,0,0,0,0,0,0,0,0,0,0,0,0,0,0,-17,2,-18,1,-18,0,-19,-1,-19,-2,-20,-3,-19,-4,-20,-4,-19,-5,-19,-5,-18,-5,-18,-5,-17,-5,-17,-4,-17,-4,-16,-3,-17,-3,-17,-3,-16,-2,-16,-1,-17,-1,-17,0,-17,0,-17,1,-16,1,-16,0,0,0,-28,-3,-29,-2,-26,-3,-25,-2,-23,0,-22,-1,-21,-1,-20,3,-21,1,-18,3,-16,5,-18,5,-16,5,-15,6,-15,5,-14,5,-16,7,-15,4,-14,4,-15,5,-15,5,-13,3,-12,4,-10,4,-12,2,-11,1,-11,2,-10,0,0,0,0,0,0,0,0,0,0,0,0,0,0,0,-30,4,-31,1,-32,-1,-32,-4,-33,-5,-32,-6,-34,-8,-34,-10,-33,-12,-33,-14,-32,-15,-32,-14,-31,-14,-29,-14,-29,-13,-28,-12,-29,-11,-28,-11,-28,-10,-28,-9,-28,-7,-29,-7,-29,-7,-29,-6,-30,-4,-30,-4,-29,-3,-30,-3]"
618059564216400,41.113368000,91647,1894557274,-50,-98,6,0,1,7,0,0,256,0,0,"[0,0,-1,-15,-2,-16,-2,-14,-2,-14,-2,-13,-3,-13,-3,-12,-3,-12,-3,-11,-4,-10,-4,-10,-5,-10,-5,-9,-5,-9,-5,-9,-5,-8,-5,-8,-5,-7,-5,-8,-4,-8,-4,-7,-4,-7,-4,-7,-4,-7,-3,-6,-3,-6,0,0,0,0,0,0,0,0,0,0,0,0,0,0,0,0,0,0,0,0,0,0,-3,-17,-2,-17,-1,-19,-1,-19,0,-20,2,-20,3,-20,3,-20,4,-19,4,-19,4,-18,4,-18,3,-18,3,-17,3,-17,2,-17,2,-16,1,-17,1,-16,0,-17,0,-17,-1,-17,-1,-17,-2,-17,-2,-16,-1,-16,0,0,-11,-26,-12,-26,-10,-24,-11,-23,-11,-21,-12,-20,-12,-19,-12,-18,-12,-17,-12,-16,-13,-15,-13,-14,-13,-13,-13,-13,-13,-12,-13,-12,-13,-11,-13,-11,-12,-11,-12,-11,-11,-10,-10,-10,-9,-10,-9,-9,-8,-10,-8,-9,-7,-9,-7,-9,0,0,0,0,0,0,0,0,0,0,0,0,0,0,-18,-25,-16,-27,-14,-27,-13,-29,-12,-31,-10,-31,-9,-34,-8,-34,-6,-34,-5,-36,-4,-35,-3,-35,-3,-34,-3,-32,-2,-32,-3,-31,-4,-30,-5,-30,-5,-29,-6,-30,-8,-28,-9,-29,-9,-28,-10,-29,-11,-29,-11,-28,-11,-28,-11,-28]"
618059583827900,41.132979500,91648,1894577491,-50,-98,6,0,1,7,0,0,256,0,0,"[0,0,6,-14,6,-14,5,-13,5,-13,4,-13,3,-12,3,-12,2,-11,2,-11,1,-11,1,-10,0,-10,0,-10,-1,-10,-1,-10,0,-9,-1,-9,0,-9,-1,-9,-1,-8,0,-8,0,-8,0,-7,0,-7,0,-7,0,-7,0,0,0,0,0,0,0,0,0,0,0,0,0,0,0,0,0,0,0,0,0,0,6,-17,6,-17,7,-17,8,-17,9,-17,11,-16,11,-16,12,-16,12,-15,12,-15,12,-14,12,-13,12,-14,11,-13,10,-13,10,-13,9,-13,9,-14,8,-14,8,-15,7,-15,7,-15,7,-15,7,-15,7,-15,7,-15,0,0,9,-26,8,-27,7,-25,7,-23,6,-23,4,-22,5,-22,3,-20,2,-20,0,-19,0,-18,-1,-19,-2,-18,-2,-18,-2,-17,-3,-17,-3,-17,-2,-15,-2,-15,-2,-15,-1,-14,-2,-14,-1,-14,-1,-13,-1,-12,0,-11,0,-12,1,-11,0,0,0,0,0,0,0,0,0,0,0,0,0,0,4,-31,7,-32,9,-31,11,-31,12,-31,14,-29,17,-31,17,-30,19,-29,20,-29,21,-28,23,-28,21,-26,20,-25,19,-25,19,-25,18,-25,16,-25,16,-25,14,-25,13,-26,12,-27,13,-27,12,-28,12,-28,9,-28,9,-28,11,-27]"
618059603318000,41.152469600,91649,1894596467,-50,-98,6,0,1,7,0,0,256,0,0,"[0,0,-13,-9,-12,-9,-12,-8,-12,-8,-11,-7,-11,-7,-11,-6,-10,-5,-10,-5,-10,-4,-10,-4,-10,-3,-10,-3,-9,-2,-9,-2,-9,-2,-9,-2,-9,-2,-9,-2,-8,-2,-8,-2,-8,-2,-7,-3,-7,-2,-7,-2,-6,-2,0,0,0,0,0,0,0,0,0,0,0,0,0,0,0,0,0,0,0,0,0,0,-15,-8,-16,-10,-15,-10,-15,-11,-15,-12,-15,-14,-14,-14,-13,-15,-13,-15,-12,-15,-12,-15,-11,-14,-11,-14,-11,-14,-11,-13,-11,-12,-12,-12,-12,-11,-12,-11,-13,-11,-12,-11,-13,-10,-13,-10,-13,-10,-13,-10,-13,-9,0,0,-55,-15,-54,-15,-51,-13,-49,-11,-47,-9,-45,-7,-43,-6,-42,-4,-41,-2,-39,1,-37,2,-37,3,-36,4,-34,5,-35,6,-34,5,-33,6,-32,6,-32,6,-31,4,-29,4,-28,3,-27,3,-25,2,-24,1,-24,1,-23,-1,-22,-2,0,0,0,0,0,0,0,0,0,0,0,0,0,0,-61,2,-62,-6,-62,-9,-61,-13,-64,-17,-61,-20,-64,-24,-65,-27,-63,-30,-64,-32,-60,-35,-60,-37,-58,-35,-56,-33,-54,-33,-53,-32,-52,-30,-53,-27,-52,-27,-55,-25,-54,-22,-55,-21,-56,-19,-57,-19,-58,-17,-58,-17,-57,-15,-57,-16]"
618059633982100,41.183133700,91650,1894625790,-50,-98,6,0,1,7,0,0,256,0,0,"[0,0,-5,-15,-5,-15,-5,-14,-5,-13,-5,-13,-5,-12,-5,-11,-5,-11,-5,-10,-5,-9,-6,-9,-6,-9,-7,-8,-6,-8,-6,-7,-6,-7,-6,-7,-6,-7,-6,-7,-5,-7,-6,-6,-5,-7,-5,-6,-5,-6,-4,-6,-4,-5,0,0,0,0,0,0,0,0,0,0,0,0,0,0,0,0,0,0,0,0,0,0,-8,-16,-7,-17,-6,-18,-5,-18,-5,-19,-4,-20,-2,-19,-2,-20,-1,-20,-1,-19,-1,-19,-1,-18,-1,-18,-1,-18,-1,-17,-2,-17,-2,-16,-3,-16,-3,-17,-3,-17,-4,-16,-4,-17,-4,-16,-5,-16,-6,-15,-5,-15,0,0,-17,-23,-17,-23,-16,-21,-16,-20,-15,-18,-15,-17,-15,-16,-15,-15,-16,-14,-15,-12,-15,-11,-16,-10,-16,-9,-15,-9,-16,-9,-15,-8,-15,-8,-14,-7,-14,-7,-14,-8,-12,-8,-12,-7,-12,-7,-11,-7,-10,-7,-9,-7,-9,-7,-8,-8,0,0,0,0,0,0,0,0,0,0,0,0,0,0,-24,-19,-22,-22,-22,-24,-20,-25,-19,-27,-17,-27,-17,-30,-16,-30,-14,-32,-14,-33,-12,-34,-12,-33,-12,-31,-11,-31,-11,-30,-11,-29,-12,-28,-11,-28,-12,-27,-13,-27,-14,-26,-15,-26,-16,-25,-16,-26,-17,-25,-17,-24,-18,-24,-17,-24]"
618059650447200,41.199598800,91651,1894643332,-51,-98,6,0,1,7,0,0,256,0,0,"[0,0,-1,-13,-1,-13,-1,-13,-1,-12,-1,-12,-2,-11,-2,-10,-2,-10,-3,-9,-3,-9,-3,-8,-4,-8,-4,-8,-4,-8,-4,-7,-4,-7,-4,-7,-4,-7,-4,-7,-4,-6,-3,-6,-3,-7,-3,-6,-3,-6,-2,-5,-2,-5,0,0,0,0,0,0,0,0,0,0,0,0,0,0,0,0,0,0,0,0,0,0,-2,-15,-1,-16,-1,-16,0,-16,1,-17,2,-17,3,-17,3,-17,4,-16,4,-16,4,-15,4,-15,4,-15,4,-14,3,-15,2,-13,2,-14,2,-14,1,-14,1,-14,1,-15,0,-15,0,-14,-1,-14,-1,-15,-1,-14,0,0,1,-26,0,-27,-1,-25,0,-24,0,-23,-2,-23,-1,-22,-3,-20,-4,-19,-4,-19,-5,-18,-5,-17,-6,-17,-6,-16,-7,-16,-6,-15,-7,-15,-6,-14,-6,-13,-7,-14,-6,-13,-5,-12,-4,-13,-5,-11,-4,-10,-3,-10,-3,-12,-4,-12,0,0,0,0,0,0,0,0,0,0,0,0,0,0,-7,-31,-3,-31,-1,-31,0,-31,2,-34,4,-31,4,-34,7,-33,8,-33,10,-33,11,-33,12,-33,12,-32,11,-29,11,-29,10,-28,8,-28,7,-28,7,-27,7,-29,6,-28,4,-30,3,-30,2,-30,2,-30,2,-30,1,-29,1,-29]"
618059666826700,41.215978300,91652,1894659153,-50,-98,6,0,1,7,0,0,256,0,0,"[0,0,12,-8,11,-8,11,-8,11,-8,10,-8,9,-7,8,-8,8,-8,7,-8,7,-8,6,-8,5,-8,5,-8,5,-8,5,-8,4,-8,4,-8,4,-8,4,-8,4,-7,4,-7,3,-7,4,-6,3,-6,3,-6,3,-5,0,0,0,0,0,0,0,0,0,0,0,0,0,0,0,0,0,0,0,0,0,0,14,-10,14,-10,15,-9,15,-8,16,-8,17,-7,18,-6,18,-5,18,-5,18,-5,17,-5,17,-4,16,-4,15,-4,15,-4,15,-5,14,-5,14,-6,14,-7,14,-7,13,-7,14,-8,14,-9,13,-8,13,-9,13,-9,0,0,24,-14,23,-15,21,-14,19,-13,19,-13,17,-14,17,-12,15,-13,14,-13,12,-14,12,-14,12,-14,10,-15,9,-14,9,-15,9,-14,7,-14,9,-13,8,-13,8,-12,8,-11,7,-12,8,-11,7,-10,7,-9,7,-8,7,-8,8,-8,0,0,0,0,0,0,0,0,0,0,0,0,0,0,23,-21,25,-19,28,-17,27,-16,29,-16,30,-14,32,-14,32,-12,33,-9,34,-9,34,-6,32,-6,31,-6,30,-5,30,-6,29,-6,29,-8,28,-8,27,-8,28,-9,26,-10,26,-12,26,-13,26,-13,27,-13,27,-14,25,-15,26,-13]"
618059684875400,41.234027000,91653,1894676512,-50,-98,6,0,1,7,0,0,256,0,0,"[0,0,-16,0,-15,0,-14,0,-14,0,-13,0,-13,1,-12,1,-12,2,-11,2,-11,2,-10,2,-9,3,-9,3,-9,3,-9,4,-8,3,-8,3,-8,3,-8,3,-8,3,-7,2,-7,3,-7,2,-7,2,-6,2,-6,1,0,0,0,0,0,0,0,0,0,0,0,0,0,0,0,0,0,0,0,0,0,0,-18,1,-18,0,-18,0,-18,-1,-20,-2,-19,-3,-19,-4,-20,-5,-19,-6,-19,-6,-18,-6,-17,-6,-16,-5,-16,-5,-16,-5,-16,-4,-16,-4,-17,-3,-16,-3,-16,-2,-16,-2,-16,-1,-17,-1,-16,0,-16,0,-17,0,0,0,-28,2,-28,2,-26,2,-25,1,-24,2,-22,3,-21,4,-21,5,-20,5,-18,6,-18,6,-16,7,-16,7,-15,7,-15,8,-14,8,-15,8,-14,8,-14,7,-14,7,-14,6,-13,4,-12,5,-12,5,-11,4,-10,3,-11,3,-11,3,0,0,0,0,0,0,0,0,0,0,0,0,0,0,-29,11,-31,8,-31,4,-32,2,-34,2,-33,0,-35,-1,-35,-3,-35,-6,-37,-7,-35,-8,-35,-8,-33,-8,-33,-7,-32,-8,-31,-7,-29,-6,-30,-6,-29,-5,-31,-3,-29,-3,-30,-1,-29,-1,-30,0,-31,0,-29,1,-29,1,-30,2]"
618059704271100,41.253422700,91654,1894698271,-50,-98,6,0,1,7,0,0,256,0,0,"[0,0,15,1,14,0,13,0,13,0,12,0,12,-1,11,-1,10,-1,10,-2,10,-2,9,-2,9,-3,8,-3,8,-3,8,-4,8,-4,7,-4,8,-4,8,-4,7,-3,7,-3,6,-3,6,-3,6,-2,6,-2,6,-2,0,0,0,0,0,0,0,0,0,0,0,0,0,0,0,0,0,0,0,0,0,0,17,-1,17,0,17,1,16,2,18,3,18,4,18,5,18,6,17,6,17,6,16,6,16,6,15,6,15,6,15,6,15,4,15,4,15,3,15,3,15,2,15,2,15,2,16,2,15,1,15,1,15,1,0,0,26,2,26,0,25,0,25,1,22,0,22,-2,21,-1,20,-3,19,-3,19,-4,18,-5,16,-6,16,-7,14,-6,15,-7,16,-7,14,-7,15,-7,15,-7,14,-6,13,-5,12,-5,11,-5,11,-5,11,-4,11,-3,10,-2,11,-2,0,0,0,0,0,0,0,0,0,0,0,0,0,0,30,-8,31,-4,31,-1,32,0,32,1,32,3,34,5,33,7,34,9,33,10,33,12,31,12,32,11,30,11,29,10,28,10,27,9,29,8,28,7,29,7,28,5,29,4,29,4,29,3,30,2,30,1,29,2,29,0]"
618059724954800,41.274106400,91655,1894716580,-50,-98,6,0,1,7,0,0,256,0,0,"[0,0,1,-15,1,-16,0,-14,0,-14,0,-14,-1,-13,-2,-12,-1,-12,-2,-11,-2,-11,-3,-10,-3,-10,-3,-10,-4,-9,-4,-9,-4,-9,-4,-9,-4,-8,-4,-8,-3,-8,-3,-8,-3,-8,-3,-7,-2,-7,-2,-7,-2,-6,0,0,0,0,0,0,0,0,0,0,0,0,0,0,0,0,0,0,0,0,0,0,0,-18,1,-18,1,-19,2,-18,3,-19,4,-19,5,-19,6,-19,7,-19,7,-18,7,-17,7,-17,6,-17,6,-16,6,-16,4,-16,4,-15,4,-16,3,-16,2,-16,2,-17,2,-17,2,-17,1,-16,1,-17,1,-16,0,0,0,-27,-2,-28,-2,-26,-2,-24,-2,-23,-2,-23,-3,-21,-4,-21,-5,-19,-7,-19,-7,-17,-7,-17,-7,-16,-7,-16,-9,-16,-8,-15,-9,-16,-8,-14,-8,-14,-7,-14,-6,-13,-6,-13,-7,-13,-5,-13,-5,-11,-4,-11,-3,-11,-3,-11,0,0,0,0,0,0,0,0,0,0,0,0,0,0,-9,-31,-6,-31,-4,-32,-2,-31,-1,-35,1,-32,3,-35,5,-34,7,-34,8,-35,9,-33,11,-34,10,-32,8,-32,9,-30,8,-30,7,-29,6,-29,4,-27,5,-30,3,-29,2,-30,2,-30,0,-29,1,-30,0,-30,-1,-30,-1,-29]"
618059746352000,41.295503600,91656,1894737945,-50,-98,6,0,1,7,0,0,256,0,0,"[0,0,-15,4,-14,4,-13,3,-13,4,-13,3,-12,4,-11,4,-10,4,-10,5,-9,5,-9,5,-8,5,-8,5,-7,5,-7,6,-7,5,-7,6,-7,5,-7,5,-6,5,-6,4,-6,4,-6,4,-5,4,-6,3,-5,3,0,0,0,0,0,0,0,0,0,0,0,0,0,0,0,0,0,0,0,0,0,0,-17,4,-17,4,-18,3,-18,2,-19,2,-19,0,-20,0,-20,-1,-19,-1,-19,-2,-19,-2,-18,-2,-17,-2,-17,-2,-17,-1,-17,0,-17,0,-17,1,-16,1,-16,2,-16,2,-16,3,-17,3,-16,3,-16,4,-16,3,0,0,-28,8,-26,6,-26,7,-23,7,-22,8,-21,7,-20,8,-19,8,-18,8,-17,8,-16,9,-15,10,-14,10,-14,10,-13,11,-13,11,-11,11,-12,10,-12,9,-12,10,-11,8,-10,9,-10,7,-10,6,-10,6,-9,5,-10,6,-10,5,0,0,0,0,0,0,0,0,0,0,0,0,0,0,-28,13,-30,9,-32,7,-32,7,-32,6,-33,5,-35,3,-35,0,-35,0,-36,-3,-35,-2,-35,-3,-34,-4,-32,-5,-32,-5,-31,-3,-31,-2,-30,0,-29,0,-31,1,-29,2,-29,4,-30,4,-29,6,-29,5,-30,5,-29,5,-29,6]"
618059764284200,41.313435800,91657,1894756553,-50,-98,6,0,1,7,0,0,256,0,0,"[0,0,-11,10,-10,10,-10,9,-9,9,-9,9,-8,8,-7,8,-7,8,-6,8,-6,8,-5,8,-4,8,-3,8,-4,8,-4,8,-3,8,-3,8,-3,7,-3,7,-3,7,-3,6,-3,6,-3,6,-3,6,-3,5,-3,5,0,0,0,0,0,0,0,0,0,0,0,0,0,0,0,0,0,0,0,0,0,0,-11,13,-13,12,-13,11,-14,12,-15,11,-16,10,-17,10,-17,9,-17,8,-17,8,-17,8,-16,7,-15,7,-15,7,-15,7,-14,8,-14,8,-13,8,-13,9,-13,9,-13,9,-12,10,-12,10,-12,11,-11,10,-12,11,0,0,-14,24,-13,24,-12,22,-12,22,-10,21,-9,20,-8,20,-8,19,-6,18,-5,18,-4,18,-3,17,-2,17,-2,17,-2,17,-1,16,-1,16,-1,16,-1,15,-1,14,-1,14,-2,13,-2,13,-2,12,-2,11,-3,11,-3,10,-4,10,0,0,0,0,0,0,0,0,0,0,0,0,0,0,-8,29,-11,28,-13,27,-15,27,-17,27,-18,27,-21,27,-22,26,-23,25,-25,25,-25,23,-26,23,-25,22,-24,22,-23,21,-22,21,-21,21,-21,21,-20,22,-19,22,-18,23,-17,24,-16,24,-17,24,-16,25,-15,25,-15,25,-15,25]"
618059784316100,41.333467700,91658,1894776420,-50,-98,6,0,1,7,0,0,256,0,0,"[0,0,-15,-2,-15,-2,-14,-2,-14,-1,-13,-1,-12,0,-12,0,-11,0,-11,1,-11,1,-10,2,-10,2,-9,2,-9,2,-9,3,-9,2,-8,2,-8,3,-9,2,-8,2,-8,2,-7,1,-7,1,-6,1,-7,1,-7,0,0,0,0,0,0,0,0,0,0,0,0,0,0,0,0,0,0,0,0,0,0,0,-17,-1,-18,-1,-18,-2,-18,-3,-18,-4,-19,-5,-19,-6,-19,-7,-18,-8,-18,-7,-17,-7,-16,-7,-16,-7,-16,-7,-16,-6,-15,-6,-16,-5,-16,-5,-16,-4,-16,-4,-16,-3,-16,-3,-16,-2,-16,-2,-16,-2,-16,-2,0,0,-28,-2,-26,-2,-26,-2,-25,-2,-24,-2,-22,-1,-21,1,-20,1,-20,2,-19,3,-19,4,-18,3,-17,5,-16,5,-16,6,-16,5,-15,5,-15,5,-14,5,-15,4,-13,4,-13,4,-13,4,-11,3,-12,2,-11,2,-11,2,-11,1,0,0,0,0,0,0,0,0,0,0,0,0,0,0,-30,5,-31,1,-31,-2,-33,-2,-32,-4,-33,-5,-34,-8,-34,-10,-34,-10,-34,-13,-31,-13,-32,-14,-31,-14,-30,-15,-28,-13,-28,-12,-28,-11,-29,-11,-28,-10,-29,-9,-29,-7,-29,-6,-29,-5,-29,-4,-30,-4,-30,-3,-29,-4,-29,-5]"
618059804183000,41.353334600,91659,1894800660,-51,-98,6,0,1,7,0,0,256,0,0,"[0,0,-7,-14,-7,-14,-7,-14,-7,-13,-7,-12,-7,-11,-7,-11,-7,-10,-7,-9,-7,-8,-7,-8,-7,-8,-7,-7,-8,-6,-7,-7,-7,-6,-7,-6,-7,-6,-7,-6,-7,-5,-6,-6,-6,-6,-6,-5,-5,-5,-5,-5,-5,-5,0,0,0,0,0,0,0,0,0,0,0,0,0,0,0,0,0,0,0,0,0,0,-8,-16,-8,-16,-7,-18,-6,-18,-5,-19,-5,-19,-4,-19,-4,-20,-3,-20,-2,-19,-2,-19,-2,-18,-2,-18,-2,-17,-3,-17,-3,-16,-4,-16,-4,-16,-5,-16,-5,-16,-6,-16,-6,-16,-6,-16,-7,-16,-7,-15,-7,-15,0,0,-19,-21,-19,-21,-18,-20,-18,-18,-17,-17,-17,-16,-17,-14,-16,-14,-16,-12,-17,-11,-17,-10,-16,-10,-16,-8,-17,-8,-17,-8,-16,-7,-16,-6,-15,-7,-15,-6,-14,-6,-13,-6,-13,-7,-13,-7,-11,-6,-11,-7,-10,-6,-10,-7,-9,-7,0,0,0,0,0,0,0,0,0,0,0,0,0,0,-24,-18,-22,-22,-21,-23,-20,-24,-21,-26,-19,-26,-19,-29,-17,-30,-17,-31,-15,-33,-14,-32,-13,-33,-13,-31,-12,-30,-11,-30,-12,-29,-13,-28,-14,-27,-13,-26,-14,-26,-15,-25,-17,-25,-17,-24,-19,-24,-19,-24,-19,-23,-19,-22,-19,-23]"
618059825088900,41.374240500,91660,1894819572,-50,-98,6,0,1,7,0,0,256,0,0,"[0,0,-14,-8,-14,-7,-13,-7,-13,-7,-12,-6,-12,-6,-11,-5,-11,-5,-11,-4,-11,-3,-10,-2,-10,-2,-10,-1,-10,-1,-10,-1,-10,-1,-9,-1,-9,-1,-9,-1,-9,-1,-8,-1,-8,-1,-8,-1,-7,-1,-7,-2,-7,-2,0,0,0,0,0,0,0,0,0,0,0,0,0,0,0,0,0,0,0,0,0,0,-16,-7,-16,-9,-16,-10,-15,-10,-16,-11,-15,-12,-14,-13,-14,-14,-14,-14,-13,-15,-13,-14,-13,-13,-12,-13,-12,-13,-12,-13,-13,-12,-13,-11,-13,-11,-13,-11,-13,-10,-14,-10,-14,-10,-15,-9,-15,-9,-15,-8,-14,-8,0,0,-38,-42,-36,-44,-33,-37,-34,-36,-30,-32,-31,-32,-31,-28,-31,-27,-31,-24,-32,-20,-31,-18,-30,-18,-30,-16,-30,-15,-31,-14,-30,-12,-31,-13,-30,-11,-29,-14,-29,-13,-27,-12,-23,-13,-22,-12,-20,-11,-21,-10,-20,-11,-17,-12,-17,-15,0,0,0,0,0,0,0,0,0,0,0,0,0,0,-48,-38,-46,-43,-43,-47,-41,-49,-39,-54,-34,-53,-35,-59,-33,-61,-29,-63,-28,-65,-24,-67,-25,-65,-25,-62,-24,-61,-20,-59,-25,-57,-24,-55,-25,-54,-26,-53,-30,-51,-29,-51,-30,-49,-33,-48,-34,-51,-36,-49,-37,-46,-35,-45,-38,-45]"
618059844892400,41.394044000,91661,1894842208,-50,-98,6,0,1,7,0,0,256,0,0,"[0,0,-15,0,-15,0,-14,0,-14,0,-13,0,-13,1,-12,1,-11,1,-10,2,-10,2,-10,2,-9,3,-9,3,-9,3,-9,3,-8,3,-8,3,-8,3,-8,3,-8,3,-8,3,-7,2,-7,2,-7,2,-7,1,-6,1,0,0,0,0,0,0,0,0,0,0,0,0,0,0,0,0,0,0,0,0,0,0,-17,1,-17,0,-17,-1,-18,-2,-18,-2,-19,-3,-18,-3,-18,-5,-18,-5,-18,-6,-17,-6,-17,-6,-16,-6,-16,-5,-16,-5,-16,-4,-15,-4,-16,-3,-16,-3,-16,-2,-16,-2,-16,-1,-16,-1,-16,-1,-16,-1,-16,-1,0,0,-26,-5,-27,-6,-25,-5,-25,-4,-23,-4,-22,-2,-22,-2,-22,-1,-20,0,-20,0,-19,1,-17,2,-16,3,-16,4,-15,5,-16,4,-16,3,-16,3,-15,3,-15,3,-14,3,-13,2,-12,1,-12,0,-11,1,-11,0,-11,0,-11,0,0,0,0,0,0,0,0,0,0,0,0,0,0,0,-31,2,-32,-1,-32,-4,-31,-6,-32,-7,-31,-9,-32,-10,-33,-12,-33,-13,-33,-15,-32,-15,-30,-17,-29,-17,-27,-17,-26,-17,-27,-16,-27,-13,-27,-14,-27,-11,-28,-11,-28,-10,-28,-8,-29,-7,-30,-7,-30,-7,-29,-7,-30,-6,-30,-7]"
618059862705800,41.411857400,91662,1894856474,-50,-98,6,0,1,7,0,0,256,0,0,"[0,0,-7,13,-6,13,-6,12,-5,12,-5,12,-5,11,-4,11,-4,10,-3,10,-3,10,-2,9,-1,9,-1,9,-1,9,-1,9,0,9,0,8,-1,8,-1,8,-2,7,-2,7,-1,7,-1,7,-1,6,-2,6,-2,5,0,0,0,0,0,0,0,0,0,0,0,0,0,0,0,0,0,0,0,0,0,0,-5,16,-6,17,-6,16,-7,17,-8,17,-9,16,-11,16,-12,16,-12,15,-12,14,-11,14,-11,13,-11,13,-11,13,-10,13,-10,13,-9,13,-9,13,-8,13,-8,14,-8,14,-8,14,-7,15,-7,15,-6,14,-6,14,0,0,-3,28,-3,27,-2,26,-2,24,-1,23,-1,22,-1,21,-1,20,1,19,2,18,4,18,4,17,5,17,4,16,5,16,5,16,5,15,5,15,4,14,3,14,3,13,2,13,3,12,3,11,2,11,2,11,0,10,0,10,0,0,0,0,0,0,0,0,0,0,0,0,0,0,6,29,4,30,2,30,-1,31,-3,31,-4,31,-6,33,-8,32,-10,32,-12,32,-13,31,-12,31,-11,30,-12,29,-11,29,-10,28,-10,28,-10,27,-9,28,-8,28,-6,28,-7,28,-6,28,-6,29,-4,29,-2,29,-2,29,-3,29]"
618059884011300,41.433162900,91663,1894877318,-50,-98,6,0,1,7,0,0,256,0,0,"[0,0,-16,-3,-15,-3,-14,-3,-14,-3,-13,-3,-13,-2,-12,-2,-12,-1,-11,0,-11,0,-11,1,-10,0,-9,1,-9,1,-9,2,-9,2,-9,2,-9,2,-9,2,-9,1,-8,1,-7,1,-7,1,-7,0,-7,0,-7,0,0,0,0,0,0,0,0,0,0,0,0,0,0,0,0,0,0,0,0,0,0,0,-18,-3,-18,-4,-18,-5,-18,-6,-18,-6,-19,-7,-18,-8,-18,-9,-17,-10,-16,-10,-16,-10,-16,-10,-16,-10,-15,-9,-15,-9,-15,-7,-15,-7,-15,-7,-15,-6,-16,-5,-16,-5,-16,-5,-17,-5,-16,-5,-16,-4,-16,-4,0,0,-28,1,-27,2,-26,2,-24,3,-24,2,-23,4,-22,4,-21,4,-19,5,-18,6,-18,7,-17,7,-16,7,-16,8,-15,8,-15,8,-14,8,-14,8,-14,8,-14,7,-13,6,-13,6,-12,5,-12,5,-11,4,-11,4,-11,3,-11,3,0,0,0,0,0,0,0,0,0,0,0,0,0,0,-29,9,-30,6,-31,4,-32,2,-32,1,-32,0,-34,-2,-35,-4,-35,-6,-35,-7,-33,-8,-33,-9,-33,-8,-32,-8,-31,-8,-30,-7,-29,-7,-29,-5,-30,-4,-29,-4,-30,-3,-30,-2,-30,-2,-30,0,-30,0,-30,2,-29,2,-30,2]"
618059902551900,41.451703500,91664,1894896406,-50,-98,6,0,1,7,0,0,256,0,0,"[0,0,14,-5,13,-6,12,-5,12,-6,12,-5,11,-6,10,-6,9,-6,9,-6,8,-6,8,-7,7,-7,7,-7,6,-7,6,-7,6,-7,6,-7,6,-7,6,-6,6,-6,5,-6,5,-5,5,-5,4,-5,5,-4,5,-4,0,0,0,0,0,0,0,0,0,0,0,0,0,0,0,0,0,0,0,0,0,0,16,-8,16,-7,17,-6,17,-6,18,-4,18,-4,19,-3,19,-2,19,-1,18,-1,18,-1,17,-1,17,0,16,-1,16,-1,16,-2,15,-2,16,-3,15,-4,15,-4,15,-5,15,-5,15,-5,15,-5,14,-5,15,-5,0,0,25,-6,26,-9,23,-7,24,-8,20,-7,20,-8,18,-9,18,-9,17,-10,16,-10,15,-11,13,-10,13,-11,12,-10,13,-12,12,-10,12,-12,11,-10,11,-9,11,-10,11,-9,10,-9,9,-8,9,-8,9,-7,9,-6,10,-7,8,-5,0,0,0,0,0,0,0,0,0,0,0,0,0,0,27,-16,29,-12,30,-11,29,-9,33,-8,30,-7,34,-5,34,-4,34,-3,35,-1,34,1,35,2,32,3,31,3,30,2,30,2,28,0,30,-1,29,-2,29,-2,26,-4,29,-6,28,-6,29,-7,30,-6,28,-6,28,-7,28,-8]"
618059922098600,41.471250200,91665,1894916581,-50,-98,6,0,1,7,0,0,256,0,0,"[0,0,12,9,11,9,10,8,10,8,10,7,10,7,9,6,9,5,9,4,9,4,9,3,9,3,9,3,8,2,9,2,8,2,8,2,8,2,8,1,7,2,7,1,6,2,6,2,5,2,6,2,5,2,0,0,0,0,0,0,0,0,0,0,0,0,0,0,0,0,0,0,0,0,0,0,14,9,14,10,14,11,13,11,13,13,13,13,12,14,11,15,11,15,10,15,10,15,9,14,9,14,9,14,9,13,10,12,10,12,10,12,10,12,11,11,11,10,12,10,12,10,12,10,12,10,12,10,0,0,52,16,51,15,49,13,48,12,46,11,44,9,43,7,41,5,39,2,38,0,37,0,35,-2,34,-3,33,-4,35,-6,33,-6,32,-6,32,-5,30,-5,29,-4,28,-4,26,-3,26,-2,24,-2,22,-1,22,0,23,0,21,2,0,0,0,0,0,0,0,0,0,0,0,0,0,0,60,5,59,12,58,15,58,18,61,20,59,23,60,29,60,32,60,33,59,39,57,36,54,41,53,41,50,40,48,38,47,35,48,34,51,30,50,27,51,28,51,26,54,22,54,23,54,19,56,21,56,21,55,20,55,18]"
618059948161400,41.497313000,91666,1894939708,-50,-98,6,0,1,7,0,0,256,0,0,"[0,0,-15,-3,-15,-3,-14,-2,-14,-2,-13,-2,-13,-2,-12,-1,-12,-1,-11,0,-11,1,-10,2,-10,1,-9,1,-9,2,-9,2,-9,2,-9,2,-9,2,-9,2,-8,2,-8,2,-8,1,-7,1,-7,1,-7,1,-7,1,0,0,0,0,0,0,0,0,0,0,0,0,0,0,0,0,0,0,0,0,0,0,-18,-3,-18,-4,-18,-4,-18,-5,-19,-7,-19,-7,-19,-8,-18,-9,-17,-9,-17,-10,-17,-9,-16,-9,-16,-9,-15,-8,-14,-8,-16,-7,-15,-7,-16,-6,-15,-6,-15,-6,-16,-5,-16,-5,-17,-5,-17,-4,-16,-4,-16,-3,0,0,-27,-1,-27,0,-25,1,-25,0,-23,1,-22,2,-21,3,-20,3,-19,4,-19,6,-18,6,-16,7,-16,6,-15,6,-16,8,-15,8,-14,7,-13,7,-14,7,-14,6,-14,6,-12,4,-11,5,-11,5,-10,4,-11,3,-11,3,-11,2,0,0,0,0,0,0,0,0,0,0,0,0,0,0,-31,6,-31,4,-31,1,-31,-1,-33,-2,-33,-4,-34,-6,-34,-8,-35,-8,-35,-11,-33,-11,-33,-13,-32,-12,-31,-12,-30,-10,-29,-10,-29,-9,-29,-8,-29,-6,-29,-6,-29,-6,-28,-3,-30,-3,-30,-2,-31,-2,-29,0,-28,0,-29,-2]"
618059968192500,41.517344100,91667,1894958890,-51,-98,6,0,1,7,0,0,256,0,0,"[0,0,-4,-15,-4,-15,-3,-14,-4,-14,-4,-13,-5,-12,-4,-11,-5,-11,-5,-10,-5,-10,-5,-9,-6,-9,-5,-9,-6,-8,-6,-8,-6,-7,-6,-8,-6,-7,-6,-7,-5,-7,-5,-7,-5,-7,-4,-7,-4,-6,-4,-6,-3,-6,0,0,0,0,0,0,0,0,0,0,0,0,0,0,0,0,0,0,0,0,0,0,-6,-17,-5,-17,-4,-18,-4,-18,-3,-19,-2,-20,-1,-20,-1,-20,0,-19,1,-19,1,-19,1,-18,1,-17,1,-17,1,-17,0,-16,0,-16,-1,-16,-2,-17,-3,-16,-3,-16,-4,-16,-4,-16,-3,-16,-4,-16,-4,-16,0,0,-13,-24,-14,-25,-13,-23,-12,-22,-12,-20,-13,-19,-13,-18,-13,-17,-13,-16,-13,-15,-13,-14,-13,-13,-13,-12,-13,-11,-14,-11,-14,-11,-14,-10,-13,-10,-13,-10,-12,-10,-11,-10,-10,-10,-10,-9,-9,-9,-9,-9,-8,-8,-8,-9,-7,-9,0,0,0,0,0,0,0,0,0,0,0,0,0,0,-21,-23,-18,-25,-17,-26,-15,-27,-16,-29,-14,-29,-12,-32,-11,-32,-11,-34,-9,-34,-7,-34,-6,-35,-5,-33,-5,-32,-5,-31,-5,-30,-7,-29,-8,-29,-8,-27,-9,-29,-9,-28,-12,-27,-11,-28,-13,-27,-13,-28,-13,-27,-13,-26,-13,-26]"
618059984026300,41.533177900,91668,1894976715,-51,-98,6,0,1,7,0,0,256,0,0,"[0,0,11,-10,10,-10,10,-10,10,-10,9,-9,8,-9,8,-9,7,-9,6,-9,6,-9,5,-9,5,-9,4,-9,3,-9,4,-9,4,-8,3,-9,3,-8,4,-8,4,-8,4,-7,3,-7,3,-7,3,-6,3,-6,3,-5,0,0,0,0,0,0,0,0,0,0,0,0,0,0,0,0,0,0,0,0,0,0,11,-13,12,-13,12,-12,14,-12,15,-12,16,-11,17,-9,17,-9,17,-9,17,-8,16,-8,16,-8,15,-8,15,-8,15,-8,14,-8,14,-8,14,-9,13,-10,13,-9,13,-10,12,-10,13,-11,12,-10,12,-11,12,-11,0,0,16,-23,15,-23,14,-22,13,-21,12,-20,11,-20,10,-19,9,-19,7,-19,6,-18,5,-18,4,-18,4,-17,3,-18,2,-18,3,-17,2,-17,2,-17,2,-16,3,-15,3,-14,2,-14,2,-13,3,-12,3,-12,3,-11,4,-11,4,-10,0,0,0,0,0,0,0,0,0,0,0,0,0,0,10,-29,13,-28,16,-27,17,-26,18,-26,19,-25,22,-25,24,-25,25,-24,27,-22,27,-21,27,-21,26,-20,26,-19,25,-19,24,-19,23,-19,22,-20,21,-20,21,-21,20,-21,19,-22,19,-22,18,-24,18,-24,17,-24,17,-24,17,-24]"
618060002308500,41.551460100,91669,1894996529,-51,-98,6,0,1,7,0,0,256,0,0,"[0,0,10,11,10,10,9,10,9,9,9,8,9,8,8,7,8,7,8,5,8,5,8,4,8,4,8,4,8,4,8,2,8,2,8,2,7,2,7,2,7,3,6,2,6,3,6,3,5,2,5,2,5,2,0,0,0,0,0,0,0,0,0,0,0,0,0,0,0,0,0,0,0,0,0,0,13,11,12,12,12,12,11,13,11,14,11,15,10,16,9,17,9,17,8,17,8,16,7,15,7,15,7,14,7,14,8,13,8,13,9,13,9,13,10,12,10,12,10,12,10,12,10,12,11,12,11,11,0,0,25,9,25,7,25,7,23,6,23,6,21,5,21,4,20,3,19,2,18,1,18,0,17,-1,17,-2,17,-2,16,-3,16,-3,15,-3,16,-3,15,-2,14,-1,14,-1,13,-1,13,-1,12,-1,11,-1,10,0,10,0,10,1,0,0,0,0,0,0,0,0,0,0,0,0,0,0,29,1,30,4,29,6,29,9,29,10,30,12,29,14,31,16,29,17,28,20,27,19,26,20,26,19,26,19,25,18,24,16,24,17,24,14,25,15,25,14,26,13,26,12,26,13,27,11,27,10,28,9,27,9,28,9]"
618060028287100,41.577438700,91670,1895017965,-51,-98,6,0,1,7,0,0,256,0,0,"[0,0,-15,-6,-14,-6,-13,-5,-13,-5,-13,-5,-12,-4,-12,-4,-11,-3,-11,-2,-11,-2,-10,-1,-10,-1,-10,0,-10,0,-9,0,-9,0,-9,0,-9,0,-9,0,-8,0,-8,0,-8,0,-8,-1,-7,0,-7,-1,-6,0,0,0,0,0,0,0,0,0,0,0,0,0,0,0,0,0,0,0,0,0,0,0,-17,-6,-17,-8,-16,-8,-16,-9,-16,-10,-16,-11,-16,-12,-15,-12,-15,-13,-14,-13,-14,-13,-14,-13,-13,-12,-13,-12,-13,-11,-13,-10,-13,-10,-14,-10,-14,-9,-14,-8,-14,-8,-15,-8,-15,-8,-15,-7,-15,-7,-15,-7,0,0,-27,-10,-27,-10,-25,-9,-24,-8,-24,-7,-22,-7,-22,-6,-21,-5,-21,-4,-20,-2,-20,-1,-18,-1,-18,0,-17,1,-17,1,-17,2,-17,1,-17,2,-16,1,-16,1,-15,1,-14,1,-14,0,-13,0,-13,0,-12,-1,-11,0,-12,-1,0,0,0,0,0,0,0,0,0,0,0,0,0,0,-31,-1,-31,-5,-32,-9,-32,-12,-32,-14,-30,-16,-31,-17,-31,-19,-30,-22,-30,-23,-29,-23,-27,-24,-27,-22,-26,-22,-25,-21,-24,-20,-25,-19,-25,-17,-26,-17,-27,-17,-26,-15,-27,-15,-27,-15,-28,-13,-29,-13,-29,-12,-28,-12,-29,-12]"
618060047307100,41.596458700,91671,1895036418,-50,-98,6,0,1,7,0,0,256,0,0,"[0,0,8,-13,6,-13,6,-12,6,-12,5,-12,4,-11,4,-11,4,-11,3,-10,2,-10,2,-10,2,-10,1,-10,1,-9,1,-9,1,-9,1,-9,1,-9,1,-8,1,-8,1,-8,1,-8,1,-7,1,-7,1,-6,2,-6,0,0,0,0,0,0,0,0,0,0,0,0,0,0,0,0,0,0,0,0,0,0,5,-16,6,-16,7,-16,8,-16,9,-16,11,-16,11,-15,12,-15,12,-14,13,-13,12,-13,12,-13,12,-12,11,-12,11,-12,10,-12,10,-12,9,-13,9,-13,8,-13,8,-14,8,-14,8,-14,7,-14,7,-14,7,-14,0,0,8,-56,9,-54,7,-53,6,-49,6,-47,2,-46,1,-44,-1,-42,-2,-40,-3,-38,-4,-37,-5,-37,-7,-35,-8,-34,-8,-33,-8,-34,-10,-32,-8,-32,-9,-30,-8,-30,-7,-29,-7,-27,-5,-26,-3,-25,-3,-24,-2,-23,-1,-22,0,-21,0,0,0,0,0,0,0,0,0,0,0,0,0,0,-7,-60,0,-62,5,-61,7,-62,9,-63,13,-64,15,-65,21,-66,22,-65,26,-65,28,-63,30,-61,31,-58,32,-57,30,-55,27,-55,25,-56,22,-54,21,-56,19,-56,18,-56,14,-57,13,-57,11,-59,12,-59,12,-58,11,-59,12,-58]"
618060070637500,41.619789100,91672,1895060279,-50,-98,6,0,1,7,0,0,256,0,0,"[0,0,10,10,10,10,9,10,9,9,9,9,9,8,8,7,8,7,8,5,8,5,8,4,8,4,8,4,8,3,8,3,8,2,8,3,7,3,8,3,7,3,7,2,6,3,6,2,5,2,5,2,5,3,0,0,0,0,0,0,0,0,0,0,0,0,0,0,0,0,0,0,0,0,0,0,13,10,13,11,12,12,11,13,11,15,11,15,10,16,9,16,9,16,8,16,8,16,8,16,7,15,7,14,7,14,8,13,8,13,8,13,9,13,10,12,9,12,10,12,10,12,11,11,11,11,11,11,0,0,22,15,22,14,21,13,21,13,19,11,19,10,19,10,18,8,18,7,18,6,17,5,17,4,17,3,16,2,17,2,16,2,16,1,15,1,15,2,15,2,13,2,13,2,13,2,12,2,11,2,10,3,10,3,9,4,0,0,0,0,0,0,0,0,0,0,0,0,0,0,28,10,27,13,27,15,25,16,25,18,23,19,25,22,24,23,23,24,22,26,21,27,20,27,20,26,19,25,18,25,18,24,19,22,19,21,19,20,21,20,20,19,21,19,21,18,23,18,24,18,24,17,23,17,23,16]"
618060093613700,41.642765300,91673,1895076597,-50,-98,6,0,1,7,0,0,256,0,0,"[0,0,1,-15,0,-15,0,-14,0,-14,-1,-13,-1,-13,-1,-12,-2,-12,-2,-10,-3,-10,-3,-10,-3,-10,-4,-10,-4,-9,-4,-9,-4,-8,-4,-8,-4,-8,-4,-8,-3,-8,-3,-7,-3,-7,-3,-7,-2,-7,-2,-6,-2,-6,0,0,0,0,0,0,0,0,0,0,0,0,0,0,0,0,0,0,0,0,0,0,-1,-17,0,-17,1,-18,2,-18,3,-19,4,-19,5,-19,5,-18,6,-18,7,-17,6,-17,6,-16,6,-16,6,-16,5,-16,4,-16,4,-15,3,-16,2,-16,2,-16,2,-16,1,-16,1,-17,1,-16,0,-16,1,-16,0,0,-1,-26,0,-28,-1,-26,-1,-25,-1,-23,-2,-23,-2,-21,-2,-21,-4,-19,-5,-19,-6,-17,-7,-18,-7,-17,-6,-16,-7,-16,-7,-14,-8,-16,-8,-14,-6,-14,-6,-14,-6,-13,-6,-13,-5,-13,-5,-12,-4,-11,-3,-10,-3,-11,-1,-11,0,0,0,0,0,0,0,0,0,0,0,0,0,0,-7,-31,-4,-31,-2,-32,0,-30,1,-33,3,-32,5,-36,7,-33,9,-34,11,-33,12,-33,13,-33,11,-31,11,-30,10,-29,10,-28,9,-28,8,-29,7,-29,6,-30,6,-28,4,-29,5,-29,3,-30,2,-31,2,-30,0,-31,1,-28]"
618060112031500,41.661183100,91674,1895096507,-50,-98,6,0,1,7,0,0,256,0,0,"[0,0,-3,-15,-4,-14,-4,-14,-4,-13,-4,-13,-4,-12,-4,-11,-5,-11,-5,-10,-5,-10,-5,-9,-6,-9,-6,-8,-6,-8,-6,-7,-6,-7,-6,-7,-6,-7,-6,-7,-5,-6,-5,-6,-4,-7,-4,-6,-4,-6,-4,-6,-4,-6,0,0,0,0,0,0,0,0,0,0,0,0,0,0,0,0,0,0,0,0,0,0,-6,-16,-5,-17,-4,-17,-4,-18,-3,-19,-2,-20,-1,-19,0,-19,1,-19,1,-19,1,-18,0,-18,1,-17,1,-17,0,-17,0,-16,-1,-16,-1,-16,-2,-16,-2,-16,-2,-16,-3,-16,-3,-16,-4,-16,-5,-16,-4,-15,0,0,-15,-24,-14,-24,-14,-23,-14,-21,-14,-21,-15,-19,-14,-17,-15,-16,-14,-14,-14,-14,-14,-13,-14,-13,-14,-11,-15,-11,-15,-10,-15,-10,-14,-9,-15,-9,-14,-9,-13,-9,-13,-9,-12,-8,-11,-8,-10,-8,-9,-8,-9,-8,-8,-8,-7,-9,0,0,0,0,0,0,0,0,0,0,0,0,0,0,-20,-23,-18,-26,-16,-27,-16,-27,-15,-28,-14,-30,-13,-31,-12,-34,-12,-33,-11,-34,-10,-33,-7,-34,-6,-33,-5,-32,-5,-31,-6,-30,-8,-30,-8,-28,-9,-29,-10,-28,-11,-28,-13,-27,-14,-27,-15,-27,-14,-27,-14,-27,-14,-27,-14,-26]"
618060125297700,41.674449300,91675,1895116663,-50,-98,6,0,1,7,0,0,256,0,0,"[0,0,13,-3,12,-2,12,-2,11,-3,11,-3,10,-3,9,-3,9,-4,8,-4,8,-4,8,-4,7,-4,7,-4,7,-5,6,-5,6,-5,6,-5,6,-5,6,-5,6,-4,6,-4,5,-4,5,-4,4,-3,5,-3,5,-2,0,0,0,0,0,0,0,0,0,0,0,0,0,0,0,0,0,0,0,0,0,0,14,-4,15,-4,15,-3,16,-2,16,-2,17,-1,16,0,17,1,17,1,16,2,16,2,15,2,15,2,14,2,14,1,14,1,14,0,14,0,14,-1,14,-2,14,-1,14,-2,14,-2,14,-2,14,-2,14,-3,0,0,28,-1,26,-2,25,-3,23,-2,22,-4,21,-3,20,-5,19,-5,18,-5,17,-6,16,-7,15,-6,15,-8,14,-7,15,-8,14,-8,13,-8,14,-8,13,-8,12,-7,12,-6,11,-6,11,-5,11,-4,11,-4,10,-4,9,-3,9,-2,0,0,0,0,0,0,0,0,0,0,0,0,0,0,28,-11,31,-8,30,-5,31,-4,32,-4,32,-1,32,1,34,3,34,4,35,5,34,6,33,8,31,9,31,9,29,8,28,7,29,6,28,4,27,4,28,3,28,1,28,0,29,-1,29,-1,29,-1,28,-1,29,-2,29,-2]"
618060142119500,41.691271100,91676,1895136508,-50,-98,6,0,1,7,0,0,256,0,0,"[0,0,9,11,9,11,8,10,8,10,8,9,8,9,8,8,8,7,8,6,8,6,8,5,8,5,8,4,8,4,8,3,8,3,8,3,7,3,7,3,7,3,7,3,6,3,5,3,5,3,5,3,5,3,0,0,0,0,0,0,0,0,0,0,0,0,0,0,0,0,0,0,0,0,0,0,11,12,11,13,11,14,10,14,10,16,9,16,8,17,8,17,7,17,6,17,6,16,6,16,6,16,6,15,6,15,6,15,7,14,7,14,8,13,8,13,8,13,9,13,10,12,10,12,10,12,10,12,0,0,22,16,22,14,21,14,20,13,20,12,18,11,18,10,18,9,18,8,17,6,17,4,17,4,17,3,17,3,16,3,16,2,16,2,16,2,15,2,14,3,13,2,12,3,12,2,11,2,11,2,10,3,10,3,9,4,0,0,0,0,0,0,0,0,0,0,0,0,0,0,28,9,27,12,27,14,26,17,26,19,24,20,24,21,24,23,22,25,21,26,21,27,20,26,20,25,19,24,19,24,19,23,19,23,19,21,19,21,20,20,21,19,21,19,22,19,22,19,23,17,24,16,24,16,24,16]"
618060166698100,41.715849700,91677,1895157624,-50,-98,6,0,1,7,0,0,256,0,0,"[0,0,-15,-6,-15,-6,-14,-6,-13,-5,-13,-5,-12,-4,-12,-3,-11,-3,-11,-2,-11,-1,-10,-1,-10,-1,-10,-1,-10,0,-10,1,-9,0,-9,0,-9,1,-9,0,-8,0,-8,0,-8,0,-8,0,-7,-1,-7,0,-7,-1,0,0,0,0,0,0,0,0,0,0,0,0,0,0,0,0,0,0,0,0,0,0,-17,-6,-17,-7,-17,-7,-17,-8,-17,-10,-17,-11,-16,-11,-16,-12,-16,-13,-15,-13,-14,-12,-14,-12,-13,-12,-13,-12,-14,-11,-14,-10,-14,-10,-14,-9,-14,-9,-14,-8,-15,-8,-15,-7,-16,-7,-15,-7,-15,-7,-15,-6,0,0,-27,-7,-27,-8,-24,-8,-25,-6,-23,-5,-23,-5,-21,-3,-20,-3,-20,-2,-20,-1,-19,0,-18,0,-17,2,-17,3,-17,3,-17,2,-17,3,-17,2,-16,1,-15,2,-15,2,-13,2,-13,2,-12,1,-12,0,-12,0,-12,-1,-11,-1,0,0,0,0,0,0,0,0,0,0,0,0,0,0,-32,-2,-31,-6,-32,-7,-31,-10,-32,-9,-30,-12,-31,-14,-31,-16,-31,-17,-31,-19,-29,-19,-29,-20,-27,-20,-27,-19,-26,-19,-25,-18,-26,-17,-25,-15,-26,-14,-27,-13,-26,-13,-27,-11,-27,-11,-28,-10,-29,-11,-29,-10,-29,-9,-28,-8]"
618060199818200,41.748969800,91678,1895180845,-51,-98,6,0,1,7,0,0,256,0,0,"[0,0,0,-15,-1,-15,0,-14,-1,-14,-1,-13,-2,-13,-2,-12,-2,-12,-2,-11,-3,-11,-3,-10,-4,-10,-4,-10,-4,-9,-5,-9,-4,-8,-5,-9,-4,-8,-4,-8,-4,-8,-4,-7,-4,-7,-3,-7,-3,-7,-2,-6,-2,-6,0,0,0,0,0,0,0,0,0,0,0,0,0,0,0,0,0,0,0,0,0,0,-1,-18,0,-18,0,-19,2,-18,3,-20,4,-19,4,-19,5,-19,5,-19,6,-18,6,-17,6,-17,6,-17,5,-17,5,-16,4,-16,3,-16,3,-16,2,-16,2,-17,1,-16,0,-17,1,-17,0,-16,0,-16,0,-16,0,0,-7,-28,-8,-26,-7,-26,-7,-24,-8,-23,-8,-21,-8,-21,-9,-19,-9,-18,-10,-16,-11,-16,-11,-15,-12,-14,-11,-14,-12,-13,-12,-13,-12,-12,-12,-13,-11,-13,-11,-12,-10,-12,-9,-11,-9,-10,-8,-10,-7,-10,-7,-10,-6,-10,-5,-10,0,0,0,0,0,0,0,0,0,0,0,0,0,0,-15,-27,-12,-29,-9,-30,-8,-31,-6,-32,-5,-33,-4,-33,-2,-35,0,-35,1,-35,2,-34,3,-34,2,-33,2,-32,2,-31,1,-31,1,-31,0,-29,-1,-30,-1,-29,-3,-30,-4,-29,-5,-29,-6,-30,-6,-29,-7,-30,-8,-29,-8,-29]"
618060218892000,41.768043600,91679,1895196605,-50,-98,6,0,1,7,0,0,256,0,0,"[0,0,13,4,12,4,12,3,12,3,11,3,11,2,10,2,10,1,10,1,9,0,9,0,8,-1,8,-1,8,-1,8,-2,8,-2,7,-1,8,-2,7,-2,7,-1,7,-2,6,-1,6,-1,6,-1,6,-1,5,0,0,0,0,0,0,0,0,0,0,0,0,0,0,0,0,0,0,0,0,0,0,0,16,2,16,4,16,4,16,5,16,6,16,7,16,8,15,9,15,9,14,9,14,9,13,9,13,9,13,9,13,8,13,7,13,7,13,6,13,6,13,6,13,5,14,5,14,5,14,4,14,4,14,4,0,0,25,7,26,6,23,6,24,5,22,5,21,3,20,3,18,2,19,1,18,0,18,-1,16,-2,16,-3,16,-2,16,-3,15,-3,14,-4,15,-4,15,-3,14,-2,13,-3,12,-3,12,-2,11,-2,11,-2,10,-1,10,-1,9,1,0,0,0,0,0,0,0,0,0,0,0,0,0,0,31,1,30,4,31,6,30,8,30,9,29,11,31,14,31,14,30,16,30,18,28,18,28,19,26,18,26,19,24,17,24,16,24,15,25,15,25,14,26,13,25,11,26,10,26,10,27,9,28,10,27,8,27,9,27,8]"
618060238590000,41.787741600,91680,1895219114,-50,-98,6,0,1,7,0,0,256,0,0,"[0,0,-7,13,-6,12,-6,11,-6,11,-5,10,-4,10,-4,10,-3,10,-3,9,-2,9,-2,9,-2,8,-1,9,-1,8,-1,8,-1,8,0,8,0,7,-1,7,-1,7,-1,7,-1,6,-1,6,-1,6,-1,5,-1,5,0,0,0,0,0,0,0,0,0,0,0,0,0,0,0,0,0,0,0,0,0,0,-7,14,-8,14,-8,14,-9,14,-10,14,-11,14,-12,13,-13,13,-13,13,-13,12,-13,11,-12,11,-12,11,-12,11,-11,11,-10,11,-10,11,-10,12,-9,12,-9,12,-8,12,-8,13,-8,13,-7,13,-7,13,-8,13,0,0,-9,55,-8,54,-7,51,-5,49,-4,47,-2,43,-1,42,0,41,1,39,4,38,7,36,8,34,10,33,9,33,10,32,10,31,11,31,10,30,9,29,8,29,8,27,6,26,6,25,6,23,5,23,4,22,2,21,1,21,0,0,0,0,0,0,0,0,0,0,0,0,0,0,7,59,0,60,-3,61,-9,61,-12,62,-16,62,-19,65,-23,64,-26,63,-29,64,-31,60,-29,61,-29,59,-28,57,-27,56,-26,55,-24,55,-23,53,-22,54,-20,55,-17,55,-15,55,-14,56,-14,57,-11,58,-9,58,-7,59,-8,57]"
618060256805400,41.805957000,91681,1895237690,-51,-98,6,0,1,7,0,0,256,0,0,"[0,0,-2,14,-1,14,-1,13,-1,12,0,12,0,11,0,11,1,11,0,9,2,10,2,9,2,9,2,8,3,8,2,8,3,7,3,7,3,7,2,7,2,7,2,6,2,6,2,6,2,6,1,5,1,5,0,0,0,0,0,0,0,0,0,0,0,0,0,0,0,0,0,0,0,0,0,0,0,16,-1,16,-1,17,-2,17,-3,18,-4,17,-5,18,-6,17,-6,17,-7,17,-7,16,-7,16,-6,16,-6,15,-6,15,-5,15,-4,14,-4,15,-3,14,-3,15,-3,15,-2,15,-2,15,-1,15,-1,15,-1,15,0,0,4,27,5,25,5,25,5,23,6,23,5,21,6,20,6,19,7,18,8,17,8,16,9,15,9,14,9,14,9,13,10,13,10,12,9,13,8,12,8,12,7,12,6,11,6,10,6,10,5,10,5,9,4,9,4,9,0,0,0,0,0,0,0,0,0,0,0,0,0,0,14,24,11,27,9,28,6,30,6,31,5,32,3,32,1,34,-1,34,-3,34,-4,33,-4,34,-4,33,-3,32,-4,31,-3,29,-2,30,-1,28,-1,28,0,29,1,29,2,28,3,29,3,29,4,29,5,29,6,28,5,28]"
618060277947000,41.827098600,91682,1895256398,-51,-98,6,0,1,7,0,0,256,0,0,"[0,0,5,-15,3,-14,4,-14,4,-13,3,-13,2,-12,2,-12,1,-11,1,-11,0,-11,0,-10,-1,-10,-1,-10,-2,-10,-2,-10,-1,-9,-2,-9,-1,-9,-2,-8,-1,-8,-1,-8,-1,-8,-1,-8,-1,-7,-1,-7,0,-6,0,0,0,0,0,0,0,0,0,0,0,0,0,0,0,0,0,0,0,0,0,0,4,-17,5,-17,6,-17,7,-17,8,-17,9,-17,10,-16,11,-16,11,-16,11,-15,11,-14,11,-14,10,-14,10,-14,9,-14,8,-14,8,-14,8,-14,7,-15,6,-15,6,-15,6,-16,6,-15,6,-15,5,-15,6,-15,0,0,-1,-27,-2,-28,-2,-26,-2,-25,-3,-23,-4,-23,-4,-22,-5,-21,-5,-19,-6,-19,-6,-18,-7,-17,-7,-16,-8,-16,-9,-16,-8,-15,-9,-14,-8,-14,-8,-14,-7,-13,-7,-13,-6,-12,-6,-12,-5,-12,-5,-12,-4,-11,-4,-11,-3,-10,0,0,0,0,0,0,0,0,0,0,0,0,0,0,-8,-30,-4,-31,-2,-31,-1,-31,0,-33,1,-32,4,-34,5,-33,6,-34,9,-34,8,-34,11,-33,10,-32,11,-30,10,-29,9,-29,7,-28,6,-29,5,-29,5,-30,3,-29,2,-29,2,-30,1,-30,1,-31,0,-30,0,-29,0,-29]"
618060298901600,41.848053200,91683,1895281978,-50,-98,6,0,1,7,0,0,256,0,0,"[0,0,14,3,14,2,13,2,13,2,12,2,12,1,11,0,10,0,10,-1,10,-1,10,-2,9,-2,9,-2,8,-3,8,-3,8,-3,8,-3,8,-3,8,-3,7,-2,7,-2,6,-2,6,-2,6,-2,6,-1,5,-1,0,0,0,0,0,0,0,0,0,0,0,0,0,0,0,0,0,0,0,0,0,0,17,2,17,3,17,3,17,4,17,5,18,6,18,7,17,8,17,8,16,9,15,9,15,9,14,8,14,8,14,7,15,6,14,5,15,5,15,5,15,5,15,4,15,3,16,4,15,3,15,3,15,3,0,0,26,3,26,2,23,2,24,1,22,1,22,0,19,-1,19,-2,18,-3,18,-4,17,-5,16,-6,15,-6,14,-6,16,-6,14,-6,14,-6,14,-6,14,-6,14,-5,14,-5,12,-5,12,-4,10,-4,10,-3,10,-3,11,-2,10,-1,0,0,0,0,0,0,0,0,0,0,0,0,0,0,29,-5,30,-2,30,0,30,2,33,4,31,5,32,8,33,9,32,11,32,13,31,14,32,14,30,13,30,12,28,12,27,11,26,10,28,10,26,8,28,9,27,7,29,6,28,5,27,6,30,3,29,3,28,2,29,2]"
618060318474400,41.867626000,91684,1895297461,-51,-98,6,0,1,7,0,0,256,0,0,"[0,0,10,10,10,10,10,9,9,9,9,8,9,7,9,7,9,6,8,5,8,5,8,4,8,3,8,3,8,3,8,2,8,2,8,2,8,2,7,2,7,2,7,2,6,2,6,2,6,2,5,2,5,2,0,0,0,0,0,0,0,0,0,0,0,0,0,0,0,0,0,0,0,0,0,0,13,11,13,12,12,12,12,13,11,14,11,15,10,16,9,16,9,17,8,17,8,16,7,16,7,15,7,15,8,14,8,13,8,13,9,13,9,12,9,12,10,12,10,12,10,12,11,11,11,11,11,11,0,0,25,10,24,8,24,8,22,7,23,7,21,6,21,5,19,4,19,3,18,1,18,0,17,-1,17,-2,17,-2,16,-2,16,-2,15,-3,16,-3,15,-2,15,-2,13,-1,13,-1,12,-1,12,-1,12,-1,11,0,10,0,10,1,0,0,0,0,0,0,0,0,0,0,0,0,0,0,28,3,30,6,29,8,29,10,28,12,29,14,28,15,29,17,29,19,28,20,26,21,25,20,26,20,24,20,24,19,24,18,24,18,23,16,24,16,24,15,25,14,25,13,26,12,26,12,26,11,27,10,27,10,28,10]"
618060337857900,41.887009500,91685,1895317108,-51,-98,6,0,1,7,0,0,256,0,0,"[0,0,12,-9,11,-9,10,-8,10,-9,9,-9,9,-9,8,-8,7,-8,7,-8,6,-8,5,-9,5,-9,4,-8,4,-8,4,-9,4,-8,3,-8,4,-8,4,-8,4,-7,4,-7,3,-7,3,-6,3,-6,3,-5,3,-5,0,0,0,0,0,0,0,0,0,0,0,0,0,0,0,0,0,0,0,0,0,0,12,-12,13,-12,14,-11,14,-11,15,-11,16,-10,17,-9,17,-8,17,-7,17,-7,17,-6,17,-6,16,-6,15,-6,15,-7,14,-7,14,-7,14,-8,13,-8,13,-8,13,-9,13,-9,13,-9,12,-10,12,-10,13,-10,0,0,19,-20,17,-20,17,-20,16,-19,15,-19,13,-18,13,-18,11,-17,10,-18,8,-16,7,-17,6,-17,6,-17,5,-17,5,-16,5,-17,5,-16,5,-16,5,-15,5,-14,5,-14,5,-13,4,-12,4,-11,5,-12,5,-11,5,-10,6,-9,0,0,0,0,0,0,0,0,0,0,0,0,0,0,13,-27,16,-27,18,-25,20,-25,20,-24,23,-23,24,-22,27,-22,28,-20,29,-19,30,-18,28,-17,28,-17,27,-16,27,-16,26,-16,26,-17,23,-16,24,-17,23,-18,22,-19,21,-19,21,-19,21,-21,20,-21,20,-22,19,-22,20,-22]"
618060353215600,41.902367200,91686,1895338052,-50,-98,6,0,1,7,0,0,256,0,0,"[0,0,5,-15,4,-14,3,-14,3,-13,3,-13,2,-13,2,-12,1,-11,1,-11,1,-11,-1,-10,-1,-10,-1,-10,-2,-10,-1,-10,-2,-10,-2,-9,-1,-9,-1,-8,-1,-8,-1,-8,-1,-8,-1,-7,-1,-7,-1,-6,0,-6,0,0,0,0,0,0,0,0,0,0,0,0,0,0,0,0,0,0,0,0,0,0,3,-17,4,-18,5,-17,6,-18,7,-17,8,-18,9,-17,10,-17,11,-16,10,-16,10,-15,10,-15,9,-15,9,-14,9,-15,8,-14,8,-14,7,-14,7,-15,6,-15,6,-16,6,-15,6,-16,5,-16,4,-16,5,-15,0,0,0,-28,0,-28,-1,-27,-1,-24,-1,-25,-2,-23,-3,-22,-4,-21,-4,-20,-5,-19,-5,-18,-6,-18,-7,-17,-7,-17,-7,-16,-7,-16,-8,-16,-7,-15,-7,-15,-7,-14,-6,-14,-6,-13,-5,-13,-4,-12,-4,-12,-4,-12,-2,-11,-2,-11,0,0,0,0,0,0,0,0,0,0,0,0,0,0,-8,-30,-4,-31,-2,-32,-1,-33,1,-32,3,-33,3,-33,5,-34,7,-34,8,-34,10,-34,10,-32,10,-31,10,-31,10,-30,9,-30,8,-30,7,-28,7,-29,5,-28,4,-30,3,-30,2,-30,1,-31,1,-29,1,-30,1,-30,1,-30]"
618060375271400,41.924423000,91687,1895367815,-50,-98,6,0,1,7,0,0,256,0,0,"[0,0,-12,-10,-12,-10,-11,-9,-10,-8,-11,-8,-10,-7,-10,-7,-10,-7,-10,-5,-9,-4,-10,-4,-9,-4,-10,-3,-10,-3,-9,-3,-9,-2,-8,-2,-9,-2,-9,-2,-8,-2,-8,-3,-7,-3,-7,-3,-7,-3,-7,-2,-6,-3,0,0,0,0,0,0,0,0,0,0,0,0,0,0,0,0,0,0,0,0,0,0,-14,-10,-14,-11,-14,-12,-13,-13,-13,-14,-13,-15,-12,-15,-12,-16,-11,-16,-10,-16,-10,-15,-10,-15,-10,-15,-10,-14,-10,-14,-10,-13,-11,-13,-10,-12,-11,-13,-11,-12,-11,-12,-12,-12,-12,-11,-13,-10,-13,-10,-13,-10,0,0,-39,-38,-37,-37,-38,-38,-36,-32,-34,-32,-34,-28,-32,-27,-33,-24,-32,-20,-33,-17,-32,-18,-32,-16,-33,-14,-32,-13,-34,-11,-32,-10,-31,-10,-31,-10,-29,-9,-28,-9,-26,-10,-26,-9,-24,-9,-23,-9,-23,-10,-22,-10,-20,-10,-18,-11,0,0,0,0,0,0,0,0,0,0,0,0,0,0,-49,-33,-49,-41,-47,-43,-44,-46,-41,-49,-39,-53,-40,-56,-40,-59,-37,-58,-35,-62,-31,-63,-30,-61,-29,-62,-29,-61,-26,-56,-27,-56,-29,-53,-28,-51,-32,-51,-31,-49,-34,-47,-35,-47,-37,-45,-39,-47,-39,-44,-39,-44,-41,-43,-41,-42]"
618060397469400,41.946621000,91688,1895389806,-50,-98,6,0,1,7,0,0,256,0,0,"[0,0,-15,4,-14,5,-13,5,-13,4,-12,5,-12,5,-11,4,-11,5,-10,5,-9,5,-9,6,-8,6,-8,6,-7,6,-8,6,-7,6,-7,6,-7,6,-7,5,-7,5,-6,4,-6,4,-6,4,-5,4,-6,3,-5,3,0,0,0,0,0,0,0,0,0,0,0,0,0,0,0,0,0,0,0,0,0,0,-16,8,-16,7,-17,7,-17,6,-18,5,-19,5,-20,3,-20,2,-19,2,-19,1,-19,1,-18,1,-18,1,-17,1,-17,1,-17,2,-17,2,-17,3,-16,3,-16,4,-16,4,-16,4,-16,4,-16,5,-15,5,-16,5,0,0,-27,7,-25,9,-25,8,-23,8,-22,9,-21,8,-19,9,-18,9,-17,8,-16,10,-16,10,-14,11,-13,11,-13,11,-12,11,-12,11,-11,11,-13,11,-12,10,-11,9,-11,9,-10,8,-10,8,-10,8,-10,6,-10,6,-10,5,-10,5,0,0,0,0,0,0,0,0,0,0,0,0,0,0,-25,17,-27,15,-29,13,-30,11,-31,11,-32,9,-34,7,-36,6,-35,4,-36,2,-36,2,-35,0,-34,-1,-33,1,-32,1,-30,1,-30,1,-30,1,-31,2,-29,3,-29,5,-29,6,-29,6,-29,7,-28,7,-27,9,-28,9,-28,9]"
618060414073300,41.963224900,91689,1895403984,-50,-98,6,0,1,7,0,0,256,0,0,"[0,0,-15,7,-13,6,-13,6,-12,6,-11,6,-10,6,-10,7,-9,6,-9,6,-8,7,-7,6,-7,6,-6,7,-6,7,-6,7,-6,7,-5,6,-6,7,-5,6,-6,6,-5,6,-5,5,-5,5,-5,4,-5,4,-5,4,0,0,0,0,0,0,0,0,0,0,0,0,0,0,0,0,0,0,0,0,0,0,-15,9,-16,8,-16,8,-17,7,-18,6,-19,5,-19,5,-19,4,-20,4,-19,3,-19,2,-18,2,-17,2,-17,2,-17,3,-16,3,-16,4,-16,4,-16,5,-15,6,-15,6,-15,7,-16,7,-15,7,-15,6,-15,7,0,0,-19,21,-18,20,-17,19,-17,18,-15,19,-14,17,-13,18,-12,17,-10,17,-9,17,-7,17,-7,17,-6,17,-6,16,-5,16,-5,15,-5,15,-4,15,-4,14,-4,14,-5,13,-5,13,-5,12,-5,11,-5,10,-5,10,-6,9,-6,9,0,0,0,0,0,0,0,0,0,0,0,0,0,0,-13,27,-16,26,-18,25,-21,24,-23,22,-23,21,-26,22,-27,21,-29,19,-30,19,-31,16,-30,18,-29,17,-28,17,-27,16,-26,17,-26,16,-25,16,-25,16,-24,18,-22,18,-23,18,-21,20,-22,20,-21,21,-20,22,-19,22,-20,22]"
618060427917600,41.977069200,91690,1895419173,-51,-98,6,0,1,7,0,0,256,0,0,"[0,0,-13,8,-12,8,-11,8,-11,7,-11,8,-9,7,-9,7,-8,7,-7,7,-7,7,-7,8,-6,7,-5,7,-5,7,-5,8,-4,8,-4,7,-5,7,-4,7,-5,7,-5,6,-4,6,-4,5,-4,5,-4,5,-4,4,0,0,0,0,0,0,0,0,0,0,0,0,0,0,0,0,0,0,0,0,0,0,-14,11,-15,10,-15,10,-15,9,-17,9,-18,9,-18,8,-19,6,-19,6,-18,5,-18,5,-17,4,-17,4,-17,5,-16,5,-16,6,-15,6,-15,7,-15,7,-14,8,-14,8,-14,8,-14,8,-14,9,-14,9,-13,9,0,0,-12,25,-10,24,-9,24,-8,22,-8,22,-7,21,-6,20,-5,19,-4,19,-2,17,-2,18,-1,17,0,17,0,17,1,16,1,16,1,16,1,16,1,15,0,15,-1,14,0,13,0,12,-1,12,-1,11,-1,11,-2,10,-3,10,0,0,0,0,0,0,0,0,0,0,0,0,0,0,-4,29,-8,29,-10,29,-12,30,-13,29,-15,29,-16,29,-19,31,-21,28,-22,28,-23,27,-21,26,-21,25,-21,24,-21,23,-19,24,-19,24,-18,23,-17,24,-16,23,-15,25,-14,25,-13,26,-13,26,-12,25,-12,26,-10,26,-12,28]"
618060450921600,42.000073200,91691,1895442339,-50,-98,6,0,1,7,0,0,256,0,0,"[0,0,-2,-15,-2,-15,-3,-14,-2,-13,-3,-13,-3,-12,-3,-12,-3,-11,-4,-10,-4,-10,-4,-9,-5,-9,-5,-9,-5,-9,-5,-8,-5,-8,-5,-8,-5,-7,-4,-7,-4,-7,-4,-7,-4,-7,-3,-7,-3,-6,-3,-6,-3,-6,0,0,0,0,0,0,0,0,0,0,0,0,0,0,0,0,0,0,0,0,0,0,-5,-17,-4,-18,-4,-18,-3,-18,-2,-19,-1,-19,0,-19,1,-19,2,-19,2,-19,2,-18,2,-18,2,-17,1,-17,2,-17,0,-16,1,-16,0,-16,-1,-16,-1,-16,-1,-16,-2,-16,-2,-16,-2,-16,-3,-16,-3,-16,0,0,-13,-26,-12,-24,-12,-25,-11,-21,-11,-22,-12,-20,-12,-19,-13,-18,-12,-17,-12,-14,-13,-15,-13,-13,-14,-13,-14,-12,-13,-11,-14,-12,-13,-11,-13,-11,-13,-10,-12,-10,-11,-10,-11,-10,-9,-9,-9,-10,-8,-10,-8,-10,-7,-9,-6,-10,0,0,0,0,0,0,0,0,0,0,0,0,0,0,-21,-22,-18,-25,-17,-27,-16,-29,-13,-29,-13,-30,-12,-31,-11,-34,-9,-34,-9,-34,-7,-35,-6,-33,-5,-33,-5,-32,-5,-32,-5,-30,-6,-31,-6,-28,-6,-30,-8,-28,-9,-29,-10,-28,-11,-27,-12,-29,-12,-27,-12,-28,-13,-27,-13,-27]"
618060464883600,42.014035200,91692,1895458488,-51,-98,6,0,1,7,0,0,256,0,0,"[0,0,8,-13,6,-13,6,-12,7,-13,5,-12,5,-11,4,-11,4,-11,3,-10,2,-11,2,-10,1,-10,1,-10,0,-9,1,-10,0,-9,-1,-9,0,-9,0,-9,1,-8,0,-8,0,-8,0,-8,0,-7,1,-7,1,-6,0,0,0,0,0,0,0,0,0,0,0,0,0,0,0,0,0,0,0,0,0,0,8,-15,9,-15,9,-15,10,-15,11,-15,12,-14,14,-13,14,-13,14,-13,14,-12,13,-12,13,-12,13,-11,12,-11,12,-11,11,-12,11,-12,11,-12,9,-13,10,-13,9,-13,9,-13,9,-13,8,-14,8,-14,8,-13,0,0,13,-55,9,-53,9,-51,7,-48,6,-47,4,-44,4,-43,1,-41,0,-40,-3,-38,-6,-37,-6,-36,-8,-35,-8,-34,-9,-33,-9,-33,-10,-31,-9,-32,-9,-30,-7,-30,-7,-29,-5,-28,-6,-26,-5,-24,-4,-24,-4,-23,-2,-23,0,-21,0,0,0,0,0,0,0,0,0,0,0,0,0,0,-1,-60,6,-61,10,-61,13,-61,16,-61,19,-61,22,-63,26,-62,30,-62,34,-61,36,-59,35,-57,33,-56,34,-54,33,-54,30,-54,29,-53,25,-52,24,-53,22,-54,20,-53,19,-55,19,-56,17,-57,16,-56,13,-57,12,-57,14,-57]"
618060482262600,42.031414200,91693,1895476576,-51,-98,6,0,1,7,0,0,256,0,0,"[0,0,-1,14,-1,14,0,13,0,12,0,12,0,11,1,11,1,10,1,9,2,9,2,9,3,9,3,8,3,8,3,8,3,7,3,7,3,7,3,7,3,7,2,6,2,6,2,6,1,6,1,5,1,5,0,0,0,0,0,0,0,0,0,0,0,0,0,0,0,0,0,0,0,0,0,0,1,16,1,17,-1,17,-1,17,-2,18,-3,18,-4,18,-5,18,-6,17,-6,17,-6,16,-6,16,-5,16,-5,16,-5,15,-4,15,-4,15,-4,15,-3,15,-2,15,-2,15,-2,15,-1,15,-1,15,-1,15,-1,15,0,0,9,25,9,25,9,23,9,23,9,20,10,19,10,18,10,17,11,15,11,15,10,14,11,14,11,12,11,11,13,12,12,11,12,11,11,10,11,10,10,10,10,10,9,9,8,9,8,9,7,9,6,8,6,9,5,9,0,0,0,0,0,0,0,0,0,0,0,0,0,0,16,25,13,27,11,28,10,28,10,31,8,30,6,33,5,33,6,33,3,34,3,33,0,34,-1,33,-1,31,-1,30,0,29,1,29,3,30,3,28,3,29,5,28,8,27,8,28,9,27,9,29,8,28,8,27,9,27]"
618060504479600,42.053631200,91694,1895496563,-51,-98,6,0,1,7,0,0,256,0,0,"[0,0,14,-1,13,-2,13,-2,13,-2,12,-2,12,-2,10,-3,11,-3,10,-4,10,-4,9,-4,8,-4,8,-4,7,-5,7,-5,7,-5,7,-5,7,-5,7,-5,7,-4,6,-4,6,-4,6,-3,5,-3,6,-3,5,-2,0,0,0,0,0,0,0,0,0,0,0,0,0,0,0,0,0,0,0,0,0,0,17,-3,17,-2,17,-1,17,0,19,1,19,2,19,3,19,3,18,4,17,5,17,5,17,5,16,5,15,4,16,4,15,2,15,2,16,1,15,1,16,0,16,0,15,-1,16,0,16,-1,15,-1,16,-1,0,0,26,-6,25,-8,23,-8,23,-8,21,-8,20,-8,18,-9,17,-9,16,-9,15,-10,14,-10,14,-11,13,-11,12,-11,13,-12,12,-12,11,-11,12,-11,11,-11,11,-11,11,-9,9,-9,9,-9,9,-8,8,-6,9,-7,9,-6,8,-5,0,0,0,0,0,0,0,0,0,0,0,0,0,0,27,-16,28,-12,30,-11,31,-10,31,-8,31,-7,33,-5,36,-3,34,-3,34,-1,34,2,32,1,33,3,32,3,31,2,30,1,29,0,28,-1,29,-1,28,-2,28,-4,28,-5,27,-5,27,-6,28,-8,28,-8,27,-9,28,-8]"
618060524900300,42.074051900,91695,1895517479,-51,-98,6,0,1,7,0,0,256,0,0,"[0,0,15,-3,14,-3,13,-4,13,-4,12,-4,11,-4,11,-4,10,-5,10,-5,9,-5,8,-6,8,-6,7,-6,7,-6,7,-6,7,-6,6,-6,6,-6,6,-6,6,-6,6,-5,6,-5,5,-4,5,-4,5,-4,5,-3,0,0,0,0,0,0,0,0,0,0,0,0,0,0,0,0,0,0,0,0,0,0,17,-5,17,-4,18,-3,18,-2,19,-2,19,-1,19,1,19,1,19,2,18,2,18,2,17,3,17,2,16,2,16,2,16,0,16,0,16,0,16,-1,16,-2,15,-2,16,-3,16,-3,16,-3,15,-3,15,-3,0,0,25,-12,23,-13,22,-13,21,-12,20,-12,19,-13,18,-12,16,-13,15,-13,13,-13,12,-14,12,-14,10,-14,10,-14,9,-14,9,-15,9,-14,9,-14,9,-13,9,-13,9,-12,8,-11,8,-11,8,-10,7,-9,7,-9,8,-8,8,-7,0,0,0,0,0,0,0,0,0,0,0,0,0,0,23,-19,25,-18,26,-16,27,-14,29,-13,29,-12,32,-11,33,-9,34,-8,34,-5,33,-5,33,-4,32,-5,31,-4,30,-4,29,-5,29,-5,28,-7,27,-7,28,-8,27,-9,27,-10,28,-10,27,-11,27,-12,26,-13,26,-14,26,-13]"
618060544268500,42.093420100,91696,1895536567,-51,-98,6,0,1,7,0,0,256,0,0,"[0,0,-10,11,-10,11,-9,10,-9,10,-8,9,-7,9,-6,9,-6,9,-5,9,-5,9,-4,9,-3,9,-3,8,-3,9,-3,9,-3,8,-2,8,-2,8,-3,8,-2,7,-3,7,-3,7,-2,6,-2,6,-3,6,-3,5,0,0,0,0,0,0,0,0,0,0,0,0,0,0,0,0,0,0,0,0,0,0,-10,13,-12,13,-13,13,-13,13,-14,12,-15,12,-16,11,-16,10,-17,10,-17,9,-16,9,-16,9,-15,9,-15,9,-14,9,-14,9,-13,9,-13,10,-13,10,-12,11,-12,11,-12,11,-12,12,-11,12,-11,12,-11,12,0,0,-13,24,-12,24,-10,22,-10,22,-9,21,-8,20,-7,20,-6,19,-5,18,-4,19,-3,18,-2,17,-2,17,-1,17,0,17,0,16,0,16,0,16,0,15,-1,15,-1,14,-1,13,-1,12,-2,11,-2,11,-2,11,-3,11,-3,10,0,0,0,0,0,0,0,0,0,0,0,0,0,0,-7,30,-10,29,-11,28,-13,27,-14,29,-16,27,-18,29,-20,27,-21,27,-23,26,-23,25,-24,25,-24,23,-23,22,-22,21,-21,21,-20,21,-19,23,-18,22,-18,23,-16,23,-16,24,-15,25,-15,26,-15,26,-14,26,-13,26,-13,25]"
618060562280600,42.111432200,91697,1895560650,-51,-98,6,0,1,7,0,0,256,0,0,"[0,0,12,-5,11,-5,11,-6,11,-5,10,-5,9,-5,9,-6,8,-6,7,-6,7,-6,6,-6,6,-6,5,-7,5,-6,5,-6,5,-7,4,-6,4,-6,5,-6,5,-6,4,-6,4,-5,4,-5,4,-4,4,-4,4,-4,0,0,0,0,0,0,0,0,0,0,0,0,0,0,0,0,0,0,0,0,0,0,14,-7,15,-7,14,-6,15,-6,16,-5,17,-4,17,-3,17,-3,17,-2,17,-1,16,-1,16,-1,15,-1,15,-1,14,-2,14,-2,14,-2,14,-3,14,-4,13,-4,13,-4,13,-5,14,-5,13,-5,13,-6,13,-6,0,0,26,-5,24,-8,24,-8,22,-6,22,-7,19,-8,18,-9,16,-9,17,-9,15,-9,14,-10,13,-10,13,-10,13,-11,11,-12,12,-11,11,-12,11,-11,11,-10,10,-10,11,-10,10,-9,10,-8,10,-7,9,-8,9,-7,9,-6,9,-6,0,0,0,0,0,0,0,0,0,0,0,0,0,0,26,-16,29,-13,30,-10,30,-9,31,-7,33,-7,32,-5,34,-4,35,-2,35,0,33,0,34,1,33,3,33,3,30,2,30,1,30,1,29,-1,28,-2,29,-3,28,-4,28,-6,29,-7,29,-8,29,-7,29,-7,28,-8,28,-7]"
618060586385400,42.135537000,91698,1895579999,-51,-98,6,0,1,7,0,0,256,0,0,"[0,0,-11,-10,-12,-10,-11,-10,-10,-9,-10,-9,-10,-8,-10,-7,-10,-7,-9,-6,-10,-5,-10,-4,-9,-5,-9,-4,-9,-3,-9,-3,-9,-2,-9,-3,-9,-2,-8,-3,-8,-3,-8,-3,-7,-3,-7,-4,-7,-3,-6,-3,-6,-3,0,0,0,0,0,0,0,0,0,0,0,0,0,0,0,0,0,0,0,0,0,0,-14,-11,-13,-12,-13,-13,-13,-13,-13,-15,-12,-15,-11,-16,-10,-17,-10,-17,-10,-17,-9,-17,-9,-16,-8,-16,-9,-16,-8,-15,-9,-14,-9,-13,-10,-13,-10,-13,-11,-13,-11,-12,-12,-12,-12,-12,-12,-12,-12,-12,-12,-11,0,0,-24,-15,-23,-16,-20,-14,-21,-12,-19,-12,-19,-11,-19,-11,-19,-8,-19,-8,-20,-7,-18,-6,-17,-6,-16,-5,-16,-4,-18,-2,-16,-2,-16,-3,-15,-2,-16,-2,-14,-3,-15,-2,-13,-3,-14,-4,-12,-3,-12,-4,-11,-3,-10,-3,-10,-6,0,0,0,0,0,0,0,0,0,0,0,0,0,0,-29,-11,-28,-14,-27,-16,-26,-17,-27,-21,-24,-20,-26,-25,-24,-25,-24,-26,-23,-27,-22,-27,-22,-29,-20,-27,-20,-26,-19,-25,-19,-25,-20,-24,-21,-24,-19,-21,-20,-22,-21,-20,-22,-19,-23,-20,-23,-18,-25,-19,-24,-18,-24,-18,-23,-15]"
618060603722800,42.152874400,91699,1895597403,-51,-98,6,0,1,7,0,0,256,0,0,"[0,0,13,5,12,5,12,4,12,4,11,4,11,3,11,3,10,2,10,1,9,1,9,0,9,0,9,0,8,0,8,-1,8,-1,8,-1,8,-1,8,-1,8,0,8,-1,7,0,6,0,6,0,6,0,6,0,0,0,0,0,0,0,0,0,0,0,0,0,0,0,0,0,0,0,0,0,0,0,16,4,15,5,15,6,15,7,15,8,15,9,15,10,14,11,14,11,13,11,13,11,12,11,12,11,12,10,12,10,12,9,12,8,13,8,13,8,13,7,13,7,13,7,14,6,14,6,14,6,14,5,0,0,26,1,26,0,26,0,24,0,23,0,22,-2,21,-2,20,-3,19,-4,17,-5,17,-5,16,-6,16,-6,15,-7,15,-7,15,-7,14,-7,14,-7,14,-7,13,-6,13,-6,13,-5,12,-5,11,-4,11,-4,10,-3,11,-3,10,-2,0,0,0,0,0,0,0,0,0,0,0,0,0,0,28,-7,30,-4,30,-2,31,-1,31,1,32,3,32,5,34,7,33,7,34,10,32,10,31,11,31,12,29,11,29,11,27,10,28,9,27,7,28,7,28,6,28,6,28,3,28,3,29,3,29,2,29,2,28,1,29,1]"
618060624325600,42.173477200,91700,1895620301,-51,-98,6,0,1,7,0,0,256,0,0,"[0,0,5,12,5,12,4,10,5,11,5,10,5,9,5,9,5,8,5,7,5,7,5,6,5,6,6,6,5,5,6,5,6,4,6,5,5,4,5,4,5,4,5,4,4,4,4,4,4,4,4,4,3,4,0,0,0,0,0,0,0,0,0,0,0,0,0,0,0,0,0,0,0,0,0,0,6,14,5,14,5,15,4,15,3,17,3,16,2,17,1,17,1,17,0,17,-1,16,0,16,0,16,0,15,0,14,1,14,2,14,2,14,2,14,3,14,4,14,4,13,4,14,4,14,5,13,4,13,0,0,13,22,13,23,12,22,13,20,12,18,13,17,12,15,11,16,12,13,12,14,13,11,14,11,12,10,12,9,14,9,14,8,13,8,13,7,13,6,11,8,12,7,10,7,10,7,9,7,9,6,8,7,8,7,6,8,0,0,0,0,0,0,0,0,0,0,0,0,0,0,20,25,17,26,15,26,13,26,15,30,13,29,12,33,10,32,9,32,7,34,6,32,4,35,4,33,5,32,4,30,4,29,5,28,7,28,7,27,8,30,9,26,12,26,11,25,12,26,12,28,13,27,13,25,13,24]"
618060645041400,42.194193000,91701,1895637367,-51,-98,6,0,1,7,0,0,256,0,0,"[0,0,-12,-9,-12,-9,-11,-9,-11,-8,-11,-8,-11,-7,-10,-6,-10,-6,-10,-5,-10,-4,-9,-4,-9,-4,-10,-3,-9,-3,-9,-3,-9,-2,-9,-2,-9,-2,-8,-2,-8,-2,-8,-2,-7,-3,-7,-3,-7,-2,-6,-3,-6,-3,0,0,0,0,0,0,0,0,0,0,0,0,0,0,0,0,0,0,0,0,0,0,-15,-9,-15,-10,-14,-11,-14,-12,-14,-13,-14,-14,-13,-15,-12,-16,-11,-16,-11,-16,-11,-15,-10,-15,-10,-14,-10,-14,-11,-14,-10,-13,-10,-12,-11,-12,-11,-12,-12,-12,-12,-11,-12,-11,-13,-11,-13,-11,-13,-10,-13,-10,0,0,-52,-21,-52,-21,-49,-19,-46,-16,-46,-15,-44,-12,-42,-10,-41,-9,-40,-7,-38,-5,-37,-4,-37,-3,-36,-1,-36,1,-35,1,-34,2,-32,3,-32,2,-31,2,-31,1,-29,1,-29,0,-27,-1,-26,-2,-24,-3,-23,-3,-23,-4,-22,-5,0,0,0,0,0,0,0,0,0,0,0,0,0,0,-60,-7,-60,-15,-58,-19,-60,-22,-59,-24,-59,-27,-59,-32,-60,-35,-58,-36,-58,-40,-57,-42,-52,-43,-50,-44,-49,-42,-47,-42,-47,-39,-49,-37,-48,-34,-49,-33,-50,-32,-51,-29,-53,-27,-53,-25,-55,-24,-54,-25,-53,-25,-54,-24,-55,-24]"
618060665250500,42.214402100,91702,1895656548,-50,-98,6,0,1,7,0,0,256,0,0,"[0,0,0,-16,-1,-15,-1,-14,-1,-14,-1,-13,-2,-12,-2,-12,-3,-12,-3,-11,-3,-10,-3,-10,-4,-10,-4,-10,-5,-9,-4,-9,-4,-9,-5,-8,-4,-8,-4,-8,-4,-8,-3,-8,-3,-8,-3,-7,-3,-7,-3,-6,-2,-6,0,0,0,0,0,0,0,0,0,0,0,0,0,0,0,0,0,0,0,0,0,0,-3,-17,-2,-18,-1,-18,0,-19,1,-19,2,-19,3,-19,4,-19,5,-19,5,-18,5,-18,5,-17,4,-17,4,-17,4,-17,3,-16,3,-16,2,-16,2,-17,1,-16,1,-16,1,-17,0,-17,0,-17,-1,-17,-1,-16,0,0,-8,-27,-9,-27,-8,-25,-8,-24,-8,-22,-9,-22,-9,-20,-9,-19,-9,-18,-10,-17,-11,-16,-11,-15,-12,-13,-12,-13,-12,-14,-11,-13,-12,-12,-11,-12,-11,-12,-10,-12,-10,-12,-9,-11,-8,-11,-8,-11,-7,-10,-6,-10,-6,-10,-5,-10,0,0,0,0,0,0,0,0,0,0,0,0,0,0,-17,-26,-14,-28,-12,-29,-10,-30,-9,-32,-8,-31,-6,-34,-5,-34,-3,-35,-2,-35,0,-35,0,-35,0,-34,0,-33,0,-32,0,-30,-1,-30,-2,-30,-2,-29,-3,-30,-5,-29,-5,-29,-6,-29,-7,-30,-7,-29,-8,-29,-8,-29,-8,-28]"
618060686224000,42.235375600,91703,1895676541,-51,-98,6,0,1,7,0,0,256,0,0,"[0,0,-15,-3,-14,-3,-14,-3,-13,-2,-13,-2,-12,-2,-11,-1,-11,-1,-11,0,-11,0,-10,1,-10,1,-10,1,-9,1,-9,2,-9,2,-8,2,-9,2,-8,2,-8,1,-8,1,-8,1,-7,0,-7,0,-7,0,-7,0,0,0,0,0,0,0,0,0,0,0,0,0,0,0,0,0,0,0,0,0,0,0,-17,-1,-18,-2,-17,-3,-18,-4,-18,-5,-18,-6,-18,-7,-18,-8,-18,-8,-17,-9,-16,-8,-16,-8,-16,-8,-15,-8,-16,-7,-15,-6,-16,-6,-15,-6,-15,-6,-16,-4,-15,-4,-16,-4,-16,-4,-16,-3,-16,-4,-16,-3,0,0,-29,0,-27,-1,-27,0,-25,0,-24,0,-23,1,-22,2,-21,3,-20,3,-19,4,-18,5,-18,5,-17,6,-16,6,-16,6,-16,6,-15,6,-15,6,-15,6,-14,6,-14,5,-14,4,-13,4,-12,4,-12,3,-11,3,-11,2,-11,1,0,0,0,0,0,0,0,0,0,0,0,0,0,0,-30,7,-31,4,-31,2,-32,0,-32,-1,-32,-3,-34,-4,-34,-7,-34,-8,-34,-9,-33,-11,-33,-11,-32,-11,-31,-11,-30,-10,-30,-10,-30,-9,-29,-8,-29,-8,-29,-6,-29,-5,-29,-4,-29,-3,-30,-3,-30,-2,-30,-2,-30,-1,-30,-1]"
618060703329400,42.252481000,91704,1895697597,-50,-98,6,0,1,7,0,0,256,0,0,"[0,0,13,7,12,6,12,6,11,5,11,5,11,4,10,4,10,3,10,2,10,2,9,2,9,2,9,1,9,0,9,0,9,0,8,0,8,0,8,-1,8,0,8,0,7,0,6,1,6,1,6,1,6,1,0,0,0,0,0,0,0,0,0,0,0,0,0,0,0,0,0,0,0,0,0,0,15,6,16,7,15,8,15,9,15,10,15,11,15,11,14,12,14,13,13,13,12,13,12,12,11,12,11,12,11,11,12,10,12,10,12,10,12,9,13,8,13,8,14,8,14,8,14,8,14,7,14,7,0,0,26,4,26,4,25,2,24,2,24,2,22,1,21,1,20,0,19,-2,18,-3,17,-3,18,-4,17,-4,16,-5,16,-5,16,-6,15,-5,15,-5,14,-4,14,-4,14,-4,13,-3,12,-3,12,-3,11,-3,10,-2,11,-1,11,0,0,0,0,0,0,0,0,0,0,0,0,0,0,0,29,-4,30,-1,30,1,31,3,31,4,31,6,32,8,33,10,32,11,32,14,30,14,30,15,30,14,28,15,27,14,26,13,27,12,27,10,27,10,27,9,28,8,27,7,28,7,28,6,29,5,29,4,28,4,29,5]"
618060723811400,42.272963000,91705,1895716550,-50,-98,6,0,1,7,0,0,256,0,0,"[0,0,11,-11,10,-11,9,-10,9,-10,9,-10,7,-10,7,-9,6,-9,6,-9,5,-9,5,-9,4,-9,3,-9,3,-9,3,-9,3,-9,3,-9,3,-8,3,-8,3,-8,3,-8,3,-7,3,-7,3,-6,3,-6,3,-6,0,0,0,0,0,0,0,0,0,0,0,0,0,0,0,0,0,0,0,0,0,0,11,-14,12,-14,12,-13,13,-13,14,-12,16,-12,15,-11,17,-10,16,-10,16,-9,16,-8,16,-8,15,-8,15,-8,14,-9,13,-9,13,-9,13,-9,13,-10,12,-10,12,-11,12,-11,12,-11,12,-11,11,-11,11,-11,0,0,12,-25,11,-24,11,-25,10,-23,9,-23,8,-21,7,-21,6,-20,5,-20,3,-18,2,-19,1,-19,1,-18,0,-19,0,-18,0,-18,0,-16,0,-17,0,-16,0,-16,0,-15,1,-14,1,-13,1,-13,1,-13,2,-13,2,-11,3,-10,0,0,0,0,0,0,0,0,0,0,0,0,0,0,6,-30,9,-29,11,-29,13,-29,14,-28,16,-28,18,-28,20,-29,22,-27,23,-26,24,-25,23,-25,23,-24,22,-23,22,-23,20,-23,20,-23,18,-22,18,-23,17,-23,16,-25,16,-25,15,-25,15,-26,14,-25,13,-27,13,-27,13,-27]"
618060741800500,42.290952100,91706,1895736384,-51,-98,6,0,1,7,0,0,256,0,0,"[0,0,13,5,13,5,12,5,12,4,11,4,11,4,10,3,10,2,10,1,9,1,9,0,9,0,9,0,8,-1,9,-1,8,-1,8,-1,8,-1,8,-1,7,-1,7,-1,7,0,6,0,6,0,6,0,6,0,0,0,0,0,0,0,0,0,0,0,0,0,0,0,0,0,0,0,0,0,0,0,16,4,16,6,15,7,15,7,16,8,15,9,15,10,15,11,14,11,14,11,13,11,13,10,12,10,12,10,12,10,12,9,12,8,13,8,13,8,13,7,13,7,14,6,14,6,14,6,14,6,14,6,0,0,22,16,21,14,20,14,20,14,20,13,18,10,18,10,18,9,18,8,17,6,17,5,15,4,15,4,16,4,16,3,16,2,15,3,15,3,15,2,14,2,14,2,13,3,12,3,12,3,12,3,9,4,9,3,9,5,0,0,0,0,0,0,0,0,0,0,0,0,0,0,28,10,27,14,25,17,25,17,25,19,24,20,24,23,24,25,23,27,22,26,20,27,20,28,19,27,18,26,16,26,17,24,18,23,19,21,18,22,19,21,20,19,22,19,22,19,22,18,23,18,23,18,23,16,22,18]"
618060762499100,42.311650700,91707,1895756552,-51,-98,6,0,1,7,0,0,256,0,0,"[0,0,-1,15,-1,14,0,13,0,13,0,13,1,12,1,11,2,10,2,10,2,10,2,9,3,9,3,8,3,9,3,8,3,8,3,8,3,7,3,7,3,7,2,7,2,6,2,6,2,6,2,6,1,6,0,0,0,0,0,0,0,0,0,0,0,0,0,0,0,0,0,0,0,0,0,0,1,17,1,17,0,17,-2,18,-2,18,-3,18,-4,18,-5,18,-5,18,-6,17,-6,17,-6,17,-6,16,-5,16,-5,16,-4,15,-4,15,-3,15,-3,16,-2,15,-2,16,-1,16,-1,16,-1,16,0,16,-1,15,0,0,7,27,7,25,7,24,7,23,7,22,8,20,8,20,8,19,9,17,9,16,10,15,10,14,11,14,11,14,11,12,11,12,10,12,10,12,10,12,9,11,8,11,8,11,7,10,7,9,6,10,5,9,5,9,4,10,0,0,0,0,0,0,0,0,0,0,0,0,0,0,16,24,13,27,11,28,10,29,8,30,7,30,6,33,4,34,3,33,1,34,0,34,-1,34,-1,33,-1,32,-1,31,0,30,0,30,1,28,2,29,2,29,3,28,4,28,5,28,6,29,6,28,7,28,8,28,8,27]"
618060783882600,42.333034200,91708,1895777143,-50,-98,6,0,1,7,0,0,256,0,0,"[0,0,3,14,3,14,3,13,3,12,3,12,3,12,3,11,4,10,4,9,4,9,5,8,5,8,5,7,5,7,6,7,5,6,5,6,5,6,5,6,4,6,4,6,4,6,4,6,4,5,3,5,3,5,0,0,0,0,0,0,0,0,0,0,0,0,0,0,0,0,0,0,0,0,0,0,4,16,3,16,2,17,1,17,1,19,0,18,-1,19,-3,18,-3,18,-3,18,-3,18,-3,17,-3,17,-2,16,-2,16,-1,16,-1,15,0,16,0,16,1,16,1,16,2,16,3,16,3,16,3,15,3,15,0,0,15,23,16,21,15,20,14,19,14,18,14,17,14,16,14,14,14,13,14,12,14,10,15,10,15,9,15,9,15,8,14,8,14,7,14,7,13,7,13,8,12,7,11,7,11,7,10,6,9,6,8,6,8,7,7,7,0,0,0,0,0,0,0,0,0,0,0,0,0,0,22,19,21,22,19,24,17,25,17,26,15,27,15,29,14,31,12,31,11,33,9,32,9,32,9,30,9,30,9,30,9,29,9,28,10,27,11,26,11,26,12,25,13,26,13,25,14,25,16,25,16,24,17,23,17,24]"
618060802761200,42.351912800,91709,1895796426,-51,-98,6,0,1,7,0,0,256,0,0,"[0,0,14,5,13,5,12,4,12,4,12,3,11,3,10,2,10,2,10,1,10,1,10,0,9,0,9,0,9,-1,9,-1,9,-1,8,-1,8,-1,8,-1,8,-1,7,-1,7,0,6,0,6,0,6,0,6,0,0,0,0,0,0,0,0,0,0,0,0,0,0,0,0,0,0,0,0,0,0,0,16,3,16,5,16,6,16,6,16,8,17,8,16,9,16,10,16,10,15,11,14,11,14,10,13,10,13,10,13,9,13,9,13,8,14,8,14,7,14,6,14,6,15,6,15,6,15,6,15,6,15,5,0,0,26,10,24,9,23,8,23,9,21,7,21,6,21,5,20,4,19,3,18,1,18,1,17,0,15,-1,16,-1,17,-3,16,-2,15,-2,15,-2,15,-2,14,-1,13,-1,12,0,13,0,11,-1,11,0,10,1,10,0,10,1,0,0,0,0,0,0,0,0,0,0,0,0,0,0,29,3,30,6,30,7,29,10,30,12,29,13,30,16,29,18,29,19,28,21,26,20,26,21,26,21,24,20,23,20,23,18,23,18,24,16,24,15,24,16,24,14,25,13,26,13,26,12,27,12,27,11,27,9,27,10]"
618060824691400,42.373843000,91710,1895816497,-50,-98,6,0,1,7,0,0,256,0,0,"[0,0,-14,-5,-14,-5,-14,-5,-13,-4,-13,-3,-12,-3,-12,-2,-11,-2,-11,-1,-11,-1,-10,-1,-10,0,-10,0,-10,0,-9,1,-10,1,-9,1,-9,1,-9,1,-9,1,-9,1,-7,0,-7,0,-7,0,-7,0,-7,0,0,0,0,0,0,0,0,0,0,0,0,0,0,0,0,0,0,0,0,0,0,0,-17,-5,-17,-6,-17,-6,-17,-8,-17,-9,-18,-9,-17,-10,-16,-11,-16,-11,-15,-12,-15,-12,-14,-11,-14,-11,-14,-10,-14,-10,-14,-9,-14,-9,-14,-8,-15,-8,-15,-7,-15,-6,-15,-6,-16,-6,-15,-6,-15,-6,-16,-5,0,0,-28,-6,-28,-4,-25,-5,-25,-3,-24,-2,-23,-2,-21,-1,-21,-1,-20,1,-20,2,-18,3,-17,3,-16,3,-16,4,-17,5,-17,5,-16,5,-15,4,-16,5,-14,3,-15,4,-12,3,-13,2,-13,2,-12,2,-12,2,-11,1,-10,0,0,0,0,0,0,0,0,0,0,0,0,0,0,0,-31,1,-31,-1,-31,-4,-32,-6,-33,-7,-32,-8,-34,-10,-32,-12,-33,-13,-32,-16,-32,-16,-31,-18,-30,-16,-29,-16,-28,-16,-27,-13,-27,-13,-28,-12,-27,-11,-28,-11,-28,-9,-29,-8,-28,-8,-29,-8,-30,-7,-28,-6,-29,-5,-30,-5]"
618060841931500,42.391083100,91711,1895836886,-50,-98,6,0,1,7,0,0,256,0,0,"[0,0,11,9,11,8,11,8,10,7,10,7,10,7,10,5,9,5,9,4,9,3,9,3,9,3,8,2,8,2,9,1,9,1,8,1,8,1,8,1,7,1,7,1,6,1,6,2,6,2,5,1,5,2,0,0,0,0,0,0,0,0,0,0,0,0,0,0,0,0,0,0,0,0,0,0,14,9,13,10,13,10,13,12,13,12,12,13,12,14,11,15,11,15,10,15,9,15,9,14,9,14,9,13,9,13,10,12,9,11,10,11,10,11,11,11,11,11,12,10,12,10,12,10,12,10,12,9,0,0,44,27,48,27,43,24,43,24,38,22,40,18,38,18,37,15,36,12,37,10,35,7,33,5,34,5,32,3,35,1,33,1,32,3,32,1,31,2,29,3,29,3,25,2,26,4,24,3,21,3,21,3,19,6,19,7,0,0,0,0,0,0,0,0,0,0,0,0,0,0,60,19,59,21,55,28,51,30,58,33,50,37,54,43,50,44,53,46,48,50,49,52,44,54,43,50,41,49,39,48,40,44,39,43,42,40,42,38,44,40,44,36,46,35,47,36,49,33,52,31,50,33,49,30,49,28]"
618060864347400,42.413499000,91712,1895856492,-50,-98,6,0,1,7,0,0,256,0,0,"[0,0,14,-2,14,-3,13,-2,13,-2,12,-3,11,-3,10,-3,10,-4,10,-4,9,-4,8,-5,8,-5,8,-5,7,-5,7,-6,7,-6,6,-5,7,-5,7,-5,7,-5,6,-5,6,-4,6,-4,5,-3,5,-3,5,-3,0,0,0,0,0,0,0,0,0,0,0,0,0,0,0,0,0,0,0,0,0,0,16,-3,17,-2,17,-2,17,-1,18,0,19,1,18,1,19,3,18,3,17,3,17,3,16,3,16,3,16,3,16,2,15,2,15,1,15,1,15,0,15,-1,15,-1,16,-1,16,-1,15,-2,15,-2,15,-2,0,0,26,-4,26,-4,25,-5,24,-4,24,-5,20,-7,20,-8,18,-8,19,-8,17,-8,16,-8,15,-9,14,-9,15,-10,14,-10,13,-9,13,-9,12,-9,11,-9,12,-8,12,-8,11,-8,11,-8,10,-6,10,-5,10,-5,9,-5,9,-4,0,0,0,0,0,0,0,0,0,0,0,0,0,0,27,-13,29,-9,31,-7,32,-6,31,-6,31,-3,33,-2,34,-1,34,1,34,2,34,4,33,4,32,5,32,5,30,5,29,4,31,3,29,2,29,2,28,0,29,-2,28,-3,28,-3,29,-5,30,-4,28,-4,28,-5,30,-5]"
618060886308200,42.435459800,91713,1895879436,-50,-98,6,0,1,7,0,0,256,0,0,"[0,0,15,-1,14,-1,14,-1,13,-1,12,-2,11,-2,11,-2,10,-3,10,-3,9,-4,9,-4,8,-4,8,-4,8,-5,8,-5,8,-5,7,-4,7,-5,7,-4,7,-4,6,-4,6,-3,6,-3,6,-3,5,-3,5,-2,0,0,0,0,0,0,0,0,0,0,0,0,0,0,0,0,0,0,0,0,0,0,17,-2,17,-1,17,0,17,1,18,1,18,3,18,3,18,4,18,5,17,5,17,5,16,5,16,4,15,4,15,4,15,3,15,3,15,2,15,2,16,1,15,0,15,0,16,0,15,-1,15,-1,16,-1,0,0,28,1,27,0,25,1,24,0,22,-1,22,-2,21,-2,19,-3,20,-4,18,-5,16,-6,17,-6,16,-6,15,-7,16,-7,15,-7,15,-7,15,-7,14,-6,14,-6,13,-6,12,-6,12,-5,11,-4,11,-4,11,-3,10,-3,9,-2,0,0,0,0,0,0,0,0,0,0,0,0,0,0,30,-6,30,-4,31,-1,31,1,32,1,32,3,34,5,35,6,32,8,34,10,32,11,32,11,31,11,30,13,29,11,28,9,28,9,29,8,28,7,29,6,28,5,28,4,30,3,29,3,29,3,28,0,28,1,30,1]"
618060902916200,42.452067800,91714,1895896654,-50,-98,6,0,1,7,0,0,256,0,0,"[0,0,14,-4,14,-4,13,-4,12,-4,12,-4,11,-4,10,-4,9,-5,9,-5,8,-5,8,-5,7,-5,7,-5,7,-6,7,-6,7,-6,6,-6,6,-6,6,-6,6,-6,6,-5,5,-4,5,-4,5,-4,5,-4,5,-3,0,0,0,0,0,0,0,0,0,0,0,0,0,0,0,0,0,0,0,0,0,0,16,-6,16,-5,16,-5,17,-4,18,-3,18,-2,19,-2,19,-1,19,0,18,0,17,1,17,1,17,1,16,1,16,0,15,-1,15,-1,15,-2,15,-2,15,-2,15,-3,15,-4,16,-4,15,-4,15,-4,15,-4,0,0,26,-5,26,-6,24,-5,24,-5,21,-6,21,-7,20,-7,19,-7,17,-8,17,-8,17,-10,14,-8,14,-10,13,-9,14,-11,14,-10,12,-10,12,-10,13,-10,12,-8,12,-9,11,-7,10,-7,10,-6,9,-6,9,-5,10,-5,10,-4,0,0,0,0,0,0,0,0,0,0,0,0,0,0,27,-15,29,-12,29,-9,30,-7,31,-7,31,-6,33,-3,35,-2,34,-1,34,1,34,2,34,4,32,4,32,4,31,4,29,2,29,2,29,1,29,0,29,0,28,-2,28,-3,29,-4,28,-6,30,-5,29,-5,27,-5,28,-6]"
618060945913500,42.495065100,91715,1895939255,-50,-98,6,0,1,6,0,0,256,0,0,"[0,0,-4,-14,-5,-15,-5,-14,-4,-13,-5,-13,-5,-12,-5,-11,-5,-11,-5,-10,-5,-9,-5,-8,-6,-8,-6,-8,-7,-8,-7,-7,-6,-7,-6,-7,-6,-7,-6,-7,-5,-6,-5,-6,-5,-6,-4,-6,-4,-6,-4,-5,-4,-6,0,0,0,0,0,0,0,0,0,0,0,0,0,0,0,0,0,0,0,0,0,0,-6,-16,-5,-17,-5,-17,-4,-18,-4,-19,-3,-19,-2,-19,-1,-19,0,-19,0,-19,0,-18,0,-18,0,-18,0,-17,-1,-17,-1,-16,-2,-16,-2,-16,-3,-16,-3,-16,-4,-16,-4,-17,-4,-17,-5,-16,-4,-15,-5,-16,0,0,-4,-26,-5,-26,-4,-26,-4,-24,-4,-23,-4,-21,-5,-20,-6,-19,-8,-18,-8,-17,-7,-18,-9,-16,-9,-15,-9,-16,-10,-14,-10,-14,-8,-14,-10,-14,-8,-13,-8,-13,-7,-13,-6,-13,-6,-12,-6,-12,-5,-11,-4,-11,-4,-10,-3,-10,0,0,0,0,0,0,0,0,0,0,0,0,0,0,-12,-27,-8,-30,-7,-29,-5,-31,-4,-31,-2,-34,-1,-34,0,-36,2,-33,4,-34,6,-34,7,-32,6,-32,6,-32,6,-31,5,-29,5,-30,2,-28,2,-29,0,-29,0,-30,-1,-29,-2,-30,-1,-29,-3,-27,-4,-29,-3,-27,-4,-29]"
618060957830900,42.506982500,91716,1895945966,-49,-98,6,0,1,4,0,0,256,0,0,"[0,0,4,-15,4,-15,4,-14,3,-13,3,-13,2,-13,2,-12,1,-12,1,-11,1,-10,0,-10,-1,-10,-2,-10,-2,-10,-1,-9,-2,-9,-2,-9,-2,-9,-1,-9,-1,-9,-1,-8,-1,-8,-1,-7,-1,-7,-1,-7,0,-7,0,0,0,0,0,0,0,0,0,0,0,0,0,0,0,0,0,0,0,0,0,0,3,-17,5,-18,5,-17,6,-18,7,-18,9,-18,10,-16,10,-17,11,-16,10,-16,10,-15,10,-15,9,-15,9,-15,9,-15,8,-14,8,-14,7,-14,7,-15,6,-15,6,-15,6,-16,5,-15,4,-16,4,-16,4,-16,0,0,14,-23,14,-23,13,-22,12,-21,10,-20,9,-20,9,-20,8,-20,6,-20,6,-18,5,-18,3,-19,3,-18,3,-17,2,-18,1,-16,2,-17,1,-15,1,-16,2,-15,2,-14,2,-14,2,-14,2,-13,3,-11,2,-10,3,-10,4,-10,0,0,0,0,0,0,0,0,0,0,0,0,0,0,10,-29,13,-30,15,-29,16,-27,18,-29,19,-27,22,-28,22,-25,24,-25,26,-25,27,-22,27,-23,26,-21,26,-20,24,-19,23,-19,22,-20,22,-21,20,-20,21,-21,18,-22,18,-24,17,-24,17,-24,18,-24,16,-24,16,-25,15,-24]"
618060967649300,42.516800900,91717,1895957081,-50,-98,6,0,1,7,0,0,256,0,0,"[0,0,7,-13,7,-13,6,-13,7,-12,6,-12,5,-12,4,-11,3,-11,3,-11,3,-11,2,-10,1,-10,1,-10,1,-9,0,-10,0,-10,0,-9,0,-9,0,-9,0,-8,0,-8,0,-7,0,-7,0,-7,1,-6,1,-6,0,0,0,0,0,0,0,0,0,0,0,0,0,0,0,0,0,0,0,0,0,0,8,-15,9,-15,10,-15,11,-15,12,-15,13,-14,13,-14,14,-14,14,-13,15,-12,14,-11,14,-11,13,-11,13,-11,12,-11,11,-12,11,-12,11,-12,10,-13,10,-13,9,-13,9,-14,9,-14,9,-14,8,-14,9,-13,0,0,27,-46,26,-49,25,-44,23,-41,22,-42,18,-42,15,-40,13,-39,12,-36,9,-36,6,-36,5,-37,4,-34,3,-35,3,-33,2,-34,0,-32,3,-31,2,-29,3,-29,3,-28,3,-27,4,-27,4,-24,3,-21,4,-22,7,-21,7,-19,0,0,0,0,0,0,0,0,0,0,0,0,0,0,18,-59,24,-58,27,-55,31,-56,34,-55,37,-54,40,-55,46,-52,46,-51,50,-49,51,-46,52,-45,50,-43,50,-42,46,-40,46,-42,42,-44,41,-42,40,-43,37,-45,37,-44,34,-48,35,-49,33,-50,30,-50,30,-51,31,-50,30,-49]"
618060984197900,42.533349500,91718,1895976622,-50,-98,6,0,1,7,0,0,256,0,0,"[0,0,14,-7,12,-8,11,-7,12,-7,11,-7,10,-7,9,-7,9,-7,8,-7,8,-8,7,-7,6,-7,6,-7,5,-7,5,-8,5,-8,5,-8,5,-7,5,-7,5,-7,5,-7,4,-6,5,-6,4,-5,4,-5,4,-4,0,0,0,0,0,0,0,0,0,0,0,0,0,0,0,0,0,0,0,0,0,0,14,-10,15,-9,16,-9,15,-8,18,-7,17,-6,18,-6,19,-4,18,-4,19,-3,18,-3,17,-3,17,-3,16,-3,15,-3,16,-4,15,-4,16,-5,14,-6,14,-6,14,-6,14,-7,15,-7,14,-7,14,-7,14,-7,0,0,18,-22,16,-22,15,-21,15,-20,14,-19,12,-19,11,-18,10,-18,9,-18,7,-18,6,-18,5,-18,4,-17,5,-17,4,-18,4,-17,4,-16,3,-16,4,-16,4,-15,4,-14,4,-13,4,-13,4,-12,4,-12,4,-11,5,-10,5,-10,0,0,0,0,0,0,0,0,0,0,0,0,0,0,12,-28,15,-27,17,-26,19,-25,21,-24,21,-24,23,-23,26,-23,27,-21,28,-21,29,-19,28,-19,27,-19,26,-18,26,-18,25,-18,24,-18,23,-18,23,-18,22,-19,21,-20,21,-21,20,-21,20,-22,19,-23,19,-23,18,-23,19,-24]"
618061003652700,42.552804300,91719,1895996647,-50,-98,6,0,1,7,0,0,256,0,0,"[0,0,-14,-6,-14,-5,-14,-6,-13,-5,-12,-5,-12,-4,-12,-3,-11,-3,-11,-2,-10,-2,-10,-1,-10,-1,-10,-1,-9,-1,-9,0,-10,0,-9,0,-9,0,-9,0,-8,0,-8,0,-7,-1,-7,-1,-7,-1,-7,-1,-6,-1,0,0,0,0,0,0,0,0,0,0,0,0,0,0,0,0,0,0,0,0,0,0,-17,-5,-17,-6,-17,-6,-17,-8,-17,-8,-17,-10,-16,-10,-16,-11,-16,-11,-15,-12,-15,-12,-14,-11,-14,-11,-14,-11,-14,-11,-14,-9,-14,-9,-14,-8,-14,-8,-14,-7,-14,-7,-15,-7,-15,-7,-15,-7,-15,-6,-15,-6,0,0,-29,-4,-28,-4,-26,-4,-25,-3,-24,-2,-23,-2,-22,-1,-21,0,-21,0,-20,2,-19,3,-18,4,-18,4,-18,4,-17,4,-17,4,-16,4,-17,4,-15,4,-15,4,-14,3,-14,2,-13,2,-13,2,-12,1,-12,1,-12,0,-11,0,0,0,0,0,0,0,0,0,0,0,0,0,0,0,-30,3,-31,0,-32,-2,-32,-5,-32,-6,-31,-8,-33,-9,-33,-10,-32,-13,-33,-14,-32,-16,-32,-15,-30,-15,-30,-15,-28,-13,-28,-13,-28,-12,-28,-12,-28,-11,-28,-10,-28,-8,-28,-8,-29,-7,-30,-7,-30,-5,-29,-5,-30,-5,-29,-4]"
618061028981300,42.578132900,91720,1896029143,-50,-98,6,0,1,7,0,0,256,0,0,"[0,0,3,15,3,14,3,13,3,13,3,12,3,11,3,11,4,10,4,9,4,8,5,8,5,8,5,7,5,7,5,7,5,6,5,7,5,6,4,6,4,6,4,5,4,6,3,5,3,5,3,4,2,5,0,0,0,0,0,0,0,0,0,0,0,0,0,0,0,0,0,0,0,0,0,0,5,16,5,17,4,17,3,17,2,18,2,18,0,19,-1,19,-1,19,-2,19,-1,17,-1,17,-2,17,-1,17,-1,16,0,16,0,16,1,16,1,16,2,15,2,16,3,16,2,16,3,15,3,15,3,15,0,0,6,27,6,27,6,25,6,23,7,22,6,21,6,20,7,19,8,17,8,16,9,15,9,15,10,13,9,14,9,13,10,12,10,12,10,11,9,12,9,11,8,11,7,10,7,10,6,10,5,9,5,9,4,10,3,9,0,0,0,0,0,0,0,0,0,0,0,0,0,0,14,26,11,29,10,30,9,31,8,33,6,33,5,34,3,35,2,35,-1,35,-1,35,-3,35,-2,33,-3,33,-3,32,-2,31,-2,30,1,30,0,30,2,30,2,29,3,30,4,30,5,30,5,30,7,29,6,29,7,28]"
618061045318300,42.594469900,91721,1896037740,-50,-98,6,0,1,7,0,0,256,0,0,"[0,0,-3,-15,-3,-15,-4,-14,-3,-13,-4,-13,-4,-13,-4,-12,-4,-11,-5,-10,-5,-10,-5,-9,-5,-9,-6,-9,-6,-9,-6,-8,-6,-8,-6,-8,-5,-7,-5,-7,-5,-7,-4,-7,-4,-7,-4,-7,-3,-6,-4,-6,-3,-6,0,0,0,0,0,0,0,0,0,0,0,0,0,0,0,0,0,0,0,0,0,0,-6,-17,-5,-17,-4,-18,-3,-18,-3,-19,-1,-19,0,-19,0,-20,1,-19,1,-19,1,-18,1,-18,1,-18,1,-17,1,-17,0,-16,0,-16,-1,-17,-1,-16,-2,-16,-2,-16,-3,-16,-3,-16,-3,-16,-3,-16,-4,-16,0,0,-1,-28,-2,-28,-2,-27,-3,-25,-3,-24,-3,-23,-3,-22,-5,-21,-6,-20,-7,-18,-7,-18,-8,-17,-8,-17,-8,-16,-8,-15,-8,-14,-8,-15,-9,-13,-7,-14,-7,-13,-6,-13,-6,-12,-6,-12,-5,-12,-5,-11,-6,-11,-3,-11,-2,-10,0,0,0,0,0,0,0,0,0,0,0,0,0,0,-9,-31,-6,-31,-5,-31,-4,-32,0,-33,1,-33,2,-35,4,-35,6,-35,7,-35,9,-34,9,-33,8,-33,8,-32,8,-31,7,-31,7,-30,5,-29,4,-29,3,-29,3,-30,2,-30,2,-30,1,-31,0,-30,0,-30,-2,-31,0,-30]"
618061061544200,42.610695800,91722,1896056484,-50,-98,6,0,1,7,0,0,256,0,0,"[0,0,8,12,8,11,7,11,8,10,7,10,7,9,7,8,7,7,7,7,8,6,7,5,8,5,7,5,7,4,8,4,7,3,7,4,7,3,7,3,6,3,6,3,6,3,5,4,5,3,4,3,4,3,0,0,0,0,0,0,0,0,0,0,0,0,0,0,0,0,0,0,0,0,0,0,11,12,10,13,10,14,8,14,9,16,8,16,7,17,6,17,6,17,5,17,5,17,5,16,5,16,5,15,5,15,5,14,6,14,7,14,7,13,7,13,7,14,8,13,9,13,9,13,9,12,8,12,0,0,14,23,15,22,14,20,14,18,14,18,14,16,14,16,14,13,13,13,13,11,15,10,14,9,14,8,14,7,14,7,14,7,14,7,13,6,13,7,12,6,12,6,11,6,10,6,9,6,9,5,9,6,7,6,6,6,0,0,0,0,0,0,0,0,0,0,0,0,0,0,24,18,21,22,21,22,19,25,18,27,16,27,16,29,15,30,14,32,11,32,10,32,9,31,10,31,10,30,10,29,10,28,10,28,10,26,10,27,13,26,14,26,13,25,14,25,15,25,16,25,17,24,17,23,18,23]"
618061083459800,42.632611400,91723,1896076599,-51,-98,6,0,1,7,0,0,256,0,0,"[0,0,-15,-6,-14,-6,-14,-5,-13,-5,-13,-5,-12,-5,-12,-4,-11,-3,-11,-2,-10,-2,-11,-1,-10,-1,-10,0,-10,0,-10,0,-10,0,-9,0,-9,0,-9,0,-9,0,-8,0,-8,-1,-7,-1,-7,-1,-7,0,-7,-1,0,0,0,0,0,0,0,0,0,0,0,0,0,0,0,0,0,0,0,0,0,0,-17,-5,-17,-6,-17,-7,-17,-8,-17,-9,-17,-10,-17,-11,-16,-12,-16,-12,-15,-12,-15,-12,-15,-11,-14,-11,-14,-11,-14,-11,-14,-9,-14,-9,-14,-9,-15,-9,-15,-8,-15,-8,-15,-8,-16,-7,-15,-6,-16,-6,-16,-6,0,0,-26,-11,-25,-10,-25,-9,-23,-8,-23,-7,-21,-7,-21,-5,-21,-4,-20,-4,-19,-2,-19,-2,-19,-1,-17,-1,-17,0,-17,1,-18,0,-16,0,-16,1,-15,1,-15,0,-15,-1,-14,0,-12,0,-12,0,-12,-2,-11,-2,-11,-2,-10,-3,0,0,0,0,0,0,0,0,0,0,0,0,0,0,-31,-3,-31,-7,-31,-9,-31,-11,-30,-11,-30,-14,-30,-15,-32,-18,-30,-18,-30,-19,-28,-21,-26,-21,-27,-22,-26,-20,-25,-19,-24,-19,-25,-18,-25,-17,-25,-17,-26,-15,-26,-14,-26,-13,-26,-12,-28,-12,-28,-12,-28,-12,-28,-10,-29,-10]"
618061107280000,42.656431600,91724,1896099111,-50,-98,6,0,1,7,0,0,256,0,0,"[0,0,9,-13,8,-12,8,-12,7,-11,7,-12,6,-11,5,-11,5,-11,4,-10,4,-10,3,-10,2,-10,2,-10,2,-10,2,-9,2,-10,1,-9,2,-9,2,-9,1,-8,2,-8,1,-7,1,-7,1,-7,2,-7,2,-6,0,0,0,0,0,0,0,0,0,0,0,0,0,0,0,0,0,0,0,0,0,0,7,-15,9,-16,9,-15,10,-16,11,-15,13,-15,13,-14,14,-13,14,-13,14,-12,14,-12,14,-11,13,-11,13,-11,13,-11,12,-11,12,-12,11,-12,11,-13,10,-13,10,-13,10,-13,10,-13,9,-14,9,-13,9,-13,0,0,22,-52,19,-50,19,-50,17,-46,16,-47,14,-44,12,-43,9,-40,8,-39,6,-37,2,-38,1,-36,0,-35,-1,-35,-2,-35,-3,-35,-2,-33,-2,-34,-2,-32,-1,-31,-1,-29,0,-28,1,-26,1,-25,1,-25,2,-24,3,-22,3,-22,0,0,0,0,0,0,0,0,0,0,0,0,0,0,7,-60,13,-61,18,-58,22,-59,24,-59,28,-60,31,-58,37,-60,40,-58,42,-56,42,-53,43,-52,43,-52,42,-50,40,-48,38,-48,37,-49,34,-48,34,-50,32,-50,30,-52,28,-52,28,-53,26,-54,25,-55,24,-55,23,-55,23,-56]"
618061122600500,42.671752100,91725,1896117892,-50,-98,6,0,1,7,0,0,256,0,0,"[0,0,5,14,5,13,5,12,5,12,5,11,5,10,5,10,5,9,5,8,5,7,6,7,6,7,6,6,6,6,6,6,6,5,6,5,6,5,5,5,5,5,5,5,5,5,4,5,4,5,4,4,3,4,0,0,0,0,0,0,0,0,0,0,0,0,0,0,0,0,0,0,0,0,0,0,7,14,6,15,6,16,5,16,4,17,4,18,2,19,2,18,1,18,1,18,1,18,1,17,1,16,1,16,1,16,2,15,2,14,3,15,3,14,4,15,4,15,4,15,5,14,6,14,6,14,5,14,0,0,12,24,13,24,13,21,13,22,12,19,13,19,13,17,12,16,12,15,13,14,13,12,13,11,14,9,13,10,13,10,13,8,13,9,12,9,12,9,11,9,11,8,11,9,10,8,9,7,8,8,7,7,8,8,6,7,0,0,0,0,0,0,0,0,0,0,0,0,0,0,22,21,19,23,16,25,15,25,15,29,13,28,12,31,11,30,10,33,7,34,7,32,7,34,6,32,6,32,6,30,6,29,5,28,8,28,8,27,9,28,9,26,10,27,11,27,12,27,13,26,14,26,14,24,13,24]"
618061141016200,42.690167800,91726,1896136446,-51,-98,6,0,1,7,0,0,256,0,0,"[0,0,5,13,5,12,5,12,5,12,6,11,5,10,5,10,5,9,6,8,6,7,6,7,6,7,6,6,6,6,6,6,6,5,6,5,6,5,6,5,5,5,5,4,5,5,4,4,4,4,4,4,3,4,0,0,0,0,0,0,0,0,0,0,0,0,0,0,0,0,0,0,0,0,0,0,7,15,7,15,6,15,5,16,4,17,4,18,3,19,2,18,2,18,1,18,1,18,1,17,1,16,1,16,2,16,2,15,3,15,3,15,4,15,4,15,5,15,5,14,5,15,6,15,6,14,6,14,0,0,11,24,10,23,9,24,10,21,11,21,10,20,10,19,11,17,11,17,12,13,12,13,11,13,12,12,12,11,12,10,12,11,11,9,12,9,12,8,10,9,10,8,9,8,9,9,8,8,7,7,7,7,6,8,5,8,0,0,0,0,0,0,0,0,0,0,0,0,0,0,17,24,14,28,13,28,11,31,9,29,9,32,6,33,6,34,4,34,3,35,1,34,1,33,1,33,0,32,0,32,2,31,2,31,3,27,4,30,4,27,6,29,8,28,8,27,8,29,10,28,10,26,9,27,11,26]"
618061163521100,42.712672700,91727,1896157283,-50,-98,6,0,1,7,0,0,256,0,0,"[0,0,-12,8,-11,8,-11,8,-10,7,-9,8,-9,7,-8,7,-7,7,-7,7,-6,7,-6,7,-5,7,-5,7,-5,7,-4,7,-4,7,-4,7,-4,7,-4,6,-4,6,-4,6,-4,6,-4,5,-4,5,-4,5,-4,4,0,0,0,0,0,0,0,0,0,0,0,0,0,0,0,0,0,0,0,0,0,0,-13,10,-13,9,-14,9,-15,8,-16,8,-16,7,-17,6,-17,6,-17,6,-17,5,-17,5,-16,4,-16,4,-15,5,-15,5,-14,5,-14,6,-14,6,-14,7,-13,7,-13,7,-12,8,-13,8,-12,8,-12,8,-12,8,0,0,-22,17,-20,17,-20,16,-19,16,-17,15,-16,15,-14,15,-13,15,-12,14,-11,15,-9,14,-9,14,-8,15,-8,15,-7,15,-7,14,-6,15,-7,14,-7,13,-7,13,-6,13,-6,12,-5,12,-6,10,-6,9,-6,8,-7,9,-6,8,0,0,0,0,0,0,0,0,0,0,0,0,0,0,-20,23,-22,22,-25,20,-26,19,-27,19,-28,18,-30,17,-31,15,-32,14,-33,13,-33,11,-32,12,-33,10,-30,11,-30,9,-28,10,-28,11,-28,13,-27,12,-26,12,-26,14,-25,15,-24,16,-24,17,-25,17,-24,18,-24,17,-24,18]"
618061184642300,42.733793900,91728,1896178078,-50,-98,6,0,1,7,0,0,256,0,0,"[0,0,6,-14,5,-14,5,-14,5,-13,4,-12,3,-12,3,-12,2,-11,2,-11,1,-10,1,-10,0,-10,0,-10,-1,-10,-1,-9,0,-10,-1,-9,-1,-9,0,-9,0,-8,0,-8,0,-8,0,-7,0,-7,0,-7,0,-6,0,0,0,0,0,0,0,0,0,0,0,0,0,0,0,0,0,0,0,0,0,0,5,-17,6,-17,6,-17,8,-17,8,-17,10,-17,11,-16,11,-16,12,-15,11,-15,11,-14,11,-14,10,-14,10,-14,10,-14,9,-13,9,-14,8,-14,8,-15,8,-15,7,-15,7,-15,7,-15,6,-15,5,-15,6,-15,0,0,5,-27,4,-28,4,-26,4,-25,3,-23,2,-23,1,-22,0,-21,0,-20,-2,-20,-3,-19,-4,-18,-4,-18,-4,-17,-5,-18,-4,-17,-5,-16,-5,-16,-5,-16,-4,-15,-3,-14,-3,-14,-3,-14,-3,-12,-2,-12,-2,-12,-1,-12,0,-11,0,0,0,0,0,0,0,0,0,0,0,0,0,0,-4,-31,-1,-32,2,-31,4,-30,6,-32,7,-31,10,-33,11,-33,12,-33,14,-32,15,-31,15,-32,15,-29,14,-29,13,-28,13,-27,12,-27,12,-28,11,-28,10,-28,9,-28,8,-29,7,-29,6,-29,6,-30,6,-29,5,-29,4,-30]"
618061206065700,42.755217300,91729,1896198406,-50,-98,6,0,1,7,0,0,256,0,0,"[0,0,-15,-5,-15,-4,-14,-4,-13,-4,-13,-3,-12,-3,-12,-3,-11,-2,-11,-2,-11,-1,-11,0,-10,0,-10,0,-10,1,-10,1,-9,1,-9,1,-9,1,-9,0,-9,0,-8,0,-8,0,-8,0,-7,0,-7,0,-6,-1,0,0,0,0,0,0,0,0,0,0,0,0,0,0,0,0,0,0,0,0,0,0,-17,-3,-17,-4,-17,-5,-17,-6,-18,-7,-17,-8,-17,-9,-17,-10,-17,-10,-16,-10,-16,-10,-15,-10,-15,-10,-15,-9,-15,-9,-15,-8,-14,-8,-15,-7,-15,-7,-15,-6,-16,-6,-16,-6,-16,-5,-16,-5,-16,-5,-15,-5,0,0,-23,-18,-23,-17,-21,-17,-21,-15,-19,-14,-19,-13,-18,-12,-18,-11,-18,-9,-18,-8,-18,-7,-17,-6,-17,-6,-16,-5,-18,-5,-17,-4,-16,-4,-16,-4,-15,-4,-15,-4,-14,-5,-13,-4,-13,-5,-12,-5,-13,-4,-11,-4,-10,-5,-9,-5,0,0,0,0,0,0,0,0,0,0,0,0,0,0,-29,-13,-28,-16,-27,-18,-25,-20,-25,-22,-24,-22,-25,-25,-24,-27,-22,-27,-22,-30,-20,-29,-20,-29,-19,-28,-19,-28,-17,-27,-18,-26,-18,-24,-19,-24,-19,-23,-20,-24,-20,-22,-21,-22,-21,-21,-22,-21,-24,-21,-24,-20,-23,-19,-24,-19]"
618061223077500,42.772229100,91730,1896219713,-50,-98,6,0,1,7,0,0,256,0,0,"[0,0,-16,3,-15,3,-14,3,-13,3,-13,4,-12,3,-11,3,-11,4,-10,4,-9,4,-9,4,-8,5,-8,5,-8,5,-8,5,-8,5,-7,5,-7,5,-7,5,-7,4,-6,4,-6,3,-6,3,-6,3,-6,3,-6,3,0,0,0,0,0,0,0,0,0,0,0,0,0,0,0,0,0,0,0,0,0,0,-17,5,-18,4,-18,3,-18,2,-19,2,-21,0,-20,-1,-20,-1,-20,-2,-19,-2,-19,-2,-19,-2,-18,-2,-17,-2,-18,-1,-17,0,-17,-1,-17,0,-17,1,-17,2,-16,2,-17,2,-17,3,-17,3,-16,4,-16,3,0,0,-25,14,-24,14,-22,13,-21,14,-19,13,-19,13,-18,13,-16,13,-16,13,-13,14,-12,14,-12,13,-11,13,-10,14,-10,13,-9,14,-9,13,-9,13,-9,13,-9,12,-9,11,-9,10,-8,10,-8,9,-7,9,-8,8,-8,7,-9,7,0,0,0,0,0,0,0,0,0,0,0,0,0,0,-21,20,-24,19,-25,18,-27,16,-29,16,-29,14,-32,14,-32,11,-33,10,-35,10,-34,8,-34,8,-32,7,-32,7,-31,7,-30,8,-30,8,-28,8,-29,9,-29,10,-27,11,-27,12,-27,12,-27,13,-26,14,-26,15,-25,15,-25,15]"
618061243732900,42.792884500,91731,1896238351,-51,-98,6,0,1,7,0,0,256,0,0,"[0,0,3,14,4,14,3,13,3,13,4,12,3,11,4,11,4,10,4,9,4,9,5,8,5,8,5,7,5,7,5,7,5,6,5,6,5,6,5,6,5,6,4,6,4,6,4,5,3,5,3,5,2,5,0,0,0,0,0,0,0,0,0,0,0,0,0,0,0,0,0,0,0,0,0,0,6,16,5,16,4,17,3,17,2,18,1,18,1,19,0,19,0,19,-2,19,-2,18,-2,17,-2,17,-2,16,-1,16,0,16,0,15,1,16,2,16,2,16,2,16,3,16,3,16,3,16,3,16,3,14,0,0,10,24,11,23,11,23,10,21,10,21,10,18,10,18,10,17,10,15,11,13,12,12,11,12,13,11,13,11,13,10,12,10,11,9,11,10,10,9,10,10,10,8,8,8,9,8,8,8,8,8,7,7,5,8,5,8,0,0,0,0,0,0,0,0,0,0,0,0,0,0,19,23,16,26,15,27,12,29,12,29,9,31,8,32,8,34,7,34,5,35,2,34,2,33,3,33,3,32,2,31,3,30,3,29,5,28,5,28,6,27,7,29,8,27,7,28,9,28,11,27,11,26,12,26,12,26]"
618061265024100,42.814175700,91732,1896259621,-50,-98,6,0,1,7,0,0,256,0,0,"[0,0,8,13,8,11,8,11,7,11,7,10,7,9,7,9,7,8,7,7,7,7,7,6,7,5,7,5,7,5,8,4,8,4,7,4,7,4,7,3,6,4,6,4,6,4,5,4,5,3,5,3,5,3,0,0,0,0,0,0,0,0,0,0,0,0,0,0,0,0,0,0,0,0,0,0,10,13,10,14,9,15,9,16,8,17,8,17,6,18,5,18,5,18,4,18,4,17,4,17,4,16,4,16,4,16,5,15,5,14,5,15,6,14,7,14,7,14,7,14,9,14,9,13,8,13,9,13,0,0,16,22,14,22,14,21,14,19,14,18,14,16,14,16,13,15,13,12,13,11,14,11,13,9,14,9,14,9,15,6,14,8,13,8,13,6,14,7,13,7,12,6,10,6,10,6,10,6,9,6,9,6,7,6,7,7,0,0,0,0,0,0,0,0,0,0,0,0,0,0,21,21,19,24,18,24,17,26,15,28,14,29,13,31,11,32,12,33,10,34,9,32,7,32,7,32,6,31,6,30,7,29,8,28,8,27,10,27,10,27,12,26,13,26,13,26,15,25,14,24,14,25,14,24,15,23]"
618061283665900,42.832817500,91733,1896278223,-50,-98,6,0,1,7,0,0,256,0,0,"[0,0,13,-4,13,-4,12,-4,11,-4,11,-4,10,-5,10,-5,8,-5,8,-5,8,-6,7,-6,7,-6,6,-6,6,-7,6,-6,6,-6,6,-6,5,-6,6,-6,5,-5,5,-5,5,-5,5,-5,4,-4,4,-4,4,-4,0,0,0,0,0,0,0,0,0,0,0,0,0,0,0,0,0,0,0,0,0,0,14,-6,15,-6,14,-5,15,-4,16,-4,17,-3,17,-2,17,-2,17,-1,17,0,16,0,16,0,15,0,15,0,15,-1,15,-1,14,-2,14,-2,14,-3,14,-3,14,-4,15,-4,14,-4,14,-4,14,-4,13,-5,0,0,26,1,27,1,27,1,24,0,23,0,21,-3,20,-3,20,-3,19,-5,16,-6,18,-4,15,-5,15,-7,15,-7,15,-6,14,-6,14,-7,15,-7,14,-6,14,-6,13,-6,12,-6,10,-5,10,-5,11,-3,11,-3,10,-4,10,-2,0,0,0,0,0,0,0,0,0,0,0,0,0,0,30,-5,31,-3,31,1,32,2,32,3,32,4,33,6,34,8,33,9,34,10,32,12,30,13,32,13,28,14,27,13,29,12,27,10,27,8,28,6,26,6,29,5,29,5,30,5,29,2,28,3,31,1,29,3,29,3]"
618061304566700,42.853718300,91734,1896296618,-50,-98,6,0,1,7,0,0,256,0,0,"[0,0,-15,-3,-14,-2,-14,-2,-13,-1,-12,-1,-12,-1,-11,-1,-11,0,-11,0,-10,1,-10,1,-9,2,-9,2,-9,2,-9,2,-9,3,-8,2,-8,2,-8,2,-8,2,-8,2,-7,2,-7,1,-6,1,-6,1,-6,1,0,0,0,0,0,0,0,0,0,0,0,0,0,0,0,0,0,0,0,0,0,0,-17,-1,-17,-2,-17,-3,-17,-3,-18,-4,-18,-6,-18,-6,-18,-7,-17,-8,-17,-8,-16,-8,-16,-7,-16,-7,-15,-7,-15,-7,-15,-6,-15,-6,-15,-5,-15,-5,-15,-4,-15,-4,-16,-3,-16,-3,-15,-2,-15,-2,-15,-2,0,0,-28,-7,-27,-5,-25,-6,-25,-5,-22,-3,-22,-3,-21,-3,-22,-2,-20,-1,-20,0,-18,0,-18,1,-17,2,-16,3,-17,3,-16,4,-16,4,-15,3,-15,3,-14,2,-15,2,-14,2,-13,2,-12,2,-13,2,-12,0,-11,0,-11,-1,0,0,0,0,0,0,0,0,0,0,0,0,0,0,-32,1,-31,-2,-32,-4,-32,-6,-33,-8,-31,-10,-34,-12,-32,-13,-32,-15,-32,-17,-31,-18,-31,-19,-30,-18,-29,-17,-26,-16,-27,-16,-27,-14,-27,-14,-27,-13,-28,-12,-27,-10,-27,-10,-28,-9,-29,-9,-30,-8,-29,-7,-29,-6,-29,-6]"
618061324115700,42.873267300,91735,1896317388,-51,-98,6,0,1,7,0,0,256,0,0,"[0,0,13,-7,12,-7,12,-7,11,-7,10,-7,10,-7,9,-7,8,-7,8,-7,7,-8,6,-8,6,-8,5,-8,5,-7,6,-8,5,-8,5,-7,5,-7,5,-7,5,-7,5,-7,4,-6,4,-6,4,-6,4,-5,4,-5,0,0,0,0,0,0,0,0,0,0,0,0,0,0,0,0,0,0,0,0,0,0,15,-9,15,-9,16,-8,16,-7,17,-7,19,-6,19,-5,19,-4,18,-3,18,-4,18,-3,17,-4,17,-3,16,-3,16,-4,16,-4,15,-4,15,-5,15,-6,14,-6,15,-7,14,-7,15,-7,14,-8,14,-8,14,-7,0,0,26,-9,24,-9,24,-11,21,-9,21,-11,19,-11,19,-10,17,-11,17,-11,15,-11,14,-12,13,-12,12,-11,11,-13,10,-11,11,-12,9,-12,11,-12,10,-11,10,-11,9,-11,8,-9,9,-10,9,-8,9,-8,8,-7,7,-7,8,-7,0,0,0,0,0,0,0,0,0,0,0,0,0,0,25,-18,27,-17,29,-13,31,-12,29,-11,31,-10,32,-9,34,-7,34,-5,34,-5,34,-2,32,-2,33,0,33,-2,31,-1,30,-1,31,-4,28,-4,30,-5,28,-5,29,-7,28,-8,27,-9,28,-10,27,-9,27,-9,27,-10,26,-10]"
618061347777700,42.896929300,91736,1896345146,-50,-98,6,0,1,5,0,0,256,0,0,"[0,0,-7,-12,-7,-12,-7,-12,-7,-11,-6,-10,-6,-10,-6,-9,-6,-8,-6,-8,-7,-7,-7,-6,-7,-6,-7,-6,-7,-6,-7,-5,-7,-5,-7,-5,-7,-5,-7,-5,-6,-5,-6,-5,-5,-5,-5,-5,-5,-5,-5,-4,-4,-4,0,0,0,0,0,0,0,0,0,0,0,0,0,0,0,0,0,0,0,0,0,0,-9,-13,-9,-14,-8,-15,-8,-15,-7,-16,-6,-17,-5,-17,-5,-17,-4,-17,-4,-17,-3,-16,-4,-16,-3,-16,-3,-16,-3,-15,-4,-15,-5,-14,-5,-14,-5,-14,-6,-14,-6,-14,-7,-14,-7,-13,-7,-14,-7,-13,-7,-13,0,0,-13,-24,-13,-25,-12,-24,-12,-23,-11,-21,-13,-19,-11,-18,-13,-17,-13,-15,-13,-15,-13,-14,-13,-13,-12,-13,-14,-11,-14,-10,-13,-10,-13,-11,-12,-10,-13,-9,-13,-9,-12,-9,-10,-9,-10,-9,-8,-9,-9,-10,-8,-9,-8,-8,-6,-9,0,0,0,0,0,0,0,0,0,0,0,0,0,0,-20,-26,-16,-28,-15,-29,-13,-29,-14,-31,-12,-30,-11,-33,-10,-34,-9,-35,-7,-35,-7,-35,-4,-35,-3,-34,-3,-33,-2,-32,-3,-31,-5,-30,-7,-30,-7,-28,-8,-30,-9,-28,-11,-27,-10,-27,-11,-28,-12,-29,-10,-28,-11,-27,-11,-27]"
618061369856900,42.919008500,91737,1896362081,-50,-98,6,0,1,7,0,0,256,0,0,"[0,0,-14,7,-13,6,-13,6,-12,6,-12,6,-11,6,-10,6,-9,7,-9,6,-8,7,-7,6,-7,6,-6,7,-6,7,-6,7,-6,7,-5,7,-5,7,-5,7,-5,6,-5,6,-4,5,-4,5,-5,5,-5,4,-5,4,0,0,0,0,0,0,0,0,0,0,0,0,0,0,0,0,0,0,0,0,0,0,-16,7,-16,7,-17,6,-17,5,-18,5,-20,4,-19,4,-20,3,-20,2,-19,2,-19,1,-18,1,-18,1,-17,1,-17,2,-17,3,-16,3,-16,4,-16,4,-15,5,-15,6,-15,6,-15,6,-15,6,-14,6,-15,6,0,0,-20,20,-20,19,-19,18,-17,18,-16,18,-15,17,-13,17,-12,17,-10,17,-10,16,-10,16,-9,16,-6,16,-7,16,-6,16,-6,16,-5,16,-5,16,-5,14,-5,13,-6,14,-6,12,-5,12,-6,11,-5,11,-5,10,-6,10,-7,9,0,0,0,0,0,0,0,0,0,0,0,0,0,0,-17,25,-21,24,-22,22,-24,21,-25,21,-26,20,-28,19,-31,18,-31,17,-32,16,-32,16,-32,14,-32,14,-31,13,-29,12,-27,13,-26,14,-26,14,-26,15,-26,16,-25,17,-24,18,-23,18,-23,20,-23,20,-22,19,-22,21,-22,20]"
618061386333800,42.935485400,91738,1896380857,-51,-98,6,0,1,7,0,0,256,0,0,"[0,0,3,-15,3,-14,2,-14,3,-14,2,-13,1,-13,1,-12,0,-11,0,-11,-1,-11,-1,-10,-1,-10,-2,-10,-2,-9,-2,-10,-2,-9,-3,-9,-2,-9,-2,-8,-2,-8,-2,-8,-1,-8,-1,-7,-1,-7,-1,-7,-1,-6,0,0,0,0,0,0,0,0,0,0,0,0,0,0,0,0,0,0,0,0,0,0,2,-18,3,-18,3,-18,4,-17,5,-18,6,-18,7,-18,8,-18,8,-17,9,-17,9,-16,8,-16,8,-15,8,-15,7,-15,7,-15,6,-15,6,-15,5,-15,4,-16,4,-16,4,-16,4,-16,3,-16,3,-16,3,-16,0,0,-4,-29,-4,-28,-4,-27,-4,-25,-4,-25,-5,-23,-6,-22,-6,-20,-7,-20,-8,-19,-8,-18,-9,-17,-9,-16,-9,-16,-9,-15,-9,-15,-9,-14,-9,-15,-9,-14,-9,-14,-7,-13,-7,-12,-7,-12,-6,-12,-5,-11,-5,-12,-4,-11,-4,-11,0,0,0,0,0,0,0,0,0,0,0,0,0,0,-11,-30,-8,-31,-6,-31,-4,-32,-2,-32,0,-33,1,-34,3,-35,4,-35,5,-35,7,-35,7,-34,7,-33,7,-32,7,-32,6,-31,5,-31,5,-29,3,-30,2,-30,1,-30,0,-30,-1,-30,-1,-31,-2,-30,-2,-30,-3,-30,-3,-31]"
618061401975500,42.951127100,91739,1896396575,-51,-98,6,0,1,7,0,0,256,0,0,"[0,0,1,15,2,14,1,13,2,12,2,12,2,11,2,11,3,10,3,9,3,9,4,8,4,8,4,7,4,7,4,7,4,6,4,7,4,6,4,6,3,6,3,6,3,6,3,6,3,5,2,5,2,5,0,0,0,0,0,0,0,0,0,0,0,0,0,0,0,0,0,0,0,0,0,0,3,16,3,17,2,17,1,18,0,18,-1,18,-2,19,-3,19,-4,18,-4,18,-4,18,-4,16,-4,16,-4,16,-3,16,-2,16,-2,15,-1,16,-1,16,0,16,0,16,1,16,1,17,2,16,2,15,1,15,0,0,13,23,14,23,13,20,13,21,12,18,12,18,12,16,12,15,12,15,13,13,13,11,14,11,13,9,13,9,13,8,13,9,13,8,13,8,12,8,11,8,10,8,10,8,10,8,9,6,9,7,8,7,8,8,7,7,0,0,0,0,0,0,0,0,0,0,0,0,0,0,21,20,19,23,18,24,16,25,16,27,13,27,14,30,11,31,11,32,7,33,7,32,7,33,8,31,8,30,7,30,7,28,8,28,8,28,9,26,9,27,10,26,11,26,11,26,12,26,13,26,15,25,15,23,14,24]"
618061423786100,42.972937700,91740,1896416781,-51,-98,6,0,1,7,0,0,256,0,0,"[0,0,-9,12,-8,12,-7,11,-7,11,-7,10,-6,10,-5,10,-4,9,-5,9,-4,9,-3,9,-3,9,-2,9,-2,9,-2,8,-2,8,-1,8,-2,8,-2,8,-2,7,-2,7,-2,7,-1,6,-2,6,-2,6,-2,5,0,0,0,0,0,0,0,0,0,0,0,0,0,0,0,0,0,0,0,0,0,0,-9,15,-9,15,-10,15,-11,14,-12,14,-13,13,-14,13,-14,13,-14,13,-14,12,-15,11,-14,11,-14,11,-13,11,-13,10,-12,11,-12,11,-11,11,-11,12,-10,12,-10,12,-10,12,-10,13,-9,13,-10,13,-9,13,0,0,-11,57,-8,54,-8,52,-6,50,-4,47,-4,46,-4,44,-1,42,0,39,2,37,6,36,6,35,9,35,7,34,10,34,10,30,10,31,10,31,8,30,8,30,6,28,6,25,5,26,6,24,4,23,3,22,2,21,1,21,0,0,0,0,0,0,0,0,0,0,0,0,0,0,5,60,0,62,-4,62,-11,62,-13,64,-16,64,-20,64,-26,66,-30,66,-32,63,-35,62,-34,61,-32,60,-32,58,-30,57,-27,56,-28,55,-24,55,-23,54,-22,54,-19,55,-19,56,-17,56,-14,58,-14,59,-9,60,-9,58,-11,58]"
618061445758300,42.994909900,91741,1896440088,-51,-98,6,0,1,7,0,0,256,0,0,"[0,0,-1,14,-1,13,-1,13,-1,12,-1,12,0,11,0,10,1,10,0,9,2,9,2,8,2,8,2,8,2,8,3,7,2,7,3,7,2,7,2,7,2,7,2,6,1,6,1,6,1,6,1,5,1,5,0,0,0,0,0,0,0,0,0,0,0,0,0,0,0,0,0,0,0,0,0,0,0,15,-1,16,-2,16,-3,16,-3,16,-4,17,-5,17,-6,17,-7,16,-6,16,-6,15,-6,15,-6,15,-6,14,-5,14,-5,14,-5,14,-4,14,-3,14,-3,14,-3,14,-2,15,-2,15,-1,15,-1,14,-1,14,0,0,-3,28,-1,26,-2,27,-1,23,0,24,0,22,0,21,1,20,3,19,3,17,4,18,6,16,6,16,6,16,6,14,6,15,6,15,5,15,6,13,4,14,5,13,3,13,4,13,3,10,4,11,2,11,0,10,0,10,0,0,0,0,0,0,0,0,0,0,0,0,0,0,8,30,5,32,2,32,-1,33,-2,32,-4,34,-6,34,-6,36,-10,34,-11,33,-12,33,-11,32,-12,30,-12,31,-11,30,-10,29,-10,30,-8,28,-9,29,-7,27,-6,29,-5,28,-5,29,-5,30,-2,29,-2,30,-1,30,-1,29]"
618061473158300,43.022309900,91742,1896464863,-51,-98,6,0,1,7,0,0,256,0,0,"[0,0,7,-14,6,-14,5,-13,5,-12,5,-13,4,-12,4,-12,3,-11,3,-11,2,-10,1,-10,1,-10,0,-10,0,-10,0,-10,0,-10,0,-9,0,-9,0,-9,0,-9,0,-8,0,-8,0,-7,0,-7,1,-7,1,-6,0,0,0,0,0,0,0,0,0,0,0,0,0,0,0,0,0,0,0,0,0,0,6,-16,8,-17,8,-16,9,-16,10,-16,12,-16,12,-15,13,-15,13,-14,13,-14,13,-13,12,-13,12,-13,12,-13,11,-13,10,-13,10,-13,9,-13,9,-14,9,-14,8,-14,8,-14,8,-14,7,-15,7,-15,8,-15,0,0,5,-28,4,-28,4,-26,4,-25,2,-24,2,-23,1,-22,0,-22,-1,-20,-2,-20,-3,-19,-4,-18,-4,-18,-4,-17,-5,-17,-5,-17,-5,-16,-5,-16,-4,-15,-4,-15,-4,-15,-3,-14,-3,-13,-3,-13,-3,-12,-2,-12,-1,-12,0,-11,0,0,0,0,0,0,0,0,0,0,0,0,0,0,-2,-31,1,-32,3,-31,5,-31,6,-33,8,-32,10,-33,12,-33,13,-33,16,-32,16,-31,17,-31,16,-30,16,-28,16,-28,14,-27,13,-27,12,-28,11,-27,11,-28,9,-28,8,-29,8,-29,7,-30,7,-30,6,-30,5,-29,6,-29]"
618061486566600,43.035718200,91743,1896476861,-51,-98,6,0,1,7,0,0,256,0,0,"[0,0,-1,14,-1,14,-1,12,0,12,0,11,0,11,0,11,1,10,1,9,2,9,2,9,2,8,2,8,2,8,3,7,3,7,3,7,2,6,2,7,2,6,2,6,2,6,1,6,1,5,1,5,1,5,0,0,0,0,0,0,0,0,0,0,0,0,0,0,0,0,0,0,0,0,0,0,1,16,0,16,-1,17,-1,16,-2,17,-3,17,-5,17,-6,17,-6,16,-6,16,-6,15,-6,15,-6,15,-5,15,-5,14,-5,14,-4,14,-3,14,-3,14,-3,14,-3,15,-2,15,-2,15,-1,15,-1,14,-1,14,0,0,-3,27,-1,26,-2,25,-1,23,-1,23,0,21,1,21,1,19,2,19,3,16,4,16,5,16,5,16,5,16,6,14,6,14,6,13,5,13,6,12,5,12,4,12,3,12,3,11,3,11,3,10,3,10,1,10,1,10,0,0,0,0,0,0,0,0,0,0,0,0,0,0,6,29,3,30,1,31,-2,31,-3,31,-5,32,-6,32,-9,33,-10,32,-12,32,-14,31,-13,30,-12,30,-12,28,-12,28,-11,27,-11,28,-9,26,-9,27,-9,27,-8,28,-6,28,-5,28,-5,28,-3,28,-3,28,-3,28,-3,27]"
618061517287900,43.066439500,91744,1896496630,-51,-98,6,0,1,7,0,0,256,0,0,"[0,0,-6,-14,-6,-14,-5,-13,-6,-13,-6,-12,-5,-11,-6,-11,-6,-10,-6,-9,-6,-9,-7,-8,-8,-8,-7,-7,-7,-7,-7,-6,-7,-6,-7,-6,-7,-6,-7,-5,-6,-6,-6,-6,-5,-6,-5,-5,-5,-5,-5,-5,-4,-5,0,0,0,0,0,0,0,0,0,0,0,0,0,0,0,0,0,0,0,0,0,0,-7,-16,-6,-17,-6,-18,-5,-18,-4,-19,-3,-19,-2,-19,-1,-20,-1,-20,-1,-19,-1,-19,-1,-18,-1,-18,-1,-17,-1,-17,-2,-17,-3,-16,-3,-16,-4,-16,-4,-16,-5,-16,-5,-16,-5,-16,-6,-15,-6,-15,-6,-15,0,0,-20,-22,-19,-21,-19,-20,-17,-18,-18,-18,-17,-16,-16,-14,-17,-13,-17,-12,-16,-10,-17,-10,-17,-9,-16,-7,-17,-8,-16,-7,-17,-7,-16,-6,-16,-6,-15,-6,-15,-6,-14,-6,-13,-6,-12,-6,-12,-6,-11,-6,-11,-6,-10,-6,-9,-6,0,0,0,0,0,0,0,0,0,0,0,0,0,0,-25,-19,-23,-22,-21,-24,-21,-26,-19,-26,-19,-29,-18,-29,-18,-32,-16,-32,-15,-33,-13,-33,-13,-32,-12,-32,-12,-31,-12,-30,-12,-29,-13,-30,-13,-27,-14,-28,-15,-26,-16,-26,-17,-25,-18,-25,-18,-25,-18,-24,-19,-24,-20,-23,-20,-23]"
618061549719400,43.098871000,91745,1896516561,-51,-98,6,0,1,7,0,0,256,0,0,"[0,0,-9,-11,-9,-11,-8,-11,-8,-10,-8,-10,-8,-9,-8,-8,-8,-8,-8,-6,-8,-6,-8,-6,-8,-6,-8,-5,-8,-5,-8,-4,-8,-4,-8,-4,-8,-4,-7,-4,-7,-4,-7,-3,-6,-3,-6,-4,-6,-4,-6,-4,-5,-4,0,0,0,0,0,0,0,0,0,0,0,0,0,0,0,0,0,0,0,0,0,0,-11,-13,-10,-14,-10,-14,-9,-15,-9,-16,-8,-17,-8,-17,-7,-17,-7,-17,-6,-17,-6,-17,-5,-16,-5,-16,-5,-16,-6,-15,-6,-14,-6,-14,-7,-14,-7,-14,-8,-13,-8,-13,-9,-13,-9,-13,-9,-13,-9,-13,-9,-12,0,0,-16,-22,-17,-22,-16,-20,-16,-20,-15,-19,-15,-17,-15,-16,-15,-15,-15,-13,-15,-13,-15,-11,-16,-11,-15,-9,-15,-9,-15,-9,-15,-7,-14,-8,-15,-7,-14,-6,-14,-7,-13,-7,-11,-7,-12,-7,-11,-6,-11,-6,-11,-7,-9,-7,-8,-7,0,0,0,0,0,0,0,0,0,0,0,0,0,0,-24,-21,-23,-24,-21,-25,-20,-27,-20,-29,-18,-28,-17,-32,-16,-33,-15,-34,-12,-35,-12,-33,-10,-35,-10,-34,-9,-33,-9,-31,-10,-29,-9,-28,-13,-29,-13,-29,-14,-28,-13,-26,-16,-26,-15,-26,-18,-26,-17,-25,-16,-26,-17,-25,-17,-24]"
618061568553100,43.117704700,91746,1896536655,-51,-98,6,0,1,7,0,0,256,0,0,"[0,0,12,8,12,7,11,7,11,7,11,6,10,6,10,5,10,4,9,4,10,3,9,2,9,2,9,1,9,1,9,1,9,1,8,1,8,1,8,1,8,1,7,1,6,1,6,1,6,1,6,1,5,1,0,0,0,0,0,0,0,0,0,0,0,0,0,0,0,0,0,0,0,0,0,0,15,8,15,9,14,10,14,11,14,12,13,13,13,14,12,15,11,15,11,15,11,14,11,14,10,13,10,13,10,13,11,11,11,11,11,11,11,10,11,10,11,10,12,10,12,10,13,9,13,9,13,9,0,0,52,18,51,15,50,15,47,13,46,12,44,11,42,9,40,7,39,5,37,3,38,-1,36,-2,34,-4,33,-3,33,-5,33,-5,32,-6,32,-5,32,-4,30,-2,28,-2,27,-1,25,-2,24,-2,23,-1,22,0,21,0,21,2,0,0,0,0,0,0,0,0,0,0,0,0,0,0,61,4,61,10,61,13,60,19,61,21,61,25,62,29,62,33,60,36,58,40,55,41,54,41,54,41,52,39,50,38,49,35,50,34,50,30,50,30,51,28,52,27,53,26,53,25,54,24,55,21,56,19,55,19,56,19]"
618061581994500,43.131146100,91747,1896556524,-51,-98,6,0,1,7,0,0,256,0,0,"[0,0,1,14,1,14,1,14,1,13,2,12,2,12,2,11,2,10,3,9,3,9,3,8,3,8,4,8,4,8,4,7,4,7,4,7,4,7,4,6,3,6,3,6,3,6,2,6,2,6,2,5,2,5,0,0,0,0,0,0,0,0,0,0,0,0,0,0,0,0,0,0,0,0,0,0,4,16,2,16,2,17,1,17,0,18,-1,19,-2,19,-3,18,-3,18,-4,18,-4,17,-4,17,-4,17,-3,16,-3,16,-3,15,-2,15,-1,15,-1,16,0,15,0,16,0,16,0,16,1,15,1,15,1,15,0,0,14,24,14,22,13,21,13,20,13,19,14,17,13,17,13,15,13,14,13,12,13,12,13,11,14,10,14,10,14,9,14,9,13,8,13,8,13,8,12,8,11,7,10,7,10,7,9,7,9,7,8,7,8,7,7,7,0,0,0,0,0,0,0,0,0,0,0,0,0,0,22,21,20,24,18,25,17,26,16,27,14,28,14,31,13,32,12,33,10,34,9,33,8,33,7,33,7,31,6,31,7,30,8,29,8,28,9,27,10,27,11,27,12,26,13,26,13,26,14,25,15,25,15,25,15,25]"
618061597887100,43.147038700,91748,1896576610,-51,-98,6,0,1,7,0,0,256,0,0,"[0,0,-5,-15,-5,-14,-5,-14,-5,-12,-5,-12,-5,-12,-5,-11,-5,-11,-5,-10,-6,-8,-6,-8,-6,-8,-7,-8,-7,-7,-6,-7,-6,-7,-7,-7,-6,-6,-6,-7,-5,-6,-5,-6,-5,-6,-5,-6,-4,-6,-4,-5,-4,-5,0,0,0,0,0,0,0,0,0,0,0,0,0,0,0,0,0,0,0,0,0,0,-7,-16,-6,-18,-5,-17,-5,-19,-4,-19,-3,-20,-2,-19,-1,-20,0,-20,0,-19,-1,-19,0,-18,0,-18,-1,-17,-1,-17,-1,-16,-2,-17,-2,-16,-3,-17,-3,-16,-3,-16,-4,-16,-4,-16,-5,-16,-5,-15,-5,-15,0,0,-14,-23,-15,-23,-14,-22,-13,-20,-14,-19,-14,-18,-13,-17,-14,-16,-14,-14,-13,-13,-14,-13,-14,-12,-14,-11,-14,-10,-14,-9,-14,-9,-13,-9,-14,-9,-13,-9,-12,-9,-12,-8,-11,-8,-10,-8,-10,-8,-9,-8,-9,-8,-8,-8,-7,-8,0,0,0,0,0,0,0,0,0,0,0,0,0,0,-21,-22,-19,-25,-17,-26,-17,-27,-16,-28,-14,-30,-13,-31,-13,-33,-12,-33,-10,-34,-9,-33,-8,-33,-6,-33,-6,-32,-6,-31,-6,-30,-8,-29,-9,-28,-9,-28,-10,-27,-12,-28,-13,-27,-13,-26,-14,-26,-14,-26,-14,-26,-14,-26,-14,-26]"
618061612783100,43.161934700,91749,1896598017,-51,-98,6,0,1,7,0,0,256,0,0,"[0,0,-4,14,-3,14,-3,13,-3,12,-2,12,-2,12,-1,11,-1,11,-1,10,0,10,0,9,0,9,1,9,1,9,2,8,1,8,2,8,1,8,1,7,1,7,1,7,1,7,0,7,0,6,0,6,0,5,0,0,0,0,0,0,0,0,0,0,0,0,0,0,0,0,0,0,0,0,0,0,-3,17,-4,17,-4,17,-5,17,-6,18,-8,18,-8,18,-9,17,-10,17,-10,16,-10,15,-10,15,-10,15,-9,14,-8,14,-8,14,-7,14,-7,14,-6,15,-5,15,-5,15,-5,15,-5,15,-5,15,-4,15,-4,15,0,0,3,26,4,27,3,25,4,24,4,23,5,21,5,20,6,19,6,18,6,18,7,16,7,16,7,15,8,14,9,14,9,14,9,13,9,13,8,12,8,12,7,13,7,11,6,11,5,10,4,10,4,10,4,10,2,10,0,0,0,0,0,0,0,0,0,0,0,0,0,0,11,28,8,30,5,30,5,30,4,32,2,32,1,34,-1,34,-2,34,-4,35,-4,34,-7,34,-8,32,-8,32,-7,30,-6,29,-5,29,-3,29,-3,29,-2,29,-1,29,1,29,1,30,2,29,2,30,2,29,2,29,3,28]"
618061625355300,43.174506900,91750,1896617259,-51,-98,6,0,1,7,0,0,256,0,0,"[0,0,-2,15,-1,14,-1,13,-1,13,0,12,0,12,0,11,1,11,1,10,1,9,2,9,2,9,3,8,3,8,3,8,3,8,3,8,3,7,2,7,2,7,2,6,2,6,1,6,1,6,1,5,1,5,0,0,0,0,0,0,0,0,0,0,0,0,0,0,0,0,0,0,0,0,0,0,1,16,0,17,-1,17,-2,18,-3,18,-4,18,-5,18,-6,18,-6,17,-7,17,-7,16,-6,16,-6,16,-6,16,-6,15,-5,15,-5,15,-4,15,-4,15,-3,16,-3,16,-2,15,-2,16,-1,16,-1,16,-1,15,0,0,5,27,5,25,6,24,5,23,6,22,6,21,6,20,6,18,7,17,8,16,9,15,9,15,9,13,9,14,10,13,9,13,10,12,10,12,9,12,8,11,7,11,7,11,6,10,6,9,6,9,5,9,4,9,4,9,0,0,0,0,0,0,0,0,0,0,0,0,0,0,12,26,10,28,8,28,6,30,5,30,3,32,2,32,0,34,-2,33,-3,34,-4,33,-4,33,-4,32,-4,31,-4,30,-4,29,-3,29,-2,28,-1,29,-1,28,1,28,2,28,2,28,3,28,4,28,5,28,5,28,5,28]"
618061641991200,43.191142800,91751,1896636498,-51,-98,6,0,1,7,0,0,256,0,0,"[0,0,-1,15,-1,14,-1,14,-1,12,0,12,0,11,1,11,0,10,1,10,2,9,2,9,2,9,3,8,3,8,3,8,3,7,3,7,3,7,3,7,2,7,2,7,2,7,2,6,2,6,2,5,1,5,0,0,0,0,0,0,0,0,0,0,0,0,0,0,0,0,0,0,0,0,0,0,1,17,0,17,0,17,-2,18,-3,18,-4,18,-5,18,-6,18,-7,18,-6,17,-6,17,-6,16,-6,16,-6,15,-6,15,-5,15,-5,15,-4,15,-3,15,-3,15,-3,15,-2,15,-2,15,-1,15,-1,16,-1,15,0,0,-1,27,1,25,1,25,1,23,2,23,2,21,2,20,3,19,3,19,5,17,6,17,6,16,7,15,7,15,7,14,7,14,7,13,6,14,6,13,6,13,5,12,5,12,4,11,4,10,4,10,3,10,2,10,2,10,0,0,0,0,0,0,0,0,0,0,0,0,0,0,9,28,6,30,4,30,2,31,1,31,-1,32,-3,32,-5,34,-6,33,-9,33,-10,32,-10,31,-9,31,-9,30,-9,30,-8,28,-8,29,-6,27,-6,28,-5,27,-4,29,-3,28,-3,28,-2,29,-1,28,0,28,1,28,0,29]"
618061664512700,43.213664300,91752,1896656605,-51,-98,6,0,1,7,0,0,256,0,0,"[0,0,-9,-13,-9,-13,-8,-12,-8,-11,-8,-11,-8,-10,-8,-9,-8,-9,-8,-8,-8,-7,-8,-7,-8,-6,-8,-6,-8,-6,-8,-5,-8,-5,-8,-5,-8,-4,-8,-4,-7,-4,-7,-4,-7,-5,-6,-4,-6,-4,-5,-4,-5,-4,0,0,0,0,0,0,0,0,0,0,0,0,0,0,0,0,0,0,0,0,0,0,-11,-14,-10,-15,-10,-16,-9,-17,-9,-17,-8,-18,-8,-18,-7,-19,-7,-19,-5,-18,-5,-18,-5,-18,-5,-17,-4,-17,-5,-16,-6,-15,-6,-15,-6,-15,-7,-15,-8,-15,-8,-14,-9,-14,-9,-14,-9,-14,-9,-14,-9,-13,0,0,-23,-14,-23,-14,-22,-13,-22,-13,-21,-11,-21,-10,-20,-9,-20,-8,-19,-7,-19,-5,-18,-5,-18,-4,-17,-3,-17,-3,-18,-2,-17,-2,-17,-2,-16,-2,-16,-2,-15,-2,-14,-2,-14,-2,-13,-2,-12,-2,-12,-3,-11,-3,-11,-3,-10,-4,0,0,0,0,0,0,0,0,0,0,0,0,0,0,-29,-10,-28,-14,-27,-15,-26,-16,-27,-19,-26,-19,-26,-22,-25,-23,-25,-24,-24,-26,-23,-26,-22,-28,-21,-26,-20,-26,-19,-24,-20,-23,-20,-22,-21,-22,-21,-20,-21,-21,-22,-19,-23,-18,-24,-18,-25,-17,-25,-18,-25,-17,-25,-16,-24,-16]"
618061682281500,43.231433100,91753,1896676954,-51,-98,6,0,1,7,0,0,256,0,0,"[0,0,-11,10,-10,11,-10,10,-9,10,-9,10,-8,9,-7,9,-6,9,-6,8,-6,8,-5,8,-4,8,-4,8,-4,8,-3,8,-3,8,-3,8,-3,8,-3,7,-3,7,-3,7,-3,6,-3,6,-3,5,-4,5,-3,5,0,0,0,0,0,0,0,0,0,0,0,0,0,0,0,0,0,0,0,0,0,0,-10,14,-11,14,-11,13,-12,13,-13,13,-15,13,-15,12,-16,11,-16,11,-16,10,-16,9,-16,9,-15,9,-15,9,-14,9,-13,9,-13,10,-13,10,-13,10,-12,11,-12,11,-11,11,-12,11,-11,12,-11,12,-11,12,0,0,-21,52,-19,51,-17,48,-15,47,-14,44,-13,43,-12,41,-10,39,-8,38,-6,37,-2,35,-1,36,0,35,1,33,3,33,2,33,3,32,2,31,0,30,0,29,-2,28,-1,26,-1,25,0,24,-2,23,-2,21,-4,21,-5,20,0,0,0,0,0,0,0,0,0,0,0,0,0,0,-4,59,-10,59,-14,60,-19,58,-21,60,-23,58,-29,61,-32,59,-37,57,-40,56,-42,54,-42,53,-38,52,-39,50,-38,49,-36,50,-34,48,-32,48,-31,48,-30,50,-27,50,-27,50,-27,51,-25,54,-24,54,-20,54,-19,55,-21,53]"
618061705400200,43.254551800,91754,1896700644,-51,-98,6,0,1,7,0,0,256,0,0,"[0,0,6,13,6,12,6,12,6,11,6,11,6,10,6,10,6,9,6,8,6,7,6,7,6,6,6,6,6,6,7,5,7,5,6,5,6,4,6,5,5,5,5,4,5,4,5,5,4,4,4,4,3,4,0,0,0,0,0,0,0,0,0,0,0,0,0,0,0,0,0,0,0,0,0,0,9,14,9,15,8,15,7,16,7,17,6,17,5,18,4,19,4,18,3,18,3,18,2,17,2,17,2,16,3,16,3,15,4,15,4,15,5,15,5,15,5,14,6,14,6,14,6,15,6,14,7,13,0,0,21,17,20,17,20,17,19,15,18,14,18,12,18,11,17,10,17,9,17,7,16,7,17,6,17,5,16,5,16,5,16,4,15,4,15,4,14,4,14,4,14,4,12,4,12,4,11,4,10,4,10,4,10,5,8,5,0,0,0,0,0,0,0,0,0,0,0,0,0,0,27,11,26,15,26,17,25,19,24,20,24,22,23,23,23,25,22,25,22,27,19,28,19,27,18,28,17,27,17,26,17,25,17,25,17,23,18,23,18,22,19,22,20,20,21,20,21,19,22,19,22,19,22,19,23,19]"
618061735562000,43.284713600,91755,1896726291,-51,-98,6,0,1,7,0,0,256,0,0,"[0,0,8,11,8,11,8,10,7,9,7,9,7,8,7,8,8,7,7,6,7,6,7,5,7,5,7,4,7,4,7,4,7,3,7,4,7,3,7,3,6,3,6,3,5,4,5,3,4,3,5,3,4,3,0,0,0,0,0,0,0,0,0,0,0,0,0,0,0,0,0,0,0,0,0,0,11,11,11,12,10,13,10,13,9,15,9,15,8,16,7,16,7,16,6,17,6,16,5,15,5,15,5,14,5,14,6,14,6,13,7,13,7,13,8,13,8,13,9,12,9,12,9,12,8,12,9,12,0,0,23,16,22,14,22,14,20,12,20,12,20,11,19,10,18,9,18,7,17,6,18,5,17,4,17,3,17,3,16,2,17,2,16,2,16,2,15,2,15,2,14,3,13,2,12,2,12,2,11,2,10,3,9,3,9,4,0,0,0,0,0,0,0,0,0,0,0,0,0,0,28,9,28,13,27,14,27,17,25,18,26,20,25,21,26,24,23,25,23,27,21,27,20,26,21,26,20,26,19,24,19,23,20,23,19,21,21,22,20,20,22,20,22,19,23,19,23,19,23,17,25,16,25,16,24,16]"
618061750273600,43.299425200,91756,1896737298,-51,-98,6,0,1,7,0,0,256,0,0,"[0,0,-16,-2,-15,-3,-14,-3,-14,-2,-14,-2,-13,-1,-12,-1,-12,0,-11,0,-11,1,-10,1,-10,1,-10,2,-9,2,-9,3,-9,3,-9,3,-8,3,-9,2,-9,3,-8,2,-7,1,-7,1,-7,1,-7,1,-7,1,0,0,0,0,0,0,0,0,0,0,0,0,0,0,0,0,0,0,0,0,0,0,-18,-3,-18,-4,-18,-5,-18,-6,-18,-7,-18,-8,-18,-9,-18,-9,-17,-10,-17,-10,-16,-10,-16,-9,-16,-9,-15,-9,-15,-9,-15,-7,-16,-7,-16,-6,-16,-6,-16,-5,-16,-5,-16,-5,-16,-4,-17,-4,-16,-4,-16,-4,0,0,-27,7,-27,6,-25,6,-24,7,-22,7,-22,7,-21,7,-20,8,-18,9,-17,10,-16,10,-16,10,-14,11,-14,11,-14,11,-12,11,-13,11,-12,10,-12,10,-11,10,-11,9,-11,8,-11,7,-10,7,-10,6,-9,6,-10,6,-9,5,0,0,0,0,0,0,0,0,0,0,0,0,0,0,-28,12,-30,8,-31,7,-30,5,-32,5,-31,3,-35,2,-35,0,-35,0,-36,-3,-35,-3,-35,-5,-33,-5,-32,-5,-31,-5,-31,-3,-29,-2,-30,-1,-28,-1,-30,1,-29,2,-30,3,-29,4,-30,5,-29,5,-29,6,-29,7,-28,6]"
618061763237200,43.312388800,91757,1896756670,-51,-98,6,0,1,7,0,0,256,0,0,"[0,0,11,7,11,6,10,5,10,5,10,5,9,5,9,4,9,3,9,3,8,2,8,1,8,1,8,1,8,1,8,0,7,0,7,0,7,0,7,0,7,0,6,0,6,0,6,1,5,1,5,1,5,0,0,0,0,0,0,0,0,0,0,0,0,0,0,0,0,0,0,0,0,0,0,0,13,6,14,7,13,8,13,9,13,10,13,10,13,11,12,12,11,12,10,12,10,12,10,11,10,12,10,11,10,11,10,10,10,9,11,9,10,9,11,8,11,8,11,8,12,7,12,7,12,7,12,7,0,0,44,29,46,27,44,25,42,24,40,21,38,19,37,17,36,15,37,12,36,8,34,5,35,5,32,5,32,4,34,3,32,2,30,2,29,3,31,1,29,3,28,2,25,3,24,2,22,2,22,3,21,3,19,6,18,6,0,0,0,0,0,0,0,0,0,0,0,0,0,0,59,15,55,21,54,29,54,32,53,35,51,36,52,41,53,47,52,49,48,51,45,51,45,51,43,50,44,48,40,47,38,42,38,43,39,40,41,40,43,38,45,38,45,36,47,35,46,33,49,32,50,29,50,29,50,30]"
618061786219800,43.335371400,91758,1896777156,-51,-98,6,0,1,7,0,0,256,0,0,"[0,0,-11,11,-10,11,-9,10,-9,10,-8,10,-7,9,-7,10,-6,9,-5,9,-5,9,-4,9,-4,8,-4,9,-3,8,-3,9,-2,8,-2,8,-2,8,-3,7,-3,7,-3,7,-2,7,-2,6,-3,6,-3,5,-3,5,0,0,0,0,0,0,0,0,0,0,0,0,0,0,0,0,0,0,0,0,0,0,-10,14,-12,13,-12,14,-12,12,-14,13,-15,12,-15,11,-16,11,-16,10,-17,10,-16,9,-16,9,-15,9,-15,9,-14,9,-14,9,-13,9,-13,10,-12,10,-12,11,-12,11,-11,12,-12,12,-11,12,-11,12,-11,11,0,0,-19,19,-16,21,-16,19,-15,19,-14,19,-12,18,-12,18,-10,17,-10,16,-8,16,-6,16,-6,17,-5,16,-5,16,-5,15,-4,15,-3,15,-3,15,-4,13,-4,13,-4,13,-4,13,-4,12,-4,11,-4,10,-4,9,-5,10,-6,9,0,0,0,0,0,0,0,0,0,0,0,0,0,0,-12,28,-16,26,-18,26,-20,25,-22,24,-23,24,-25,23,-27,23,-27,22,-29,21,-28,20,-29,19,-29,18,-27,17,-26,17,-25,17,-25,18,-23,17,-23,18,-22,18,-21,21,-21,21,-21,21,-20,21,-19,22,-20,22,-18,23,-19,21]"
618061803664500,43.352816100,91759,1896796675,-51,-98,6,0,1,7,0,0,256,0,0,"[0,0,-16,-3,-15,-3,-14,-3,-14,-2,-13,-2,-13,-2,-13,-1,-12,-1,-11,0,-11,0,-10,1,-10,1,-9,1,-9,2,-9,2,-9,2,-9,2,-9,2,-9,2,-9,2,-8,1,-7,1,-7,1,-7,1,-7,1,-7,0,0,0,0,0,0,0,0,0,0,0,0,0,0,0,0,0,0,0,0,0,0,0,-18,-2,-18,-3,-18,-4,-18,-5,-18,-6,-18,-7,-18,-8,-18,-9,-18,-9,-17,-9,-16,-10,-16,-9,-15,-9,-15,-8,-16,-8,-15,-7,-15,-7,-16,-6,-16,-6,-16,-5,-16,-5,-16,-4,-17,-4,-16,-4,-16,-4,-16,-3,0,0,-28,-5,-27,-4,-25,-4,-25,-3,-23,-2,-22,-1,-21,-1,-21,0,-20,0,-19,1,-19,1,-18,2,-17,3,-16,4,-18,4,-16,4,-16,4,-16,4,-14,4,-15,4,-15,3,-13,3,-13,2,-12,3,-11,0,-11,1,-11,0,-9,1,0,0,0,0,0,0,0,0,0,0,0,0,0,0,-31,2,-31,-1,-31,-4,-31,-5,-33,-6,-31,-8,-32,-11,-32,-11,-33,-13,-33,-16,-32,-15,-31,-16,-29,-17,-29,-16,-28,-15,-27,-14,-26,-13,-28,-12,-27,-10,-29,-11,-27,-9,-28,-8,-28,-7,-29,-6,-30,-6,-29,-6,-29,-6,-28,-6]"
618061826073800,43.375225400,91760,1896820094,-51,-98,6,0,1,7,0,0,256,0,0,"[0,0,10,11,10,10,10,9,9,9,10,8,9,8,8,7,8,6,8,5,8,5,8,4,8,4,8,3,8,3,8,3,8,2,8,2,8,2,7,2,7,2,7,2,6,2,6,2,5,2,5,2,5,2,0,0,0,0,0,0,0,0,0,0,0,0,0,0,0,0,0,0,0,0,0,0,12,11,12,12,11,13,11,14,10,14,11,16,9,16,8,17,8,17,7,17,7,16,7,15,7,15,7,14,7,15,7,13,8,14,9,13,9,13,9,12,10,13,10,12,10,12,10,11,10,11,11,11,0,0,20,18,18,17,18,15,19,15,17,15,17,13,17,13,16,11,17,8,16,8,15,6,14,6,16,5,15,5,15,4,16,4,15,4,15,4,14,3,14,4,14,3,12,3,11,4,10,3,10,4,10,3,9,4,8,5,0,0,0,0,0,0,0,0,0,0,0,0,0,0,26,14,24,19,23,19,22,21,23,22,22,24,20,26,20,28,19,29,17,29,16,28,14,31,14,28,14,28,13,27,13,26,15,26,16,22,17,23,17,23,16,22,18,21,19,22,19,21,22,21,19,19,18,20,21,20]"
618061844959800,43.394111400,91761,1896836499,-51,-98,6,0,1,7,0,0,256,0,0,"[0,0,-16,0,-15,0,-15,0,-14,0,-13,0,-13,1,-12,1,-11,1,-11,2,-11,2,-10,2,-9,3,-9,3,-9,3,-9,4,-9,4,-8,4,-8,4,-8,3,-8,3,-8,3,-7,2,-7,2,-6,2,-7,2,-6,1,0,0,0,0,0,0,0,0,0,0,0,0,0,0,0,0,0,0,0,0,0,0,-18,1,-18,0,-18,-1,-19,-2,-19,-3,-20,-4,-19,-5,-19,-6,-19,-6,-18,-7,-18,-6,-17,-7,-17,-6,-16,-6,-17,-5,-16,-4,-17,-4,-16,-4,-16,-3,-16,-2,-17,-2,-17,-2,-17,-1,-17,-1,-16,0,-16,-1,0,0,-28,2,-27,0,-26,1,-24,1,-24,2,-23,3,-20,3,-19,4,-19,4,-18,6,-18,5,-16,7,-16,7,-15,8,-15,8,-15,8,-14,8,-15,7,-14,7,-13,7,-12,7,-12,6,-12,5,-11,5,-11,3,-11,4,-10,4,-11,3,0,0,0,0,0,0,0,0,0,0,0,0,0,0,-30,7,-32,4,-33,1,-32,-1,-33,-1,-33,-3,-35,-5,-35,-6,-34,-8,-34,-10,-34,-11,-33,-11,-32,-11,-31,-10,-30,-10,-29,-9,-29,-8,-28,-8,-30,-6,-29,-5,-29,-4,-29,-3,-29,-1,-30,-1,-30,-1,-29,0,-29,-1,-28,-1]"
618061861669300,43.410820900,91762,1896856501,-50,-98,6,0,1,7,0,0,256,0,0,"[0,0,6,13,5,13,5,12,5,11,5,11,5,10,5,10,6,9,5,8,5,8,6,7,6,7,6,7,6,6,6,6,6,5,6,6,6,5,5,5,5,5,5,4,4,5,4,5,4,4,3,4,3,4,0,0,0,0,0,0,0,0,0,0,0,0,0,0,0,0,0,0,0,0,0,0,8,14,7,15,6,16,6,16,5,17,4,18,3,18,3,18,2,18,1,18,1,17,1,17,1,17,1,16,2,16,2,15,2,15,3,15,4,15,5,15,4,15,5,15,5,15,5,14,5,14,5,14,0,0,16,21,17,21,17,20,16,18,16,17,15,16,15,14,15,14,15,12,15,11,15,10,15,9,15,8,14,8,15,7,15,7,14,6,14,7,14,6,13,6,12,6,11,6,10,6,10,6,9,6,8,6,8,6,8,7,0,0,0,0,0,0,0,0,0,0,0,0,0,0,24,17,22,20,20,21,19,22,19,25,18,25,18,28,17,29,16,30,15,31,13,30,12,31,11,31,10,30,10,29,10,27,11,27,12,25,13,26,13,26,15,25,16,24,16,24,17,23,17,24,18,24,18,23,18,23]"
618061883578900,43.432730500,91763,1896876555,-51,-98,6,0,1,7,0,0,256,0,0,"[0,0,-1,-15,-2,-15,-2,-15,-2,-14,-2,-14,-2,-13,-3,-12,-3,-11,-3,-11,-3,-10,-4,-10,-4,-10,-5,-9,-5,-9,-5,-8,-5,-8,-5,-8,-5,-8,-5,-7,-4,-7,-4,-7,-4,-7,-4,-7,-3,-7,-3,-6,-2,-6,0,0,0,0,0,0,0,0,0,0,0,0,0,0,0,0,0,0,0,0,0,0,-2,-17,-1,-18,-1,-18,0,-19,1,-19,2,-20,3,-20,4,-19,4,-19,5,-19,5,-18,5,-17,5,-17,4,-17,4,-17,3,-16,2,-16,2,-16,1,-17,1,-17,0,-17,0,-17,0,-17,-1,-17,-1,-16,-1,-16,0,0,-13,-24,-14,-25,-14,-23,-13,-22,-13,-20,-13,-19,-13,-18,-13,-17,-13,-15,-13,-14,-13,-14,-14,-12,-14,-11,-14,-11,-14,-11,-15,-10,-14,-10,-14,-10,-13,-9,-12,-10,-12,-10,-11,-9,-11,-9,-10,-8,-9,-8,-8,-8,-8,-9,-8,-9,0,0,0,0,0,0,0,0,0,0,0,0,0,0,-20,-24,-17,-26,-16,-27,-14,-28,-15,-30,-13,-30,-11,-32,-9,-34,-10,-33,-7,-35,-6,-34,-5,-35,-4,-33,-4,-33,-4,-31,-5,-30,-6,-30,-8,-29,-8,-29,-8,-29,-9,-28,-12,-28,-11,-28,-13,-27,-13,-28,-13,-28,-13,-27,-13,-27]"
618061902970800,43.452122400,91764,1896896580,-51,-98,6,0,1,7,0,0,256,0,0,"[0,0,-14,7,-13,7,-12,7,-12,6,-11,6,-10,6,-10,6,-9,6,-8,7,-8,7,-7,6,-7,6,-7,7,-6,7,-6,7,-6,7,-5,7,-6,6,-6,7,-5,6,-5,6,-5,5,-5,5,-5,5,-5,4,-5,4,0,0,0,0,0,0,0,0,0,0,0,0,0,0,0,0,0,0,0,0,0,0,-15,9,-16,8,-16,8,-17,7,-18,7,-19,6,-19,5,-19,4,-19,4,-19,3,-19,2,-18,2,-17,2,-17,2,-16,3,-16,4,-16,4,-16,4,-15,5,-15,6,-15,6,-15,6,-15,6,-15,6,-15,7,-15,7,0,0,-18,21,-18,20,-17,19,-16,20,-15,18,-13,18,-13,17,-11,17,-10,17,-9,17,-8,17,-6,17,-6,16,-5,16,-5,16,-5,16,-4,16,-4,15,-4,14,-5,14,-5,13,-5,12,-5,12,-5,11,-4,11,-5,10,-5,10,-6,8,0,0,0,0,0,0,0,0,0,0,0,0,0,0,-13,27,-17,26,-18,24,-20,23,-22,24,-23,22,-25,23,-26,22,-28,20,-29,19,-29,18,-30,18,-29,17,-28,16,-27,16,-26,16,-25,16,-24,16,-24,17,-24,18,-22,19,-22,19,-21,20,-21,20,-21,21,-20,22,-19,22,-19,21]"
618061931589700,43.480741300,91765,1896929297,-50,-98,6,0,1,7,0,0,256,0,0,"[0,0,-15,3,-15,2,-14,2,-13,2,-12,3,-12,3,-11,4,-11,3,-10,3,-10,4,-9,4,-8,4,-8,4,-8,5,-8,5,-8,4,-8,5,-8,5,-7,4,-7,4,-7,4,-6,3,-6,3,-6,3,-6,2,-6,2,0,0,0,0,0,0,0,0,0,0,0,0,0,0,0,0,0,0,0,0,0,0,-17,5,-17,4,-17,3,-18,3,-19,2,-19,1,-20,0,-20,-1,-20,-2,-19,-2,-18,-2,-18,-2,-17,-2,-17,-1,-16,-1,-16,-1,-16,0,-17,0,-16,1,-16,1,-16,2,-16,2,-17,2,-17,3,-16,3,-16,3,0,0,-29,5,-27,4,-26,5,-26,4,-23,5,-23,5,-21,5,-20,5,-19,6,-18,7,-17,8,-16,8,-15,8,-15,9,-15,9,-15,8,-14,8,-14,9,-14,8,-14,7,-13,6,-12,6,-11,6,-11,5,-11,5,-11,4,-12,2,-10,2,0,0,0,0,0,0,0,0,0,0,0,0,0,0,-29,12,-31,10,-31,9,-32,7,-32,6,-33,4,-34,3,-37,1,-36,-1,-36,-2,-36,-4,-34,-4,-34,-4,-32,-4,-32,-3,-32,-3,-31,-3,-30,-2,-30,-1,-31,-1,-30,1,-30,1,-30,3,-30,3,-32,4,-30,5,-30,5,-30,5]"
618061945438100,43.494589700,91766,1896936543,-51,-98,6,0,1,7,0,0,256,0,0,"[0,0,15,-1,14,-2,13,-2,13,-2,12,-2,11,-2,11,-3,10,-3,10,-3,10,-4,9,-4,8,-4,8,-4,8,-5,8,-5,7,-5,7,-5,7,-5,7,-5,7,-4,7,-4,6,-4,6,-4,5,-3,6,-3,6,-3,0,0,0,0,0,0,0,0,0,0,0,0,0,0,0,0,0,0,0,0,0,0,16,-3,17,-2,17,-1,17,0,18,1,19,2,19,3,19,4,19,4,18,4,17,4,17,4,16,4,16,3,15,3,16,3,15,2,15,1,15,1,15,0,15,0,16,0,17,-1,15,-1,16,-1,16,-1,0,0,25,-11,25,-12,23,-11,22,-11,20,-11,19,-12,18,-11,17,-12,16,-12,15,-12,13,-12,13,-12,12,-13,11,-13,11,-13,11,-13,10,-13,10,-12,9,-12,9,-12,9,-11,9,-10,9,-10,8,-9,8,-8,8,-8,8,-7,9,-6,0,0,0,0,0,0,0,0,0,0,0,0,0,0,24,-18,26,-15,27,-14,28,-12,30,-12,30,-11,32,-10,32,-8,33,-7,34,-5,34,-4,34,-3,33,-2,32,-2,30,-2,29,-3,29,-4,29,-5,29,-6,28,-6,27,-8,27,-9,27,-9,27,-11,28,-11,27,-11,27,-11,27,-11]"
618061964064100,43.513215700,91767,1896956602,-50,-98,6,0,1,7,0,0,256,0,0,"[0,0,-16,-4,-15,-3,-14,-3,-14,-2,-13,-2,-13,-2,-12,-1,-11,-1,-11,0,-11,0,-11,1,-10,1,-10,1,-9,2,-9,2,-9,2,-9,2,-9,2,-9,1,-8,1,-8,1,-7,1,-7,0,-7,1,-7,0,-7,0,0,0,0,0,0,0,0,0,0,0,0,0,0,0,0,0,0,0,0,0,0,0,-18,-2,-18,-2,-18,-3,-18,-4,-19,-5,-18,-6,-18,-8,-18,-9,-18,-9,-17,-9,-17,-9,-16,-9,-16,-8,-16,-8,-15,-8,-16,-6,-15,-6,-16,-6,-16,-5,-16,-5,-16,-5,-16,-4,-17,-4,-16,-4,-16,-3,-16,-3,0,0,-27,-3,-28,-4,-25,-3,-25,-2,-23,-2,-22,-1,-21,0,-21,0,-20,2,-19,2,-19,4,-17,3,-17,5,-16,5,-17,6,-15,5,-15,5,-15,5,-15,4,-15,5,-14,4,-13,3,-12,3,-11,3,-12,2,-11,1,-11,1,-11,0,0,0,0,0,0,0,0,0,0,0,0,0,0,0,-32,4,-32,1,-32,-2,-31,-4,-33,-5,-31,-6,-33,-9,-34,-10,-33,-11,-33,-14,-32,-14,-32,-16,-31,-15,-30,-14,-29,-14,-27,-13,-26,-11,-28,-11,-28,-9,-29,-9,-27,-8,-28,-7,-29,-7,-29,-4,-30,-5,-29,-4,-28,-4,-29,-4]"
618061985059200,43.534210800,91768,1896978622,-50,-98,6,0,1,7,0,0,256,0,0,"[0,0,-3,15,-2,14,-2,14,-2,13,-2,12,-1,12,0,12,0,11,0,10,0,10,1,9,2,9,2,9,2,8,2,8,2,8,2,8,2,8,2,7,2,7,1,7,1,7,1,7,1,6,1,5,0,5,0,0,0,0,0,0,0,0,0,0,0,0,0,0,0,0,0,0,0,0,0,0,-1,17,-2,17,-3,17,-4,17,-5,18,-6,18,-7,17,-7,18,-8,17,-8,17,-8,16,-8,16,-8,15,-8,15,-7,15,-6,15,-6,14,-5,15,-5,15,-4,15,-4,15,-4,16,-3,16,-3,15,-3,16,-3,15,0,0,-6,26,-7,26,-6,24,-7,24,-4,22,-3,21,-2,20,-1,20,-1,19,0,19,0,18,1,18,2,17,2,17,3,15,4,15,3,16,4,14,4,14,2,13,3,12,2,13,2,12,1,11,1,10,1,10,0,10,-1,10,0,0,0,0,0,0,0,0,0,0,0,0,0,0,0,29,-3,31,-5,29,-7,30,-9,31,-10,30,-13,31,-14,31,-16,30,-16,31,-18,29,-19,28,-19,27,-18,26,-18,25,-17,25,-15,25,-14,25,-14,24,-14,26,-11,26,-9,27,-10,27,-8,29,-8,28,-8,29,-7,28,-8,27]"
618062003437900,43.552589500,91769,1896996849,-51,-98,6,0,1,7,0,0,256,0,0,"[0,0,-1,15,0,15,0,14,0,13,1,12,1,12,1,11,1,11,1,10,2,10,2,9,3,9,3,8,3,8,4,8,3,7,3,8,3,7,3,7,3,7,3,6,2,6,2,6,2,6,1,5,1,5,0,0,0,0,0,0,0,0,0,0,0,0,0,0,0,0,0,0,0,0,0,0,1,17,0,17,-1,18,-2,18,-3,18,-4,19,-5,19,-5,18,-6,18,-6,18,-6,17,-6,17,-6,16,-6,16,-5,15,-4,15,-4,15,-4,16,-3,16,-2,16,-2,15,-1,16,-1,16,-1,16,-1,16,-1,16,0,0,7,26,7,25,8,24,7,22,7,21,9,20,9,19,9,17,9,17,9,16,10,15,10,14,10,13,11,13,11,12,11,11,11,11,10,11,10,10,9,10,9,10,8,10,8,9,7,9,6,9,6,9,5,9,4,9,0,0,0,0,0,0,0,0,0,0,0,0,0,0,15,25,11,27,10,28,9,28,8,30,7,30,5,32,3,33,3,33,2,33,0,33,-1,33,-1,32,-2,30,-3,30,-1,30,0,29,2,28,1,28,3,29,4,27,5,27,6,27,7,28,7,28,6,27,7,27,7,27]"
618062032197500,43.581349100,91770,1897021718,-51,-98,6,0,1,7,0,0,256,0,0,"[0,0,-13,-9,-13,-9,-12,-8,-12,-7,-12,-7,-11,-6,-11,-6,-10,-5,-11,-4,-10,-4,-10,-3,-10,-3,-10,-2,-9,-2,-10,-1,-9,-1,-9,-1,-9,-1,-9,-2,-9,-2,-8,-2,-8,-2,-7,-2,-7,-2,-7,-2,-6,-2,0,0,0,0,0,0,0,0,0,0,0,0,0,0,0,0,0,0,0,0,0,0,-16,-8,-15,-10,-15,-11,-15,-12,-15,-13,-15,-14,-14,-14,-13,-15,-13,-15,-12,-15,-12,-15,-11,-15,-11,-14,-10,-14,-11,-13,-12,-12,-12,-11,-13,-12,-13,-11,-13,-10,-13,-11,-13,-10,-14,-10,-13,-10,-13,-9,-13,-9,0,0,-56,-14,-55,-13,-51,-12,-48,-9,-48,-8,-45,-8,-43,-6,-43,-3,-39,0,-39,1,-37,3,-35,4,-35,5,-34,7,-34,8,-32,7,-31,8,-31,7,-30,6,-29,7,-28,4,-29,4,-27,4,-25,3,-24,3,-23,2,-22,1,-22,-1,0,0,0,0,0,0,0,0,0,0,0,0,0,0,-58,-1,-59,-9,-61,-12,-63,-15,-61,-18,-60,-22,-62,-25,-63,-28,-61,-30,-63,-33,-60,-35,-57,-36,-56,-35,-54,-36,-53,-34,-51,-32,-54,-31,-50,-28,-51,-26,-53,-26,-53,-23,-55,-20,-56,-20,-57,-17,-58,-17,-57,-16,-57,-16,-56,-15]"
618062044899700,43.594051300,91771,1897037496,-51,-98,6,0,1,7,0,0,256,0,0,"[0,0,6,-14,5,-14,5,-13,5,-13,4,-12,4,-11,2,-12,3,-11,2,-11,1,-10,1,-10,0,-10,0,-10,-1,-10,0,-10,0,-9,-1,-9,0,-9,0,-9,0,-9,0,-8,0,-8,0,-8,0,-7,0,-7,0,-6,0,0,0,0,0,0,0,0,0,0,0,0,0,0,0,0,0,0,0,0,0,0,4,-16,5,-16,6,-17,7,-17,8,-16,9,-17,10,-16,11,-16,11,-15,11,-14,11,-14,11,-13,10,-13,10,-13,9,-13,9,-13,8,-13,8,-14,7,-14,7,-14,7,-14,7,-14,6,-15,6,-15,5,-15,6,-14,0,0,5,-28,3,-28,3,-26,4,-26,3,-23,1,-23,2,-22,0,-22,0,-20,-2,-20,-3,-19,-4,-18,-5,-17,-4,-17,-5,-18,-5,-16,-5,-17,-4,-16,-4,-16,-4,-15,-3,-14,-2,-14,-3,-14,-2,-12,-2,-12,-2,-11,-1,-11,0,-11,0,0,0,0,0,0,0,0,0,0,0,0,0,0,-5,-31,-1,-30,1,-31,3,-31,4,-32,6,-32,8,-32,9,-33,11,-32,14,-32,14,-30,15,-30,14,-30,14,-29,13,-28,12,-29,12,-28,11,-27,10,-27,9,-29,8,-29,7,-28,7,-29,6,-29,6,-31,4,-30,4,-29,5,-29]"
618062064686400,43.613838000,91772,1897057560,-51,-98,6,0,1,7,0,0,256,0,0,"[0,0,-8,13,-8,12,-7,11,-7,12,-6,11,-5,11,-5,10,-4,10,-4,10,-3,10,-3,9,-2,9,-2,9,-2,8,-2,9,-1,8,-1,8,-1,8,-1,8,-1,7,-1,7,-1,7,-2,6,-2,6,-2,6,-2,5,0,0,0,0,0,0,0,0,0,0,0,0,0,0,0,0,0,0,0,0,0,0,-8,15,-9,14,-10,15,-10,14,-12,14,-13,14,-14,14,-15,13,-14,13,-14,12,-14,11,-14,11,-14,11,-13,10,-12,11,-12,11,-11,10,-11,12,-10,12,-10,12,-9,13,-9,13,-10,13,-9,13,-9,13,-8,13,0,0,-14,54,-10,52,-10,49,-8,49,-7,45,-7,44,-6,42,-4,41,-1,39,1,37,5,36,3,36,6,34,7,32,7,33,7,32,7,32,7,30,6,29,6,30,4,27,3,26,3,25,3,23,1,23,1,22,-1,21,-1,20,0,0,0,0,0,0,0,0,0,0,0,0,0,0,4,61,-3,60,-8,59,-11,61,-14,61,-17,60,-22,63,-24,63,-28,61,-33,61,-33,60,-34,58,-32,57,-32,55,-30,53,-31,52,-27,52,-26,53,-24,50,-23,54,-20,55,-18,54,-17,54,-16,57,-15,58,-14,58,-12,56,-12,57]"
618062085882700,43.635034300,91773,1897082979,-51,-98,6,0,1,7,0,0,256,0,0,"[0,0,14,-1,13,-1,13,-2,13,-1,11,-2,11,-2,11,-2,10,-3,10,-3,9,-3,8,-3,8,-4,8,-4,7,-4,7,-5,7,-5,7,-5,7,-5,7,-5,7,-4,6,-4,6,-3,6,-3,5,-3,5,-3,5,-2,0,0,0,0,0,0,0,0,0,0,0,0,0,0,0,0,0,0,0,0,0,0,16,-2,16,-2,17,-1,17,0,18,1,18,1,18,3,18,4,17,4,17,4,16,4,16,4,15,4,15,4,15,3,15,3,15,2,15,1,15,1,16,1,15,0,15,-1,16,-1,15,-1,15,-1,15,-1,0,0,26,-3,25,-5,25,-4,23,-3,23,-5,20,-5,20,-5,19,-6,18,-6,17,-7,16,-8,16,-7,14,-8,13,-9,15,-9,14,-9,13,-10,13,-8,12,-8,12,-8,12,-7,11,-6,10,-6,10,-7,10,-5,9,-5,10,-4,9,-4,0,0,0,0,0,0,0,0,0,0,0,0,0,0,28,-12,28,-7,30,-6,30,-5,31,-4,32,-2,34,0,34,2,35,1,35,5,32,5,33,7,33,8,30,8,30,8,29,6,27,6,29,3,28,3,28,3,28,1,28,-1,28,-3,29,-3,29,-1,29,-2,28,-2,28,-2]"
618062102221200,43.651372800,91774,1897096770,-51,-98,6,0,1,7,0,0,256,0,0,"[0,0,12,8,11,8,10,7,11,6,10,6,10,5,10,5,9,5,9,4,9,3,9,3,9,2,9,2,8,2,8,1,8,1,8,1,8,1,8,1,7,1,7,1,6,1,6,1,5,1,5,1,5,1,0,0,0,0,0,0,0,0,0,0,0,0,0,0,0,0,0,0,0,0,0,0,14,8,14,9,13,10,13,11,14,11,13,13,13,13,12,15,12,14,10,15,10,14,10,13,10,13,9,13,10,12,10,12,10,11,11,11,11,10,11,10,12,10,12,9,13,10,12,9,13,9,12,9,0,0,54,10,54,9,51,7,49,8,45,5,43,5,42,3,41,1,39,-1,38,-4,35,-6,36,-7,33,-7,34,-7,32,-10,33,-10,30,-10,30,-9,29,-8,29,-6,27,-5,26,-4,24,-6,23,-6,22,-4,21,-2,22,-1,21,-1,0,0,0,0,0,0,0,0,0,0,0,0,0,0,58,-8,61,-1,61,5,60,8,62,10,61,14,64,17,63,21,61,24,63,27,59,30,61,31,58,29,56,30,53,29,54,26,54,24,56,23,53,22,54,19,54,17,53,16,56,16,56,14,58,13,58,9,58,9,59,8]"
618062127922600,43.677074200,91775,1897126864,-51,-98,6,0,1,7,0,0,256,0,0,"[0,0,14,-6,13,-6,12,-5,12,-5,11,-6,10,-5,9,-5,9,-6,9,-6,8,-6,7,-6,7,-7,6,-6,6,-7,6,-7,6,-7,5,-7,6,-7,5,-7,5,-6,5,-6,5,-6,4,-5,4,-5,4,-5,4,-4,0,0,0,0,0,0,0,0,0,0,0,0,0,0,0,0,0,0,0,0,0,0,15,-7,16,-7,16,-6,17,-5,17,-5,19,-3,18,-2,19,-2,19,-1,18,-1,18,-1,17,-1,17,-1,16,-1,16,-2,15,-2,15,-2,15,-3,15,-3,15,-5,15,-4,15,-5,15,-5,15,-6,15,-6,15,-6,0,0,23,-14,22,-15,21,-15,19,-14,18,-14,17,-14,16,-14,15,-14,14,-14,12,-14,11,-15,10,-14,10,-14,9,-15,8,-15,8,-15,7,-14,8,-14,7,-14,8,-13,8,-12,7,-11,7,-11,7,-10,7,-10,6,-9,7,-8,8,-8,0,0,0,0,0,0,0,0,0,0,0,0,0,0,20,-22,22,-20,24,-19,26,-17,26,-17,28,-15,29,-14,31,-13,32,-11,33,-9,32,-9,32,-8,31,-8,31,-8,29,-8,28,-8,28,-9,27,-10,27,-11,27,-11,27,-12,26,-12,26,-13,25,-14,26,-15,24,-15,24,-16,24,-16]"
618062145326300,43.694477900,91776,1897137677,-51,-98,6,0,1,7,0,0,256,0,0,"[0,0,11,-10,10,-10,10,-10,10,-9,9,-10,8,-9,7,-9,7,-9,6,-9,6,-9,5,-9,4,-9,4,-9,3,-9,4,-9,3,-9,3,-9,3,-8,3,-8,3,-8,3,-8,3,-7,3,-7,3,-7,3,-6,3,-5,0,0,0,0,0,0,0,0,0,0,0,0,0,0,0,0,0,0,0,0,0,0,11,-13,12,-13,12,-13,14,-12,15,-12,16,-11,16,-11,17,-10,17,-9,16,-8,17,-8,16,-8,15,-8,15,-8,14,-8,14,-8,14,-9,13,-9,13,-10,13,-10,12,-10,12,-11,12,-11,12,-11,12,-11,12,-11,0,0,14,-23,13,-24,12,-22,12,-22,10,-21,9,-20,8,-20,7,-19,6,-19,5,-18,4,-19,3,-18,2,-17,2,-17,1,-18,2,-16,1,-17,2,-16,2,-16,1,-15,2,-14,2,-13,2,-13,2,-12,2,-12,2,-11,3,-11,4,-10,0,0,0,0,0,0,0,0,0,0,0,0,0,0,7,-30,10,-28,12,-27,14,-27,16,-28,16,-26,20,-27,21,-26,22,-26,24,-25,24,-23,25,-23,24,-22,23,-21,22,-21,21,-21,20,-20,20,-21,19,-21,19,-22,17,-23,17,-23,17,-24,16,-24,16,-26,15,-25,15,-25,15,-25]"
618062164991600,43.714143200,91777,1897162367,-51,-98,6,0,1,7,0,0,256,0,0,"[0,0,-7,-14,-7,-14,-7,-13,-6,-12,-7,-12,-7,-11,-7,-11,-7,-10,-7,-9,-7,-8,-8,-8,-7,-8,-7,-7,-8,-7,-8,-6,-7,-6,-8,-6,-7,-6,-7,-6,-6,-6,-6,-5,-6,-6,-6,-5,-5,-5,-5,-5,-5,-5,0,0,0,0,0,0,0,0,0,0,0,0,0,0,0,0,0,0,0,0,0,0,-10,-15,-9,-16,-8,-17,-7,-17,-7,-18,-6,-19,-5,-19,-4,-19,-4,-19,-3,-19,-3,-18,-3,-18,-3,-18,-4,-17,-3,-17,-4,-16,-4,-16,-5,-16,-5,-16,-6,-16,-6,-16,-7,-16,-7,-15,-8,-15,-7,-15,-7,-14,0,0,-21,-19,-21,-18,-21,-18,-19,-16,-19,-16,-19,-13,-19,-13,-18,-11,-18,-11,-17,-9,-17,-9,-17,-8,-17,-7,-18,-6,-17,-6,-17,-6,-16,-5,-17,-5,-15,-5,-15,-6,-14,-6,-13,-5,-12,-5,-12,-5,-11,-5,-11,-5,-10,-6,-10,-6,0,0,0,0,0,0,0,0,0,0,0,0,0,0,-27,-14,-26,-18,-25,-20,-24,-21,-24,-22,-23,-24,-22,-26,-23,-28,-21,-28,-20,-30,-19,-29,-17,-30,-16,-29,-16,-29,-16,-28,-16,-27,-17,-26,-17,-24,-18,-25,-18,-24,-20,-23,-20,-22,-21,-22,-21,-22,-22,-21,-22,-21,-22,-21,-22,-21]"
618062189300100,43.738451700,91778,1897183815,-51,-98,6,0,1,7,0,0,256,0,0,"[0,0,13,6,13,5,12,5,12,5,11,4,11,4,11,3,11,3,10,2,10,1,9,1,9,1,9,0,9,0,9,-1,9,-1,8,-1,8,-1,8,-1,8,-1,7,-1,7,0,6,0,6,0,6,0,6,0,0,0,0,0,0,0,0,0,0,0,0,0,0,0,0,0,0,0,0,0,0,0,16,5,16,6,16,7,16,8,16,8,16,10,15,10,15,11,15,11,13,12,13,12,12,12,12,11,12,11,13,10,12,9,13,9,13,9,13,8,13,7,14,7,14,7,15,7,14,7,14,7,14,7,0,0,27,0,27,-1,25,-1,25,-1,23,-1,22,-3,21,-3,20,-4,19,-5,19,-5,17,-6,16,-7,16,-7,15,-7,15,-8,15,-7,15,-8,13,-7,14,-7,13,-6,13,-6,12,-5,12,-5,11,-5,11,-4,10,-3,11,-3,10,-2,0,0,0,0,0,0,0,0,0,0,0,0,0,0,29,-9,30,-6,30,-4,30,-2,33,-1,31,1,34,3,34,4,34,5,34,8,33,8,34,10,32,10,30,10,30,9,29,8,28,7,29,6,28,5,30,5,28,4,29,2,29,1,29,1,31,1,30,0,29,0,29,-1]"
618062207462600,43.756614200,91779,1897199821,-51,-98,6,0,1,7,0,0,256,0,0,"[0,0,-11,-11,-11,-11,-10,-10,-10,-10,-10,-9,-10,-8,-9,-8,-9,-7,-9,-6,-9,-6,-9,-5,-9,-5,-9,-4,-9,-4,-9,-4,-9,-3,-9,-3,-8,-3,-9,-3,-8,-3,-8,-3,-7,-3,-7,-3,-6,-3,-6,-3,-6,-3,0,0,0,0,0,0,0,0,0,0,0,0,0,0,0,0,0,0,0,0,0,0,-14,-11,-13,-12,-13,-13,-12,-14,-12,-15,-11,-16,-11,-16,-10,-17,-10,-17,-9,-17,-9,-17,-8,-16,-8,-16,-8,-16,-8,-15,-9,-14,-9,-13,-10,-14,-10,-13,-11,-13,-11,-12,-11,-12,-12,-13,-11,-12,-12,-12,-11,-11,0,0,-27,-11,-26,-11,-25,-10,-22,-8,-23,-8,-22,-7,-22,-6,-20,-5,-20,-5,-18,-3,-18,-2,-18,-1,-18,0,-19,0,-17,0,-17,0,-17,1,-16,1,-16,0,-15,0,-14,-1,-14,-1,-13,0,-12,-1,-12,-1,-12,-2,-11,-2,-11,-3,0,0,0,0,0,0,0,0,0,0,0,0,0,0,-30,-4,-30,-7,-30,-9,-31,-11,-28,-13,-29,-16,-29,-17,-29,-18,-28,-20,-29,-21,-27,-22,-26,-20,-26,-20,-25,-21,-25,-20,-25,-20,-25,-19,-23,-17,-24,-18,-24,-16,-25,-15,-26,-15,-26,-14,-27,-14,-26,-12,-26,-12,-28,-11,-27,-11]"
618062222875700,43.772027300,91780,1897216805,-51,-98,6,0,1,7,0,0,256,0,0,"[0,0,-7,13,-6,12,-6,11,-6,11,-5,11,-5,10,-4,10,-3,10,-3,9,-2,10,-2,9,-1,8,-1,8,0,8,-1,8,-1,8,0,8,-1,7,0,7,-1,7,-1,7,-1,6,-1,7,-1,6,-1,6,-1,5,0,0,0,0,0,0,0,0,0,0,0,0,0,0,0,0,0,0,0,0,0,0,-6,15,-7,15,-8,15,-9,14,-10,15,-10,14,-12,13,-12,14,-13,14,-13,13,-13,12,-12,12,-12,12,-11,11,-11,12,-11,11,-10,12,-10,12,-9,12,-8,12,-8,13,-8,13,-8,13,-7,13,-7,14,-7,13,0,0,-9,55,-7,54,-5,52,-4,49,-3,48,0,44,0,43,1,42,3,40,4,38,5,35,7,36,8,33,9,34,11,32,10,30,11,31,9,31,9,29,7,30,7,28,8,27,5,26,5,23,3,24,4,22,2,21,0,21,0,0,0,0,0,0,0,0,0,0,0,0,0,0,9,60,3,62,-2,61,-8,62,-8,64,-11,63,-16,65,-19,64,-22,65,-27,65,-28,63,-28,62,-29,59,-29,57,-27,55,-25,55,-23,54,-19,55,-19,56,-18,57,-16,55,-13,58,-14,57,-11,61,-10,60,-8,58,-10,59,-6,57]"
618062242104500,43.791256100,91781,1897236440,-51,-98,6,0,1,7,0,0,256,0,0,"[0,0,10,10,10,10,10,9,9,9,9,8,9,8,9,6,8,6,8,5,8,5,8,4,9,4,8,3,8,2,8,2,8,2,8,2,8,2,7,2,7,2,7,2,7,2,6,2,6,2,5,2,5,2,0,0,0,0,0,0,0,0,0,0,0,0,0,0,0,0,0,0,0,0,0,0,12,11,12,12,12,13,11,14,11,15,10,16,10,16,9,17,8,17,7,17,7,16,7,16,7,15,7,15,7,14,8,14,8,13,8,13,9,12,10,12,10,12,10,12,10,12,11,12,10,11,11,11,0,0,24,13,24,11,23,11,23,11,21,8,20,9,20,8,20,7,19,5,18,3,18,2,17,1,17,0,17,1,16,0,16,0,16,-1,16,-1,15,0,15,0,14,1,13,1,12,0,12,1,11,0,11,1,10,2,10,2,0,0,0,0,0,0,0,0,0,0,0,0,0,0,29,8,29,10,28,12,27,15,27,16,26,17,27,20,26,22,26,23,25,25,23,25,22,24,23,24,22,23,22,22,22,21,21,21,23,20,21,19,22,19,23,17,23,17,24,16,24,15,25,14,26,13,27,12,26,14]"
618062266045700,43.815197300,91782,1897258485,-51,-98,6,0,1,7,0,0,256,0,0,"[0,0,2,-14,1,-14,1,-13,1,-13,1,-12,0,-12,0,-11,-1,-11,-1,-10,-1,-10,-2,-10,-2,-9,-2,-9,-3,-9,-3,-9,-3,-8,-3,-8,-3,-8,-3,-8,-2,-7,-2,-7,-2,-7,-2,-7,-2,-7,-1,-6,-1,-6,0,0,0,0,0,0,0,0,0,0,0,0,0,0,0,0,0,0,0,0,0,0,0,-16,1,-17,2,-17,3,-17,4,-18,5,-17,5,-17,6,-17,6,-17,7,-16,7,-16,7,-15,6,-15,6,-15,6,-15,5,-14,5,-14,4,-14,4,-15,3,-15,3,-15,2,-15,3,-15,2,-15,2,-15,2,-15,0,0,6,-26,7,-28,4,-25,5,-25,4,-24,2,-23,1,-22,1,-22,0,-20,-2,-19,-1,-19,-2,-19,-3,-18,-3,-16,-4,-17,-4,-16,-5,-17,-4,-15,-4,-15,-4,-15,-3,-14,-3,-14,-2,-14,-3,-13,-2,-12,-1,-11,-1,-11,0,-11,0,0,0,0,0,0,0,0,0,0,0,0,0,0,0,-32,3,-32,5,-31,6,-31,9,-33,9,-32,13,-34,14,-32,15,-32,17,-32,17,-30,20,-31,18,-29,17,-28,17,-27,16,-26,15,-26,13,-28,12,-26,13,-28,11,-28,10,-28,9,-28,8,-29,9,-30,8,-30,7,-29,8,-28]"
618062283675000,43.832826600,91783,1897277068,-51,-98,6,0,1,7,0,0,256,0,0,"[0,0,-5,-15,-6,-15,-5,-14,-5,-13,-5,-12,-5,-12,-6,-11,-6,-11,-6,-10,-6,-9,-6,-9,-7,-8,-7,-8,-7,-8,-6,-7,-6,-7,-7,-7,-6,-7,-6,-7,-5,-6,-5,-6,-5,-6,-4,-6,-4,-6,-4,-5,-4,-5,0,0,0,0,0,0,0,0,0,0,0,0,0,0,0,0,0,0,0,0,0,0,-9,-16,-8,-16,-7,-18,-6,-18,-5,-19,-5,-19,-4,-19,-3,-20,-2,-19,-2,-19,-2,-19,-1,-18,-2,-18,-2,-17,-1,-17,-2,-17,-3,-16,-3,-16,-4,-16,-4,-16,-5,-16,-5,-16,-6,-16,-6,-16,-6,-15,-6,-15,0,0,-19,-21,-19,-21,-18,-20,-18,-18,-17,-17,-17,-16,-17,-15,-17,-13,-17,-13,-16,-11,-16,-10,-17,-9,-16,-9,-16,-7,-16,-7,-16,-7,-16,-7,-15,-7,-15,-7,-15,-7,-14,-7,-13,-7,-12,-7,-11,-7,-11,-6,-10,-7,-10,-7,-9,-7,0,0,0,0,0,0,0,0,0,0,0,0,0,0,-26,-17,-25,-20,-23,-22,-22,-23,-22,-25,-21,-25,-21,-28,-20,-29,-18,-30,-17,-31,-16,-31,-15,-32,-14,-31,-14,-30,-13,-29,-13,-28,-14,-27,-15,-27,-15,-26,-16,-26,-17,-25,-18,-24,-18,-24,-20,-23,-20,-24,-20,-23,-20,-23,-20,-22]"
618062302007400,43.851159000,91784,1897296545,-51,-98,6,0,1,7,0,0,256,0,0,"[0,0,14,-4,13,-4,13,-4,12,-4,11,-4,11,-4,10,-4,9,-5,9,-5,9,-6,8,-6,7,-6,7,-6,7,-6,7,-6,6,-6,6,-6,6,-6,6,-6,6,-5,6,-5,5,-5,5,-4,4,-4,5,-4,5,-4,0,0,0,0,0,0,0,0,0,0,0,0,0,0,0,0,0,0,0,0,0,0,16,-5,16,-4,17,-4,17,-3,18,-3,18,-1,18,0,18,1,18,1,18,2,17,2,17,2,16,2,16,1,16,1,16,0,15,-1,16,-1,15,-2,15,-2,15,-3,15,-3,15,-3,15,-4,14,-4,15,-4,0,0,25,-14,23,-14,22,-13,21,-13,20,-13,18,-13,17,-13,16,-13,15,-13,13,-14,12,-14,12,-14,11,-14,10,-14,10,-15,9,-15,9,-14,9,-14,9,-14,8,-13,8,-12,8,-11,8,-11,7,-10,7,-9,7,-9,7,-8,8,-7,0,0,0,0,0,0,0,0,0,0,0,0,0,0,22,-21,24,-18,26,-16,28,-15,28,-14,30,-13,31,-11,33,-10,33,-9,34,-8,34,-7,33,-6,33,-6,32,-5,30,-5,30,-5,29,-7,28,-8,28,-8,28,-9,27,-10,27,-11,27,-12,27,-13,27,-14,26,-14,26,-14,26,-15]"
618062325289500,43.874441100,91785,1897323561,-51,-98,6,0,1,7,0,0,256,0,0,"[0,0,14,-5,13,-5,13,-5,13,-5,11,-5,10,-5,10,-6,9,-6,9,-6,8,-6,7,-6,7,-7,7,-6,6,-6,6,-7,6,-7,5,-7,6,-7,6,-7,5,-6,5,-6,4,-5,5,-5,4,-5,4,-4,4,-4,0,0,0,0,0,0,0,0,0,0,0,0,0,0,0,0,0,0,0,0,0,0,16,-7,16,-6,17,-5,17,-5,18,-4,19,-3,19,-3,20,-1,19,-1,18,0,18,0,17,0,17,0,16,0,17,-1,16,-1,16,-2,16,-2,15,-3,15,-4,15,-4,15,-5,15,-5,15,-5,15,-5,15,-5,0,0,21,-16,21,-17,19,-17,18,-16,17,-15,15,-16,15,-15,14,-15,12,-15,11,-15,10,-15,9,-15,8,-15,7,-15,7,-16,7,-15,6,-15,6,-14,6,-15,6,-13,6,-13,7,-12,6,-12,6,-10,5,-10,5,-10,6,-9,7,-9,0,0,0,0,0,0,0,0,0,0,0,0,0,0,19,-23,22,-21,23,-20,24,-19,26,-19,26,-17,29,-16,30,-14,30,-14,32,-13,31,-12,32,-10,31,-10,30,-10,29,-9,28,-9,27,-10,27,-12,25,-13,26,-12,25,-13,24,-15,25,-15,23,-16,24,-16,24,-17,22,-17,23,-17]"
618062344301000,43.893452600,91786,1897338866,-51,-98,6,0,1,7,0,0,256,0,0,"[0,0,-13,-8,-12,-8,-12,-8,-11,-6,-11,-7,-11,-6,-10,-5,-11,-5,-10,-4,-10,-4,-10,-3,-10,-3,-9,-2,-9,-2,-9,-2,-9,-1,-9,-2,-9,-1,-9,-1,-8,-1,-8,-1,-7,-2,-7,-2,-6,-2,-6,-2,-6,-2,0,0,0,0,0,0,0,0,0,0,0,0,0,0,0,0,0,0,0,0,0,0,-15,-8,-15,-9,-14,-10,-14,-11,-14,-12,-14,-13,-13,-14,-13,-14,-12,-14,-12,-14,-11,-14,-11,-13,-11,-13,-11,-13,-11,-12,-11,-11,-11,-12,-12,-11,-12,-10,-12,-10,-13,-10,-13,-10,-13,-10,-14,-9,-13,-8,-13,-9,0,0,-54,-16,-54,-16,-51,-14,-48,-12,-48,-12,-46,-8,-44,-7,-42,-5,-39,-3,-39,-2,-39,0,-38,1,-36,3,-34,5,-35,5,-34,5,-34,6,-33,5,-32,6,-31,4,-29,4,-28,3,-27,3,-25,1,-24,1,-23,0,-23,-2,-22,-3,0,0,0,0,0,0,0,0,0,0,0,0,0,0,-61,-5,-62,-13,-59,-17,-60,-18,-62,-21,-61,-24,-63,-28,-63,-33,-62,-33,-60,-38,-58,-37,-57,-42,-54,-41,-51,-41,-50,-40,-48,-36,-50,-33,-52,-31,-52,-29,-54,-28,-53,-26,-55,-22,-56,-22,-57,-19,-58,-21,-57,-21,-56,-20,-56,-19]"
618062363782100,43.912933700,91787,1897356672,-51,-98,6,0,1,7,0,0,256,0,0,"[0,0,7,-13,7,-13,6,-12,7,-12,5,-11,5,-11,4,-11,4,-11,3,-10,3,-10,2,-10,2,-10,1,-10,1,-10,1,-10,1,-9,0,-9,1,-8,1,-8,1,-8,1,-8,0,-8,1,-8,1,-7,1,-7,1,-6,0,0,0,0,0,0,0,0,0,0,0,0,0,0,0,0,0,0,0,0,0,0,8,-15,9,-15,9,-15,10,-15,11,-15,12,-14,13,-14,14,-13,14,-13,14,-13,14,-11,13,-11,13,-11,12,-11,12,-11,11,-11,11,-12,11,-12,10,-13,9,-13,9,-13,9,-14,9,-14,9,-13,8,-14,8,-13,0,0,12,-55,9,-55,9,-52,7,-49,6,-48,5,-45,4,-45,1,-42,0,-41,-3,-39,-5,-37,-5,-36,-7,-35,-8,-35,-8,-35,-10,-34,-9,-32,-9,-32,-9,-31,-7,-30,-6,-29,-5,-28,-4,-26,-4,-25,-4,-24,-3,-24,-2,-22,0,-22,0,0,0,0,0,0,0,0,0,0,0,0,0,0,-3,-61,4,-62,8,-63,12,-63,15,-63,16,-62,20,-64,26,-65,29,-64,32,-63,33,-61,34,-59,33,-58,33,-55,32,-54,29,-54,28,-54,25,-53,23,-54,22,-55,20,-55,17,-57,18,-57,16,-59,15,-58,12,-59,12,-57,13,-58]"
618062382706300,43.931857900,91788,1897376646,-51,-98,6,0,1,7,0,0,256,0,0,"[0,0,-12,-10,-12,-10,-11,-10,-11,-9,-10,-8,-10,-8,-10,-7,-10,-6,-10,-5,-9,-5,-9,-4,-9,-4,-9,-4,-9,-3,-9,-3,-9,-2,-9,-3,-8,-3,-8,-3,-8,-3,-8,-3,-7,-3,-7,-3,-7,-3,-6,-3,-6,-3,0,0,0,0,0,0,0,0,0,0,0,0,0,0,0,0,0,0,0,0,0,0,-14,-10,-14,-11,-14,-12,-14,-13,-13,-14,-13,-15,-12,-15,-12,-16,-12,-16,-10,-16,-10,-16,-10,-15,-9,-15,-9,-14,-10,-14,-10,-13,-10,-13,-11,-13,-11,-12,-11,-12,-12,-12,-12,-12,-12,-11,-12,-11,-13,-11,-12,-10,0,0,-54,-17,-54,-15,-52,-14,-49,-12,-48,-11,-46,-10,-43,-8,-42,-7,-40,-4,-38,-1,-38,1,-37,1,-36,3,-35,4,-34,5,-34,6,-32,5,-33,5,-32,4,-31,2,-29,2,-28,1,-26,2,-26,3,-24,1,-23,0,-23,-1,-22,-2,0,0,0,0,0,0,0,0,0,0,0,0,0,0,-60,-3,-61,-9,-61,-14,-62,-17,-61,-19,-61,-23,-61,-27,-63,-32,-61,-34,-60,-40,-57,-38,-56,-40,-57,-38,-53,-39,-51,-37,-51,-34,-52,-33,-52,-30,-52,-28,-52,-27,-55,-26,-55,-25,-56,-24,-57,-23,-57,-20,-58,-18,-57,-17,-58,-19]"
618062402761300,43.951912900,91789,1897396997,-51,-98,6,0,1,7,0,0,256,0,0,"[0,0,-5,14,-4,14,-5,13,-4,13,-4,12,-3,11,-3,11,-2,11,-2,10,-1,10,-1,9,0,9,0,9,0,9,0,9,1,8,1,8,0,8,0,8,0,7,0,7,0,7,0,7,0,6,-1,6,-1,5,0,0,0,0,0,0,0,0,0,0,0,0,0,0,0,0,0,0,0,0,0,0,-4,17,-5,16,-5,17,-6,17,-8,17,-9,17,-10,16,-10,16,-11,16,-11,15,-11,14,-11,14,-10,14,-10,13,-9,14,-9,14,-8,13,-8,14,-7,14,-7,14,-6,15,-6,15,-6,15,-6,15,-5,15,-5,15,0,0,0,28,1,27,0,25,1,24,1,23,2,22,3,21,3,20,4,19,5,18,5,17,6,16,7,16,7,15,7,15,7,15,7,14,7,14,6,14,6,14,5,13,5,12,5,12,4,11,3,11,2,10,2,10,2,10,0,0,0,0,0,0,0,0,0,0,0,0,0,0,10,28,7,30,4,30,2,30,1,32,-1,31,-2,34,-4,34,-6,34,-7,34,-9,33,-8,33,-9,32,-9,31,-8,30,-8,29,-7,29,-7,28,-6,28,-5,29,-3,29,-3,29,-2,29,-2,30,0,30,1,29,0,29,0,29]"
618062424275900,43.973427500,91790,1897416477,-51,-98,6,0,1,7,0,0,256,0,0,"[0,0,-13,-9,-12,-9,-12,-8,-11,-8,-11,-7,-11,-6,-11,-6,-10,-5,-10,-4,-10,-4,-10,-4,-9,-3,-9,-3,-9,-2,-9,-2,-9,-2,-9,-1,-8,-2,-9,-2,-8,-2,-8,-2,-7,-2,-7,-2,-7,-2,-6,-2,-6,-2,0,0,0,0,0,0,0,0,0,0,0,0,0,0,0,0,0,0,0,0,0,0,-16,-8,-15,-9,-15,-11,-15,-11,-15,-12,-15,-13,-14,-13,-14,-14,-13,-15,-12,-15,-12,-14,-12,-14,-11,-14,-11,-14,-11,-13,-11,-12,-11,-12,-12,-11,-12,-11,-12,-11,-13,-10,-13,-10,-14,-10,-13,-10,-14,-10,-13,-9,0,0,-52,-23,-51,-22,-49,-20,-47,-18,-45,-17,-43,-15,-42,-14,-42,-11,-39,-8,-38,-8,-37,-5,-36,-3,-36,-3,-35,0,-35,1,-34,1,-34,1,-33,1,-31,-1,-30,-1,-29,-1,-28,-2,-27,-2,-24,-2,-23,-3,-22,-3,-23,-5,-22,-5,0,0,0,0,0,0,0,0,0,0,0,0,0,0,-61,-8,-61,-14,-60,-19,-58,-22,-61,-25,-58,-28,-60,-33,-60,-36,-58,-39,-57,-44,-55,-44,-54,-46,-52,-44,-50,-43,-48,-41,-48,-40,-47,-37,-49,-36,-48,-33,-51,-33,-51,-31,-51,-30,-52,-28,-55,-28,-56,-27,-55,-25,-54,-24,-52,-24]"
618062443601200,43.992752800,91791,1897439360,-51,-98,6,0,1,7,0,0,256,0,0,"[0,0,2,-15,1,-15,1,-14,1,-14,0,-13,0,-13,-1,-12,-1,-12,-1,-11,-1,-11,-2,-10,-2,-10,-3,-10,-3,-9,-3,-9,-3,-9,-3,-9,-3,-8,-3,-8,-3,-8,-2,-8,-2,-7,-2,-8,-2,-7,-1,-6,-1,-6,0,0,0,0,0,0,0,0,0,0,0,0,0,0,0,0,0,0,0,0,0,0,0,-18,0,-17,1,-19,2,-18,3,-19,4,-18,5,-19,6,-19,6,-18,7,-17,7,-17,7,-16,7,-16,6,-16,5,-15,5,-16,4,-15,4,-16,3,-16,2,-16,2,-16,2,-16,2,-17,1,-16,2,-16,1,-15,0,0,-9,-27,-10,-26,-10,-26,-9,-23,-9,-24,-9,-22,-9,-21,-9,-20,-9,-18,-11,-17,-12,-16,-12,-15,-12,-14,-12,-14,-12,-13,-13,-13,-12,-12,-12,-13,-11,-12,-10,-12,-10,-12,-9,-11,-9,-10,-9,-10,-8,-10,-7,-10,-7,-10,-6,-10,0,0,0,0,0,0,0,0,0,0,0,0,0,0,-17,-26,-15,-28,-13,-28,-10,-31,-10,-30,-9,-32,-7,-33,-6,-36,-3,-36,-1,-36,0,-34,0,-35,0,-34,0,-33,0,-32,-1,-30,-1,-32,-3,-29,-4,-30,-4,-29,-5,-31,-6,-30,-5,-30,-7,-29,-8,-29,-10,-30,-9,-28,-9,-29]"
618062465141900,44.014293500,91792,1897458599,-51,-98,6,0,1,7,0,0,256,0,0,"[0,0,1,-16,0,-15,0,-15,0,-14,0,-14,-1,-13,-1,-12,-2,-12,-2,-11,-2,-11,-2,-10,-3,-10,-3,-10,-4,-10,-4,-9,-4,-9,-4,-9,-4,-8,-3,-8,-3,-8,-3,-8,-3,-8,-2,-7,-2,-7,-2,-7,-2,-7,0,0,0,0,0,0,0,0,0,0,0,0,0,0,0,0,0,0,0,0,0,0,-2,-17,0,-18,0,-18,1,-19,2,-19,3,-20,4,-19,5,-19,6,-18,6,-18,6,-18,6,-17,6,-17,5,-17,5,-16,4,-16,4,-16,4,-16,3,-17,2,-16,2,-17,1,-17,1,-16,1,-17,0,-17,1,-16,0,0,-7,-27,-7,-28,-7,-25,-7,-25,-7,-23,-7,-22,-8,-21,-8,-20,-9,-19,-10,-18,-10,-17,-10,-16,-11,-15,-11,-14,-11,-15,-11,-14,-11,-14,-10,-13,-10,-13,-10,-13,-9,-12,-9,-11,-8,-11,-7,-11,-6,-11,-6,-10,-6,-11,-5,-10,0,0,0,0,0,0,0,0,0,0,0,0,0,0,-15,-28,-11,-29,-9,-30,-8,-30,-7,-33,-5,-31,-4,-35,-2,-34,-1,-35,0,-35,1,-35,2,-36,3,-34,4,-32,3,-32,3,-31,1,-30,1,-31,0,-29,-2,-31,-3,-29,-4,-30,-5,-30,-6,-30,-6,-31,-6,-30,-6,-30,-6,-29]"
618062483361200,44.032512800,91793,1897476607,-51,-98,6,0,1,7,0,0,256,0,0,"[0,0,-12,9,-11,9,-11,8,-11,8,-10,9,-9,8,-8,8,-8,8,-7,8,-6,8,-6,8,-5,8,-5,8,-5,8,-4,8,-4,8,-4,8,-4,7,-4,7,-4,7,-4,6,-4,6,-4,6,-3,6,-3,5,-4,4,0,0,0,0,0,0,0,0,0,0,0,0,0,0,0,0,0,0,0,0,0,0,-13,11,-14,11,-15,10,-15,10,-16,9,-18,9,-18,8,-18,7,-18,7,-18,6,-18,6,-17,6,-17,6,-16,6,-16,6,-15,6,-15,7,-15,7,-14,8,-14,8,-14,8,-14,9,-14,9,-14,10,-13,10,-13,10,0,0,-16,23,-16,23,-14,21,-14,22,-12,20,-11,20,-10,19,-9,19,-8,18,-6,18,-6,18,-4,17,-4,17,-3,16,-3,18,-2,16,-2,16,-2,15,-2,16,-3,14,-2,14,-3,13,-3,13,-3,12,-3,11,-3,10,-4,10,-4,9,0,0,0,0,0,0,0,0,0,0,0,0,0,0,-12,28,-15,27,-17,25,-18,25,-20,26,-20,24,-24,25,-25,24,-25,23,-28,22,-27,21,-29,21,-28,19,-27,19,-26,18,-25,18,-23,19,-23,20,-21,20,-22,21,-20,21,-19,22,-19,23,-18,23,-19,25,-18,24,-17,24,-17,23]"
618062501680200,44.050831800,91794,1897496591,-51,-98,6,0,1,7,0,0,256,0,0,"[0,0,6,13,5,13,5,12,5,11,5,11,5,10,5,9,6,9,5,8,6,7,6,7,6,6,6,6,6,6,6,5,6,5,6,5,6,5,6,5,5,5,5,5,4,5,4,5,4,4,4,4,4,4,0,0,0,0,0,0,0,0,0,0,0,0,0,0,0,0,0,0,0,0,0,0,7,14,7,15,6,16,5,16,5,17,4,18,3,17,3,18,2,18,2,18,1,17,1,17,1,16,1,16,2,16,2,15,2,15,3,14,4,15,4,15,5,14,5,15,6,14,5,14,6,14,6,14,0,0,16,22,17,21,16,20,16,19,15,18,15,16,15,15,15,14,15,13,15,12,15,10,15,10,14,9,14,8,16,8,15,7,15,6,14,7,14,7,13,7,12,7,11,6,11,6,10,6,9,6,8,6,8,6,8,7,0,0,0,0,0,0,0,0,0,0,0,0,0,0,23,18,21,22,19,23,18,23,19,26,17,26,16,29,15,30,15,30,13,32,12,31,11,33,10,32,9,30,9,29,9,28,10,26,12,27,12,25,13,26,14,25,15,25,16,25,16,24,16,25,17,24,17,24,17,23]"
618062527197600,44.076349200,91795,1897517960,-51,-98,6,0,1,7,0,0,256,0,0,"[0,0,11,-10,10,-10,10,-10,10,-10,8,-10,8,-9,7,-9,7,-9,6,-9,6,-9,5,-9,4,-9,4,-9,4,-9,4,-9,3,-9,3,-9,3,-8,3,-8,3,-8,3,-7,3,-7,3,-7,3,-6,3,-6,3,-6,0,0,0,0,0,0,0,0,0,0,0,0,0,0,0,0,0,0,0,0,0,0,11,-13,12,-13,13,-13,14,-12,15,-12,16,-11,17,-10,17,-9,16,-9,17,-8,17,-8,16,-7,15,-8,15,-7,14,-8,14,-8,14,-9,13,-9,13,-9,13,-9,12,-10,12,-10,12,-10,12,-11,12,-11,12,-11,0,0,13,-25,12,-25,12,-24,10,-22,9,-22,7,-22,7,-20,6,-20,6,-19,4,-19,3,-19,2,-19,2,-18,1,-18,0,-18,0,-18,0,-17,1,-17,0,-16,1,-15,1,-15,1,-15,2,-14,2,-13,2,-12,2,-11,3,-11,3,-10,0,0,0,0,0,0,0,0,0,0,0,0,0,0,5,-30,9,-30,11,-28,13,-29,14,-29,16,-28,18,-28,21,-28,20,-27,22,-27,22,-25,24,-24,23,-24,23,-23,23,-22,21,-22,21,-23,18,-22,18,-24,18,-23,17,-23,16,-25,15,-26,15,-26,15,-26,14,-26,14,-27,14,-27]"
618062544846800,44.093998400,91796,1897538422,-51,-98,6,0,1,7,0,0,256,0,0,"[0,0,-5,14,-5,13,-4,13,-4,12,-4,11,-3,11,-2,11,-2,10,-2,10,-1,9,-1,9,-1,9,0,9,0,9,0,8,1,8,0,8,1,8,0,8,0,7,0,7,0,7,0,7,0,6,0,6,-1,5,0,0,0,0,0,0,0,0,0,0,0,0,0,0,0,0,0,0,0,0,0,0,-3,16,-4,17,-5,16,-6,16,-7,16,-8,16,-9,16,-10,16,-11,16,-10,15,-11,14,-11,13,-10,13,-10,13,-9,13,-8,13,-8,13,-8,13,-7,14,-6,14,-6,14,-6,15,-6,14,-5,14,-5,15,-5,14,0,0,-2,28,-1,27,-1,26,-1,25,-1,23,0,22,1,21,2,20,2,19,3,18,4,17,4,17,5,17,6,16,6,15,6,16,6,14,6,15,5,14,5,13,4,13,4,13,4,12,2,11,3,11,2,11,1,10,0,10,0,0,0,0,0,0,0,0,0,0,0,0,0,0,6,29,3,29,1,31,0,31,-2,32,-3,31,-5,32,-8,33,-8,33,-9,33,-11,32,-12,32,-12,30,-11,30,-11,29,-11,28,-10,28,-8,28,-8,28,-7,28,-6,29,-4,29,-4,29,-4,30,-3,30,-3,30,-1,29,-3,29]"
618062563066000,44.112217600,91797,1897557709,-51,-98,6,0,1,7,0,0,256,0,0,"[0,0,6,13,6,12,6,11,5,11,6,11,5,10,6,9,6,9,6,8,6,7,6,7,6,6,6,6,6,6,7,5,6,5,6,5,6,5,5,5,5,5,5,5,4,5,4,5,4,4,4,4,3,4,0,0,0,0,0,0,0,0,0,0,0,0,0,0,0,0,0,0,0,0,0,0,8,14,7,15,7,15,6,16,6,17,5,17,4,18,3,18,3,18,2,18,2,17,2,17,2,16,2,16,2,15,3,15,3,14,4,15,4,15,5,15,5,14,6,14,6,14,6,14,6,14,6,14,0,0,21,19,20,17,20,16,19,15,18,14,18,13,18,12,17,11,17,10,17,8,17,7,17,6,17,5,16,5,16,5,16,4,15,4,16,5,15,5,14,5,13,4,13,5,12,4,12,4,11,4,10,5,9,5,8,6,0,0,0,0,0,0,0,0,0,0,0,0,0,0,27,12,26,15,25,17,24,19,23,20,22,22,23,24,22,26,21,27,20,28,18,29,18,28,17,27,17,27,17,26,17,25,17,24,17,23,17,23,18,22,19,22,19,21,20,21,21,21,21,19,22,19,22,19,22,18]"
618062584798300,44.133949900,91798,1897577198,-51,-98,6,0,1,7,0,0,256,0,0,"[0,0,-15,5,-14,5,-13,5,-13,5,-12,5,-11,5,-11,5,-10,5,-10,5,-9,5,-9,6,-8,6,-8,6,-7,6,-8,6,-7,6,-6,6,-7,5,-7,6,-7,5,-7,4,-6,5,-6,4,-5,4,-6,3,-5,3,0,0,0,0,0,0,0,0,0,0,0,0,0,0,0,0,0,0,0,0,0,0,-16,7,-17,7,-17,6,-17,5,-18,4,-19,3,-19,3,-20,2,-20,1,-19,0,-19,0,-18,0,-18,1,-18,1,-17,1,-17,1,-16,2,-16,2,-16,3,-16,4,-16,4,-16,5,-16,5,-15,5,-15,5,-16,5,0,0,-22,18,-21,17,-20,17,-19,17,-17,16,-16,16,-15,16,-14,15,-13,15,-12,16,-10,16,-10,15,-9,16,-8,15,-8,16,-7,15,-7,15,-7,14,-7,14,-7,13,-7,12,-8,11,-8,11,-7,10,-7,9,-7,9,-8,8,-7,7,0,0,0,0,0,0,0,0,0,0,0,0,0,0,-17,25,-20,23,-22,21,-24,20,-25,21,-26,19,-29,19,-30,17,-30,16,-32,15,-32,14,-32,13,-31,12,-30,12,-29,11,-28,11,-27,12,-27,14,-26,14,-26,14,-25,15,-25,16,-25,17,-24,17,-25,18,-23,18,-23,18,-23,18]"
618062601976100,44.151127700,91799,1897596529,-51,-98,6,0,1,7,0,0,256,0,0,"[0,0,7,13,7,12,6,12,6,11,6,11,6,10,6,9,6,9,6,7,7,7,6,6,6,6,7,6,7,6,7,5,7,5,7,5,7,5,7,4,6,5,5,4,5,5,4,4,4,4,4,4,4,4,0,0,0,0,0,0,0,0,0,0,0,0,0,0,0,0,0,0,0,0,0,0,9,14,8,14,8,15,8,16,7,17,6,17,5,17,5,18,4,18,3,18,3,17,2,17,2,17,2,16,3,16,4,15,5,15,5,15,5,14,6,14,6,14,7,14,6,14,7,14,7,14,7,14,0,0,20,18,21,18,19,16,19,16,18,15,18,13,18,12,18,11,17,9,17,8,17,7,16,7,16,5,16,5,17,5,16,4,15,5,15,4,15,4,14,5,13,4,12,4,12,4,11,4,10,5,9,4,9,5,9,5,0,0,0,0,0,0,0,0,0,0,0,0,0,0,27,13,26,16,24,18,23,20,24,22,22,22,21,25,21,26,20,27,19,28,18,28,17,30,16,28,16,28,14,27,15,25,16,25,17,24,17,22,17,23,18,22,20,21,20,21,21,20,22,20,21,20,21,20,22,19]"
618062624292100,44.173443700,91800,1897621087,-51,-98,6,0,1,7,0,0,256,0,0,"[0,0,-15,3,-14,2,-14,2,-13,3,-12,3,-12,3,-11,3,-10,4,-10,3,-9,4,-9,4,-8,4,-8,5,-8,5,-7,5,-8,5,-7,5,-7,5,-7,4,-7,4,-7,4,-6,4,-6,3,-6,3,-6,2,-6,2,0,0,0,0,0,0,0,0,0,0,0,0,0,0,0,0,0,0,0,0,0,0,-16,4,-17,4,-17,3,-18,2,-18,1,-19,0,-19,0,-19,-1,-19,-1,-18,-2,-18,-2,-17,-2,-17,-2,-16,-2,-17,-1,-16,-1,-16,0,-16,0,-16,1,-16,1,-16,2,-16,2,-16,2,-16,3,-15,3,-16,3,0,0,-24,15,-24,14,-23,13,-22,13,-20,13,-19,13,-18,13,-17,13,-16,13,-14,14,-13,14,-12,14,-11,14,-11,14,-11,14,-10,13,-10,14,-9,13,-9,13,-9,12,-9,12,-9,11,-9,10,-8,9,-8,8,-8,7,-9,7,-9,6,0,0,0,0,0,0,0,0,0,0,0,0,0,0,-21,22,-24,19,-26,18,-26,16,-29,16,-29,14,-32,13,-32,12,-33,10,-34,10,-34,8,-34,8,-33,7,-32,7,-31,6,-30,7,-29,8,-29,8,-28,8,-29,9,-27,10,-27,12,-27,13,-27,13,-27,14,-26,14,-26,15,-26,15]"
618062648645900,44.197797500,91801,1897638250,-51,-98,6,0,1,7,0,0,256,0,0,"[0,0,-11,-11,-11,-10,-10,-10,-10,-9,-10,-9,-10,-8,-10,-8,-10,-7,-10,-6,-10,-6,-9,-5,-9,-5,-9,-4,-9,-4,-10,-3,-9,-3,-9,-3,-9,-3,-9,-3,-8,-3,-8,-3,-7,-3,-7,-4,-7,-3,-6,-3,-6,-3,0,0,0,0,0,0,0,0,0,0,0,0,0,0,0,0,0,0,0,0,0,0,-14,-12,-13,-12,-13,-13,-13,-14,-12,-15,-12,-16,-11,-16,-10,-17,-10,-17,-9,-17,-8,-17,-8,-16,-8,-16,-8,-15,-9,-15,-9,-15,-10,-14,-10,-13,-10,-13,-11,-13,-11,-13,-11,-13,-12,-12,-12,-12,-11,-12,-12,-12,0,0,-26,-13,-25,-12,-24,-12,-23,-10,-22,-10,-21,-9,-21,-8,-20,-7,-20,-6,-19,-3,-19,-3,-19,-3,-18,-1,-18,-2,-18,-1,-18,-1,-17,0,-17,-1,-17,-1,-16,-1,-15,-2,-15,-2,-14,-1,-13,-2,-12,-2,-12,-3,-11,-3,-11,-3,0,0,0,0,0,0,0,0,0,0,0,0,0,0,-29,-8,-30,-11,-29,-12,-29,-14,-28,-16,-28,-18,-28,-19,-28,-23,-26,-23,-26,-25,-25,-25,-24,-24,-24,-24,-23,-23,-22,-22,-22,-21,-22,-21,-22,-20,-23,-19,-24,-18,-25,-17,-24,-17,-26,-15,-26,-16,-25,-15,-26,-14,-26,-14,-27,-14]"
618062663198300,44.212349900,91802,1897660252,-51,-98,6,0,1,7,0,0,256,0,0,"[0,0,-15,6,-13,6,-13,5,-12,5,-12,6,-11,6,-10,6,-9,6,-9,6,-8,6,-8,6,-7,6,-7,6,-7,6,-7,7,-6,7,-6,6,-7,6,-6,6,-6,5,-6,5,-5,5,-5,4,-5,4,-5,4,-5,3,0,0,0,0,0,0,0,0,0,0,0,0,0,0,0,0,0,0,0,0,0,0,-16,7,-17,7,-16,6,-17,5,-18,4,-19,4,-19,3,-19,2,-19,2,-19,1,-19,1,-18,1,-18,1,-17,1,-17,2,-16,2,-16,3,-16,3,-15,4,-15,5,-15,5,-15,5,-16,6,-15,5,-15,5,-15,6,0,0,-21,20,-20,19,-18,18,-18,19,-16,18,-15,17,-14,17,-13,17,-12,16,-10,16,-9,16,-8,16,-7,16,-7,16,-6,16,-6,16,-5,15,-6,15,-5,15,-6,14,-6,13,-6,13,-6,11,-6,11,-6,11,-6,10,-6,9,-7,8,0,0,0,0,0,0,0,0,0,0,0,0,0,0,-17,25,-20,23,-22,23,-23,22,-24,22,-25,20,-28,20,-29,19,-30,18,-32,16,-32,15,-32,15,-31,14,-30,13,-29,13,-28,14,-27,14,-26,14,-26,15,-25,16,-24,17,-24,18,-24,18,-24,19,-23,20,-22,20,-21,21,-22,20]"
618062684706700,44.233858300,91803,1897676698,-51,-98,6,0,1,7,0,0,256,0,0,"[0,0,-3,-15,-3,-15,-3,-14,-3,-13,-3,-13,-4,-12,-4,-12,-4,-11,-4,-10,-5,-10,-4,-9,-5,-8,-5,-8,-6,-8,-6,-8,-5,-8,-6,-7,-5,-7,-5,-7,-5,-6,-5,-6,-4,-7,-4,-6,-4,-6,-3,-6,-3,-6,0,0,0,0,0,0,0,0,0,0,0,0,0,0,0,0,0,0,0,0,0,0,-5,-17,-4,-17,-3,-18,-2,-18,-1,-19,-1,-19,0,-19,1,-20,1,-19,2,-19,3,-18,3,-18,2,-17,2,-17,1,-16,1,-16,1,-16,0,-16,-1,-16,-2,-16,-2,-16,-3,-17,-3,-16,-3,-16,-3,-16,-3,-15,0,0,-14,-24,-15,-24,-15,-23,-13,-21,-14,-20,-14,-19,-14,-17,-14,-16,-14,-15,-15,-14,-15,-13,-14,-12,-15,-11,-15,-10,-15,-10,-14,-10,-14,-9,-14,-9,-13,-10,-13,-9,-12,-9,-12,-9,-11,-8,-10,-8,-9,-8,-9,-8,-8,-8,-8,-9,0,0,0,0,0,0,0,0,0,0,0,0,0,0,-22,-22,-20,-25,-18,-26,-17,-27,-16,-29,-14,-29,-14,-32,-13,-33,-11,-34,-10,-34,-8,-34,-8,-34,-7,-34,-7,-32,-7,-32,-7,-30,-8,-30,-9,-29,-9,-28,-10,-28,-11,-28,-13,-27,-13,-27,-14,-27,-14,-27,-15,-27,-15,-26,-14,-26]"
618062707399200,44.256550800,91804,1897699316,-51,-98,6,0,1,7,0,0,256,0,0,"[0,0,-5,-15,-5,-14,-5,-14,-4,-13,-5,-13,-5,-12,-6,-11,-6,-10,-6,-10,-6,-9,-6,-9,-6,-9,-7,-8,-7,-8,-7,-7,-7,-7,-7,-7,-7,-7,-6,-6,-6,-6,-5,-6,-6,-6,-5,-6,-5,-6,-4,-5,-4,-5,0,0,0,0,0,0,0,0,0,0,0,0,0,0,0,0,0,0,0,0,0,0,-6,-17,-5,-17,-5,-18,-4,-19,-3,-19,-2,-19,-2,-20,-1,-20,0,-20,0,-19,1,-18,1,-18,1,-18,1,-17,-1,-17,-1,-17,-1,-17,-1,-16,-2,-16,-4,-16,-4,-17,-5,-16,-5,-16,-4,-16,-5,-16,-5,-16,0,0,-18,-22,-19,-23,-17,-20,-17,-20,-15,-17,-17,-16,-16,-16,-16,-15,-16,-13,-17,-12,-16,-11,-16,-11,-16,-9,-16,-9,-16,-8,-14,-8,-16,-7,-15,-7,-15,-7,-14,-7,-14,-7,-13,-7,-13,-7,-11,-7,-11,-7,-10,-7,-10,-8,-9,-7,0,0,0,0,0,0,0,0,0,0,0,0,0,0,-24,-20,-22,-22,-20,-23,-19,-25,-21,-27,-18,-26,-17,-31,-15,-29,-17,-31,-15,-32,-13,-32,-12,-35,-10,-32,-11,-31,-10,-30,-10,-29,-11,-28,-13,-29,-12,-25,-14,-28,-14,-24,-16,-25,-17,-25,-19,-25,-19,-25,-18,-24,-18,-25,-18,-24]"
618062724675200,44.273826800,91805,1897717295,-51,-98,6,0,1,7,0,0,256,0,0,"[0,0,-16,2,-15,2,-14,1,-14,2,-13,2,-12,3,-12,3,-11,3,-11,3,-10,4,-10,4,-9,4,-9,4,-8,4,-8,5,-8,5,-8,5,-8,5,-7,4,-7,4,-7,4,-6,3,-6,3,-6,3,-6,2,-6,2,0,0,0,0,0,0,0,0,0,0,0,0,0,0,0,0,0,0,0,0,0,0,-17,2,-18,2,-18,1,-18,0,-19,0,-20,-2,-20,-3,-20,-3,-19,-4,-19,-5,-19,-5,-18,-4,-17,-5,-17,-4,-16,-3,-17,-3,-16,-2,-17,-2,-16,-1,-17,0,-16,0,-16,0,-17,1,-17,1,-16,1,-16,1,0,0,-25,13,-24,13,-23,12,-22,12,-20,12,-19,12,-18,13,-17,13,-15,13,-14,13,-13,13,-13,13,-12,13,-11,13,-10,14,-10,14,-10,13,-10,13,-9,12,-9,11,-9,11,-9,10,-8,9,-8,9,-9,8,-8,8,-8,7,-9,6,0,0,0,0,0,0,0,0,0,0,0,0,0,0,-23,20,-25,17,-27,16,-28,15,-29,14,-30,13,-32,12,-33,10,-34,9,-35,8,-34,7,-34,6,-33,5,-32,5,-31,5,-30,5,-30,6,-29,7,-29,8,-28,8,-28,9,-27,11,-27,12,-27,13,-28,12,-27,12,-26,13,-26,13]"
618062751159500,44.300311100,91806,1897742264,-51,-98,6,0,1,7,0,0,256,0,0,"[0,0,-16,-4,-15,-4,-14,-4,-14,-3,-13,-2,-12,-3,-12,-2,-12,-1,-12,-1,-11,0,-10,0,-10,1,-10,1,-10,1,-9,2,-9,2,-9,1,-9,2,-9,2,-9,1,-8,1,-8,1,-8,0,-7,1,-7,0,-7,0,0,0,0,0,0,0,0,0,0,0,0,0,0,0,0,0,0,0,0,0,0,0,-17,-3,-18,-4,-18,-5,-17,-6,-18,-7,-18,-8,-18,-9,-17,-10,-17,-10,-17,-10,-16,-10,-16,-9,-16,-9,-15,-9,-15,-9,-15,-8,-15,-7,-15,-7,-15,-7,-16,-6,-16,-6,-16,-5,-17,-5,-16,-4,-17,-4,-16,-4,0,0,-29,0,-28,0,-27,-1,-25,0,-24,2,-23,1,-23,3,-21,4,-20,4,-19,4,-19,5,-18,6,-17,7,-17,7,-16,6,-16,7,-15,7,-15,7,-14,7,-14,6,-14,5,-13,5,-12,5,-12,4,-12,3,-11,3,-11,2,-11,2,0,0,0,0,0,0,0,0,0,0,0,0,0,0,-30,7,-31,3,-32,1,-32,-1,-32,-2,-33,-3,-33,-6,-35,-7,-35,-8,-35,-8,-34,-10,-33,-11,-32,-12,-31,-11,-31,-10,-30,-10,-30,-9,-29,-8,-30,-8,-29,-6,-29,-5,-30,-3,-30,-3,-31,-2,-30,-2,-31,-2,-30,-1,-30,-1]"
618062763633800,44.312785400,91807,1897756599,-51,-98,6,0,1,7,0,0,256,0,0,"[0,0,14,6,13,5,12,5,12,4,11,4,11,3,11,2,10,3,10,1,10,1,9,0,9,0,9,0,9,0,9,-1,9,-2,9,-1,8,-1,8,-1,8,-1,7,-1,7,-1,6,0,6,0,6,0,6,0,0,0,0,0,0,0,0,0,0,0,0,0,0,0,0,0,0,0,0,0,0,0,16,5,16,6,15,7,15,8,15,9,15,10,15,11,15,11,14,12,13,12,13,11,13,11,12,11,12,10,12,10,13,9,13,9,13,8,13,8,13,7,13,7,14,7,15,7,14,7,14,6,14,6,0,0,28,3,27,3,26,2,24,2,23,1,22,0,22,-1,20,-2,20,-2,18,-3,18,-5,18,-5,18,-5,17,-5,16,-6,15,-5,15,-6,15,-6,14,-6,14,-5,13,-5,13,-4,12,-4,12,-3,11,-3,11,-3,10,-2,10,-1,0,0,0,0,0,0,0,0,0,0,0,0,0,0,29,-3,30,0,31,2,31,4,31,6,31,7,32,9,32,10,32,12,32,12,31,14,30,14,29,14,28,14,28,14,27,13,27,12,26,10,27,10,28,9,26,7,28,6,27,5,29,5,29,4,28,4,29,3,29,3]"
618062783517600,44.332669200,91808,1897778829,-51,-98,6,0,1,7,0,0,256,0,0,"[0,0,6,14,6,13,5,12,5,12,5,11,5,10,5,10,5,9,5,8,6,8,6,7,6,7,6,6,6,6,6,6,6,5,6,6,6,5,5,5,5,5,5,5,5,5,4,5,4,5,4,4,4,4,0,0,0,0,0,0,0,0,0,0,0,0,0,0,0,0,0,0,0,0,0,0,8,14,7,15,7,16,6,16,5,18,5,17,4,18,3,19,3,18,2,18,2,17,1,17,2,17,1,17,2,15,3,16,3,15,4,15,4,15,5,15,4,15,6,14,6,15,5,14,5,15,6,14,0,0,19,20,18,19,19,18,17,17,17,15,17,14,16,13,16,12,16,11,16,9,16,8,16,7,16,6,16,6,16,6,16,6,15,5,15,5,14,5,14,5,13,5,12,5,12,5,11,4,9,5,9,6,9,5,8,6,0,0,0,0,0,0,0,0,0,0,0,0,0,0,25,14,24,19,23,20,22,22,21,23,19,25,19,26,20,28,18,29,15,30,14,30,15,30,15,29,14,28,13,28,14,27,14,27,13,24,15,24,16,23,17,24,17,23,18,22,18,23,19,22,20,21,21,21,21,21]"
618062805337100,44.354488700,91809,1897799366,-51,-98,6,0,1,7,0,0,256,0,0,"[0,0,-7,13,-6,12,-6,12,-6,11,-6,11,-4,11,-4,11,-3,10,-3,10,-2,10,-2,9,-1,9,-1,9,0,9,0,9,-1,9,0,8,0,8,0,8,-1,7,-1,7,0,7,-1,7,-1,6,-1,6,-1,5,0,0,0,0,0,0,0,0,0,0,0,0,0,0,0,0,0,0,0,0,0,0,-7,15,-8,15,-9,15,-10,15,-11,15,-12,15,-13,14,-13,13,-14,13,-13,13,-13,12,-13,12,-12,12,-12,12,-12,12,-11,12,-10,12,-10,12,-9,13,-9,13,-9,13,-8,13,-8,13,-7,14,-7,14,-8,14,0,0,-10,55,-9,53,-7,51,-7,47,-7,46,-2,46,-1,44,1,41,1,39,3,37,4,36,7,35,8,34,9,32,10,34,10,31,9,31,10,32,9,30,8,29,8,28,7,26,6,24,5,23,3,23,3,22,2,21,0,21,0,0,0,0,0,0,0,0,0,0,0,0,0,0,0,61,-5,62,-10,60,-13,61,-15,61,-20,61,-23,64,-24,63,-27,62,-31,62,-31,59,-33,60,-35,57,-33,56,-31,53,-31,53,-27,53,-25,54,-24,52,-23,55,-20,55,-17,56,-16,58,-14,57,-13,58,-12,58,-12,57,-12,56]"
618062834690700,44.383842300,91810,1897825188,-51,-98,6,0,1,7,0,0,256,0,0,"[0,0,9,-12,8,-12,8,-12,7,-11,7,-11,6,-10,5,-10,4,-10,4,-10,4,-10,3,-10,2,-10,2,-9,2,-9,2,-9,2,-9,1,-9,2,-9,2,-9,2,-8,2,-8,1,-8,1,-7,2,-7,2,-6,2,-6,0,0,0,0,0,0,0,0,0,0,0,0,0,0,0,0,0,0,0,0,0,0,9,-15,10,-15,10,-14,11,-14,12,-13,13,-13,14,-12,14,-12,15,-11,15,-11,14,-11,14,-11,13,-10,13,-10,13,-10,12,-10,12,-11,11,-11,11,-11,10,-12,10,-12,10,-12,10,-12,9,-13,9,-13,9,-13,0,0,18,-52,17,-52,15,-48,15,-47,13,-45,11,-44,10,-43,7,-41,6,-40,3,-38,1,-37,0,-35,-1,-36,-3,-35,-2,-36,-4,-35,-4,-34,-4,-32,-4,-32,-2,-32,-1,-30,-1,-28,0,-27,0,-25,1,-25,1,-24,2,-22,4,-21,0,0,0,0,0,0,0,0,0,0,0,0,0,0,4,-61,11,-61,15,-61,19,-59,22,-61,24,-59,28,-61,33,-61,35,-60,39,-57,40,-56,42,-55,40,-53,39,-51,39,-49,35,-50,34,-49,33,-50,30,-50,29,-52,27,-51,24,-54,24,-54,22,-56,23,-56,21,-55,20,-55,21,-56]"
618062847256900,44.396408500,91811,1897844037,-51,-98,6,0,1,7,0,0,256,0,0,"[0,0,15,2,14,2,13,1,13,1,12,1,12,0,11,0,10,-1,10,-1,10,-2,9,-2,9,-2,9,-3,8,-3,9,-3,8,-3,8,-3,8,-3,8,-2,7,-3,7,-2,7,-2,6,-2,6,-2,6,-2,6,-1,0,0,0,0,0,0,0,0,0,0,0,0,0,0,0,0,0,0,0,0,0,0,17,-1,17,0,17,1,18,2,18,3,18,4,18,5,18,6,17,7,16,6,16,7,16,7,15,6,15,6,15,6,15,5,15,5,15,4,15,3,15,3,15,3,15,3,16,2,16,2,15,2,16,1,0,0,28,-4,26,-4,26,-4,24,-4,23,-5,21,-5,21,-6,19,-6,19,-7,17,-7,16,-7,16,-8,16,-8,15,-9,14,-9,14,-9,13,-9,14,-9,13,-9,13,-8,12,-7,12,-7,11,-6,11,-5,10,-5,10,-5,10,-4,10,-3,0,0,0,0,0,0,0,0,0,0,0,0,0,0,27,-13,28,-10,30,-8,30,-7,30,-5,32,-3,32,-2,35,-1,34,1,35,3,34,4,33,5,32,5,31,6,30,5,30,5,30,3,28,3,29,2,28,1,29,0,28,-1,28,-2,30,-3,29,-3,29,-3,29,-3,29,-3]"
618062864205000,44.413356600,91812,1897858542,-51,-98,6,0,1,7,0,0,256,0,0,"[0,0,15,2,14,2,13,1,13,1,12,0,12,0,11,0,10,-1,10,-1,10,-2,9,-2,9,-3,9,-3,8,-3,8,-3,8,-3,8,-3,7,-3,8,-3,7,-3,7,-3,6,-2,6,-2,6,-2,6,-2,6,-2,0,0,0,0,0,0,0,0,0,0,0,0,0,0,0,0,0,0,0,0,0,0,17,-1,17,1,17,1,17,2,18,3,18,4,18,5,18,6,18,6,17,7,16,7,16,7,15,7,15,7,15,5,15,5,15,5,15,4,15,4,15,3,15,3,16,2,16,2,15,2,15,2,15,1,0,0,27,-6,26,-7,25,-6,23,-6,23,-7,21,-7,20,-8,18,-8,18,-8,17,-9,16,-10,15,-10,14,-10,14,-11,13,-10,13,-11,12,-10,12,-11,12,-10,11,-9,11,-8,11,-8,10,-7,10,-7,10,-7,10,-6,9,-5,10,-4,0,0,0,0,0,0,0,0,0,0,0,0,0,0,26,-15,28,-13,29,-11,31,-9,30,-7,32,-6,32,-5,35,-4,34,-1,35,0,34,2,33,1,33,2,32,2,31,2,30,1,31,1,28,0,30,-1,28,-2,30,-3,29,-3,29,-4,29,-5,28,-6,29,-7,28,-6,29,-7]"
618062884566300,44.433717900,91813,1897876947,-51,-98,6,0,1,7,0,0,256,0,0,"[0,0,-16,3,-15,3,-14,2,-14,3,-13,2,-12,3,-11,3,-10,3,-10,4,-10,4,-9,5,-9,4,-8,4,-8,5,-8,5,-8,5,-7,5,-8,5,-7,5,-7,4,-7,4,-6,3,-6,3,-6,3,-6,2,-6,2,0,0,0,0,0,0,0,0,0,0,0,0,0,0,0,0,0,0,0,0,0,0,-17,4,-17,4,-18,3,-18,2,-19,1,-19,0,-20,0,-20,-1,-20,-2,-20,-3,-19,-3,-18,-3,-17,-2,-17,-2,-17,-2,-17,-1,-16,-1,-17,0,-16,0,-16,1,-16,1,-16,2,-17,2,-16,2,-16,2,-16,2,0,0,-24,15,-23,15,-22,14,-20,14,-19,14,-18,13,-17,13,-16,13,-14,13,-13,14,-12,14,-11,14,-10,14,-10,14,-9,14,-9,13,-9,14,-8,13,-9,13,-9,12,-9,11,-8,11,-8,10,-8,10,-7,9,-8,8,-8,8,-8,7,0,0,0,0,0,0,0,0,0,0,0,0,0,0,-19,22,-22,21,-24,20,-25,18,-27,17,-27,16,-30,16,-32,14,-33,12,-34,11,-33,9,-33,9,-32,10,-31,9,-30,9,-29,10,-29,9,-28,10,-27,10,-28,11,-26,12,-27,13,-26,13,-26,14,-26,15,-25,16,-24,16,-25,16]"
618062907150500,44.456302100,91814,1897898221,-51,-98,6,0,1,7,0,0,256,0,0,"[0,0,-14,6,-13,6,-13,6,-13,6,-12,6,-11,6,-10,5,-10,6,-9,6,-8,6,-8,6,-7,7,-7,6,-6,7,-7,7,-6,6,-6,7,-6,6,-6,6,-6,5,-6,5,-6,5,-5,5,-5,4,-5,4,-5,3,0,0,0,0,0,0,0,0,0,0,0,0,0,0,0,0,0,0,0,0,0,0,-15,9,-16,9,-16,8,-17,7,-17,7,-19,6,-19,5,-20,4,-20,4,-19,3,-19,3,-18,3,-17,3,-17,3,-16,4,-17,4,-16,4,-16,5,-15,5,-16,5,-15,6,-15,6,-16,7,-15,7,-15,7,-15,7,0,0,-22,19,-20,18,-20,17,-18,17,-17,16,-16,16,-15,15,-14,15,-12,15,-11,15,-10,16,-9,16,-8,15,-8,15,-7,15,-7,15,-6,15,-7,15,-7,14,-7,13,-6,13,-7,12,-6,11,-6,10,-6,10,-6,9,-6,9,-7,8,0,0,0,0,0,0,0,0,0,0,0,0,0,0,-17,25,-20,23,-22,23,-23,21,-25,21,-26,20,-28,19,-30,18,-31,16,-32,15,-32,14,-32,13,-30,14,-30,13,-29,12,-28,13,-28,13,-26,14,-26,14,-26,15,-25,16,-24,16,-24,17,-24,18,-23,18,-22,19,-22,19,-23,19]"
618062925301600,44.474453200,91815,1897916727,-50,-98,6,0,1,7,0,0,256,0,0,"[0,0,-14,-3,-13,-3,-13,-2,-12,-2,-12,-2,-11,-1,-11,-1,-10,-1,-10,0,-10,0,-9,0,-9,1,-9,1,-9,1,-8,1,-8,1,-8,2,-8,1,-8,1,-7,1,-7,1,-7,1,-7,1,-6,0,-6,0,-6,0,0,0,0,0,0,0,0,0,0,0,0,0,0,0,0,0,0,0,0,0,0,0,-15,-2,-16,-3,-15,-3,-16,-4,-16,-5,-16,-6,-16,-6,-16,-7,-15,-8,-15,-8,-15,-8,-14,-8,-14,-8,-14,-7,-14,-7,-14,-6,-14,-6,-14,-5,-14,-5,-14,-5,-14,-4,-14,-4,-15,-4,-14,-3,-14,-3,-14,-3,0,0,-49,-27,-47,-27,-46,-25,-45,-23,-41,-21,-41,-20,-40,-16,-38,-14,-39,-13,-37,-12,-35,-8,-34,-7,-33,-7,-33,-5,-35,-3,-32,-4,-33,-2,-32,-2,-30,-2,-27,-3,-29,-4,-28,-1,-25,-3,-24,-4,-23,-5,-23,-6,-21,-5,-20,-7,0,0,0,0,0,0,0,0,0,0,0,0,0,0,-60,-20,-59,-25,-56,-32,-55,-32,-56,-38,-54,-36,-54,-45,-51,-47,-55,-49,-52,-52,-46,-52,-47,-53,-43,-53,-40,-51,-41,-50,-41,-49,-40,-44,-45,-40,-43,-40,-46,-41,-45,-37,-47,-33,-48,-35,-51,-34,-53,-35,-51,-33,-50,-33,-50,-31]"
618062944159700,44.493311300,91816,1897943933,-51,-98,6,0,1,7,0,0,256,0,0,"[0,0,13,2,13,2,12,1,12,1,11,1,10,0,10,0,10,-1,9,-1,9,-2,9,-2,8,-2,8,-3,7,-3,8,-3,7,-3,7,-3,7,-3,7,-3,7,-2,6,-3,6,-2,6,-2,5,-2,5,-2,5,-2,0,0,0,0,0,0,0,0,0,0,0,0,0,0,0,0,0,0,0,0,0,0,15,0,15,1,16,2,15,3,16,4,16,5,16,6,16,6,16,7,15,7,14,7,15,6,14,6,14,6,13,6,14,5,13,5,14,4,13,4,13,3,13,3,14,3,15,2,14,2,14,1,14,1,0,0,26,11,26,9,22,8,24,8,20,7,21,5,19,5,18,4,19,3,19,1,18,0,17,0,17,-1,16,-2,17,-2,16,-2,15,-3,15,-1,14,-2,15,-2,14,-1,13,-1,13,-1,11,-1,11,1,11,0,10,0,9,1,0,0,0,0,0,0,0,0,0,0,0,0,0,0,31,3,29,6,30,9,30,10,29,12,29,13,30,16,29,17,29,19,28,20,27,21,26,22,26,21,24,21,24,20,24,19,24,18,24,17,24,15,25,15,24,13,25,12,25,12,27,12,27,12,26,11,26,10,28,11]"
618062961290100,44.510441700,91817,1897956689,-51,-98,6,0,1,7,0,0,256,0,0,"[0,0,2,14,2,14,2,13,2,13,2,12,2,11,3,10,3,10,3,9,3,9,4,8,5,8,4,8,5,7,5,7,5,7,5,7,5,6,4,6,4,6,4,6,3,6,3,6,3,5,2,5,2,5,0,0,0,0,0,0,0,0,0,0,0,0,0,0,0,0,0,0,0,0,0,0,4,16,3,16,2,17,2,17,0,18,0,19,-1,18,-2,19,-2,18,-3,18,-3,17,-3,17,-3,17,-2,16,-2,16,-2,16,-1,15,-1,16,0,16,1,16,1,16,1,16,2,16,2,15,2,16,2,15,0,0,14,25,13,23,13,22,12,20,12,20,12,17,13,17,13,15,13,14,13,12,12,12,13,11,13,11,14,10,13,9,13,9,13,9,13,9,12,8,12,8,11,8,11,8,9,7,9,7,8,8,8,7,7,7,6,8,0,0,0,0,0,0,0,0,0,0,0,0,0,0,20,20,19,23,17,26,17,27,14,27,14,29,12,30,12,32,11,32,10,32,7,34,8,31,6,31,7,31,6,30,7,30,8,30,7,27,8,28,9,27,11,26,11,26,13,26,13,27,14,25,14,25,14,25,14,25]"
618062987238000,44.536389600,91818,1897980088,-51,-98,6,0,1,7,0,0,256,0,0,"[0,0,12,-9,11,-10,10,-9,11,-9,9,-9,8,-9,8,-9,7,-9,7,-8,6,-9,5,-9,5,-9,4,-9,3,-8,4,-9,4,-8,3,-8,4,-8,4,-8,4,-8,4,-7,3,-6,3,-6,3,-6,3,-5,3,-5,0,0,0,0,0,0,0,0,0,0,0,0,0,0,0,0,0,0,0,0,0,0,11,-13,12,-13,13,-13,13,-12,15,-12,16,-11,17,-10,17,-9,17,-9,17,-9,16,-8,15,-8,15,-8,15,-8,14,-8,14,-8,13,-8,13,-9,13,-10,13,-9,13,-10,12,-10,13,-10,12,-11,12,-11,12,-11,0,0,16,-23,15,-22,15,-21,14,-21,13,-21,11,-20,10,-20,8,-20,8,-18,6,-18,6,-18,4,-18,4,-17,3,-17,3,-17,3,-17,2,-16,3,-16,2,-16,3,-15,2,-14,2,-14,3,-13,3,-12,3,-12,3,-11,4,-10,4,-9,0,0,0,0,0,0,0,0,0,0,0,0,0,0,10,-29,13,-28,15,-27,17,-26,18,-26,19,-25,22,-26,23,-25,25,-24,25,-23,26,-22,27,-22,26,-20,26,-20,25,-19,24,-19,23,-19,21,-19,21,-20,21,-21,21,-22,19,-22,18,-23,19,-24,19,-24,18,-24,18,-23,18,-24]"
618063006822600,44.555974200,91819,1898000992,-51,-98,6,0,1,7,0,0,256,0,0,"[0,0,14,-5,13,-6,12,-5,12,-5,11,-5,10,-5,10,-5,9,-5,9,-6,8,-6,8,-7,6,-6,6,-7,6,-7,6,-7,6,-7,6,-6,6,-7,5,-6,5,-6,5,-6,5,-5,5,-5,4,-5,4,-5,4,-4,0,0,0,0,0,0,0,0,0,0,0,0,0,0,0,0,0,0,0,0,0,0,15,-7,17,-6,16,-5,18,-4,18,-4,19,-3,18,-1,19,0,19,0,18,0,18,0,17,-1,17,-1,16,-1,16,-1,16,-2,16,-1,15,-2,16,-3,15,-4,15,-4,15,-4,15,-5,14,-5,14,-6,15,-6,0,0,23,-16,22,-16,21,-15,19,-15,18,-14,16,-14,16,-15,14,-15,13,-15,12,-15,11,-15,10,-15,9,-15,9,-15,8,-15,7,-15,7,-15,7,-15,7,-14,7,-13,7,-13,7,-12,7,-11,7,-10,6,-10,6,-10,6,-9,7,-8,0,0,0,0,0,0,0,0,0,0,0,0,0,0,21,-22,23,-20,25,-19,26,-17,27,-17,28,-16,30,-15,31,-14,32,-12,33,-11,32,-10,32,-9,32,-8,31,-8,30,-8,29,-8,28,-9,27,-10,27,-10,26,-12,26,-12,26,-14,26,-14,25,-16,25,-15,25,-16,25,-16,24,-16]"
618063025420900,44.574572500,91820,1898017308,-51,-98,6,0,1,7,0,0,256,0,0,"[0,0,-12,-11,-12,-10,-11,-10,-11,-9,-10,-9,-10,-8,-10,-7,-10,-7,-9,-6,-10,-5,-9,-4,-10,-5,-9,-4,-9,-4,-9,-3,-9,-3,-9,-3,-9,-3,-9,-3,-8,-3,-8,-3,-7,-3,-7,-3,-7,-3,-6,-3,-6,-3,0,0,0,0,0,0,0,0,0,0,0,0,0,0,0,0,0,0,0,0,0,0,-14,-11,-14,-12,-13,-13,-13,-14,-13,-15,-13,-16,-12,-16,-11,-17,-10,-17,-10,-17,-10,-16,-10,-16,-9,-16,-9,-15,-9,-15,-10,-14,-10,-14,-10,-14,-11,-13,-11,-13,-11,-13,-12,-13,-12,-12,-12,-12,-13,-11,-13,-11,0,0,-28,-9,-27,-8,-26,-8,-24,-6,-24,-6,-23,-5,-22,-5,-21,-3,-21,-2,-20,-1,-19,0,-19,0,-18,1,-18,1,-18,2,-17,2,-17,2,-17,2,-16,1,-16,1,-15,1,-14,1,-13,0,-13,0,-12,0,-12,-1,-11,-1,-11,-2,0,0,0,0,0,0,0,0,0,0,0,0,0,0,-31,-2,-31,-6,-31,-7,-32,-9,-31,-11,-31,-13,-31,-14,-32,-16,-31,-18,-30,-19,-29,-20,-29,-20,-28,-20,-27,-20,-26,-19,-26,-18,-26,-17,-26,-16,-26,-15,-27,-14,-27,-13,-28,-13,-28,-12,-29,-11,-29,-10,-29,-10,-28,-10,-29,-9]"
618063046827300,44.595978900,91821,1898044299,-51,-98,6,0,1,7,0,0,256,0,0,"[0,0,-5,-15,-6,-14,-5,-14,-5,-13,-5,-13,-5,-12,-6,-11,-6,-10,-6,-9,-6,-9,-6,-8,-6,-8,-7,-8,-7,-7,-7,-7,-6,-6,-7,-7,-6,-7,-6,-6,-6,-6,-6,-6,-5,-6,-5,-6,-5,-6,-4,-5,-4,-5,0,0,0,0,0,0,0,0,0,0,0,0,0,0,0,0,0,0,0,0,0,0,-7,-16,-7,-16,-6,-18,-5,-18,-5,-19,-4,-19,-3,-19,-2,-20,-1,-19,-1,-19,-1,-19,0,-18,0,-18,-1,-17,-1,-17,-2,-17,-2,-16,-3,-17,-3,-16,-4,-16,-4,-16,-4,-16,-5,-16,-5,-16,-5,-16,-5,-15,0,0,-21,-18,-22,-19,-20,-17,-20,-16,-19,-15,-19,-14,-18,-13,-18,-12,-17,-10,-18,-9,-17,-8,-17,-7,-17,-6,-16,-6,-17,-5,-16,-5,-16,-5,-16,-4,-16,-5,-15,-5,-14,-5,-13,-4,-13,-5,-12,-5,-11,-5,-10,-5,-10,-5,-10,-6,0,0,0,0,0,0,0,0,0,0,0,0,0,0,-27,-14,-26,-17,-25,-19,-23,-20,-25,-22,-23,-23,-23,-26,-22,-27,-21,-28,-20,-29,-19,-29,-18,-30,-17,-29,-16,-28,-16,-28,-16,-26,-16,-25,-18,-25,-17,-23,-19,-25,-20,-23,-21,-22,-20,-22,-21,-22,-22,-21,-23,-21,-23,-21,-22,-20]"
618063065623000,44.614774600,91822,1898058921,-51,-98,6,0,1,7,0,0,256,0,0,"[0,0,-10,11,-9,11,-9,10,-8,10,-8,9,-7,9,-7,9,-6,9,-6,8,-5,8,-4,8,-3,8,-3,8,-2,8,-3,8,-2,8,-2,8,-2,8,-2,8,-3,7,-2,7,-2,6,-2,6,-2,6,-3,5,-3,5,0,0,0,0,0,0,0,0,0,0,0,0,0,0,0,0,0,0,0,0,0,0,-11,13,-12,13,-12,12,-13,12,-14,11,-15,11,-16,11,-16,10,-17,9,-16,9,-16,9,-16,8,-15,8,-14,8,-14,8,-13,9,-13,9,-13,9,-12,10,-12,10,-12,11,-11,11,-11,11,-11,11,-11,11,-11,11,0,0,-11,26,-9,25,-9,24,-8,23,-7,22,-6,21,-5,20,-4,20,-4,19,-2,18,-1,18,0,18,1,17,1,16,1,17,1,16,2,16,1,15,1,15,1,14,1,14,0,13,0,12,0,12,-1,11,-1,11,-2,10,-2,10,0,0,0,0,0,0,0,0,0,0,0,0,0,0,-3,29,-6,30,-8,29,-11,29,-12,29,-13,29,-15,29,-18,30,-19,29,-22,28,-21,26,-21,27,-20,26,-20,25,-19,24,-18,24,-18,24,-17,24,-16,24,-15,25,-15,26,-14,25,-13,26,-13,27,-11,27,-11,28,-10,27,-10,27]"
618063085225500,44.634377100,91823,1898077365,-51,-98,6,0,1,7,0,0,256,0,0,"[0,0,-3,-15,-4,-15,-4,-14,-4,-13,-4,-13,-5,-12,-5,-11,-4,-11,-5,-9,-5,-10,-5,-9,-5,-9,-6,-8,-6,-8,-6,-7,-6,-7,-6,-7,-6,-7,-6,-6,-5,-7,-5,-6,-5,-6,-4,-6,-4,-6,-3,-6,-3,-5,0,0,0,0,0,0,0,0,0,0,0,0,0,0,0,0,0,0,0,0,0,0,-6,-16,-5,-17,-4,-17,-4,-18,-3,-18,-2,-19,-1,-19,0,-19,0,-19,1,-19,1,-18,1,-17,1,-17,1,-17,0,-17,0,-16,-1,-16,-2,-16,-2,-16,-3,-16,-3,-16,-4,-16,-3,-16,-4,-16,-4,-15,-4,-15,0,0,-15,-25,-14,-24,-15,-24,-13,-21,-14,-21,-14,-19,-13,-18,-14,-17,-13,-15,-13,-13,-14,-13,-14,-12,-14,-11,-14,-11,-14,-10,-15,-10,-13,-9,-14,-10,-13,-10,-12,-10,-11,-9,-11,-9,-10,-8,-10,-8,-9,-8,-9,-8,-8,-8,-7,-8,0,0,0,0,0,0,0,0,0,0,0,0,0,0,-22,-21,-20,-24,-18,-26,-17,-28,-16,-27,-15,-30,-14,-30,-14,-33,-11,-33,-10,-34,-9,-34,-8,-33,-8,-33,-7,-32,-7,-31,-7,-30,-9,-30,-8,-27,-10,-29,-10,-27,-12,-29,-13,-28,-13,-27,-14,-27,-14,-26,-15,-26,-15,-26,-15,-27]"
618063104760500,44.653912100,91824,1898096535,-51,-98,6,0,1,7,0,0,256,0,0,"[0,0,14,-8,13,-7,12,-7,11,-7,11,-7,10,-7,9,-7,8,-7,8,-7,7,-7,6,-7,6,-7,6,-7,5,-8,5,-7,5,-8,4,-8,5,-7,4,-7,5,-6,4,-6,4,-6,4,-6,4,-5,4,-5,4,-5,0,0,0,0,0,0,0,0,0,0,0,0,0,0,0,0,0,0,0,0,0,0,14,-10,15,-9,15,-9,16,-8,17,-7,18,-7,18,-6,18,-5,18,-4,18,-4,17,-3,17,-3,17,-3,16,-4,16,-4,15,-4,15,-5,15,-6,15,-6,14,-6,14,-7,15,-7,15,-7,14,-8,13,-8,14,-8,0,0,19,-20,19,-20,18,-19,17,-18,15,-18,14,-18,13,-17,12,-17,11,-17,9,-17,8,-17,8,-16,7,-16,6,-16,6,-16,6,-16,5,-16,5,-16,5,-15,5,-14,5,-14,5,-13,5,-12,4,-11,5,-11,5,-10,5,-10,6,-9,0,0,0,0,0,0,0,0,0,0,0,0,0,0,14,-27,18,-26,20,-24,21,-23,22,-23,24,-22,26,-21,27,-21,28,-19,30,-18,30,-17,31,-16,29,-15,29,-15,28,-14,26,-15,26,-15,25,-16,24,-16,24,-17,23,-18,22,-19,22,-19,22,-20,22,-21,21,-21,21,-21,21,-21]"
618063131894600,44.681046200,91825,1898122254,-51,-98,6,0,1,7,0,0,256,0,0,"[0,0,-2,-15,-2,-14,-2,-14,-2,-13,-2,-13,-3,-12,-3,-12,-4,-11,-4,-10,-4,-9,-4,-9,-5,-9,-5,-9,-5,-8,-5,-8,-5,-8,-5,-7,-5,-7,-5,-7,-4,-7,-4,-7,-4,-7,-4,-6,-3,-6,-3,-6,-3,-6,0,0,0,0,0,0,0,0,0,0,0,0,0,0,0,0,0,0,0,0,0,0,-4,-17,-3,-18,-2,-17,-2,-19,-1,-19,0,-20,1,-19,2,-19,3,-19,3,-18,3,-18,3,-17,3,-17,3,-17,2,-17,1,-16,1,-16,1,-16,0,-17,0,-16,-1,-17,-1,-16,-2,-16,-2,-17,-2,-16,-2,-16,0,0,-9,-27,-10,-27,-9,-25,-9,-24,-9,-22,-10,-21,-10,-20,-11,-19,-11,-18,-11,-17,-11,-16,-11,-16,-11,-14,-12,-13,-12,-13,-12,-13,-12,-12,-12,-12,-11,-12,-11,-11,-10,-11,-10,-11,-9,-11,-8,-10,-7,-11,-7,-10,-6,-10,-6,-10,0,0,0,0,0,0,0,0,0,0,0,0,0,0,-17,-26,-14,-29,-12,-30,-12,-30,-10,-31,-9,-31,-8,-34,-6,-34,-6,-34,-4,-36,-3,-35,-1,-35,0,-34,0,-33,0,-32,0,-31,-2,-30,-2,-30,-3,-30,-5,-30,-6,-29,-8,-29,-8,-29,-9,-30,-9,-29,-8,-29,-9,-29,-8,-29]"
618063160242400,44.709394000,91826,1898153645,-50,-98,6,0,1,7,0,0,256,0,0,"[0,0,-1,-15,-1,-15,-1,-14,-1,-13,-1,-13,-2,-13,-2,-12,-3,-11,-2,-11,-3,-10,-3,-10,-4,-9,-4,-9,-4,-9,-4,-9,-4,-9,-4,-8,-4,-8,-4,-8,-4,-8,-4,-8,-3,-7,-3,-7,-3,-7,-2,-6,-2,-6,0,0,0,0,0,0,0,0,0,0,0,0,0,0,0,0,0,0,0,0,0,0,-3,-17,-2,-17,-2,-17,-1,-18,0,-19,1,-19,3,-19,3,-19,4,-18,4,-18,4,-17,4,-17,4,-16,3,-16,3,-16,2,-16,2,-16,2,-16,1,-16,1,-16,0,-16,0,-16,0,-16,-1,-16,-1,-16,-1,-16,0,0,10,-25,8,-26,9,-26,8,-23,8,-24,6,-22,5,-21,4,-21,2,-19,1,-20,1,-18,0,-19,-1,-19,0,-18,-1,-17,-1,-16,-2,-18,-1,-16,-1,-15,-1,-16,0,-14,0,-14,0,-13,0,-13,1,-11,1,-11,2,-11,3,-10,0,0,0,0,0,0,0,0,0,0,0,0,0,0,3,-32,6,-32,7,-31,12,-31,11,-31,13,-32,15,-31,17,-30,18,-30,20,-30,21,-28,22,-28,22,-26,21,-25,19,-25,19,-25,18,-24,16,-24,15,-25,15,-25,14,-25,14,-27,13,-27,13,-27,12,-29,11,-28,10,-28,10,-27]"
618063167125900,44.716277500,91827,1898156862,-51,-98,6,0,1,7,0,0,256,0,0,"[0,0,-2,15,-1,14,-1,13,-1,13,-1,12,0,12,0,11,1,11,1,9,1,10,1,9,2,8,2,8,2,8,3,8,2,8,3,8,2,8,2,7,2,7,2,6,2,7,1,6,1,6,1,5,1,5,0,0,0,0,0,0,0,0,0,0,0,0,0,0,0,0,0,0,0,0,0,0,0,17,-1,17,-2,18,-3,17,-4,18,-5,18,-6,18,-6,18,-7,17,-7,17,-8,17,-7,16,-7,15,-7,15,-6,15,-5,15,-5,14,-5,15,-4,15,-3,15,-3,15,-2,15,-3,16,-2,16,-2,15,-1,15,0,0,8,26,9,24,9,23,9,22,9,21,9,20,9,19,9,18,10,16,10,15,11,14,11,13,11,12,11,12,12,12,11,11,11,11,11,11,10,11,9,10,9,10,8,10,8,9,8,8,7,8,6,8,6,9,5,8,0,0,0,0,0,0,0,0,0,0,0,0,0,0,18,24,15,26,13,26,11,28,11,30,10,30,8,32,7,34,5,34,2,34,2,33,2,34,1,33,1,32,1,31,2,29,2,29,3,29,4,28,4,28,6,28,6,28,7,28,8,28,8,28,9,28,10,27,9,27]"
618063182451600,44.731603200,91828,1898179523,-51,-98,6,0,1,7,0,0,256,0,0,"[0,0,10,10,10,10,9,9,10,8,9,8,9,7,8,7,8,6,8,5,8,5,8,4,8,4,8,3,8,3,9,2,8,2,8,3,8,2,7,2,7,2,7,2,6,2,6,2,5,2,5,2,5,2,0,0,0,0,0,0,0,0,0,0,0,0,0,0,0,0,0,0,0,0,0,0,13,11,12,12,12,13,11,13,11,15,10,15,9,16,9,16,8,17,8,17,8,16,7,15,7,15,7,14,7,14,8,14,8,13,9,13,9,12,9,12,10,12,10,12,11,12,11,11,11,11,10,10,0,0,24,13,23,12,22,11,22,10,21,10,20,8,20,8,19,6,19,5,18,4,18,3,18,3,17,2,17,1,16,0,16,0,16,0,16,0,14,0,15,0,14,1,13,1,12,1,12,1,11,2,10,1,10,2,9,3,0,0,0,0,0,0,0,0,0,0,0,0,0,0,28,8,28,11,27,13,27,14,27,16,26,17,27,20,26,21,25,22,25,24,23,25,22,24,22,24,21,24,20,23,20,22,21,21,21,20,22,19,22,18,23,18,24,17,24,16,25,16,25,16,25,15,25,14,25,14]"
618063202151600,44.751303200,91829,1898196361,-51,-98,6,0,1,7,0,0,256,0,0,"[0,0,0,15,0,14,0,14,0,13,0,12,1,12,1,11,2,11,2,9,2,9,2,8,2,9,2,8,3,8,3,8,3,8,4,8,3,7,3,7,3,6,3,7,2,6,2,6,2,6,1,6,1,5,0,0,0,0,0,0,0,0,0,0,0,0,0,0,0,0,0,0,0,0,0,0,2,16,1,17,0,18,-1,18,-1,18,-2,18,-3,18,-4,18,-5,18,-5,18,-6,17,-5,17,-5,16,-5,16,-4,16,-4,16,-3,15,-3,16,-2,15,-2,16,-1,15,-1,16,-1,16,-1,16,0,16,0,15,0,0,8,27,8,25,8,24,8,22,8,22,9,21,9,19,9,18,10,16,9,15,10,15,11,14,10,13,11,13,11,12,11,12,11,11,11,11,10,11,10,10,9,10,8,10,7,9,7,9,6,9,6,9,6,8,4,9,0,0,0,0,0,0,0,0,0,0,0,0,0,0,16,25,13,27,12,28,10,29,9,30,8,31,6,32,5,34,4,34,2,34,1,34,0,33,-1,33,-1,32,-1,31,0,30,1,30,2,28,3,29,3,29,5,29,6,28,6,28,7,29,8,28,8,28,8,28,8,28]"
618063225603300,44.774754900,91830,1898218220,-51,-98,6,0,1,7,0,0,256,0,0,"[0,0,-16,1,-15,2,-15,2,-13,2,-13,2,-12,2,-12,1,-11,2,-11,3,-10,3,-10,4,-9,4,-8,4,-8,4,-9,4,-8,5,-7,4,-8,4,-8,4,-7,4,-7,3,-7,3,-6,3,-6,2,-6,2,-6,2,0,0,0,0,0,0,0,0,0,0,0,0,0,0,0,0,0,0,0,0,0,0,-17,5,-18,3,-18,3,-19,2,-19,1,-20,0,-20,-1,-20,-2,-20,-3,-19,-3,-19,-2,-19,-2,-18,-2,-18,-2,-17,-2,-16,-2,-17,-1,-17,-1,-16,0,-16,0,-17,0,-16,1,-17,1,-16,3,-16,3,-16,2,0,0,-26,11,-25,9,-25,9,-22,10,-22,10,-19,11,-19,11,-18,11,-17,11,-15,11,-15,11,-14,11,-13,11,-12,12,-12,12,-11,12,-11,12,-11,12,-10,11,-10,11,-10,10,-11,9,-10,9,-9,7,-9,7,-9,7,-9,6,-10,5,0,0,0,0,0,0,0,0,0,0,0,0,0,0,-24,17,-26,16,-29,14,-29,13,-30,12,-31,10,-32,9,-35,8,-34,7,-35,5,-34,4,-33,3,-34,2,-33,2,-32,2,-31,3,-30,4,-29,4,-30,5,-29,5,-29,7,-29,8,-28,9,-29,10,-27,11,-28,10,-27,11,-27,11]"
618063243565800,44.792717400,91831,1898236663,-51,-98,6,0,1,7,0,0,256,0,0,"[0,0,10,-11,9,-12,8,-11,8,-11,7,-11,6,-10,6,-10,6,-10,5,-9,4,-9,4,-9,3,-9,2,-9,2,-9,2,-9,2,-9,2,-9,2,-9,2,-8,2,-8,2,-8,2,-7,2,-7,2,-7,2,-6,2,-6,0,0,0,0,0,0,0,0,0,0,0,0,0,0,0,0,0,0,0,0,0,0,9,-15,11,-14,11,-14,12,-13,13,-13,14,-13,15,-12,16,-11,16,-11,16,-11,15,-10,15,-9,15,-9,14,-10,13,-10,13,-10,13,-10,12,-10,12,-11,12,-12,12,-11,11,-12,12,-12,10,-12,10,-12,11,-12,0,0,14,-24,13,-24,13,-23,12,-22,11,-22,9,-20,8,-20,7,-20,7,-19,5,-19,4,-18,3,-18,2,-17,2,-18,2,-17,1,-17,0,-17,1,-16,1,-16,1,-15,1,-15,2,-13,1,-13,2,-12,2,-12,2,-11,3,-11,3,-10,0,0,0,0,0,0,0,0,0,0,0,0,0,0,9,-29,12,-29,14,-28,16,-28,18,-27,19,-26,21,-27,23,-26,24,-25,25,-24,27,-22,25,-23,25,-21,25,-22,24,-21,22,-21,22,-21,21,-21,20,-21,20,-22,18,-23,18,-23,17,-24,18,-24,17,-25,15,-25,15,-25,16,-25]"
618063261873600,44.811025200,91832,1898256513,-51,-98,6,0,1,7,0,0,256,0,0,"[0,0,13,6,13,6,12,5,12,5,11,4,11,4,11,3,10,2,10,2,10,1,10,1,9,0,9,0,9,0,9,-1,9,-1,8,-1,8,-1,8,-1,8,0,7,-1,7,0,6,0,6,0,6,0,6,0,0,0,0,0,0,0,0,0,0,0,0,0,0,0,0,0,0,0,0,0,0,0,16,6,15,6,16,8,15,8,16,9,15,10,15,11,15,12,14,12,13,12,12,12,12,12,12,11,12,11,12,10,12,9,12,9,13,9,13,8,13,8,14,7,14,7,14,7,14,7,14,6,14,6,0,0,27,3,27,2,25,1,25,1,23,1,22,-1,22,-1,20,-2,19,-3,19,-4,18,-4,17,-4,17,-5,16,-6,16,-6,15,-6,15,-7,15,-6,14,-6,14,-5,13,-5,13,-5,13,-4,11,-3,11,-3,10,-3,11,-2,10,-1,0,0,0,0,0,0,0,0,0,0,0,0,0,0,29,-4,31,0,30,2,30,3,31,4,30,5,33,7,32,9,33,10,32,11,32,12,31,13,29,14,28,14,28,14,27,13,27,11,28,9,27,8,28,8,27,7,28,5,29,5,29,4,30,4,29,4,29,4,29,3]"
618063283595500,44.832747100,91833,1898276575,-51,-98,6,0,1,7,0,0,256,0,0,"[0,0,-10,-10,-9,-10,-9,-10,-9,-9,-8,-9,-8,-8,-8,-8,-8,-7,-8,-6,-8,-6,-8,-5,-8,-5,-8,-4,-8,-4,-8,-3,-8,-4,-7,-4,-7,-3,-7,-3,-7,-3,-7,-3,-6,-3,-6,-4,-6,-3,-5,-3,-5,-3,0,0,0,0,0,0,0,0,0,0,0,0,0,0,0,0,0,0,0,0,0,0,-12,-10,-12,-12,-11,-13,-11,-13,-10,-14,-10,-15,-9,-15,-9,-16,-8,-16,-7,-16,-7,-15,-7,-15,-7,-15,-7,-14,-7,-14,-8,-13,-8,-13,-8,-13,-8,-13,-9,-12,-9,-12,-10,-12,-10,-12,-10,-12,-10,-12,-10,-11,0,0,-35,-47,-34,-42,-35,-41,-32,-37,-32,-36,-30,-33,-31,-32,-31,-26,-33,-25,-31,-21,-32,-19,-30,-20,-32,-18,-32,-18,-32,-14,-32,-14,-28,-13,-29,-12,-29,-10,-28,-14,-27,-13,-24,-12,-22,-13,-22,-13,-21,-13,-20,-12,-17,-13,-18,-13,0,0,0,0,0,0,0,0,0,0,0,0,0,0,-50,-38,-49,-44,-45,-46,-44,-52,-37,-53,-39,-56,-35,-57,-38,-64,-32,-63,-27,-65,-26,-66,-24,-63,-25,-63,-24,-60,-23,-59,-22,-57,-25,-58,-26,-54,-26,-54,-27,-51,-31,-53,-30,-50,-32,-48,-36,-50,-35,-47,-36,-47,-36,-47,-37,-48]"
618063303033600,44.852185200,91834,1898296590,-51,-98,6,0,1,7,0,0,256,0,0,"[0,0,-8,12,-7,12,-7,12,-7,11,-6,11,-5,10,-5,10,-4,10,-4,9,-4,9,-3,9,-2,8,-2,9,-2,8,-2,9,-1,8,-1,8,-2,8,-1,8,-2,7,-2,7,-1,7,-2,6,-2,6,-2,5,-2,5,0,0,0,0,0,0,0,0,0,0,0,0,0,0,0,0,0,0,0,0,0,0,-7,15,-8,15,-8,15,-10,15,-10,15,-12,14,-12,14,-13,14,-13,13,-14,12,-14,12,-13,11,-13,11,-12,11,-12,11,-11,11,-11,11,-11,12,-10,12,-9,13,-9,13,-9,13,-9,13,-9,13,-8,13,-8,12,0,0,-7,55,-6,54,-5,52,-5,50,-4,47,-1,46,1,43,3,41,3,39,4,38,6,36,7,35,8,33,9,32,10,32,11,31,11,30,11,31,10,29,9,28,8,26,7,25,6,24,5,23,4,23,3,21,3,21,0,21,0,0,0,0,0,0,0,0,0,0,0,0,0,0,9,60,1,62,-2,61,-5,60,-8,63,-10,63,-14,66,-19,67,-20,67,-23,66,-25,62,-27,63,-30,60,-28,58,-27,56,-25,55,-23,55,-21,56,-19,55,-18,57,-15,58,-12,58,-11,58,-9,58,-10,59,-8,60,-9,58,-7,59]"
618063325175800,44.874327400,91835,1898318277,-51,-98,6,0,1,7,0,0,256,0,0,"[0,0,10,11,9,10,9,10,9,9,9,8,8,8,8,7,8,7,8,5,8,5,8,4,8,4,8,4,8,3,8,3,8,3,7,3,8,3,7,2,7,3,6,3,6,3,6,3,6,2,5,2,5,2,0,0,0,0,0,0,0,0,0,0,0,0,0,0,0,0,0,0,0,0,0,0,12,11,12,12,11,12,11,14,10,14,10,15,9,16,9,17,8,16,7,16,7,16,7,15,6,15,6,15,7,14,8,13,8,13,8,13,9,13,9,12,9,12,10,12,10,12,10,12,10,11,11,12,0,0,24,12,24,11,23,10,22,10,22,9,21,7,20,7,20,7,18,5,18,3,18,2,18,2,17,0,17,1,17,-1,16,-1,16,0,15,-1,15,0,14,0,14,0,13,0,13,1,12,1,11,1,11,1,11,2,10,2,0,0,0,0,0,0,0,0,0,0,0,0,0,0,28,6,28,9,28,10,28,13,28,14,27,16,28,18,28,19,26,22,25,23,25,23,24,23,23,23,23,22,23,21,21,20,21,20,23,18,23,17,23,18,24,17,24,16,25,15,25,15,26,13,26,13,27,12,27,13]"
618063345119000,44.894270600,91836,1898337955,-51,-98,6,0,1,7,0,0,256,0,0,"[0,0,11,-10,10,-10,10,-10,10,-9,9,-9,8,-9,7,-9,7,-9,6,-8,6,-9,5,-9,4,-9,4,-9,4,-9,4,-9,3,-8,3,-8,4,-8,3,-8,3,-8,3,-7,3,-7,3,-7,3,-6,3,-6,3,-5,0,0,0,0,0,0,0,0,0,0,0,0,0,0,0,0,0,0,0,0,0,0,11,-13,13,-13,13,-12,14,-12,14,-11,16,-11,16,-11,17,-9,17,-9,16,-8,16,-8,15,-7,15,-7,15,-8,15,-8,14,-8,14,-8,13,-8,13,-9,13,-10,12,-10,12,-11,13,-11,12,-10,12,-10,12,-11,0,0,11,-27,10,-26,10,-25,9,-23,7,-22,6,-22,6,-22,4,-21,4,-20,3,-19,2,-19,1,-19,1,-19,0,-18,0,-17,0,-17,0,-17,-1,-16,-1,-16,0,-16,-1,-15,0,-14,1,-13,1,-12,1,-12,1,-12,2,-11,3,-10,0,0,0,0,0,0,0,0,0,0,0,0,0,0,3,-30,7,-30,10,-31,11,-30,12,-29,14,-29,16,-30,17,-30,18,-29,19,-29,21,-28,21,-27,21,-25,21,-25,20,-24,19,-24,19,-25,17,-24,17,-24,16,-25,14,-25,13,-26,13,-27,13,-28,12,-28,12,-27,12,-27,12,-28]"
618063364262800,44.913414400,91837,1898356892,-51,-98,6,0,1,7,0,0,256,0,0,"[0,0,4,-15,3,-15,3,-14,3,-14,2,-13,2,-12,1,-12,1,-11,1,-11,0,-11,-1,-10,-1,-10,-2,-10,-2,-10,-2,-10,-2,-9,-2,-9,-2,-9,-2,-9,-2,-8,-2,-8,-2,-8,-2,-7,-1,-7,-1,-6,-1,-6,0,0,0,0,0,0,0,0,0,0,0,0,0,0,0,0,0,0,0,0,0,0,4,-17,6,-17,6,-17,7,-17,8,-18,9,-17,10,-17,11,-16,11,-16,12,-16,11,-15,11,-15,10,-14,9,-14,9,-14,8,-15,8,-14,8,-15,6,-15,6,-15,6,-15,5,-16,5,-16,5,-16,4,-16,5,-15,0,0,-3,-28,-4,-28,-3,-27,-3,-25,-4,-24,-5,-23,-5,-21,-6,-20,-6,-19,-7,-18,-9,-17,-9,-17,-9,-16,-9,-15,-10,-15,-9,-15,-10,-14,-10,-13,-9,-14,-9,-14,-8,-13,-7,-12,-7,-12,-7,-11,-6,-11,-6,-11,-5,-11,-4,-11,0,0,0,0,0,0,0,0,0,0,0,0,0,0,-9,-29,-6,-31,-4,-31,-2,-31,-2,-33,0,-33,2,-34,4,-35,5,-35,7,-35,7,-33,8,-33,8,-32,8,-31,8,-31,7,-30,6,-30,4,-30,4,-30,3,-29,2,-30,0,-30,0,-30,-1,-31,-1,-31,-2,-30,-2,-30,-2,-30]"
618063381937500,44.931089100,91838,1898378438,-51,-98,6,0,1,7,0,0,256,0,0,"[0,0,14,-2,13,-1,12,-1,12,-2,11,-1,11,-2,10,-2,9,-3,9,-3,8,-3,8,-4,8,-4,8,-4,7,-5,7,-4,7,-4,6,-4,6,-4,6,-4,6,-4,6,-4,5,-3,6,-3,5,-3,5,-2,5,-2,0,0,0,0,0,0,0,0,0,0,0,0,0,0,0,0,0,0,0,0,0,0,15,-3,16,-2,16,-1,16,-1,16,0,17,1,17,2,17,2,17,3,16,4,16,4,15,4,15,4,15,3,14,2,14,2,14,2,14,1,14,0,14,0,14,0,14,-1,15,-1,14,-1,14,-1,15,-1,0,0,27,-2,26,-3,25,-3,25,-1,23,-2,21,-4,20,-4,20,-5,18,-6,17,-6,17,-7,16,-7,15,-7,15,-8,16,-7,13,-8,14,-9,13,-8,13,-8,13,-7,12,-7,10,-6,11,-6,10,-5,11,-5,10,-4,9,-4,9,-3,0,0,0,0,0,0,0,0,0,0,0,0,0,0,29,-11,30,-7,31,-4,30,-4,33,-2,31,0,34,2,34,3,34,5,35,7,33,7,33,9,33,9,31,8,30,8,29,7,28,6,29,5,29,4,30,4,29,3,29,1,29,0,28,0,30,0,29,-1,29,-2,30,-1]"
618063404120300,44.953271900,91839,1898400263,-51,-98,6,0,1,6,0,0,256,0,0,"[0,0,-10,12,-9,11,-9,11,-8,11,-7,10,-7,10,-6,10,-5,10,-5,9,-5,9,-4,9,-4,9,-3,9,-2,9,-3,9,-3,8,-2,8,-2,7,-2,8,-2,8,-2,7,-2,7,-2,6,-3,6,-2,6,-3,5,0,0,0,0,0,0,0,0,0,0,0,0,0,0,0,0,0,0,0,0,0,0,-10,14,-11,14,-12,14,-12,14,-13,13,-15,13,-15,13,-16,12,-16,12,-16,11,-16,10,-15,9,-15,10,-14,9,-13,9,-13,10,-13,10,-13,11,-12,11,-11,12,-11,12,-11,12,-11,12,-11,12,-11,12,-11,12,0,0,-37,45,-33,44,-32,42,-30,41,-27,38,-24,39,-22,38,-19,37,-19,35,-17,35,-14,33,-12,33,-8,33,-8,33,-8,34,-8,31,-6,32,-7,29,-7,29,-7,29,-7,27,-7,27,-8,25,-8,23,-7,21,-8,20,-9,22,-11,19,0,0,0,0,0,0,0,0,0,0,0,0,0,0,-20,60,-27,58,-34,55,-38,54,-41,54,-43,52,-47,52,-51,50,-53,49,-56,46,-57,45,-57,43,-58,40,-55,38,-53,38,-51,37,-49,37,-48,40,-45,39,-45,42,-43,43,-41,46,-40,46,-39,47,-40,47,-38,48,-37,49,-37,47]"
618063424151500,44.973303100,91840,1898423579,-50,-98,6,0,1,6,0,0,256,0,0,"[0,0,1,15,1,14,1,13,1,13,1,13,1,12,2,11,2,11,2,10,3,10,3,9,3,8,3,8,4,8,4,8,4,8,4,7,4,7,3,7,3,7,3,7,2,6,2,6,2,6,1,6,1,5,0,0,0,0,0,0,0,0,0,0,0,0,0,0,0,0,0,0,0,0,0,0,3,16,2,16,2,17,1,17,0,18,-1,18,-2,18,-3,18,-3,18,-4,18,-4,17,-4,17,-4,16,-3,16,-3,16,-3,16,-2,15,-2,16,-1,15,-1,16,0,15,0,15,0,16,1,16,1,15,1,15,0,0,-8,26,-7,26,-8,24,-7,23,-7,24,-5,22,-4,20,-3,20,-2,18,-1,17,0,17,1,18,1,17,1,16,2,16,2,15,2,16,2,15,1,14,2,14,1,13,1,13,0,12,0,13,0,10,0,11,-1,10,-1,10,0,0,0,0,0,0,0,0,0,0,0,0,0,0,1,30,-3,31,-6,31,-7,31,-9,31,-11,31,-12,31,-14,32,-14,32,-18,31,-18,30,-19,28,-19,27,-18,26,-16,26,-17,27,-16,26,-16,26,-14,25,-12,26,-13,27,-11,28,-11,28,-9,29,-8,28,-9,29,-8,27,-9,28]"
618063448617600,44.997769200,91841,1898440683,-51,-98,6,0,1,7,0,0,256,0,0,"[0,0,-10,-12,-10,-12,-10,-11,-9,-11,-9,-10,-9,-10,-9,-9,-9,-8,-9,-7,-9,-7,-9,-6,-9,-6,-9,-5,-9,-5,-8,-5,-8,-4,-8,-5,-8,-4,-8,-4,-7,-4,-7,-4,-7,-5,-6,-4,-6,-4,-6,-4,-5,-4,0,0,0,0,0,0,0,0,0,0,0,0,0,0,0,0,0,0,0,0,0,0,-13,-12,-13,-13,-12,-14,-12,-14,-11,-16,-11,-16,-10,-17,-10,-17,-9,-18,-8,-17,-8,-17,-8,-17,-8,-16,-8,-16,-8,-15,-8,-15,-8,-14,-9,-15,-9,-14,-9,-14,-10,-14,-10,-13,-10,-13,-11,-13,-11,-13,-11,-13,0,0,-23,-17,-23,-15,-22,-15,-21,-14,-21,-13,-20,-12,-19,-11,-19,-9,-18,-8,-19,-7,-19,-6,-19,-5,-17,-5,-17,-4,-18,-3,-17,-3,-17,-3,-16,-4,-16,-3,-15,-4,-14,-4,-14,-3,-13,-4,-12,-4,-12,-4,-11,-4,-11,-4,-10,-5,0,0,0,0,0,0,0,0,0,0,0,0,0,0,-29,-10,-27,-13,-26,-15,-26,-17,-27,-18,-26,-20,-25,-22,-26,-24,-25,-24,-23,-27,-22,-26,-21,-27,-21,-27,-20,-27,-19,-25,-19,-24,-20,-24,-21,-22,-21,-21,-21,-21,-22,-20,-23,-20,-24,-19,-24,-18,-24,-19,-25,-18,-24,-18,-24,-18]"
618063464100600,45.013252200,91842,1898457738,-51,-98,6,0,1,7,0,0,256,0,0,"[0,0,9,10,9,10,9,9,9,9,9,8,8,7,8,7,9,6,8,5,8,5,8,4,8,4,8,4,8,3,8,3,8,2,7,3,7,3,7,3,7,2,6,2,6,3,6,3,5,3,5,3,5,3,0,0,0,0,0,0,0,0,0,0,0,0,0,0,0,0,0,0,0,0,0,0,12,11,12,11,11,12,11,13,11,14,10,14,10,15,8,16,8,15,8,16,7,16,7,15,6,15,6,14,7,14,8,13,7,13,8,13,9,13,9,12,10,12,10,12,10,12,10,12,10,11,10,11,0,0,24,12,24,11,23,10,22,10,22,9,20,8,20,7,19,5,19,4,18,3,18,2,17,1,17,1,16,1,17,0,17,0,16,-1,16,0,15,0,15,1,14,0,12,1,13,1,12,0,11,1,10,1,11,2,10,3,0,0,0,0,0,0,0,0,0,0,0,0,0,0,29,4,28,7,28,9,28,12,28,12,28,14,28,17,28,19,26,19,26,23,25,22,24,23,23,22,23,21,23,21,22,19,22,19,22,18,24,17,22,17,24,16,24,15,24,15,26,14,26,13,26,12,26,12,26,12]"
618063486456200,45.035607800,91843,1898478524,-51,-98,6,0,1,7,0,0,256,0,0,"[0,0,-15,-4,-15,-4,-14,-4,-14,-3,-13,-3,-13,-3,-12,-2,-12,-2,-11,-1,-11,0,-10,0,-10,0,-10,1,-9,1,-10,1,-9,2,-9,1,-9,1,-9,1,-9,1,-8,0,-8,0,-7,0,-7,0,-7,0,-7,-1,0,0,0,0,0,0,0,0,0,0,0,0,0,0,0,0,0,0,0,0,0,0,-17,-3,-18,-4,-18,-5,-18,-6,-18,-6,-18,-7,-18,-9,-18,-10,-17,-10,-17,-10,-16,-10,-16,-10,-15,-9,-15,-9,-15,-9,-16,-7,-15,-7,-15,-7,-15,-7,-16,-6,-16,-6,-16,-5,-16,-5,-16,-4,-16,-5,-16,-4,0,0,-27,5,-27,6,-26,6,-24,7,-24,6,-22,6,-21,7,-20,7,-18,8,-17,9,-17,9,-15,10,-15,9,-14,10,-14,11,-14,10,-13,10,-13,10,-13,10,-13,8,-12,8,-12,7,-11,7,-11,6,-10,6,-10,5,-11,5,-10,5,0,0,0,0,0,0,0,0,0,0,0,0,0,0,-27,12,-29,9,-30,8,-31,6,-31,6,-32,5,-33,3,-36,1,-35,-1,-36,-4,-34,-3,-34,-5,-34,-4,-33,-4,-31,-4,-30,-3,-30,-3,-30,-1,-30,0,-30,1,-30,2,-30,2,-30,3,-30,4,-30,4,-30,6,-29,6,-29,5]"
618063506067400,45.055219000,91844,1898498930,-51,-98,6,0,1,7,0,0,256,0,0,"[0,0,11,9,11,9,10,8,10,8,10,7,10,7,9,6,9,6,8,4,9,4,9,4,8,3,9,3,8,2,9,2,8,2,8,2,8,1,8,1,7,2,7,2,6,2,6,2,5,2,5,2,5,2,0,0,0,0,0,0,0,0,0,0,0,0,0,0,0,0,0,0,0,0,0,0,14,9,13,10,13,11,12,12,13,13,12,13,12,14,11,15,11,15,10,15,9,15,9,14,8,14,8,13,9,13,10,12,10,12,10,12,10,11,11,11,11,11,11,10,12,10,12,10,12,10,12,10,0,0,52,21,51,20,47,19,47,16,45,16,43,12,42,11,40,9,39,8,37,4,36,3,36,2,36,0,34,0,35,-1,32,-1,32,-2,31,-2,30,-2,30,-1,28,-1,27,0,26,0,24,1,23,2,22,3,22,4,20,5,0,0,0,0,0,0,0,0,0,0,0,0,0,0,58,6,58,13,59,16,57,21,57,24,56,27,58,33,57,34,56,36,56,39,54,41,53,43,50,41,48,41,47,41,46,39,47,37,47,34,47,33,49,31,50,29,51,26,53,25,54,25,54,24,53,23,54,23,55,22]"
618063521837000,45.070988600,91845,1898516470,-51,-98,6,0,1,7,0,0,256,0,0,"[0,0,8,12,7,12,7,11,7,11,7,10,7,9,7,8,7,8,7,7,7,6,7,6,7,6,7,5,7,5,7,4,7,4,7,4,7,4,7,4,6,4,6,4,5,4,5,4,5,4,5,4,4,3,0,0,0,0,0,0,0,0,0,0,0,0,0,0,0,0,0,0,0,0,0,0,11,12,10,13,9,14,9,15,9,16,8,16,7,17,7,18,6,17,5,17,5,17,5,16,5,16,4,16,5,15,5,14,5,14,6,14,6,14,7,14,8,13,8,14,8,14,8,14,8,13,8,13,0,0,21,19,20,17,20,17,18,15,19,14,18,12,18,11,17,10,17,9,16,8,16,7,16,7,16,6,17,5,15,4,16,5,15,4,15,4,14,4,14,4,13,4,13,5,12,4,11,5,10,5,10,5,9,5,9,6,0,0,0,0,0,0,0,0,0,0,0,0,0,0,26,12,26,15,25,17,25,19,22,20,23,22,22,23,23,26,21,25,21,26,19,28,18,27,16,27,17,27,15,26,16,25,18,25,16,22,17,24,17,22,19,22,20,20,21,19,22,20,21,18,21,20,22,19,22,19]"
618063544610800,45.093762400,91846,1898543251,-51,-98,6,0,1,7,0,0,256,0,0,"[0,0,13,-8,11,-7,11,-7,11,-7,10,-7,10,-7,9,-7,8,-7,8,-7,7,-8,6,-8,6,-8,6,-8,5,-8,5,-8,5,-8,5,-7,5,-8,5,-7,5,-6,4,-6,4,-6,4,-5,4,-5,4,-5,4,-5,0,0,0,0,0,0,0,0,0,0,0,0,0,0,0,0,0,0,0,0,0,0,13,-11,14,-11,14,-10,15,-9,16,-9,17,-8,17,-7,18,-6,18,-5,17,-5,17,-5,16,-5,16,-5,15,-5,15,-5,15,-5,15,-5,15,-6,14,-6,14,-7,14,-7,14,-8,14,-8,14,-9,13,-8,13,-9,0,0,18,-21,17,-20,17,-20,15,-19,14,-19,13,-18,12,-18,11,-17,10,-18,8,-17,7,-17,7,-17,5,-17,5,-17,5,-16,5,-17,4,-16,4,-16,4,-15,4,-15,4,-14,5,-13,4,-13,4,-12,4,-12,4,-11,5,-10,6,-9,0,0,0,0,0,0,0,0,0,0,0,0,0,0,12,-27,16,-26,18,-26,20,-25,21,-23,22,-23,24,-23,26,-22,27,-20,28,-20,29,-18,27,-18,27,-17,27,-17,26,-16,25,-16,25,-17,23,-16,24,-17,22,-18,22,-19,21,-20,21,-20,21,-21,20,-21,20,-22,19,-22,20,-22]"
618063568595200,45.117746800,91847,1898559879,-51,-98,6,0,1,7,0,0,256,0,0,"[0,0,-5,-15,-5,-15,-4,-14,-5,-13,-5,-12,-5,-12,-5,-11,-5,-10,-5,-10,-6,-9,-6,-9,-6,-9,-6,-8,-6,-8,-6,-7,-6,-7,-6,-7,-6,-7,-6,-7,-5,-7,-6,-6,-5,-7,-4,-6,-4,-6,-4,-6,-4,-6,0,0,0,0,0,0,0,0,0,0,0,0,0,0,0,0,0,0,0,0,0,0,-7,-15,-7,-16,-6,-17,-5,-18,-5,-19,-4,-19,-3,-19,-3,-19,-2,-19,-1,-19,-1,-18,-1,-18,-1,-18,-1,-17,-1,-17,-1,-16,-2,-16,-3,-16,-3,-16,-4,-16,-4,-16,-5,-16,-4,-16,-5,-16,-5,-16,-6,-15,0,0,-15,-23,-16,-23,-15,-22,-15,-20,-14,-20,-14,-18,-14,-17,-15,-16,-14,-15,-14,-13,-15,-12,-15,-12,-15,-11,-14,-10,-15,-10,-15,-10,-15,-9,-15,-10,-14,-9,-13,-9,-12,-9,-12,-8,-11,-8,-10,-8,-10,-8,-9,-8,-8,-8,-7,-9,0,0,0,0,0,0,0,0,0,0,0,0,0,0,-22,-20,-20,-23,-19,-24,-18,-26,-18,-27,-17,-28,-16,-29,-14,-31,-13,-32,-12,-33,-11,-33,-9,-34,-9,-32,-8,-31,-7,-30,-9,-29,-9,-29,-11,-28,-11,-27,-12,-27,-12,-27,-14,-26,-14,-27,-15,-26,-15,-27,-16,-26,-16,-25,-15,-25]"
618063583971300,45.133122900,91848,1898581217,-51,-98,6,0,1,7,0,0,256,0,0,"[0,0,-16,-3,-15,-2,-15,-2,-14,-2,-14,-2,-13,-1,-12,-1,-12,0,-11,0,-11,1,-11,1,-10,1,-10,2,-10,2,-10,3,-10,3,-9,2,-9,3,-8,2,-8,2,-8,2,-8,2,-7,1,-7,1,-7,1,-7,0,0,0,0,0,0,0,0,0,0,0,0,0,0,0,0,0,0,0,0,0,0,0,-18,-1,-19,-2,-19,-3,-18,-4,-19,-5,-20,-6,-19,-7,-19,-7,-19,-8,-18,-9,-17,-8,-17,-8,-17,-8,-17,-7,-16,-7,-16,-7,-16,-6,-16,-5,-17,-5,-16,-4,-17,-4,-17,-4,-17,-3,-17,-3,-16,-2,-17,-2,0,0,-28,4,-28,3,-27,3,-25,3,-24,3,-22,5,-21,4,-21,5,-19,6,-18,7,-17,8,-17,7,-16,7,-16,8,-15,9,-15,9,-14,8,-15,8,-14,8,-13,7,-13,7,-12,6,-13,6,-12,5,-11,5,-10,4,-11,3,-11,3,0,0,0,0,0,0,0,0,0,0,0,0,0,0,-29,10,-30,7,-31,5,-31,4,-32,3,-32,2,-34,-1,-34,-2,-35,-4,-34,-4,-35,-5,-34,-7,-33,-7,-32,-8,-30,-8,-30,-6,-29,-4,-30,-4,-30,-3,-30,-3,-30,-1,-29,0,-29,1,-30,1,-30,2,-30,1,-29,1,-29,2]"
618063604593600,45.153745200,91849,1898596385,-51,-98,6,0,1,7,0,0,256,0,0,"[0,0,-13,-9,-13,-9,-12,-8,-12,-8,-11,-7,-11,-7,-11,-6,-10,-5,-10,-5,-10,-4,-10,-4,-10,-3,-10,-2,-10,-2,-10,-2,-10,-2,-9,-2,-9,-1,-9,-1,-8,-1,-8,-2,-8,-2,-7,-2,-7,-2,-7,-2,-6,-2,0,0,0,0,0,0,0,0,0,0,0,0,0,0,0,0,0,0,0,0,0,0,-15,-10,-14,-11,-14,-12,-14,-13,-14,-14,-13,-14,-13,-15,-13,-15,-12,-15,-11,-16,-11,-16,-10,-15,-10,-14,-10,-14,-10,-14,-11,-13,-11,-12,-12,-12,-12,-12,-13,-11,-13,-11,-13,-11,-14,-11,-13,-10,-13,-10,-14,-10,0,0,-55,-11,-55,-11,-51,-9,-49,-8,-46,-7,-45,-4,-43,-4,-43,-2,-40,0,-38,2,-37,3,-36,4,-35,6,-34,8,-34,8,-33,8,-32,9,-31,8,-30,7,-30,7,-29,6,-29,6,-27,5,-25,4,-24,3,-23,2,-23,1,-23,-1,0,0,0,0,0,0,0,0,0,0,0,0,0,0,-61,3,-60,-5,-61,-10,-61,-12,-62,-15,-61,-18,-64,-23,-63,-25,-62,-27,-62,-31,-61,-32,-59,-35,-57,-34,-55,-33,-53,-32,-53,-30,-53,-29,-54,-25,-53,-24,-55,-22,-54,-20,-55,-17,-56,-17,-58,-15,-58,-16,-57,-14,-58,-13,-57,-12]"
618063624602100,45.173753700,91850,1898616607,-51,-98,6,0,1,7,0,0,256,0,0,"[0,0,-1,-15,-2,-16,-2,-14,-2,-14,-2,-13,-3,-12,-3,-12,-4,-11,-3,-11,-4,-10,-4,-10,-4,-9,-5,-9,-5,-9,-5,-8,-5,-8,-5,-8,-5,-8,-5,-8,-5,-7,-4,-7,-4,-7,-4,-7,-3,-7,-3,-6,-3,-6,0,0,0,0,0,0,0,0,0,0,0,0,0,0,0,0,0,0,0,0,0,0,-2,-17,-1,-18,-1,-19,0,-18,1,-19,2,-19,3,-19,3,-19,4,-19,5,-19,5,-17,5,-17,4,-17,4,-16,3,-16,3,-16,2,-16,2,-16,1,-16,0,-16,0,-17,-1,-17,-1,-17,-1,-17,-1,-16,-1,-16,0,0,-13,-24,-13,-25,-13,-23,-12,-22,-13,-20,-14,-19,-13,-17,-13,-17,-13,-15,-14,-14,-14,-14,-14,-13,-14,-12,-14,-11,-15,-10,-14,-10,-14,-10,-14,-10,-14,-10,-12,-10,-12,-9,-11,-9,-11,-9,-10,-9,-9,-9,-8,-8,-8,-9,-8,-9,0,0,0,0,0,0,0,0,0,0,0,0,0,0,-19,-24,-16,-26,-15,-27,-13,-28,-14,-29,-12,-30,-11,-32,-9,-34,-10,-33,-6,-35,-7,-33,-5,-35,-4,-33,-3,-32,-4,-31,-4,-30,-5,-29,-7,-29,-7,-29,-8,-29,-9,-28,-12,-28,-11,-27,-13,-27,-12,-28,-13,-28,-13,-27,-12,-26]"
618063644866300,45.194017900,91851,1898637873,-51,-98,6,0,1,7,0,0,256,0,0,"[0,0,3,-15,3,-14,2,-14,3,-13,2,-13,2,-13,1,-12,1,-11,0,-11,0,-10,-1,-10,-1,-10,-2,-10,-2,-9,-2,-9,-2,-9,-2,-9,-2,-8,-2,-9,-2,-8,-1,-8,-2,-8,-2,-7,-1,-7,-1,-7,-1,-7,0,0,0,0,0,0,0,0,0,0,0,0,0,0,0,0,0,0,0,0,0,0,2,-17,3,-17,4,-17,5,-17,6,-17,7,-18,8,-17,9,-17,9,-16,9,-16,9,-16,9,-15,8,-15,8,-15,8,-15,7,-15,7,-15,6,-14,6,-15,5,-15,5,-15,5,-16,5,-16,3,-16,4,-15,4,-16,0,0,0,-28,0,-28,0,-26,0,-25,-1,-24,-2,-23,-2,-21,-3,-20,-3,-19,-4,-19,-6,-18,-6,-16,-7,-17,-6,-16,-7,-16,-7,-15,-8,-15,-8,-15,-7,-15,-6,-15,-6,-14,-5,-13,-5,-12,-5,-12,-4,-12,-3,-11,-3,-11,-2,-11,0,0,0,0,0,0,0,0,0,0,0,0,0,0,-7,-30,-4,-31,-2,-31,0,-30,1,-32,2,-32,4,-33,6,-33,7,-34,9,-34,10,-32,11,-33,11,-31,11,-31,10,-29,9,-29,8,-29,8,-29,7,-27,7,-29,4,-28,3,-29,4,-29,2,-29,1,-30,1,-30,2,-29,0,-29]"
618063674826000,45.223977600,91852,1898667748,-51,-98,6,0,1,7,0,0,256,0,0,"[0,0,-13,9,-12,9,-11,8,-11,9,-10,9,-9,8,-8,8,-8,8,-7,8,-7,8,-6,8,-5,8,-5,8,-4,8,-4,8,-4,8,-4,7,-4,8,-4,7,-4,7,-4,7,-4,6,-4,6,-4,6,-4,5,-4,4,0,0,0,0,0,0,0,0,0,0,0,0,0,0,0,0,0,0,0,0,0,0,-13,12,-14,11,-15,11,-16,10,-17,10,-17,9,-18,8,-19,8,-19,7,-19,6,-18,6,-17,6,-17,6,-16,6,-15,6,-16,7,-15,7,-15,8,-14,8,-14,8,-14,8,-14,9,-14,10,-13,10,-13,10,-13,10,0,0,-15,23,-14,22,-13,22,-12,20,-11,20,-10,20,-9,19,-8,19,-7,18,-6,17,-5,17,-4,17,-4,17,-3,17,-2,16,-2,16,-1,15,-1,16,-2,15,-2,14,-2,13,-2,13,-2,12,-3,11,-3,11,-3,11,-3,10,-4,9,0,0,0,0,0,0,0,0,0,0,0,0,0,0,-9,28,-13,27,-15,27,-17,26,-17,26,-19,26,-21,25,-23,25,-24,24,-25,23,-26,22,-26,21,-26,20,-26,20,-24,19,-24,19,-23,20,-21,20,-21,21,-20,21,-19,22,-18,22,-18,23,-17,24,-17,24,-17,24,-17,24,-17,24]"
618063684956900,45.234108500,91853,1898676590,-51,-98,6,0,1,7,0,0,256,0,0,"[0,0,3,13,3,13,3,12,3,11,3,11,3,10,3,10,3,9,4,8,4,8,4,7,4,7,5,6,5,6,5,6,4,6,5,6,5,5,4,5,4,5,4,5,3,5,3,5,3,5,3,5,3,4,0,0,0,0,0,0,0,0,0,0,0,0,0,0,0,0,0,0,0,0,0,0,5,15,4,15,3,15,2,16,2,17,1,17,0,17,-1,17,-2,17,-2,17,-2,16,-2,16,-2,15,-2,15,-1,15,0,15,0,14,1,14,1,14,2,14,2,14,2,14,2,14,3,14,3,14,2,14,0,0,6,25,8,27,6,23,8,24,7,22,8,20,7,19,8,19,9,15,10,16,10,15,10,14,9,12,10,12,11,13,10,11,11,11,11,11,10,11,9,9,9,10,8,10,8,10,7,8,7,8,5,8,6,8,4,9,0,0,0,0,0,0,0,0,0,0,0,0,0,0,15,27,12,28,10,29,8,29,9,32,7,31,4,34,3,33,3,33,0,35,0,34,-3,35,-2,33,-4,31,-3,31,-3,30,-1,29,1,29,1,28,1,29,3,27,6,28,6,29,6,28,6,28,7,28,6,28,6,27]"
618063705493800,45.254645400,91854,1898697374,-51,-98,6,0,1,7,0,0,256,0,0,"[0,0,-7,-13,-7,-12,-7,-12,-7,-11,-7,-11,-7,-9,-7,-9,-7,-8,-7,-8,-7,-7,-7,-6,-7,-7,-7,-6,-8,-6,-7,-5,-7,-5,-7,-5,-7,-5,-7,-5,-6,-5,-6,-4,-6,-4,-5,-4,-5,-4,-5,-4,-5,-4,0,0,0,0,0,0,0,0,0,0,0,0,0,0,0,0,0,0,0,0,0,0,-9,-13,-9,-15,-8,-15,-8,-16,-7,-16,-6,-17,-6,-18,-5,-18,-4,-17,-4,-17,-3,-17,-3,-17,-3,-16,-4,-15,-4,-15,-4,-15,-5,-15,-5,-14,-6,-14,-6,-14,-7,-14,-7,-14,-7,-14,-7,-14,-7,-13,-7,-13,0,0,-14,-25,-14,-25,-12,-23,-12,-22,-12,-22,-13,-19,-14,-18,-13,-17,-13,-16,-12,-14,-13,-14,-13,-12,-14,-11,-14,-11,-14,-10,-13,-10,-13,-10,-14,-9,-13,-9,-13,-8,-11,-9,-11,-8,-10,-8,-10,-9,-9,-9,-9,-8,-7,-8,-7,-8,0,0,0,0,0,0,0,0,0,0,0,0,0,0,-21,-24,-17,-26,-16,-28,-17,-29,-14,-30,-13,-31,-12,-33,-10,-33,-10,-34,-8,-35,-8,-34,-5,-34,-5,-33,-4,-33,-5,-32,-5,-30,-6,-30,-8,-29,-8,-29,-9,-29,-10,-28,-12,-28,-12,-28,-13,-29,-13,-27,-12,-27,-12,-27,-13,-26]"
618063723998000,45.273149600,91855,1898717489,-51,-98,6,0,1,7,0,0,256,0,0,"[0,0,12,9,11,8,11,7,11,7,10,6,10,6,10,5,9,4,9,3,9,3,9,2,9,2,9,2,9,1,8,1,8,1,8,1,8,0,8,1,7,1,7,1,7,1,6,1,6,1,6,1,5,1,0,0,0,0,0,0,0,0,0,0,0,0,0,0,0,0,0,0,0,0,0,0,15,8,14,9,14,10,14,10,14,12,14,12,13,13,13,14,12,14,11,14,11,14,11,13,10,13,10,12,10,12,10,11,10,11,11,11,11,10,11,10,12,10,12,9,13,9,13,9,13,8,13,8,0,0,51,21,49,19,48,18,45,17,44,15,42,12,41,11,39,9,38,6,36,5,36,2,36,1,34,-1,34,-2,33,-2,33,-3,31,-4,31,-3,30,-3,29,-1,28,-1,27,-1,26,0,24,0,23,0,23,1,21,2,21,3,0,0,0,0,0,0,0,0,0,0,0,0,0,0,58,6,59,13,59,17,59,22,58,24,57,28,58,31,59,36,57,37,56,40,54,42,51,41,50,43,48,41,47,41,47,38,48,37,47,34,48,32,49,31,50,30,51,27,53,27,53,26,53,24,55,23,53,23,54,22]"
618063746685700,45.295837300,91856,1898738288,-51,-98,6,0,1,7,0,0,256,0,0,"[0,0,-15,-4,-15,-4,-14,-4,-13,-3,-13,-3,-12,-3,-12,-2,-11,-2,-11,-1,-10,-1,-10,0,-10,0,-10,1,-9,1,-10,2,-9,1,-9,1,-9,1,-9,1,-8,1,-8,1,-8,1,-7,1,-7,1,-7,0,-7,0,0,0,0,0,0,0,0,0,0,0,0,0,0,0,0,0,0,0,0,0,0,0,-18,-3,-18,-4,-17,-5,-18,-6,-18,-7,-18,-8,-17,-9,-18,-10,-17,-10,-16,-10,-16,-10,-16,-10,-15,-9,-15,-9,-15,-9,-15,-8,-15,-7,-15,-7,-15,-7,-15,-6,-16,-6,-15,-5,-16,-5,-16,-5,-16,-4,-16,-4,0,0,-29,-1,-27,-2,-27,-2,-24,-1,-24,0,-23,1,-22,1,-21,2,-20,3,-18,4,-18,4,-18,4,-17,6,-17,6,-16,6,-16,6,-15,6,-15,6,-15,6,-14,6,-14,5,-13,4,-13,4,-12,3,-12,3,-12,3,-11,2,-11,2,0,0,0,0,0,0,0,0,0,0,0,0,0,0,-30,5,-31,2,-31,0,-33,-1,-31,-3,-32,-5,-33,-6,-35,-8,-33,-9,-34,-11,-33,-12,-32,-12,-31,-13,-30,-12,-29,-13,-29,-11,-30,-10,-28,-9,-29,-9,-29,-7,-30,-6,-29,-5,-29,-5,-30,-4,-30,-3,-30,-3,-29,-2,-30,-2]"
618063762589700,45.311741300,91857,1898756698,-51,-98,6,0,1,7,0,0,256,0,0,"[0,0,12,6,12,5,11,5,11,4,10,4,10,3,10,3,9,2,9,1,9,1,8,1,8,1,8,0,8,0,8,-1,8,-1,7,-1,7,-1,7,-1,7,-1,7,-1,6,-1,6,0,5,0,5,0,5,0,0,0,0,0,0,0,0,0,0,0,0,0,0,0,0,0,0,0,0,0,0,0,14,5,14,6,14,7,14,8,13,8,13,10,14,10,13,11,13,11,12,11,11,12,11,11,10,11,10,10,11,9,11,9,11,8,11,8,12,8,12,7,12,7,13,6,13,6,13,6,12,7,13,6,0,0,50,23,48,19,47,18,45,16,44,17,42,14,39,11,40,9,39,7,37,5,37,4,35,2,33,1,31,-2,32,-4,33,-3,31,-3,30,-2,30,-4,28,-1,27,-2,24,-1,25,-2,23,1,21,0,23,0,19,1,21,3,0,0,0,0,0,0,0,0,0,0,0,0,0,0,60,11,57,19,57,22,57,27,60,25,55,30,59,36,58,41,58,41,53,47,52,45,50,45,50,45,47,44,43,42,45,40,44,38,46,34,45,33,48,33,48,32,49,27,51,30,50,27,54,28,52,25,53,23,53,26]"
618063784125000,45.333276600,91858,1898778980,-51,-98,6,0,1,7,0,0,256,0,0,"[0,0,11,9,11,8,10,8,10,7,10,7,10,6,9,6,9,5,9,4,8,3,8,2,8,2,8,2,8,2,8,1,8,1,8,1,8,1,8,1,7,1,7,1,6,1,6,1,6,1,6,1,5,1,0,0,0,0,0,0,0,0,0,0,0,0,0,0,0,0,0,0,0,0,0,0,14,8,14,9,13,10,13,11,13,12,13,13,12,14,12,15,11,15,10,14,10,14,10,13,9,13,9,13,9,13,10,11,10,11,10,11,11,11,11,10,11,11,11,10,12,10,12,9,12,9,12,9,0,0,51,18,51,17,49,16,46,15,45,13,44,10,42,8,40,6,38,4,38,2,36,1,36,0,34,-1,34,-3,33,-4,33,-4,32,-4,32,-5,30,-5,30,-4,28,-4,27,-3,26,-2,25,-1,22,-1,22,-1,23,1,22,3,0,0,0,0,0,0,0,0,0,0,0,0,0,0,60,2,61,10,60,15,59,17,61,20,59,23,61,29,61,32,61,33,60,37,57,37,55,40,53,40,50,39,50,38,49,36,48,34,49,31,50,30,51,29,51,26,54,24,54,23,55,22,55,21,56,21,54,20,56,19]"
618063804573900,45.353725500,91859,1898798260,-51,-98,6,0,1,7,0,0,256,0,0,"[0,0,15,1,14,1,13,1,13,0,12,0,11,-1,11,-1,10,-1,10,-2,10,-2,9,-3,9,-3,8,-3,8,-3,8,-4,8,-4,7,-4,7,-4,7,-4,7,-4,7,-3,6,-3,6,-3,6,-3,6,-2,6,-2,0,0,0,0,0,0,0,0,0,0,0,0,0,0,0,0,0,0,0,0,0,0,17,-1,17,0,17,1,17,2,18,3,18,4,18,5,18,6,17,6,16,6,16,7,16,7,15,6,15,6,15,5,15,5,15,4,15,4,15,3,15,2,15,2,16,2,16,1,15,2,15,1,16,1,0,0,26,-6,26,-7,25,-7,23,-7,22,-7,21,-8,19,-8,18,-9,17,-9,17,-10,16,-10,15,-9,14,-10,13,-11,13,-12,12,-11,12,-11,12,-11,12,-11,11,-10,11,-10,10,-9,11,-8,10,-7,10,-7,9,-7,10,-6,10,-5,0,0,0,0,0,0,0,0,0,0,0,0,0,0,27,-15,28,-11,29,-9,29,-8,31,-8,30,-6,33,-5,34,-2,34,-3,35,-1,34,0,34,3,33,4,32,4,30,4,29,3,29,1,30,0,28,-1,29,-2,28,-2,28,-4,29,-5,28,-7,30,-5,29,-5,29,-5,28,-6]"
618063828892900,45.378044500,91860,1898819702,-51,-98,6,0,1,7,0,0,256,0,0,"[0,0,-16,-3,-15,-4,-14,-3,-14,-2,-13,-3,-12,-2,-12,-2,-11,-1,-11,-1,-11,0,-10,1,-10,1,-10,1,-9,2,-9,2,-9,2,-9,2,-8,2,-8,2,-8,2,-8,1,-8,1,-8,1,-7,1,-7,1,-7,1,0,0,0,0,0,0,0,0,0,0,0,0,0,0,0,0,0,0,0,0,0,0,-17,-3,-17,-4,-18,-5,-17,-6,-18,-7,-18,-8,-17,-9,-17,-10,-17,-10,-16,-10,-16,-10,-15,-10,-15,-9,-15,-9,-15,-8,-15,-8,-15,-7,-16,-7,-15,-7,-15,-5,-16,-6,-15,-5,-16,-5,-16,-4,-16,-4,-16,-4,0,0,-28,0,-28,1,-26,1,-26,1,-24,2,-23,3,-22,3,-21,4,-20,5,-19,6,-18,6,-17,7,-17,7,-16,7,-16,8,-15,8,-15,8,-14,8,-14,7,-14,7,-13,6,-13,6,-13,6,-12,5,-11,4,-11,4,-11,4,-11,3,0,0,0,0,0,0,0,0,0,0,0,0,0,0,-30,7,-31,4,-31,1,-32,0,-33,-1,-32,-3,-34,-5,-34,-6,-34,-7,-35,-9,-34,-10,-34,-11,-32,-11,-32,-11,-30,-10,-29,-10,-30,-8,-30,-7,-29,-6,-30,-6,-29,-4,-29,-3,-29,-3,-30,-2,-31,-1,-30,-1,-30,0,-29,0]"
618063843813600,45.392965200,91861,1898837256,-51,-98,6,0,1,7,0,0,256,0,0,"[0,0,-15,-4,-14,-5,-14,-4,-13,-3,-13,-3,-13,-3,-12,-2,-11,-2,-11,-1,-10,-1,-10,0,-10,0,-10,0,-9,1,-10,1,-9,1,-9,1,-9,1,-9,1,-9,1,-8,1,-7,1,-7,0,-7,1,-7,0,-7,0,0,0,0,0,0,0,0,0,0,0,0,0,0,0,0,0,0,0,0,0,0,0,-17,-4,-18,-5,-17,-5,-18,-6,-17,-7,-18,-9,-17,-9,-17,-10,-17,-10,-16,-11,-15,-11,-15,-10,-15,-10,-14,-10,-15,-9,-15,-8,-15,-8,-15,-7,-15,-7,-15,-6,-15,-6,-15,-6,-16,-6,-15,-5,-16,-5,-15,-5,0,0,-27,0,-28,1,-25,1,-26,1,-23,2,-23,2,-21,3,-21,4,-19,4,-19,5,-18,6,-17,7,-16,7,-15,7,-16,8,-15,8,-15,8,-14,7,-14,7,-14,6,-13,6,-13,5,-13,6,-12,5,-11,4,-10,3,-12,4,-11,3,0,0,0,0,0,0,0,0,0,0,0,0,0,0,-29,8,-30,5,-30,3,-30,1,-33,1,-32,0,-34,-4,-34,-5,-35,-6,-34,-9,-33,-8,-34,-11,-33,-10,-31,-10,-30,-10,-29,-8,-28,-8,-30,-6,-29,-5,-30,-5,-29,-4,-30,-2,-29,-3,-29,-1,-31,-1,-30,0,-30,0,-29,0]"
618063865186500,45.414338100,91862,1898856560,-51,-98,6,0,1,7,0,0,256,0,0,"[0,0,-15,4,-14,3,-13,4,-13,4,-12,4,-11,4,-10,4,-10,4,-10,5,-9,5,-9,5,-8,5,-8,5,-7,5,-7,6,-7,6,-6,6,-7,5,-7,5,-6,5,-6,5,-6,4,-6,4,-5,4,-6,4,-5,3,0,0,0,0,0,0,0,0,0,0,0,0,0,0,0,0,0,0,0,0,0,0,-16,6,-17,5,-17,4,-17,4,-18,3,-19,2,-19,1,-20,0,-19,0,-19,-1,-19,-1,-18,-1,-17,-1,-17,0,-17,0,-16,1,-16,1,-16,2,-16,2,-16,2,-16,3,-16,3,-16,4,-15,4,-15,4,-15,4,0,0,-24,14,-24,13,-23,13,-21,13,-20,13,-18,13,-17,13,-16,13,-15,13,-13,14,-13,14,-11,14,-11,14,-10,14,-10,14,-10,14,-9,14,-9,14,-9,13,-9,13,-8,12,-8,11,-8,11,-8,10,-8,9,-9,9,-8,8,-8,7,0,0,0,0,0,0,0,0,0,0,0,0,0,0,-21,21,-24,19,-25,17,-27,16,-28,15,-30,14,-31,13,-33,12,-33,10,-34,9,-34,7,-33,8,-33,7,-32,7,-31,7,-30,7,-30,8,-28,7,-29,8,-28,9,-28,11,-28,11,-27,12,-27,12,-26,14,-26,14,-25,14,-26,14]"
618063883807000,45.432958600,91863,1898876664,-51,-98,6,0,1,7,0,0,256,0,0,"[0,0,14,-5,13,-5,12,-5,12,-5,11,-5,10,-5,10,-5,10,-6,9,-6,8,-6,8,-6,7,-7,7,-7,6,-7,7,-7,6,-7,5,-7,6,-7,6,-7,5,-6,5,-6,5,-5,5,-5,4,-5,5,-5,5,-4,0,0,0,0,0,0,0,0,0,0,0,0,0,0,0,0,0,0,0,0,0,0,15,-7,16,-7,16,-6,17,-6,18,-5,18,-4,19,-3,19,-2,18,-1,18,-1,18,-1,17,-1,17,-1,16,-1,16,-1,15,-2,16,-2,15,-3,15,-3,15,-4,15,-4,15,-5,15,-5,15,-6,14,-6,15,-5,0,0,21,-17,21,-17,20,-16,18,-16,18,-16,17,-16,15,-15,14,-15,13,-14,12,-16,10,-17,10,-16,8,-16,7,-15,7,-15,8,-16,7,-15,7,-14,6,-14,6,-13,7,-14,8,-12,7,-12,6,-12,6,-11,6,-10,7,-10,7,-9,0,0,0,0,0,0,0,0,0,0,0,0,0,0,17,-25,20,-23,22,-21,24,-20,25,-19,26,-18,28,-17,30,-17,30,-15,32,-14,31,-12,31,-12,31,-12,30,-11,29,-11,27,-11,27,-12,26,-12,27,-12,26,-13,25,-15,24,-15,25,-16,24,-17,24,-17,24,-18,23,-19,23,-18]"
618063904041000,45.453192600,91864,1898896659,-51,-98,6,0,1,7,0,0,256,0,0,"[0,0,2,-15,2,-14,2,-14,2,-13,1,-13,1,-12,0,-12,0,-11,-1,-11,-1,-10,-2,-10,-2,-10,-2,-10,-3,-10,-3,-9,-3,-9,-3,-9,-3,-9,-3,-8,-2,-8,-2,-7,-2,-8,-2,-7,-1,-7,-1,-7,-1,-7,0,0,0,0,0,0,0,0,0,0,0,0,0,0,0,0,0,0,0,0,0,0,0,-17,1,-18,2,-17,3,-18,3,-18,5,-19,6,-18,6,-18,7,-18,7,-17,7,-16,7,-16,7,-16,6,-15,6,-16,5,-14,5,-15,5,-15,4,-16,3,-16,3,-16,3,-16,3,-16,2,-16,2,-16,2,-15,0,0,-3,-28,-4,-27,-4,-27,-3,-25,-4,-24,-5,-23,-6,-22,-6,-21,-7,-19,-7,-18,-8,-18,-8,-17,-9,-16,-9,-15,-10,-15,-10,-15,-10,-15,-9,-14,-9,-14,-8,-14,-8,-13,-7,-13,-7,-12,-7,-12,-6,-12,-5,-12,-5,-11,-4,-11,0,0,0,0,0,0,0,0,0,0,0,0,0,0,-11,-29,-7,-30,-5,-31,-4,-31,-3,-32,-2,-33,0,-34,2,-35,3,-35,5,-34,5,-34,7,-33,7,-33,7,-31,7,-31,6,-30,5,-30,3,-29,3,-29,2,-29,1,-30,0,-30,-1,-30,-2,-31,-1,-30,-2,-30,-2,-29,-2,-30]"
618063924362000,45.473513600,91865,1898916559,-51,-98,6,0,1,7,0,0,256,0,0,"[0,0,8,-13,7,-13,6,-12,7,-12,5,-11,5,-11,5,-11,4,-11,3,-10,3,-10,2,-10,2,-10,1,-10,1,-9,0,-10,1,-10,0,-9,1,-9,1,-9,0,-9,1,-8,1,-8,1,-8,1,-8,1,-7,1,-7,0,0,0,0,0,0,0,0,0,0,0,0,0,0,0,0,0,0,0,0,0,0,8,-16,8,-15,9,-16,10,-15,11,-15,12,-14,13,-15,14,-13,14,-13,14,-12,14,-11,13,-11,13,-11,12,-11,12,-11,11,-12,10,-12,10,-12,9,-12,10,-13,10,-13,9,-13,10,-14,8,-13,9,-14,9,-13,0,0,4,-55,1,-56,1,-52,0,-48,-1,-47,0,-44,-2,-44,-4,-40,-7,-40,-9,-38,-12,-35,-12,-33,-16,-34,-13,-31,-16,-33,-14,-32,-14,-31,-14,-29,-12,-30,-11,-30,-11,-30,-9,-28,-9,-26,-9,-24,-9,-27,-6,-22,-4,-26,-4,-23,0,0,0,0,0,0,0,0,0,0,0,0,0,0,-15,-58,-10,-59,-4,-61,2,-60,3,-66,6,-63,10,-68,12,-67,19,-67,25,-65,25,-61,25,-66,21,-64,22,-61,20,-57,18,-57,18,-54,15,-60,14,-55,15,-57,12,-55,9,-57,11,-56,10,-58,7,-59,2,-61,1,-56,5,-59]"
618063946294700,45.495446300,91866,1898944064,-51,-98,6,0,1,7,0,0,256,0,0,"[0,0,-15,6,-14,6,-13,6,-13,5,-11,6,-11,6,-10,6,-10,6,-9,6,-9,6,-8,6,-7,6,-7,7,-6,7,-6,7,-6,7,-6,7,-6,7,-6,6,-6,7,-6,6,-6,6,-5,5,-5,5,-5,5,-6,4,0,0,0,0,0,0,0,0,0,0,0,0,0,0,0,0,0,0,0,0,0,0,-16,8,-16,7,-17,7,-17,6,-19,5,-19,4,-19,4,-20,3,-20,2,-19,2,-19,2,-18,1,-18,1,-17,2,-17,2,-17,3,-16,3,-17,4,-16,4,-15,5,-16,5,-15,6,-16,6,-15,6,-15,6,-15,6,0,0,-22,18,-21,18,-19,17,-19,17,-18,16,-16,16,-15,16,-13,15,-13,15,-11,15,-9,16,-9,16,-8,15,-8,15,-7,16,-7,15,-7,15,-6,15,-7,14,-7,14,-7,13,-7,13,-6,12,-6,11,-6,11,-7,10,-7,10,-8,9,0,0,0,0,0,0,0,0,0,0,0,0,0,0,-17,25,-20,24,-22,22,-23,21,-25,21,-26,19,-28,19,-29,18,-31,17,-32,15,-32,14,-32,13,-31,13,-30,13,-29,13,-28,12,-27,12,-27,14,-26,14,-26,15,-25,15,-24,17,-24,17,-24,18,-24,18,-23,19,-23,19,-22,19]"
618063964910500,45.514062100,91867,1898956550,-51,-98,6,0,1,7,0,0,256,0,0,"[0,0,-16,1,-15,1,-14,1,-14,2,-13,1,-12,1,-12,2,-11,2,-11,3,-10,3,-9,3,-9,4,-9,3,-8,4,-9,5,-8,4,-8,4,-8,4,-8,4,-8,4,-8,3,-7,3,-7,3,-7,3,-6,2,-6,2,0,0,0,0,0,0,0,0,0,0,0,0,0,0,0,0,0,0,0,0,0,0,-17,3,-17,2,-18,1,-18,0,-19,0,-19,-2,-20,-2,-19,-4,-19,-4,-18,-5,-18,-4,-18,-5,-17,-4,-17,-4,-16,-4,-17,-3,-16,-3,-17,-2,-16,-1,-16,-1,-16,0,-16,0,-17,0,-17,1,-16,0,-16,1,0,0,-25,13,-25,14,-23,13,-22,13,-21,12,-20,13,-18,12,-18,12,-16,13,-15,13,-13,14,-13,13,-12,14,-11,13,-10,14,-10,14,-10,14,-10,13,-10,13,-10,12,-9,12,-9,10,-9,10,-9,10,-9,9,-9,8,-9,8,-9,7,0,0,0,0,0,0,0,0,0,0,0,0,0,0,-22,21,-25,19,-26,17,-27,15,-29,15,-30,14,-31,13,-33,11,-34,9,-35,7,-34,7,-35,6,-34,6,-33,5,-31,5,-30,6,-30,6,-29,8,-29,8,-29,9,-28,10,-28,11,-28,11,-27,12,-28,13,-27,13,-26,14,-26,13]"
618063987030600,45.536182200,91868,1898980581,-51,-98,6,0,1,7,0,0,256,0,0,"[0,0,-7,13,-6,13,-6,12,-6,12,-5,12,-5,11,-4,11,-3,10,-3,10,-2,10,-2,10,-1,10,-1,9,-1,9,0,9,0,9,0,9,0,8,-1,8,-1,8,-1,8,-1,7,0,7,-1,7,-2,7,-1,6,0,0,0,0,0,0,0,0,0,0,0,0,0,0,0,0,0,0,0,0,0,0,-6,16,-7,16,-8,16,-9,15,-10,16,-11,16,-12,15,-12,14,-13,14,-13,13,-13,13,-12,13,-12,12,-12,12,-11,12,-10,12,-10,12,-10,13,-9,13,-9,14,-8,14,-8,14,-9,14,-8,14,-7,14,-8,14,0,0,-4,27,-2,27,-3,24,-2,25,-1,23,0,22,1,21,1,21,1,20,2,19,2,18,3,18,5,16,5,15,6,17,6,15,5,15,5,16,6,15,4,14,4,14,4,13,4,13,3,12,3,12,2,11,2,12,0,11,0,0,0,0,0,0,0,0,0,0,0,0,0,0,5,30,1,30,-1,30,-2,30,-3,32,-5,30,-7,33,-9,32,-9,33,-12,33,-12,31,-14,32,-14,30,-14,29,-13,28,-13,27,-10,27,-11,27,-9,27,-9,29,-7,27,-6,28,-5,29,-4,30,-4,30,-4,29,-4,28,-3,28]"
618064003494700,45.552646300,91869,1898998632,-51,-98,6,0,1,7,0,0,256,0,0,"[0,0,11,-11,10,-11,10,-10,9,-9,9,-10,8,-10,7,-9,7,-9,6,-9,5,-9,5,-9,4,-9,4,-9,3,-9,4,-9,3,-9,3,-9,3,-9,3,-8,3,-8,3,-8,3,-8,2,-7,3,-7,3,-7,3,-6,0,0,0,0,0,0,0,0,0,0,0,0,0,0,0,0,0,0,0,0,0,0,11,-13,12,-13,12,-12,13,-12,15,-12,16,-11,16,-10,17,-10,17,-9,16,-9,16,-8,16,-8,15,-8,15,-8,15,-8,13,-8,14,-9,13,-9,13,-10,12,-10,12,-10,12,-11,12,-11,12,-11,12,-11,12,-12,0,0,15,-23,14,-22,14,-23,13,-21,12,-21,11,-20,10,-19,8,-19,7,-19,6,-18,5,-19,4,-18,3,-18,3,-18,3,-17,2,-18,2,-16,2,-17,2,-16,2,-16,2,-15,3,-15,2,-13,2,-13,2,-13,3,-12,3,-11,4,-11,0,0,0,0,0,0,0,0,0,0,0,0,0,0,9,-29,12,-29,14,-28,16,-28,17,-27,19,-27,20,-26,24,-27,24,-25,26,-24,26,-22,26,-21,25,-21,25,-20,24,-20,23,-19,23,-20,20,-20,21,-22,20,-21,20,-22,18,-23,18,-23,18,-24,17,-24,16,-24,17,-25,17,-25]"
618064024893700,45.574045300,91870,1899016335,-51,-98,6,0,1,7,0,0,256,0,0,"[0,0,-15,4,-15,4,-14,4,-13,4,-12,4,-12,4,-11,4,-10,4,-10,4,-9,5,-9,5,-8,5,-8,5,-8,6,-7,5,-8,6,-7,5,-7,5,-7,5,-7,5,-7,5,-7,4,-6,4,-6,4,-6,4,-6,3,0,0,0,0,0,0,0,0,0,0,0,0,0,0,0,0,0,0,0,0,0,0,-16,7,-17,6,-17,5,-18,4,-19,3,-20,2,-20,1,-20,1,-19,0,-19,0,-18,0,-18,-1,-18,0,-17,0,-16,0,-16,0,-17,1,-16,1,-16,2,-16,2,-16,3,-16,3,-16,3,-16,4,-16,4,-16,4,0,0,-23,15,-23,14,-22,14,-21,14,-20,13,-18,13,-17,13,-16,13,-15,13,-13,14,-12,14,-11,14,-10,14,-10,14,-9,14,-9,14,-8,14,-9,13,-8,13,-8,13,-8,12,-8,12,-8,11,-7,10,-7,9,-7,9,-8,8,-9,7,0,0,0,0,0,0,0,0,0,0,0,0,0,0,-20,22,-23,20,-24,19,-26,17,-27,16,-28,16,-30,14,-32,13,-32,12,-33,10,-33,9,-33,9,-32,8,-32,8,-31,8,-29,8,-29,9,-28,9,-28,10,-28,10,-27,12,-27,12,-26,13,-26,14,-26,15,-25,15,-25,16,-25,16]"
618064042774700,45.591926300,91871,1899036594,-51,-98,6,0,1,7,0,0,256,0,0,"[0,0,-15,5,-13,5,-14,5,-13,4,-12,5,-12,5,-11,5,-10,5,-10,5,-9,5,-8,6,-8,6,-7,6,-7,6,-7,6,-7,6,-6,6,-7,6,-6,5,-6,5,-6,5,-6,5,-5,5,-6,4,-6,4,-6,3,0,0,0,0,0,0,0,0,0,0,0,0,0,0,0,0,0,0,0,0,0,0,-16,8,-17,7,-17,7,-18,6,-18,5,-20,5,-20,3,-20,3,-20,2,-19,2,-19,1,-18,1,-18,1,-17,1,-17,2,-17,2,-17,2,-16,3,-16,3,-16,4,-16,4,-16,5,-16,5,-15,5,-15,5,-16,6,0,0,-23,16,-22,16,-22,16,-20,15,-19,15,-18,15,-16,14,-15,14,-14,15,-13,14,-12,15,-11,14,-10,14,-10,14,-9,15,-8,15,-8,15,-8,14,-8,14,-8,13,-8,12,-8,12,-8,11,-7,11,-8,10,-7,9,-8,9,-8,8,0,0,0,0,0,0,0,0,0,0,0,0,0,0,-20,24,-22,22,-24,20,-25,19,-26,19,-28,18,-30,17,-32,15,-32,15,-33,13,-32,12,-33,10,-32,10,-32,10,-31,9,-29,9,-29,10,-28,11,-27,12,-27,12,-27,13,-26,15,-26,15,-25,16,-26,16,-25,17,-25,17,-25,17]"
618064061422600,45.610574200,91872,1899056580,-50,-98,6,0,1,7,0,0,256,0,0,"[0,0,0,15,1,14,1,13,1,13,1,12,1,12,1,11,1,11,2,10,3,10,3,9,3,8,3,8,3,8,4,8,4,7,4,7,4,7,3,7,3,7,3,7,2,6,2,6,2,6,2,6,2,6,0,0,0,0,0,0,0,0,0,0,0,0,0,0,0,0,0,0,0,0,0,0,4,16,3,16,2,17,1,17,0,18,-1,18,-2,18,-3,18,-3,18,-4,18,-4,17,-4,17,-3,16,-3,16,-3,16,-2,16,-2,15,-2,16,-1,15,-1,15,-1,15,0,16,0,16,1,15,1,15,1,15,0,0,-9,27,-9,26,-8,24,-7,22,-6,23,-6,22,-5,21,-5,20,-3,18,-1,17,0,17,0,18,1,18,1,17,2,15,2,15,2,15,2,16,0,15,1,14,1,14,0,13,0,12,0,12,1,11,0,11,-1,11,-1,10,0,0,0,0,0,0,0,0,0,0,0,0,0,0,-1,30,-4,31,-6,31,-9,30,-11,31,-12,30,-14,31,-16,31,-17,29,-20,29,-20,27,-20,28,-19,27,-19,25,-19,26,-17,25,-17,24,-15,24,-15,25,-15,25,-13,26,-14,26,-12,27,-12,28,-11,27,-11,27,-9,28,-9,27]"
618064083605900,45.632757500,91873,1899076482,-50,-98,6,0,1,7,0,0,256,0,0,"[0,0,-7,14,-6,13,-6,12,-6,12,-5,12,-5,11,-4,11,-3,10,-3,10,-2,10,-2,10,-1,9,-1,9,-1,9,0,9,0,9,0,9,0,8,-1,8,0,8,-1,8,-1,7,-1,7,-1,7,-1,6,-1,6,0,0,0,0,0,0,0,0,0,0,0,0,0,0,0,0,0,0,0,0,0,0,-5,16,-6,16,-7,16,-8,16,-9,16,-10,16,-11,16,-12,15,-12,15,-12,14,-12,14,-12,13,-12,13,-11,13,-11,13,-10,13,-10,13,-9,13,-9,13,-8,14,-8,14,-8,14,-8,15,-7,14,-7,14,-7,14,0,0,-18,21,-17,20,-15,19,-15,18,-13,19,-12,17,-11,18,-10,18,-9,17,-9,16,-7,16,-6,16,-6,16,-4,17,-5,15,-4,16,-5,15,-3,14,-4,15,-3,14,-3,13,-4,14,-4,13,-4,11,-4,11,-4,10,-5,10,-6,9,0,0,0,0,0,0,0,0,0,0,0,0,0,0,-11,29,-15,27,-17,26,-19,25,-21,26,-22,24,-24,23,-26,23,-26,22,-28,21,-28,20,-28,19,-27,18,-28,17,-26,17,-25,16,-24,18,-23,18,-23,17,-23,17,-21,19,-20,20,-21,22,-20,22,-19,23,-19,22,-18,22,-18,21]"
618064103340600,45.652492200,91874,1899096536,-50,-98,6,0,1,7,0,0,256,0,0,"[0,0,13,-9,12,-9,11,-8,11,-8,10,-8,9,-8,9,-8,8,-8,7,-8,7,-8,6,-8,6,-8,5,-8,5,-9,4,-8,4,-9,4,-8,4,-8,4,-8,4,-8,4,-7,4,-7,4,-6,4,-6,4,-6,4,-6,0,0,0,0,0,0,0,0,0,0,0,0,0,0,0,0,0,0,0,0,0,0,13,-11,14,-10,14,-10,15,-9,16,-9,17,-8,17,-8,18,-7,18,-7,17,-5,17,-5,17,-5,16,-5,16,-5,16,-5,15,-6,15,-6,14,-7,14,-7,14,-8,14,-8,14,-9,14,-9,14,-9,13,-9,13,-9,0,0,23,-16,22,-17,20,-16,20,-15,18,-14,17,-15,16,-15,14,-15,13,-14,12,-16,11,-15,10,-15,9,-15,8,-15,8,-16,7,-15,7,-15,7,-15,7,-15,7,-14,7,-14,7,-12,7,-12,6,-11,6,-10,6,-10,7,-10,7,-8,0,0,0,0,0,0,0,0,0,0,0,0,0,0,19,-24,22,-22,23,-20,24,-19,26,-19,26,-17,29,-17,30,-15,31,-15,33,-13,32,-12,33,-11,32,-10,30,-10,29,-9,28,-9,27,-10,27,-12,26,-12,27,-12,25,-13,25,-15,25,-15,25,-17,26,-16,25,-17,24,-16,24,-17]"
618064127173400,45.676325000,91875,1899126856,-50,-98,6,0,1,7,0,0,256,0,0,"[0,0,11,10,10,9,10,9,9,8,10,8,9,7,9,7,9,6,9,6,8,5,9,4,8,3,9,3,9,3,8,3,8,2,8,2,8,2,8,2,7,2,7,2,7,2,6,2,6,2,6,2,5,3,0,0,0,0,0,0,0,0,0,0,0,0,0,0,0,0,0,0,0,0,0,0,13,9,13,11,12,11,12,13,12,13,12,15,11,15,10,16,9,16,9,15,9,15,8,15,9,14,8,14,9,14,8,13,9,13,9,12,10,12,10,12,10,12,11,12,11,11,11,11,11,11,11,11,0,0,18,21,18,20,17,18,17,17,16,16,16,15,16,14,16,13,16,11,16,10,15,9,15,8,16,7,15,6,16,6,15,5,15,5,14,5,14,5,14,6,13,5,13,6,12,5,11,5,11,5,10,5,10,6,9,6,0,0,0,0,0,0,0,0,0,0,0,0,0,0,25,16,23,19,22,21,21,22,21,24,19,25,19,28,17,28,17,29,16,30,14,31,13,31,13,30,12,29,12,28,12,27,13,27,13,25,13,25,15,25,15,23,16,23,17,23,18,23,19,23,19,22,19,22,19,22]"
618064142529500,45.691681100,91876,1899136657,-51,-98,6,0,1,7,0,0,256,0,0,"[0,0,13,8,12,7,11,7,11,6,11,6,11,5,10,4,10,4,9,3,10,3,9,2,9,2,9,1,9,1,9,1,9,0,9,0,8,0,8,0,8,1,7,1,7,1,7,0,6,0,6,1,6,1,0,0,0,0,0,0,0,0,0,0,0,0,0,0,0,0,0,0,0,0,0,0,14,7,14,8,14,9,14,10,14,11,14,12,13,13,13,13,12,13,12,14,11,13,11,13,11,13,10,12,11,12,11,11,11,11,12,11,12,10,12,9,12,9,13,9,13,9,13,8,13,8,13,8,0,0,46,30,44,28,44,28,41,25,42,23,40,20,40,18,37,16,37,13,35,11,34,10,35,7,34,6,34,5,34,4,33,3,32,3,31,2,31,3,30,2,28,3,28,3,25,4,25,4,23,4,22,5,21,6,21,8,0,0,0,0,0,0,0,0,0,0,0,0,0,0,57,17,56,25,54,28,54,32,51,34,51,39,50,42,51,45,49,48,47,49,45,51,43,50,40,50,40,50,38,48,39,46,40,45,39,41,40,42,41,40,45,38,45,36,46,34,48,34,48,33,48,33,48,32,49,32]"
618064161457200,45.710608800,91877,1899156554,-51,-98,6,0,1,7,0,0,256,0,0,"[0,0,1,14,2,13,2,13,2,13,2,12,2,11,2,11,3,10,3,10,3,9,4,8,4,8,4,8,4,7,4,7,4,7,4,7,4,7,4,7,4,7,4,6,3,6,3,6,3,6,3,5,2,5,0,0,0,0,0,0,0,0,0,0,0,0,0,0,0,0,0,0,0,0,0,0,4,15,3,16,2,16,2,17,0,17,0,18,-1,18,-2,18,-3,18,-3,17,-3,17,-3,16,-2,16,-2,16,-2,15,-2,15,-2,15,-1,15,0,15,0,15,0,15,1,15,1,15,2,15,2,15,2,15,0,0,2,27,2,27,2,25,2,24,3,22,4,21,5,21,5,19,6,19,6,17,6,17,7,16,7,15,7,15,8,15,8,13,8,14,8,13,8,13,7,13,7,12,6,12,5,11,5,11,4,11,4,10,4,11,2,10,0,0,0,0,0,0,0,0,0,0,0,0,0,0,11,27,8,29,6,29,4,30,3,31,1,30,1,33,-2,33,-3,33,-4,34,-6,33,-6,33,-7,31,-7,30,-7,30,-6,29,-4,29,-5,28,-4,27,-3,29,-1,28,-1,29,1,29,1,29,2,29,2,28,2,29,3,28]"
618064183855000,45.733006600,91878,1899177905,-51,-98,6,0,1,7,0,0,256,0,0,"[0,0,15,2,14,1,13,1,13,1,13,1,12,0,11,0,11,-1,10,-1,10,-2,10,-2,9,-2,9,-2,9,-3,9,-3,8,-3,8,-3,8,-3,8,-3,8,-2,7,-2,7,-2,7,-2,7,-2,6,-1,6,-1,0,0,0,0,0,0,0,0,0,0,0,0,0,0,0,0,0,0,0,0,0,0,16,-1,16,0,17,1,17,1,18,2,18,3,18,4,17,5,17,6,17,6,16,6,15,6,15,6,15,6,15,5,15,4,15,5,15,4,15,4,15,3,15,3,16,2,16,2,16,2,15,1,15,2,0,0,28,3,26,2,26,2,23,3,24,2,21,0,22,0,20,-1,19,-2,18,-3,18,-4,17,-5,17,-5,17,-5,15,-5,16,-6,15,-5,15,-6,14,-5,14,-4,13,-4,13,-4,12,-3,12,-3,12,-3,11,-3,11,-2,11,-1,0,0,0,0,0,0,0,0,0,0,0,0,0,0,28,-7,29,-3,31,-1,30,1,30,2,31,4,30,6,33,8,32,10,33,11,30,13,29,12,30,12,29,12,27,11,28,11,28,10,28,9,28,8,26,8,28,6,27,5,28,5,29,4,29,4,28,4,30,3,29,2]"
618064203855700,45.753007300,91879,1899196361,-51,-98,6,0,1,7,0,0,256,0,0,"[0,0,-11,11,-10,11,-10,10,-9,10,-9,10,-8,9,-8,9,-7,9,-6,9,-6,9,-5,9,-5,9,-4,8,-4,8,-3,9,-3,8,-3,8,-3,8,-3,8,-3,7,-3,7,-3,7,-3,6,-3,6,-3,6,-3,5,0,0,0,0,0,0,0,0,0,0,0,0,0,0,0,0,0,0,0,0,0,0,-10,13,-11,13,-12,13,-12,12,-14,12,-14,11,-15,11,-16,10,-16,10,-16,9,-16,9,-15,9,-15,9,-14,8,-14,8,-13,9,-13,9,-13,10,-13,10,-12,10,-12,11,-12,11,-12,11,-12,12,-11,12,-11,11,0,0,-36,44,-36,43,-34,40,-32,40,-29,37,-27,36,-24,36,-23,35,-20,34,-17,35,-15,35,-13,35,-11,34,-10,33,-10,34,-9,31,-9,33,-8,32,-9,30,-9,29,-9,28,-10,26,-9,25,-9,23,-9,23,-10,21,-12,20,-12,19,0,0,0,0,0,0,0,0,0,0,0,0,0,0,-21,57,-27,55,-32,53,-36,51,-40,51,-42,48,-47,50,-50,48,-53,45,-57,43,-57,39,-57,41,-55,39,-53,38,-51,37,-50,37,-48,35,-48,37,-45,36,-47,40,-43,40,-43,40,-42,42,-42,44,-40,47,-37,46,-38,48,-37,46]"
618064223497000,45.772648600,91880,1899216798,-51,-98,6,0,1,7,0,0,256,0,0,"[0,0,8,-13,8,-13,7,-12,6,-12,6,-12,5,-11,5,-11,4,-11,4,-11,3,-11,2,-10,2,-10,1,-10,1,-10,1,-10,0,-10,0,-10,1,-9,0,-9,1,-9,1,-9,1,-8,1,-8,1,-8,1,-7,1,-7,0,0,0,0,0,0,0,0,0,0,0,0,0,0,0,0,0,0,0,0,0,0,8,-15,9,-15,9,-14,10,-14,11,-14,12,-14,13,-13,14,-13,14,-12,14,-12,14,-11,13,-11,13,-11,12,-11,12,-11,11,-11,11,-11,11,-12,10,-12,10,-13,9,-13,9,-14,9,-14,9,-14,8,-14,9,-13,0,0,34,-46,31,-44,32,-43,28,-41,27,-41,24,-40,21,-39,18,-39,18,-37,14,-35,12,-37,10,-37,9,-36,8,-36,8,-34,7,-34,6,-33,7,-34,5,-32,5,-32,6,-29,6,-28,7,-27,7,-25,7,-25,8,-24,8,-22,11,-21,0,0,0,0,0,0,0,0,0,0,0,0,0,0,19,-58,26,-56,31,-53,35,-54,37,-50,42,-50,44,-49,49,-51,52,-47,52,-46,55,-42,52,-41,53,-40,51,-39,50,-39,48,-38,48,-39,43,-37,45,-39,42,-40,41,-43,40,-44,38,-46,39,-48,36,-47,36,-48,35,-48,37,-51]"
618064241024200,45.790175800,91881,1899236594,-51,-98,6,0,1,7,0,0,256,0,0,"[0,0,3,15,3,14,3,13,3,13,3,12,3,11,4,11,4,10,4,10,4,9,4,8,5,8,5,8,5,8,5,7,5,7,5,6,5,7,5,6,4,6,4,6,4,6,3,6,3,5,3,6,3,5,0,0,0,0,0,0,0,0,0,0,0,0,0,0,0,0,0,0,0,0,0,0,5,15,5,16,4,16,3,17,2,17,1,18,1,18,0,18,-1,18,-2,17,-2,17,-2,17,-2,16,-1,16,-1,16,0,15,0,16,1,15,1,15,2,15,2,15,3,15,3,15,3,15,3,15,3,15,0,0,7,27,7,27,7,24,7,24,7,23,8,21,8,20,8,19,9,18,9,17,9,16,10,15,10,14,10,13,11,14,10,12,11,13,10,12,10,12,9,12,9,12,8,11,7,11,7,10,6,10,5,10,5,10,4,10,0,0,0,0,0,0,0,0,0,0,0,0,0,0,15,25,13,27,11,28,9,28,10,30,7,30,6,33,4,33,4,34,1,34,0,33,-1,34,-1,33,-2,32,-1,31,0,30,0,29,1,29,2,28,3,30,4,29,5,29,5,29,6,29,6,30,7,29,8,29,7,28]"
618064263719200,45.812870800,91882,1899258667,-51,-98,6,0,1,7,0,0,256,0,0,"[0,0,12,-10,11,-10,11,-9,10,-9,10,-9,8,-9,8,-9,7,-9,7,-8,6,-9,6,-8,5,-9,4,-9,5,-9,3,-9,4,-9,4,-9,4,-9,3,-9,4,-8,4,-8,4,-7,3,-7,3,-6,4,-6,4,-6,0,0,0,0,0,0,0,0,0,0,0,0,0,0,0,0,0,0,0,0,0,0,12,-12,12,-12,13,-11,13,-11,14,-10,15,-10,16,-9,16,-8,16,-7,17,-7,16,-6,16,-6,15,-6,15,-6,15,-7,14,-7,14,-7,13,-8,13,-8,13,-9,13,-9,12,-10,13,-10,12,-10,13,-10,12,-10,0,0,21,-19,20,-19,20,-18,18,-18,17,-18,15,-18,14,-17,12,-17,12,-16,10,-16,9,-17,8,-17,7,-17,8,-16,7,-17,6,-16,6,-16,5,-17,5,-16,6,-15,6,-14,6,-14,6,-13,5,-12,6,-12,6,-11,6,-11,7,-10,0,0,0,0,0,0,0,0,0,0,0,0,0,0,16,-26,19,-24,20,-23,23,-21,24,-21,25,-20,27,-19,29,-19,30,-17,31,-15,31,-14,31,-14,30,-14,29,-14,29,-13,27,-14,27,-13,25,-14,26,-15,25,-16,24,-17,23,-17,24,-18,23,-19,23,-20,22,-20,22,-20,22,-20]"
618064283007100,45.832158700,91883,1899276786,-51,-98,6,0,1,7,0,0,256,0,0,"[0,0,0,14,0,14,0,13,1,13,1,12,1,11,1,11,2,11,2,10,3,9,3,9,3,8,3,8,3,8,4,8,3,8,3,7,4,7,3,7,3,7,3,7,2,7,2,6,2,6,2,6,1,6,0,0,0,0,0,0,0,0,0,0,0,0,0,0,0,0,0,0,0,0,0,0,4,15,2,15,2,15,1,16,0,17,-1,17,-2,18,-2,17,-3,17,-3,17,-4,16,-4,16,-4,15,-3,15,-3,15,-2,15,-2,15,-2,15,-1,14,0,15,0,15,0,15,0,16,1,15,1,15,1,15,0,0,-1,28,0,26,0,26,1,25,1,24,2,23,2,22,3,21,4,19,5,19,5,18,5,18,7,16,6,16,8,15,8,15,6,16,7,15,6,15,5,14,5,14,5,13,4,13,4,12,3,12,2,12,2,12,2,11,0,0,0,0,0,0,0,0,0,0,0,0,0,0,9,27,7,29,5,29,3,30,2,30,0,31,-3,32,-5,34,-6,33,-8,34,-8,32,-10,32,-9,32,-9,30,-9,29,-8,29,-8,29,-6,28,-5,28,-5,29,-3,29,-3,29,-3,29,-2,29,-2,30,-1,30,0,30,0,30]"
618064307495300,45.856646900,91884,1899299917,-51,-98,6,0,1,7,0,0,256,0,0,"[0,0,-1,-16,-1,-16,-1,-14,-1,-15,-1,-13,-2,-13,-2,-13,-3,-12,-3,-11,-3,-11,-4,-10,-4,-10,-4,-10,-5,-9,-5,-9,-5,-9,-5,-9,-4,-8,-5,-9,-4,-8,-4,-8,-4,-8,-3,-8,-3,-7,-3,-7,-2,-7,0,0,0,0,0,0,0,0,0,0,0,0,0,0,0,0,0,0,0,0,0,0,-3,-17,-2,-17,-1,-17,-1,-18,0,-18,1,-18,2,-18,3,-19,4,-18,4,-18,4,-17,4,-17,3,-17,3,-17,3,-16,2,-16,2,-16,1,-17,1,-16,0,-16,0,-16,-1,-17,-1,-17,-1,-16,-1,-17,-1,-16,0,0,-3,-28,-3,-27,-2,-27,-3,-25,-4,-25,-4,-23,-5,-22,-5,-21,-5,-20,-7,-19,-7,-18,-8,-18,-8,-17,-9,-17,-8,-16,-9,-16,-8,-15,-9,-16,-8,-15,-8,-15,-7,-15,-6,-14,-6,-13,-5,-12,-5,-13,-5,-12,-3,-11,-3,-12,0,0,0,0,0,0,0,0,0,0,0,0,0,0,-10,-27,-8,-29,-6,-29,-4,-31,-3,-31,-2,-32,0,-32,2,-34,3,-33,4,-34,6,-34,6,-32,7,-32,7,-31,6,-30,5,-30,5,-30,4,-28,4,-29,2,-29,1,-29,0,-29,0,-29,-1,-30,-2,-30,-2,-30,-2,-30,-2,-30]"
618064322553500,45.871705100,91885,1899317278,-51,-98,6,0,1,7,0,0,256,0,0,"[0,0,-9,13,-8,12,-8,11,-7,11,-7,11,-6,11,-5,10,-5,10,-4,10,-4,10,-3,10,-3,9,-2,9,-2,9,-2,9,-1,9,-1,9,-1,9,-2,9,-2,8,-2,8,-2,7,-2,7,-2,7,-2,7,-2,6,0,0,0,0,0,0,0,0,0,0,0,0,0,0,0,0,0,0,0,0,0,0,-8,14,-9,14,-10,14,-11,13,-12,14,-13,13,-13,13,-14,12,-14,12,-14,11,-14,11,-14,11,-13,10,-13,10,-12,10,-12,11,-12,11,-11,11,-11,11,-10,12,-10,12,-10,13,-10,13,-9,13,-9,13,-9,13,0,0,-28,50,-26,50,-24,47,-23,46,-20,43,-19,43,-17,41,-15,41,-13,39,-10,39,-8,39,-7,37,-5,36,-4,35,-2,37,-2,35,-1,35,-2,34,-2,33,-3,33,-3,32,-4,30,-5,29,-4,26,-5,26,-4,24,-7,25,-8,23,0,0,0,0,0,0,0,0,0,0,0,0,0,0,-18,58,-25,57,-25,57,-31,53,-31,55,-34,50,-42,54,-43,52,-43,52,-47,50,-49,48,-51,47,-50,44,-49,42,-47,41,-43,42,-42,42,-40,45,-38,44,-39,47,-35,46,-33,49,-34,48,-32,52,-33,52,-30,52,-29,51,-29,51]"
618064343809000,45.892960600,91886,1899336787,-50,-98,6,0,1,7,0,0,256,0,0,"[0,0,-14,-7,-14,-6,-14,-6,-13,-6,-13,-5,-12,-5,-12,-4,-11,-4,-11,-3,-11,-3,-11,-2,-10,-2,-11,-1,-10,-1,-10,-1,-10,-1,-10,0,-10,-1,-10,-1,-9,-1,-9,-1,-8,-1,-8,-1,-8,-2,-7,-2,-7,-2,0,0,0,0,0,0,0,0,0,0,0,0,0,0,0,0,0,0,0,0,0,0,-16,-5,-16,-6,-16,-7,-16,-7,-16,-9,-16,-10,-15,-10,-15,-11,-15,-11,-14,-12,-14,-12,-13,-11,-13,-11,-13,-11,-13,-10,-13,-10,-13,-9,-13,-9,-14,-9,-14,-8,-14,-8,-15,-8,-15,-8,-15,-7,-15,-7,-15,-7,0,0,-41,-37,-42,-36,-39,-34,-42,-30,-37,-27,-38,-28,-37,-24,-35,-22,-37,-19,-37,-14,-37,-15,-32,-16,-34,-11,-33,-11,-37,-8,-35,-9,-32,-9,-32,-8,-32,-10,-31,-10,-31,-10,-26,-13,-27,-11,-23,-10,-24,-11,-23,-10,-21,-13,-22,-12,0,0,0,0,0,0,0,0,0,0,0,0,0,0,-55,-23,-52,-29,-51,-33,-47,-38,-52,-42,-47,-43,-48,-49,-45,-49,-41,-49,-42,-56,-39,-55,-38,-57,-35,-56,-34,-52,-33,-50,-34,-50,-34,-48,-36,-47,-37,-45,-39,-46,-37,-46,-42,-40,-40,-41,-42,-41,-45,-38,-46,-37,-44,-38,-44,-36]"
618064368124900,45.917276500,91887,1899361204,-51,-98,6,0,1,7,0,0,256,0,0,"[0,0,-10,12,-9,12,-9,11,-8,11,-8,10,-7,10,-6,10,-6,10,-6,9,-5,9,-4,9,-4,9,-4,9,-3,9,-3,9,-3,9,-2,8,-3,9,-3,8,-3,8,-3,7,-3,7,-3,7,-3,6,-3,6,-4,6,0,0,0,0,0,0,0,0,0,0,0,0,0,0,0,0,0,0,0,0,0,0,-8,14,-9,15,-10,14,-10,13,-12,14,-13,13,-14,12,-15,12,-14,11,-15,11,-15,10,-14,10,-14,10,-13,10,-13,10,-12,10,-12,10,-12,10,-11,11,-11,12,-11,12,-10,12,-11,12,-10,13,-10,12,-10,12,0,0,-15,54,-15,51,-15,50,-13,48,-11,47,-7,44,-6,44,-5,42,-3,41,-1,39,-1,38,0,37,1,37,3,35,4,35,4,35,5,34,4,35,5,33,4,32,3,31,2,29,1,28,-1,27,-2,26,-2,25,-4,25,-5,24,0,0,0,0,0,0,0,0,0,0,0,0,0,0,-1,56,-9,57,-12,56,-14,58,-17,58,-20,58,-24,59,-27,61,-28,59,-32,60,-34,56,-35,55,-38,52,-37,50,-36,48,-33,49,-31,51,-28,49,-28,50,-26,52,-23,53,-19,54,-19,55,-19,56,-19,55,-20,56,-18,55,-19,55]"
618064386219600,45.935371200,91888,1899380560,-51,-98,6,0,1,7,0,0,256,0,0,"[0,0,14,4,13,4,12,4,12,3,12,3,12,2,11,2,10,1,10,1,10,0,10,0,9,-1,9,-1,9,-1,9,-2,9,-2,8,-1,9,-2,8,-2,8,-1,8,-1,7,-1,7,-1,7,0,6,0,6,0,0,0,0,0,0,0,0,0,0,0,0,0,0,0,0,0,0,0,0,0,0,0,15,4,15,4,15,5,15,6,15,7,15,8,15,9,15,10,14,10,14,10,13,10,13,10,13,9,13,9,12,9,13,8,13,7,13,7,13,6,14,6,14,6,14,5,15,6,14,5,14,5,14,5,0,0,55,11,53,9,53,9,49,7,48,6,45,4,45,2,42,1,43,-1,38,-5,38,-6,37,-8,37,-8,36,-9,34,-9,35,-10,34,-10,34,-11,33,-9,32,-8,30,-8,31,-6,29,-6,28,-5,27,-4,26,-2,25,-1,26,0,0,0,0,0,0,0,0,0,0,0,0,0,0,0,57,-5,58,2,60,5,61,10,58,14,59,18,61,19,63,21,62,26,62,27,60,32,58,30,55,30,55,29,54,28,54,27,54,26,51,24,53,24,54,20,55,19,55,18,56,14,58,15,57,12,58,11,58,10,59,10]"
618064404466500,45.953618100,91889,1899396821,-51,-98,6,0,1,7,0,0,256,0,0,"[0,0,13,-8,12,-8,11,-8,11,-8,10,-8,10,-8,9,-8,8,-8,8,-8,8,-8,7,-8,6,-8,5,-8,5,-8,6,-9,5,-8,5,-8,5,-8,5,-8,5,-8,5,-7,5,-7,4,-6,4,-6,4,-6,4,-5,0,0,0,0,0,0,0,0,0,0,0,0,0,0,0,0,0,0,0,0,0,0,12,-10,13,-9,14,-9,14,-8,16,-8,16,-8,17,-7,17,-6,18,-5,17,-5,17,-4,16,-4,16,-4,15,-5,15,-5,14,-5,15,-6,14,-6,14,-6,14,-7,14,-7,13,-8,14,-8,13,-8,13,-8,13,-9,0,0,19,-21,18,-21,17,-20,16,-19,15,-19,14,-19,12,-18,11,-18,10,-18,9,-18,8,-18,7,-17,7,-18,6,-18,5,-18,5,-17,5,-17,5,-18,5,-17,6,-16,5,-16,5,-15,5,-13,6,-13,6,-13,6,-12,6,-11,7,-11,0,0,0,0,0,0,0,0,0,0,0,0,0,0,12,-25,16,-25,17,-24,19,-23,20,-23,22,-22,23,-21,26,-22,26,-21,27,-19,27,-18,27,-17,28,-16,27,-15,26,-15,25,-15,25,-16,23,-17,23,-17,22,-17,22,-19,21,-20,21,-20,20,-21,21,-21,20,-22,20,-21,20,-22]"
618064423908400,45.973060000,91890,1899416409,-51,-98,6,0,1,7,0,0,256,0,0,"[0,0,13,-7,12,-7,12,-7,12,-7,11,-7,10,-7,9,-7,9,-7,8,-7,8,-7,8,-7,7,-7,6,-8,6,-8,6,-8,5,-8,5,-8,6,-7,6,-7,5,-8,6,-7,5,-6,5,-6,5,-5,5,-5,5,-5,0,0,0,0,0,0,0,0,0,0,0,0,0,0,0,0,0,0,0,0,0,0,13,-9,14,-8,14,-7,15,-7,16,-6,17,-6,17,-5,17,-4,17,-4,17,-3,17,-2,16,-2,16,-2,16,-2,15,-3,15,-4,15,-4,15,-5,14,-5,14,-6,14,-6,14,-7,15,-7,14,-6,14,-7,14,-7,0,0,18,-22,18,-23,17,-22,16,-21,14,-20,13,-20,13,-20,11,-20,10,-19,8,-19,7,-20,6,-17,6,-18,5,-19,5,-19,5,-19,4,-18,4,-18,5,-18,5,-17,5,-16,5,-15,6,-15,5,-14,5,-14,5,-12,6,-12,7,-11,0,0,0,0,0,0,0,0,0,0,0,0,0,0,12,-27,15,-26,16,-25,18,-23,20,-25,21,-22,23,-24,25,-22,26,-20,27,-20,28,-18,28,-19,27,-18,27,-18,25,-17,24,-17,23,-17,23,-18,23,-18,22,-20,20,-20,21,-21,20,-22,20,-22,21,-22,19,-24,19,-24,20,-24]"
618064443546300,45.992697900,91891,1899436497,-50,-98,6,0,1,7,0,0,256,0,0,"[0,0,-16,3,-15,2,-15,3,-14,3,-13,2,-13,3,-12,3,-11,3,-11,4,-10,4,-10,4,-9,4,-9,5,-9,5,-9,5,-9,5,-8,5,-8,5,-8,5,-8,4,-8,4,-8,4,-7,4,-7,3,-7,3,-7,2,0,0,0,0,0,0,0,0,0,0,0,0,0,0,0,0,0,0,0,0,0,0,-16,5,-17,4,-17,3,-17,3,-18,2,-19,1,-19,0,-19,-1,-19,-2,-19,-2,-18,-2,-18,-2,-17,-2,-17,-2,-17,-1,-16,-1,-16,0,-17,0,-16,1,-16,1,-16,1,-16,2,-17,2,-16,3,-16,3,-16,3,0,0,-26,12,-26,12,-24,11,-23,12,-22,11,-21,12,-19,12,-19,12,-17,12,-16,13,-15,13,-14,13,-13,13,-12,13,-13,14,-12,13,-12,14,-12,13,-12,13,-12,12,-11,11,-12,10,-12,10,-11,9,-11,8,-10,8,-12,7,-12,6,0,0,0,0,0,0,0,0,0,0,0,0,0,0,-22,19,-24,16,-25,15,-26,14,-28,13,-28,12,-31,11,-32,9,-32,9,-34,7,-33,5,-34,6,-33,5,-32,4,-31,4,-30,5,-29,5,-29,6,-28,7,-29,8,-28,9,-28,10,-28,10,-28,11,-29,12,-28,12,-27,13,-27,12]"
618064462293200,46.011444800,91892,1899456615,-50,-98,6,0,1,7,0,0,256,0,0,"[0,0,13,-7,12,-7,12,-7,11,-6,11,-6,10,-7,9,-7,9,-7,8,-7,7,-7,8,-7,7,-7,6,-8,6,-8,6,-8,6,-8,5,-7,6,-8,6,-8,5,-7,6,-7,5,-6,5,-6,5,-5,5,-5,6,-5,0,0,0,0,0,0,0,0,0,0,0,0,0,0,0,0,0,0,0,0,0,0,12,-9,14,-9,14,-8,15,-8,15,-7,16,-6,16,-6,17,-5,17,-4,16,-4,16,-3,16,-3,15,-3,15,-3,15,-4,14,-4,14,-5,14,-5,14,-5,13,-6,13,-6,14,-7,14,-7,13,-7,14,-7,14,-7,0,0,25,-12,24,-12,24,-11,24,-11,21,-11,20,-12,19,-12,17,-13,16,-12,15,-12,15,-13,13,-13,13,-14,11,-14,12,-15,12,-14,10,-14,11,-15,12,-14,11,-12,11,-12,10,-11,11,-11,11,-10,10,-10,10,-9,10,-9,10,-8,0,0,0,0,0,0,0,0,0,0,0,0,0,0,22,-18,25,-16,26,-14,28,-13,28,-13,29,-10,31,-9,33,-8,33,-6,33,-6,33,-4,34,-3,32,-3,31,-3,30,-3,28,-3,29,-4,29,-4,28,-6,28,-7,28,-8,28,-9,27,-10,27,-11,28,-11,26,-12,27,-12,27,-11]"
618064493377300,46.042528900,91893,1899484379,-50,-98,6,0,1,7,0,0,256,0,0,"[0,0,2,-15,2,-16,1,-15,1,-15,1,-14,1,-13,0,-13,0,-12,-1,-12,-1,-11,-2,-11,-2,-11,-3,-11,-3,-11,-3,-10,-3,-10,-3,-10,-3,-10,-3,-10,-2,-9,-2,-9,-3,-9,-2,-9,-2,-8,-1,-8,-1,-8,0,0,0,0,0,0,0,0,0,0,0,0,0,0,0,0,0,0,0,0,0,0,1,-17,2,-17,2,-18,3,-17,4,-18,5,-18,6,-18,7,-17,7,-17,8,-17,8,-16,7,-16,7,-15,7,-15,6,-15,6,-15,5,-15,5,-15,4,-16,3,-16,3,-16,3,-16,3,-17,2,-16,2,-16,2,-16,0,0,2,-29,2,-29,2,-27,1,-26,0,-25,0,-23,-1,-23,-2,-21,-3,-20,-3,-20,-5,-19,-5,-19,-6,-18,-6,-18,-7,-18,-7,-17,-7,-18,-6,-17,-7,-16,-6,-17,-5,-16,-4,-17,-4,-16,-3,-15,-2,-14,-2,-13,-1,-14,-1,-13,0,0,0,0,0,0,0,0,0,0,0,0,0,0,-6,-28,-3,-30,-1,-30,1,-29,3,-32,4,-31,6,-33,7,-32,8,-31,10,-32,11,-31,12,-32,12,-29,12,-28,11,-29,10,-28,9,-26,8,-29,7,-28,7,-29,6,-28,4,-29,4,-30,3,-30,3,-30,3,-30,2,-30,1,-30]"
618064508825800,46.057977400,91894,1899497211,-50,-98,6,0,1,7,0,0,256,0,0,"[0,0,5,-14,4,-14,4,-14,4,-13,3,-13,3,-12,2,-13,2,-12,1,-11,1,-11,0,-11,0,-11,-1,-10,-1,-10,-1,-10,-1,-10,-2,-10,-1,-10,-1,-10,-1,-9,0,-9,-1,-9,0,-8,0,-8,0,-8,1,-7,0,0,0,0,0,0,0,0,0,0,0,0,0,0,0,0,0,0,0,0,0,0,3,-16,5,-16,5,-16,6,-16,7,-16,8,-16,9,-16,10,-15,9,-15,10,-15,10,-14,10,-13,9,-13,9,-13,8,-13,8,-13,8,-13,8,-14,7,-14,6,-15,6,-15,6,-15,6,-15,5,-15,5,-15,5,-15,0,0,15,-54,11,-55,11,-52,11,-49,12,-49,7,-48,7,-45,5,-42,4,-41,0,-40,-3,-40,-5,-38,-7,-39,-5,-38,-7,-37,-8,-35,-7,-36,-8,-35,-5,-34,-4,-34,-4,-33,-4,-33,-3,-30,-2,-29,-2,-28,-1,-27,1,-27,4,-26,0,0,0,0,0,0,0,0,0,0,0,0,0,0,-2,-59,3,-61,6,-59,12,-56,15,-62,17,-59,20,-61,25,-61,29,-61,32,-57,33,-56,33,-56,32,-54,30,-53,32,-52,29,-51,28,-52,25,-50,24,-51,24,-52,19,-53,18,-55,18,-55,18,-55,17,-56,15,-59,14,-57,16,-60]"
618064525797300,46.074948900,91895,1899516537,-50,-98,6,0,1,7,0,0,256,0,0,"[0,0,-13,-10,-13,-9,-12,-9,-12,-8,-12,-8,-11,-7,-11,-7,-11,-6,-11,-5,-11,-5,-10,-4,-10,-4,-10,-3,-10,-3,-11,-2,-10,-2,-10,-3,-10,-2,-10,-2,-10,-2,-9,-3,-9,-3,-8,-3,-8,-3,-8,-3,-7,-3,0,0,0,0,0,0,0,0,0,0,0,0,0,0,0,0,0,0,0,0,0,0,-15,-9,-14,-9,-14,-11,-13,-11,-14,-12,-13,-13,-12,-14,-12,-14,-12,-15,-11,-15,-11,-14,-10,-14,-10,-14,-10,-13,-10,-13,-11,-12,-11,-11,-11,-12,-11,-11,-12,-11,-12,-11,-13,-11,-13,-10,-13,-10,-13,-10,-13,-10,0,0,-40,-42,-37,-41,-39,-41,-37,-36,-34,-36,-35,-31,-35,-29,-35,-25,-37,-24,-34,-21,-33,-21,-34,-20,-34,-17,-35,-16,-35,-15,-35,-14,-33,-13,-35,-13,-34,-14,-34,-13,-32,-13,-29,-15,-27,-14,-24,-16,-25,-16,-23,-15,-22,-16,-19,-18,0,0,0,0,0,0,0,0,0,0,0,0,0,0,-49,-31,-44,-38,-45,-41,-44,-45,-40,-45,-41,-49,-39,-51,-38,-56,-38,-55,-36,-59,-33,-59,-31,-59,-27,-58,-26,-58,-24,-56,-27,-55,-28,-53,-30,-49,-33,-51,-31,-48,-33,-48,-39,-45,-38,-45,-40,-44,-40,-46,-39,-45,-39,-45,-38,-45]"
618064543373100,46.092524700,91896,1899536526,-50,-98,6,0,1,7,0,0,256,0,0,"[0,0,-15,6,-14,5,-13,5,-13,5,-12,5,-12,5,-11,6,-10,6,-10,6,-9,6,-9,6,-9,6,-8,6,-8,7,-7,7,-7,7,-7,7,-7,7,-7,6,-7,6,-7,5,-7,5,-7,5,-7,5,-7,4,-7,4,0,0,0,0,0,0,0,0,0,0,0,0,0,0,0,0,0,0,0,0,0,0,-14,7,-15,7,-16,6,-16,6,-17,5,-18,4,-18,4,-19,3,-18,2,-18,2,-18,1,-17,1,-17,2,-17,2,-16,2,-16,2,-16,3,-16,4,-15,4,-15,4,-15,5,-15,5,-16,5,-15,6,-15,6,-16,6,0,0,-26,15,-24,15,-24,14,-22,12,-21,13,-21,13,-19,13,-18,13,-17,14,-15,14,-14,14,-14,14,-12,14,-12,14,-12,16,-12,15,-11,15,-12,15,-12,14,-12,13,-12,13,-11,12,-10,11,-10,11,-10,9,-10,8,-11,8,-11,7,0,0,0,0,0,0,0,0,0,0,0,0,0,0,-21,19,-23,18,-25,16,-27,15,-28,16,-28,14,-31,13,-33,11,-33,10,-35,8,-34,7,-34,7,-33,7,-32,5,-31,6,-29,6,-29,7,-29,8,-28,9,-29,9,-27,11,-27,12,-27,13,-27,13,-27,14,-27,15,-27,16,-27,14]"
618064561702400,46.110854000,91897,1899556603,-50,-98,6,0,1,7,0,0,256,0,0,"[0,0,14,3,14,3,13,3,14,3,12,2,12,1,12,1,11,1,11,0,11,0,11,-1,10,-1,10,-2,9,-2,10,-3,9,-3,10,-2,9,-2,9,-2,9,-2,8,-2,8,-1,8,-1,7,-1,7,0,7,0,0,0,0,0,0,0,0,0,0,0,0,0,0,0,0,0,0,0,0,0,0,0,16,2,15,3,16,4,15,5,16,6,16,7,16,8,15,9,16,8,15,10,14,9,14,9,13,9,13,8,13,7,14,7,13,6,14,6,14,6,15,5,14,5,15,4,15,4,15,4,15,4,15,4,0,0,26,8,26,6,25,6,24,6,23,4,22,4,21,4,21,2,20,1,19,-1,19,-2,18,-3,18,-3,18,-3,19,-4,18,-4,18,-4,17,-4,17,-3,17,-2,17,-1,14,-1,15,-2,14,-1,13,0,13,0,12,1,12,1,0,0,0,0,0,0,0,0,0,0,0,0,0,0,28,-3,28,0,29,2,29,5,28,6,29,8,29,10,30,13,29,14,29,15,29,16,27,16,27,15,27,15,25,14,25,13,25,13,25,12,25,12,26,11,26,10,25,9,27,9,27,9,28,7,28,6,28,5,28,6]"
618064587530300,46.136681900,91898,1899580701,-50,-98,6,0,1,7,0,0,256,0,0,"[0,0,0,-15,-1,-16,0,-15,-1,-14,-1,-14,-1,-13,-2,-12,-2,-12,-2,-11,-3,-11,-3,-11,-3,-11,-3,-10,-4,-10,-4,-10,-4,-9,-4,-10,-4,-10,-3,-9,-3,-9,-3,-9,-3,-9,-2,-9,-2,-8,-2,-8,-1,-8,0,0,0,0,0,0,0,0,0,0,0,0,0,0,0,0,0,0,0,0,0,0,-3,-16,-2,-17,-1,-17,-1,-17,0,-18,2,-18,2,-18,3,-18,3,-18,4,-18,4,-17,5,-16,4,-16,4,-16,4,-16,3,-16,3,-15,2,-16,2,-16,1,-16,1,-16,0,-16,0,-17,0,-17,0,-16,0,-16,0,0,0,-29,-1,-28,-1,-28,-3,-26,-3,-25,-2,-23,-1,-24,-4,-22,-4,-20,-6,-19,-7,-18,-7,-19,-7,-19,-8,-18,-7,-17,-8,-18,-9,-17,-8,-18,-7,-17,-6,-18,-6,-16,-5,-15,-4,-15,-4,-15,-4,-14,-3,-13,-2,-14,-1,-14,0,0,0,0,0,0,0,0,0,0,0,0,0,0,-11,-28,-8,-29,-5,-30,-2,-30,-1,-31,0,-32,2,-32,4,-34,6,-33,8,-33,8,-32,8,-32,8,-32,8,-30,8,-30,6,-29,7,-30,5,-29,5,-28,3,-28,3,-30,3,-30,2,-29,2,-30,0,-29,-1,-30,-1,-30,0,-30]"
618064601243800,46.150395400,91899,1899596484,-50,-98,6,0,1,7,0,0,256,0,0,"[0,0,14,3,13,3,13,3,13,2,12,2,12,2,11,1,11,1,10,0,10,-1,10,-1,9,-1,9,-1,9,-2,9,-2,9,-2,9,-2,9,-2,9,-2,9,-2,8,-1,8,-1,7,0,7,0,7,0,7,0,0,0,0,0,0,0,0,0,0,0,0,0,0,0,0,0,0,0,0,0,0,0,15,1,15,2,15,2,15,3,15,4,16,5,16,6,16,7,15,7,14,8,14,8,14,8,13,7,13,7,13,7,13,5,13,5,14,5,14,5,14,4,14,4,14,4,15,3,14,3,14,4,15,3,0,0,28,6,27,4,25,3,25,3,23,3,23,1,22,2,21,1,21,0,20,-1,20,-2,19,-2,18,-4,18,-4,19,-5,18,-5,17,-4,18,-4,17,-4,17,-3,16,-2,15,-2,15,-1,14,-1,13,0,12,0,13,1,13,2,0,0,0,0,0,0,0,0,0,0,0,0,0,0,28,-4,29,-1,29,1,28,2,31,3,29,4,31,7,30,9,31,10,31,13,30,11,30,16,28,14,27,14,26,13,26,13,26,12,27,10,26,9,28,9,26,8,27,6,28,8,28,6,30,7,29,6,29,5,27,5]"
618064625622200,46.174773800,91900,1899617553,-50,-98,6,0,1,7,0,0,256,0,0,"[0,0,-10,-13,-10,-13,-9,-12,-9,-11,-9,-11,-9,-10,-9,-9,-9,-9,-9,-8,-9,-7,-9,-7,-9,-6,-9,-6,-9,-6,-9,-5,-9,-5,-9,-5,-9,-5,-9,-5,-8,-5,-8,-5,-8,-5,-7,-6,-6,-6,-6,-5,-6,-6,0,0,0,0,0,0,0,0,0,0,0,0,0,0,0,0,0,0,0,0,0,0,-11,-12,-11,-13,-11,-13,-10,-14,-10,-15,-9,-16,-8,-16,-8,-17,-8,-17,-7,-17,-7,-17,-6,-16,-6,-16,-6,-16,-6,-15,-7,-14,-7,-14,-8,-14,-8,-14,-9,-14,-9,-14,-10,-14,-10,-14,-10,-13,-10,-13,-10,-13,0,0,-18,-22,-18,-23,-17,-22,-18,-19,-16,-19,-16,-18,-17,-16,-16,-16,-16,-13,-17,-13,-17,-12,-17,-12,-17,-10,-17,-10,-17,-9,-18,-9,-17,-9,-17,-9,-16,-8,-16,-9,-15,-9,-14,-9,-13,-9,-12,-9,-12,-9,-11,-9,-11,-10,-10,-10,0,0,0,0,0,0,0,0,0,0,0,0,0,0,-23,-18,-21,-20,-20,-22,-20,-23,-19,-25,-18,-27,-17,-28,-16,-30,-16,-30,-14,-31,-13,-30,-12,-31,-12,-31,-10,-30,-10,-29,-11,-29,-11,-27,-14,-26,-14,-26,-14,-26,-15,-25,-17,-25,-17,-26,-17,-24,-18,-25,-18,-24,-18,-24,-18,-23]"
618064645897700,46.195049300,91901,1899640361,-50,-98,6,0,1,7,0,0,256,0,0,"[0,0,12,9,11,9,10,9,10,8,10,8,10,7,10,6,10,6,10,5,9,4,10,4,10,4,9,3,9,3,9,2,9,2,9,2,9,2,9,2,9,3,8,3,7,3,7,3,7,3,6,3,6,3,0,0,0,0,0,0,0,0,0,0,0,0,0,0,0,0,0,0,0,0,0,0,13,8,13,9,13,10,12,10,12,11,12,12,12,13,11,14,10,14,10,14,9,14,9,13,9,13,9,13,9,12,9,12,10,12,10,11,10,11,11,11,11,10,12,10,11,10,12,10,12,10,12,9,0,0,42,43,38,37,38,38,37,34,34,33,34,31,35,30,33,27,34,25,32,19,36,17,34,15,34,16,35,16,35,13,36,14,33,14,35,14,33,15,33,15,28,15,27,14,25,15,25,15,24,14,23,16,20,16,18,17,0,0,0,0,0,0,0,0,0,0,0,0,0,0,50,25,49,31,48,35,47,40,42,41,43,44,40,46,43,53,37,56,36,57,31,58,31,54,33,54,32,54,30,53,30,49,31,52,30,46,34,48,33,45,36,45,35,46,37,45,38,47,40,41,43,41,42,40,44,44]"
618064664462200,46.213613800,91902,1899657013,-50,-98,6,0,1,7,0,0,256,0,0,"[0,0,5,-14,4,-14,4,-14,5,-13,3,-13,3,-13,3,-12,2,-12,2,-12,1,-11,0,-11,0,-11,-1,-11,-1,-11,-1,-10,-1,-10,-1,-10,0,-10,0,-10,0,-10,0,-9,0,-9,0,-9,0,-8,1,-8,1,-7,0,0,0,0,0,0,0,0,0,0,0,0,0,0,0,0,0,0,0,0,0,0,3,-16,4,-16,4,-15,6,-16,7,-16,8,-16,9,-15,9,-15,10,-14,9,-14,10,-14,9,-13,9,-13,9,-14,9,-14,8,-13,8,-13,7,-14,6,-14,6,-14,6,-15,6,-15,6,-15,5,-15,5,-15,5,-15,0,0,23,-50,25,-52,24,-48,20,-45,20,-45,16,-43,14,-44,12,-42,11,-41,9,-38,8,-39,7,-41,4,-40,2,-39,2,-38,2,-36,1,-37,1,-37,1,-34,2,-34,3,-32,5,-33,6,-29,7,-29,6,-26,8,-27,9,-25,10,-23,0,0,0,0,0,0,0,0,0,0,0,0,0,0,12,-55,18,-56,22,-52,24,-54,27,-52,31,-52,32,-52,37,-53,39,-51,41,-51,45,-48,46,-47,45,-44,43,-42,43,-43,40,-41,41,-45,35,-43,36,-45,31,-45,33,-48,30,-49,29,-50,31,-53,28,-50,27,-51,28,-54,28,-51]"
618064683926400,46.233078000,91903,1899676427,-49,-98,6,0,1,7,0,0,256,0,0,"[0,0,-9,11,-9,11,-8,10,-8,10,-8,10,-7,10,-6,9,-5,9,-5,9,-5,9,-4,8,-4,9,-4,8,-3,8,-3,9,-3,9,-3,8,-3,8,-3,8,-3,8,-3,7,-3,7,-4,7,-4,6,-4,6,-4,5,0,0,0,0,0,0,0,0,0,0,0,0,0,0,0,0,0,0,0,0,0,0,-8,12,-9,12,-9,12,-10,11,-11,11,-13,11,-12,11,-13,10,-13,10,-14,9,-14,8,-13,8,-13,8,-12,8,-12,8,-11,9,-11,9,-11,9,-10,10,-10,10,-10,11,-9,11,-10,11,-10,11,-10,11,-9,11,0,0,-33,47,-31,45,-28,45,-26,44,-26,41,-23,40,-22,38,-20,38,-19,36,-16,36,-13,36,-11,36,-10,36,-10,36,-8,37,-9,34,-7,35,-9,32,-10,34,-10,32,-10,31,-10,30,-10,28,-10,28,-11,26,-12,22,-12,24,-14,22,0,0,0,0,0,0,0,0,0,0,0,0,0,0,-17,54,-21,53,-29,49,-32,48,-33,49,-37,48,-39,49,-46,46,-47,45,-51,43,-49,41,-51,41,-49,38,-49,38,-45,37,-44,38,-43,37,-40,38,-41,37,-40,39,-37,42,-37,44,-36,43,-36,44,-36,46,-33,48,-30,49,-34,47]"
618064701566800,46.250718400,91904,1899696437,-49,-98,6,0,1,7,0,0,256,0,0,"[0,0,11,10,11,9,10,9,10,8,10,8,10,7,10,7,10,6,9,5,9,5,9,4,9,4,9,3,9,3,9,2,9,2,9,3,9,2,9,2,8,3,8,3,8,3,7,3,6,3,6,3,6,3,0,0,0,0,0,0,0,0,0,0,0,0,0,0,0,0,0,0,0,0,0,0,12,9,12,10,11,11,11,11,11,12,11,14,10,14,9,14,9,15,8,15,8,14,8,14,7,14,8,13,8,13,8,12,8,12,9,12,9,11,10,11,10,11,11,11,11,11,11,11,11,10,11,10,0,0,46,31,45,29,46,29,43,27,42,26,39,22,38,20,38,18,39,15,39,13,38,10,38,9,36,8,36,6,37,5,36,4,35,7,34,6,35,6,34,7,33,6,28,7,27,8,27,8,27,10,26,9,24,9,22,12,0,0,0,0,0,0,0,0,0,0,0,0,0,0,52,19,53,25,51,29,50,33,48,36,46,37,47,42,47,44,46,48,43,49,41,52,40,50,38,50,39,48,36,47,35,47,36,44,36,41,39,40,40,40,42,38,44,36,46,36,46,36,48,35,47,33,46,32,50,31]"
618064724118100,46.273269700,91905,1899719818,-49,-98,6,0,1,7,0,0,256,0,0,"[0,0,11,-11,10,-12,9,-11,9,-11,8,-10,8,-10,7,-10,7,-10,6,-10,5,-10,5,-10,4,-10,4,-10,3,-10,3,-11,3,-10,3,-10,3,-10,4,-9,4,-9,4,-8,4,-8,4,-8,3,-7,4,-7,4,-7,0,0,0,0,0,0,0,0,0,0,0,0,0,0,0,0,0,0,0,0,0,0,9,-14,10,-13,11,-13,11,-12,13,-12,13,-11,15,-11,15,-10,15,-10,15,-10,15,-9,14,-9,14,-9,13,-9,13,-9,13,-9,12,-9,12,-10,11,-10,11,-11,11,-11,11,-11,12,-12,10,-12,11,-12,11,-12,0,0,39,-42,37,-41,38,-42,35,-37,31,-36,30,-37,29,-38,26,-37,24,-37,19,-35,19,-34,19,-38,12,-37,15,-37,13,-37,16,-37,11,-36,14,-35,14,-32,15,-32,16,-31,15,-31,15,-28,13,-26,14,-25,16,-22,16,-22,16,-21,0,0,0,0,0,0,0,0,0,0,0,0,0,0,25,-51,32,-48,36,-47,40,-47,43,-44,46,-42,48,-41,52,-39,56,-35,58,-34,59,-32,57,-32,53,-31,53,-30,51,-30,50,-30,51,-34,47,-32,48,-31,44,-33,44,-37,46,-36,43,-39,45,-41,42,-40,42,-43,39,-43,43,-42]"
618064742249900,46.291401500,91906,1899736616,-49,-98,6,0,1,7,0,0,256,0,0,"[0,0,11,10,10,10,10,9,10,9,10,8,10,8,10,7,9,6,9,5,9,5,9,5,9,5,9,4,9,3,9,3,9,3,9,3,9,3,9,3,8,3,8,3,8,3,7,4,6,4,6,4,6,4,0,0,0,0,0,0,0,0,0,0,0,0,0,0,0,0,0,0,0,0,0,0,12,9,12,10,12,10,11,12,11,12,10,13,11,14,10,14,10,14,8,15,8,15,7,14,7,14,7,14,8,13,9,12,8,12,9,12,9,12,10,11,10,11,11,10,11,11,11,11,11,11,11,10,0,0,48,30,47,29,44,29,42,25,41,22,41,21,41,21,41,18,40,13,38,11,38,11,38,7,38,8,36,7,39,4,36,4,35,5,37,3,37,3,35,7,34,6,32,8,29,7,27,10,28,8,26,10,24,12,22,13,0,0,0,0,0,0,0,0,0,0,0,0,0,0,54,18,53,21,53,27,51,30,52,34,49,34,47,41,49,44,47,45,43,49,43,50,42,53,39,49,39,48,37,46,38,44,38,44,39,40,41,40,40,38,43,36,43,35,45,37,46,34,50,33,49,34,51,31,49,30]"
618064768366700,46.317518300,91907,1899758915,-49,-98,6,0,1,7,0,0,256,0,0,"[0,0,12,9,12,8,11,8,11,7,10,7,11,7,10,6,10,5,10,4,10,4,10,3,10,3,9,3,9,3,10,2,9,2,9,2,9,2,9,2,9,2,8,3,8,3,7,3,7,3,6,3,6,3,0,0,0,0,0,0,0,0,0,0,0,0,0,0,0,0,0,0,0,0,0,0,14,6,13,8,13,8,13,9,13,10,13,11,12,12,12,13,11,13,11,13,10,13,10,13,9,13,9,12,10,12,10,11,10,11,10,10,11,10,11,10,12,10,12,9,12,9,12,10,12,9,13,9,0,0,44,34,46,32,41,28,42,28,39,26,40,26,40,23,37,19,38,19,39,15,37,14,36,12,36,11,36,10,38,9,35,9,36,9,36,11,35,7,34,8,32,11,30,11,29,12,25,12,25,13,23,12,23,15,20,15,0,0,0,0,0,0,0,0,0,0,0,0,0,0,56,15,54,20,52,26,52,28,52,32,48,33,51,40,49,42,49,44,46,48,44,49,43,50,38,48,39,48,37,47,37,45,38,44,40,41,41,39,42,41,41,40,44,37,46,37,45,35,49,37,47,34,47,34,48,33]"
618064782957800,46.332109400,91908,1899776656,-49,-98,6,0,1,7,0,0,256,0,0,"[0,0,-10,-11,-10,-11,-10,-10,-9,-10,-9,-10,-9,-8,-9,-8,-9,-8,-9,-7,-9,-6,-9,-5,-9,-5,-9,-5,-9,-5,-9,-4,-9,-4,-9,-4,-9,-4,-9,-4,-9,-5,-8,-4,-7,-5,-7,-5,-7,-4,-7,-4,-6,-5,0,0,0,0,0,0,0,0,0,0,0,0,0,0,0,0,0,0,0,0,0,0,-12,-10,-11,-11,-11,-12,-10,-12,-10,-13,-10,-14,-9,-15,-9,-15,-8,-15,-8,-15,-8,-15,-7,-14,-7,-14,-7,-14,-7,-14,-8,-13,-8,-13,-8,-13,-9,-12,-9,-12,-10,-12,-10,-12,-10,-12,-11,-12,-11,-11,-11,-11,0,0,-36,-46,-33,-45,-33,-42,-33,-39,-31,-37,-32,-35,-30,-34,-30,-30,-32,-29,-32,-24,-32,-23,-32,-23,-32,-22,-34,-20,-34,-18,-33,-19,-32,-20,-34,-20,-31,-17,-31,-20,-28,-19,-27,-19,-25,-20,-21,-19,-23,-21,-21,-20,-19,-20,-15,-20,0,0,0,0,0,0,0,0,0,0,0,0,0,0,-45,-34,-41,-40,-41,-45,-39,-47,-36,-47,-34,-51,-35,-55,-32,-56,-29,-59,-29,-60,-25,-63,-23,-60,-22,-58,-21,-57,-18,-57,-21,-55,-24,-56,-23,-51,-26,-51,-29,-50,-28,-49,-30,-49,-31,-47,-35,-49,-34,-47,-34,-46,-34,-48,-37,-48]"
618064802547800,46.351699400,91909,1899796535,-49,-98,6,0,1,7,0,0,256,0,0,"[0,0,2,-15,1,-16,1,-15,1,-14,1,-14,0,-13,-1,-13,-1,-13,-1,-12,-2,-11,-2,-11,-2,-11,-3,-11,-3,-11,-3,-11,-3,-10,-3,-10,-3,-10,-3,-9,-3,-10,-3,-10,-3,-9,-2,-9,-1,-9,-1,-8,-1,-8,0,0,0,0,0,0,0,0,0,0,0,0,0,0,0,0,0,0,0,0,0,0,1,-17,2,-17,3,-17,3,-17,4,-17,6,-17,6,-17,7,-17,7,-17,7,-16,8,-16,8,-15,7,-15,7,-15,6,-15,6,-15,6,-15,5,-15,4,-16,3,-16,3,-16,3,-16,3,-16,3,-16,2,-16,2,-17,0,0,4,-27,3,-29,3,-27,3,-25,2,-24,1,-24,0,-22,-1,-23,-1,-21,-3,-20,-4,-20,-5,-20,-5,-19,-4,-18,-6,-19,-6,-18,-6,-18,-6,-17,-5,-17,-5,-16,-4,-17,-4,-17,-3,-16,-2,-15,-2,-14,-2,-13,-1,-14,1,-14,0,0,0,0,0,0,0,0,0,0,0,0,0,0,-2,-29,0,-30,2,-29,4,-29,6,-31,7,-30,9,-32,9,-30,12,-30,14,-30,15,-29,15,-30,14,-28,14,-27,14,-27,13,-26,12,-27,11,-26,10,-26,9,-27,8,-27,7,-27,6,-28,6,-29,5,-29,5,-30,5,-29,5,-29]"
618064825453200,46.374604800,91910,1899825143,-50,-98,6,0,1,6,0,0,256,0,0,"[0,0,12,7,12,7,12,6,11,6,12,5,11,5,10,4,10,3,10,3,10,2,10,2,10,1,10,1,10,0,9,0,10,0,9,0,9,0,9,0,9,1,9,1,8,2,8,1,8,2,7,1,7,2,0,0,0,0,0,0,0,0,0,0,0,0,0,0,0,0,0,0,0,0,0,0,14,6,14,7,13,8,13,8,13,9,14,10,13,11,12,11,12,12,11,12,11,12,11,11,11,11,10,11,10,11,11,9,11,10,11,9,11,9,12,8,12,8,12,8,13,7,13,7,13,7,13,7,0,0,49,28,46,26,45,27,44,24,45,22,42,19,41,18,40,15,39,13,39,10,38,8,38,6,39,5,38,3,37,3,39,3,36,3,37,3,37,3,36,5,34,5,31,6,30,6,30,8,28,8,27,8,23,12,24,13,0,0,0,0,0,0,0,0,0,0,0,0,0,0,56,15,53,23,53,24,55,27,52,31,52,34,51,38,53,43,50,44,49,47,46,47,44,47,43,48,43,45,41,45,40,43,41,42,41,38,43,39,43,37,45,36,48,34,47,33,49,32,50,31,50,30,51,30,51,28]"
618064853876600,46.403028200,91911,1899843533,-50,-98,6,0,1,7,0,0,256,0,0,"[0,0,-12,-10,-12,-10,-12,-10,-11,-9,-11,-9,-11,-8,-11,-7,-10,-7,-11,-5,-10,-5,-10,-5,-10,-4,-10,-4,-10,-3,-10,-3,-10,-3,-10,-3,-10,-3,-10,-3,-10,-3,-9,-3,-9,-3,-9,-3,-8,-4,-8,-3,-8,-4,0,0,0,0,0,0,0,0,0,0,0,0,0,0,0,0,0,0,0,0,0,0,-14,-10,-13,-11,-13,-12,-12,-12,-12,-14,-12,-14,-12,-15,-11,-15,-11,-15,-10,-15,-10,-15,-9,-15,-9,-14,-9,-14,-9,-14,-10,-13,-10,-13,-11,-12,-11,-12,-11,-12,-12,-11,-12,-11,-13,-11,-12,-11,-13,-11,-12,-10,0,0,-38,-41,-38,-39,-38,-38,-38,-34,-37,-33,-36,-33,-34,-29,-34,-27,-34,-24,-35,-21,-36,-16,-35,-17,-35,-15,-36,-16,-35,-14,-38,-14,-35,-12,-35,-14,-35,-14,-32,-14,-32,-15,-29,-16,-27,-15,-29,-15,-27,-14,-25,-16,-22,-16,-20,-19,0,0,0,0,0,0,0,0,0,0,0,0,0,0,-51,-32,-49,-36,-45,-40,-42,-44,-41,-46,-40,-50,-39,-52,-36,-57,-34,-59,-31,-62,-29,-60,-27,-61,-29,-61,-26,-58,-25,-56,-26,-55,-28,-54,-28,-51,-30,-52,-32,-48,-33,-48,-35,-48,-36,-48,-37,-45,-38,-47,-41,-45,-41,-43,-43,-45]"
618064866350300,46.415501900,91912,1899856487,-50,-98,6,0,1,7,0,0,256,0,0,"[0,0,-1,14,-1,14,-1,13,-1,13,0,13,0,12,0,11,1,11,1,10,1,10,2,10,2,9,3,9,3,9,3,9,3,9,3,9,3,9,3,8,2,8,2,8,2,8,2,8,1,8,1,7,0,7,0,0,0,0,0,0,0,0,0,0,0,0,0,0,0,0,0,0,0,0,0,0,1,15,0,15,-1,16,-2,16,-2,17,-3,17,-5,17,-5,17,-6,16,-6,16,-6,16,-6,15,-6,15,-6,14,-5,14,-4,14,-4,14,-4,14,-3,15,-3,15,-2,15,-2,15,-2,16,-1,15,-2,15,-2,15,0,0,-1,27,1,28,1,25,1,24,1,24,4,22,3,22,3,21,5,19,5,18,6,18,7,17,6,17,8,16,8,16,8,15,8,16,7,15,8,15,7,16,7,15,5,15,5,15,3,13,3,13,2,12,1,14,1,12,0,0,0,0,0,0,0,0,0,0,0,0,0,0,9,28,6,29,4,28,4,29,1,32,0,29,-2,33,-4,31,-5,33,-6,33,-7,31,-8,32,-9,30,-10,29,-9,28,-8,28,-6,28,-6,28,-5,27,-4,29,-3,27,-1,28,0,28,-1,29,0,30,0,29,1,29,1,28]"
618064881591600,46.430743200,91913,1899876499,-50,-98,6,0,1,7,0,0,256,0,0,"[0,0,15,3,13,3,13,2,13,2,12,2,11,2,11,1,11,0,11,0,10,-1,10,-2,10,-2,9,-2,9,-2,9,-2,9,-2,9,-2,9,-2,9,-2,9,-2,8,-2,8,-1,7,-1,7,-1,7,-1,7,0,0,0,0,0,0,0,0,0,0,0,0,0,0,0,0,0,0,0,0,0,0,0,16,0,16,1,16,2,15,3,16,4,17,5,16,6,16,7,16,8,15,8,15,7,14,7,14,8,14,7,13,7,14,6,14,6,14,5,14,5,14,4,14,4,14,4,15,4,15,3,15,3,15,2,0,0,26,6,26,5,25,5,23,4,23,3,22,1,21,1,20,1,20,-1,19,-1,19,-2,17,-3,19,-4,18,-4,17,-5,18,-5,16,-5,18,-4,17,-4,17,-4,16,-3,15,-3,14,-2,14,-2,14,-1,13,0,13,0,13,1,0,0,0,0,0,0,0,0,0,0,0,0,0,0,29,-3,29,0,30,2,30,4,29,5,30,7,30,9,32,11,31,12,30,14,30,14,28,15,28,16,27,15,26,15,25,13,25,13,25,11,26,11,26,10,27,9,27,8,27,8,28,6,27,7,28,6,28,6,28,5]"
618064902317100,46.451468700,91914,1899898758,-50,-98,6,0,1,7,0,0,256,0,0,"[0,0,9,11,9,11,8,10,9,10,8,9,8,8,8,7,9,7,8,6,8,6,8,5,8,5,8,4,9,4,9,4,8,3,9,4,8,3,8,3,8,4,8,3,7,4,6,4,6,4,6,4,6,4,0,0,0,0,0,0,0,0,0,0,0,0,0,0,0,0,0,0,0,0,0,0,11,11,11,12,11,13,10,13,10,15,9,15,9,15,8,16,7,16,7,17,6,16,6,15,6,15,6,15,6,14,7,14,7,13,8,13,8,13,9,13,9,12,9,12,10,12,9,13,9,12,10,11,0,0,17,22,17,21,16,19,17,19,16,17,16,16,16,15,16,14,16,12,17,11,16,10,16,9,16,8,16,9,17,7,16,7,17,7,16,6,16,7,15,7,15,7,13,8,12,8,12,8,12,7,11,8,10,9,9,9,0,0,0,0,0,0,0,0,0,0,0,0,0,0,25,17,23,20,22,21,21,22,21,24,19,24,20,28,18,29,18,29,16,31,14,30,13,32,12,30,12,29,11,29,11,28,12,26,13,27,13,25,14,25,15,24,16,24,16,24,18,23,18,24,18,24,18,23,18,22]"
618064922480500,46.471632100,91915,1899916619,-51,-98,6,0,1,7,0,0,256,0,0,"[0,0,-3,14,-2,13,-2,13,-2,12,-1,12,-1,12,-1,11,0,11,0,10,1,9,1,9,2,9,2,9,3,9,2,8,3,9,3,8,2,8,2,8,1,8,2,8,1,8,2,7,1,7,1,6,1,7,0,0,0,0,0,0,0,0,0,0,0,0,0,0,0,0,0,0,0,0,0,0,0,16,-1,17,-2,16,-3,17,-4,17,-5,17,-6,16,-7,17,-8,16,-7,16,-7,15,-7,15,-7,15,-6,15,-6,15,-6,13,-6,15,-5,14,-4,14,-4,14,-4,15,-3,15,-3,14,-2,15,-2,15,-2,15,0,0,4,27,4,26,4,25,4,23,5,23,5,21,6,20,6,19,6,19,7,17,8,16,8,16,9,15,10,15,10,14,9,14,10,14,10,14,9,13,9,14,8,13,8,13,7,12,6,12,6,12,5,12,4,12,3,12,0,0,0,0,0,0,0,0,0,0,0,0,0,0,13,25,10,28,8,29,7,30,4,30,3,30,2,32,0,33,-1,33,-2,34,-4,33,-4,32,-5,31,-4,30,-5,30,-4,29,-3,30,-3,27,-3,28,-2,28,0,28,1,28,2,28,2,29,3,28,4,28,4,28,4,28]"
618064942913700,46.492065300,91916,1899936523,-51,-98,6,0,1,7,0,0,256,0,0,"[0,0,-9,12,-8,12,-7,12,-7,11,-6,11,-6,10,-5,10,-4,10,-4,10,-4,9,-3,9,-2,9,-2,9,-2,9,-1,9,-1,9,-1,9,-1,9,-1,8,-2,8,-2,8,-2,8,-1,7,-2,7,-2,7,-2,6,0,0,0,0,0,0,0,0,0,0,0,0,0,0,0,0,0,0,0,0,0,0,-8,15,-9,15,-10,14,-11,15,-11,14,-13,14,-13,13,-14,12,-14,12,-14,11,-14,11,-14,11,-13,10,-13,10,-12,10,-11,10,-12,11,-11,11,-11,12,-10,12,-10,12,-10,12,-10,12,-9,13,-9,13,-9,12,0,0,-18,52,-17,50,-16,48,-14,47,-12,45,-9,42,-8,42,-6,40,-4,40,-2,39,-1,37,1,36,3,35,4,34,5,35,5,34,6,32,6,33,6,33,4,32,4,31,3,30,2,28,1,27,1,27,-1,26,-1,26,-4,24,0,0,0,0,0,0,0,0,0,0,0,0,0,0,-3,59,-11,59,-15,57,-18,59,-21,60,-23,57,-28,60,-31,59,-33,58,-37,57,-39,55,-39,55,-39,51,-39,50,-37,49,-36,48,-33,49,-31,49,-29,48,-29,51,-25,50,-24,52,-22,52,-22,54,-22,54,-20,54,-19,54,-19,53]"
618064961990300,46.511141900,91917,1899956556,-51,-98,6,0,1,7,0,0,256,0,0,"[0,0,14,4,13,3,13,3,12,2,12,3,11,2,11,1,11,1,10,0,10,-1,10,-1,9,-2,9,-2,9,-2,9,-3,9,-3,8,-2,9,-3,8,-3,8,-2,8,-2,7,-2,7,-2,7,-1,7,-1,7,-1,0,0,0,0,0,0,0,0,0,0,0,0,0,0,0,0,0,0,0,0,0,0,16,3,17,4,16,5,16,6,16,7,17,8,16,9,16,10,15,10,14,10,14,10,14,10,14,10,13,9,13,9,13,8,14,7,14,7,14,7,14,6,14,6,15,5,15,5,15,4,15,4,15,4,0,0,27,-1,26,-3,25,-3,24,-3,23,-4,22,-4,21,-5,20,-5,19,-6,18,-7,17,-8,16,-8,15,-9,15,-9,15,-10,15,-10,14,-10,14,-9,14,-9,13,-9,13,-8,12,-8,12,-7,12,-7,11,-6,11,-6,12,-5,12,-4,0,0,0,0,0,0,0,0,0,0,0,0,0,0,27,-10,29,-7,29,-5,30,-3,31,-3,31,-1,32,1,34,3,34,4,34,6,33,6,32,8,32,7,30,8,29,7,28,6,28,6,29,4,28,4,28,4,28,2,28,0,29,1,29,-1,29,-1,29,-1,28,-2,28,-3]"
618064984133900,46.533285500,91918,1899976573,-50,-98,6,0,1,7,0,0,256,0,0,"[0,0,3,-15,2,-15,2,-14,2,-13,1,-13,1,-12,0,-12,0,-12,-1,-11,-1,-11,-1,-10,-2,-10,-2,-10,-3,-10,-3,-10,-3,-9,-3,-9,-3,-9,-3,-9,-3,-9,-3,-8,-2,-8,-2,-8,-2,-8,-2,-8,-1,-7,0,0,0,0,0,0,0,0,0,0,0,0,0,0,0,0,0,0,0,0,0,0,2,-17,3,-17,3,-17,4,-17,5,-18,6,-18,7,-18,8,-17,8,-17,8,-16,9,-16,8,-15,8,-15,8,-15,7,-15,6,-15,6,-15,6,-15,5,-15,4,-16,4,-16,3,-16,3,-16,3,-16,3,-15,3,-16,0,0,10,-24,11,-25,10,-23,10,-23,8,-22,6,-21,5,-21,5,-21,4,-20,3,-19,3,-19,1,-18,0,-19,-1,-17,-1,-18,0,-17,-2,-17,-1,-16,-1,-16,-2,-16,0,-15,0,-15,0,-16,0,-14,0,-13,1,-13,3,-13,3,-12,0,0,0,0,0,0,0,0,0,0,0,0,0,0,4,-32,8,-31,11,-31,11,-29,14,-31,15,-28,18,-30,18,-28,18,-30,21,-28,22,-28,23,-27,23,-25,22,-23,21,-23,21,-23,18,-23,19,-23,17,-23,17,-24,15,-24,14,-26,14,-26,13,-27,14,-27,13,-27,13,-27,12,-26]"
618065004319200,46.553470800,91919,1899996655,-50,-98,6,0,1,7,0,0,256,0,0,"[0,0,-9,12,-9,12,-8,11,-7,11,-7,11,-7,10,-6,10,-5,10,-5,9,-4,9,-3,9,-2,9,-2,9,-2,9,-2,9,-1,9,-1,9,-1,9,-1,8,-1,8,-2,8,-2,7,-2,7,-2,7,-2,7,-2,6,0,0,0,0,0,0,0,0,0,0,0,0,0,0,0,0,0,0,0,0,0,0,-9,15,-10,14,-11,14,-12,14,-13,14,-14,13,-15,13,-16,12,-16,11,-15,11,-15,11,-15,10,-14,10,-13,10,-13,10,-13,10,-12,11,-12,11,-12,11,-11,12,-11,12,-11,12,-10,13,-10,13,-9,13,-9,13,0,0,-50,28,-46,27,-43,26,-40,27,-38,26,-34,24,-33,25,-31,26,-28,24,-28,27,-24,26,-23,29,-20,28,-18,30,-18,28,-17,28,-16,27,-17,29,-18,26,-16,24,-16,25,-17,24,-14,23,-14,22,-14,19,-15,18,-17,17,-16,18,0,0,0,0,0,0,0,0,0,0,0,0,0,0,-45,45,-49,41,-53,36,-56,36,-57,32,-62,31,-63,28,-67,23,-67,20,-68,17,-70,15,-66,14,-64,15,-65,13,-63,15,-60,14,-62,17,-53,15,-56,18,-56,20,-55,21,-53,23,-54,25,-53,28,-52,26,-50,27,-51,31,-50,29]"
618065023816800,46.572968400,91920,1900016562,-50,-98,6,0,1,7,0,0,256,0,0,"[0,0,-14,6,-14,6,-13,5,-12,5,-12,5,-11,6,-11,6,-10,6,-9,6,-9,6,-8,6,-8,6,-8,6,-7,6,-7,7,-6,7,-6,7,-6,6,-6,6,-6,6,-6,6,-6,5,-6,5,-6,4,-6,4,-6,4,0,0,0,0,0,0,0,0,0,0,0,0,0,0,0,0,0,0,0,0,0,0,-15,8,-16,8,-16,7,-17,6,-17,5,-18,5,-19,4,-19,3,-19,3,-19,2,-18,1,-18,1,-17,1,-17,1,-17,2,-16,3,-16,3,-16,3,-16,4,-15,5,-15,5,-15,5,-15,5,-15,6,-15,6,-15,6,0,0,-29,0,-26,0,-26,0,-25,0,-23,1,-23,2,-21,3,-20,4,-20,3,-19,4,-18,5,-16,5,-16,6,-16,7,-16,8,-16,7,-15,7,-14,7,-14,7,-15,7,-14,6,-12,5,-13,5,-13,4,-12,3,-12,3,-12,3,-12,2,0,0,0,0,0,0,0,0,0,0,0,0,0,0,-30,8,-31,5,-32,3,-31,0,-33,0,-32,-1,-34,-4,-35,-6,-34,-7,-34,-10,-34,-9,-33,-10,-32,-11,-31,-11,-30,-9,-28,-9,-28,-8,-29,-6,-29,-5,-29,-6,-29,-4,-29,-3,-29,-2,-30,-1,-30,-3,-29,-2,-29,-2,-29,-1]"
618065043298500,46.592450100,91921,1900036527,-51,-98,6,0,1,7,0,0,256,0,0,"[0,0,-12,10,-10,10,-10,10,-10,10,-9,10,-8,9,-7,9,-6,9,-6,9,-6,9,-5,9,-4,9,-4,8,-4,8,-3,9,-3,9,-3,8,-3,8,-3,8,-3,8,-4,8,-3,7,-3,7,-3,6,-4,6,-4,5,0,0,0,0,0,0,0,0,0,0,0,0,0,0,0,0,0,0,0,0,0,0,-11,13,-12,13,-13,13,-14,12,-15,12,-16,11,-16,11,-17,10,-17,10,-17,9,-17,8,-16,8,-16,8,-15,8,-14,8,-14,9,-13,9,-13,9,-13,9,-12,10,-13,11,-12,11,-12,11,-12,11,-12,11,-11,11,0,0,-8,26,-6,26,-6,25,-5,24,-5,23,-4,22,-3,21,-2,19,-2,19,0,19,1,18,2,18,2,17,3,17,3,17,3,16,3,16,3,16,3,15,2,15,2,14,2,14,2,13,1,13,1,13,0,12,0,12,-2,12,0,0,0,0,0,0,0,0,0,0,0,0,0,0,1,28,-1,31,-5,29,-8,30,-8,31,-9,29,-12,32,-13,31,-15,31,-17,30,-18,29,-18,29,-17,28,-17,27,-16,26,-15,26,-15,26,-13,26,-13,26,-12,27,-11,26,-10,27,-10,27,-9,28,-9,28,-7,28,-7,28,-7,28]"
618065062812400,46.611964000,91922,1900056815,-51,-98,6,0,1,7,0,0,256,0,0,"[0,0,-9,12,-8,12,-8,11,-8,11,-7,10,-6,10,-6,10,-5,9,-5,10,-4,9,-4,9,-3,9,-3,9,-2,9,-2,9,-2,8,-2,8,-2,8,-2,8,-3,7,-3,7,-3,7,-3,7,-3,6,-3,6,-3,5,0,0,0,0,0,0,0,0,0,0,0,0,0,0,0,0,0,0,0,0,0,0,-8,14,-9,14,-9,14,-10,14,-11,14,-12,14,-13,13,-14,13,-14,12,-14,11,-14,11,-14,10,-13,10,-13,10,-12,11,-12,10,-11,11,-11,11,-11,11,-10,12,-10,12,-10,12,-10,13,-10,13,-9,13,-9,12,0,0,-8,57,-4,55,-6,53,-4,49,-3,49,-2,46,0,43,1,42,3,40,6,39,6,37,9,37,9,35,10,35,10,33,10,33,10,32,10,33,10,31,9,31,7,30,6,28,6,27,5,26,4,26,3,25,1,24,-1,23,0,0,0,0,0,0,0,0,0,0,0,0,0,0,13,57,7,59,3,60,-1,61,-5,62,-8,62,-11,64,-15,66,-17,64,-21,65,-24,63,-23,63,-24,61,-23,59,-22,57,-21,56,-21,57,-18,54,-17,56,-17,55,-13,57,-12,56,-10,58,-10,60,-6,59,-6,59,-5,59,-5,58]"
618065083284400,46.632436000,91923,1900078151,-50,-98,6,0,1,7,0,0,256,0,0,"[0,0,0,15,1,14,1,14,1,13,1,13,1,12,2,12,2,11,2,10,2,10,3,9,3,9,4,9,4,8,4,8,4,8,4,8,4,8,4,8,3,7,3,7,3,7,2,7,2,7,1,7,1,6,0,0,0,0,0,0,0,0,0,0,0,0,0,0,0,0,0,0,0,0,0,0,2,15,1,16,1,17,0,17,-1,17,-2,17,-3,17,-4,17,-4,17,-4,17,-5,17,-5,16,-4,16,-4,15,-3,15,-3,15,-3,14,-2,15,-2,15,-1,15,-1,16,0,15,0,16,1,16,1,16,1,15,0,0,3,28,2,26,3,26,3,24,5,24,4,21,5,21,5,19,7,18,7,18,7,17,7,17,8,17,8,16,7,14,8,14,8,14,8,15,9,14,7,14,6,13,5,14,4,12,3,12,4,12,4,11,3,11,2,12,0,0,0,0,0,0,0,0,0,0,0,0,0,0,10,26,7,28,6,29,4,30,2,30,0,30,-1,32,-2,31,-5,32,-5,33,-7,32,-6,31,-6,30,-6,29,-6,29,-6,29,-5,30,-5,26,-4,29,-2,27,-1,27,-1,28,0,28,0,29,2,27,2,28,3,30,3,28]"
618065102411600,46.651563200,91924,1900096691,-50,-98,6,0,1,7,0,0,256,0,0,"[0,0,-12,10,-11,9,-11,9,-10,9,-10,9,-9,9,-9,9,-8,9,-8,8,-7,9,-6,8,-5,9,-5,9,-5,8,-5,9,-5,8,-5,8,-5,8,-5,8,-5,7,-5,7,-5,6,-5,7,-4,6,-5,5,-5,5,0,0,0,0,0,0,0,0,0,0,0,0,0,0,0,0,0,0,0,0,0,0,-11,11,-13,11,-13,10,-14,10,-15,10,-16,9,-16,8,-17,7,-16,7,-16,7,-17,6,-16,7,-15,6,-15,6,-15,7,-14,7,-14,7,-14,7,-14,8,-13,8,-13,9,-12,9,-13,10,-12,10,-12,10,-12,10,0,0,-21,19,-19,21,-19,20,-19,19,-16,18,-16,18,-15,17,-14,17,-12,18,-10,17,-9,18,-9,17,-7,17,-8,16,-7,17,-7,16,-6,17,-7,17,-7,15,-8,15,-8,14,-7,13,-7,13,-7,12,-7,11,-8,10,-9,11,-9,10,0,0,0,0,0,0,0,0,0,0,0,0,0,0,-15,26,-17,24,-18,22,-21,21,-22,22,-22,21,-25,20,-27,19,-28,17,-30,16,-29,16,-30,16,-29,15,-28,14,-27,15,-25,14,-25,14,-25,16,-25,16,-24,16,-23,18,-22,19,-22,19,-21,20,-22,20,-22,21,-21,21,-21,21]"
618065125385000,46.674536600,91925,1900116894,-50,-98,6,0,1,7,0,0,256,0,0,"[0,0,-12,-10,-12,-10,-11,-9,-11,-9,-11,-8,-10,-8,-10,-7,-10,-7,-10,-6,-10,-5,-10,-5,-10,-5,-10,-4,-10,-4,-10,-3,-10,-3,-9,-4,-9,-3,-9,-3,-9,-4,-9,-4,-8,-4,-8,-4,-7,-4,-7,-4,-7,-4,0,0,0,0,0,0,0,0,0,0,0,0,0,0,0,0,0,0,0,0,0,0,-13,-9,-13,-9,-13,-10,-12,-11,-12,-12,-12,-13,-12,-13,-11,-14,-11,-14,-10,-15,-10,-14,-9,-14,-9,-14,-9,-13,-9,-13,-10,-12,-10,-12,-10,-12,-10,-11,-11,-11,-11,-11,-12,-11,-12,-11,-12,-11,-12,-10,-12,-10,0,0,-52,-30,-48,-27,-50,-28,-45,-23,-44,-23,-43,-22,-42,-19,-42,-17,-39,-16,-40,-9,-40,-9,-38,-9,-38,-7,-39,-5,-38,-4,-37,-5,-36,-5,-37,-6,-36,-7,-37,-6,-34,-7,-31,-8,-29,-8,-27,-7,-27,-9,-26,-10,-23,-11,-22,-12,0,0,0,0,0,0,0,0,0,0,0,0,0,0,-55,-14,-55,-20,-54,-24,-54,-29,-50,-31,-50,-35,-50,-39,-51,-43,-48,-45,-47,-46,-44,-49,-43,-48,-44,-46,-42,-44,-42,-44,-40,-43,-42,-42,-43,-39,-42,-38,-44,-35,-47,-36,-48,-34,-47,-35,-51,-35,-52,-31,-51,-29,-54,-29,-51,-31]"
618065142539600,46.691691200,91926,1900136330,-50,-98,6,0,1,7,0,0,256,0,0,"[0,0,12,8,11,8,11,7,11,7,11,6,10,6,10,5,10,5,10,4,10,3,10,3,10,2,10,2,9,2,10,2,10,1,9,2,9,1,9,2,9,2,8,2,8,2,7,3,7,2,7,3,6,3,0,0,0,0,0,0,0,0,0,0,0,0,0,0,0,0,0,0,0,0,0,0,13,6,12,8,13,9,12,9,13,10,12,11,12,12,11,12,11,13,11,13,10,13,10,12,9,12,10,11,9,11,10,11,10,10,11,10,11,10,11,9,12,9,12,8,13,9,12,9,13,8,13,8,0,0,46,38,44,34,43,35,41,31,40,30,39,26,41,25,37,22,41,20,37,16,38,15,37,12,38,14,37,11,38,10,39,10,35,10,35,12,35,12,35,11,32,11,32,13,29,11,27,13,26,15,26,14,21,15,20,16,0,0,0,0,0,0,0,0,0,0,0,0,0,0,49,23,51,31,51,32,50,35,46,38,45,39,44,45,47,48,43,52,42,53,40,53,35,53,35,52,35,52,36,48,34,49,36,48,35,44,38,45,39,43,40,41,41,38,45,40,46,39,45,39,46,36,48,38,50,38]"
618065164451500,46.713603100,91927,1900156668,-50,-98,6,0,1,7,0,0,256,0,0,"[0,0,13,-8,12,-8,12,-8,11,-7,11,-8,10,-8,9,-8,9,-8,8,-8,8,-8,7,-8,6,-8,6,-9,6,-9,6,-9,6,-9,5,-8,6,-9,5,-8,6,-8,6,-7,6,-7,5,-7,5,-6,6,-6,6,-6,0,0,0,0,0,0,0,0,0,0,0,0,0,0,0,0,0,0,0,0,0,0,12,-9,13,-9,13,-8,14,-8,14,-8,16,-7,16,-6,16,-5,16,-5,16,-4,16,-4,16,-4,15,-4,15,-4,15,-5,14,-5,14,-5,13,-6,14,-7,13,-7,13,-7,13,-8,13,-8,13,-8,13,-8,13,-9,0,0,26,-11,25,-13,25,-13,24,-12,22,-12,22,-12,20,-12,19,-12,19,-12,17,-12,16,-13,15,-14,15,-14,13,-15,13,-15,13,-14,12,-15,14,-15,13,-14,13,-13,13,-13,12,-11,12,-10,12,-11,12,-9,12,-8,13,-8,13,-6,0,0,0,0,0,0,0,0,0,0,0,0,0,0,22,-18,24,-16,25,-14,26,-13,27,-13,28,-11,30,-10,31,-7,32,-8,33,-6,31,-5,32,-3,31,-3,31,-2,30,-3,29,-4,28,-5,28,-6,27,-7,28,-8,28,-8,27,-10,28,-10,27,-12,29,-11,28,-12,27,-12,28,-11]"
618065184874800,46.734026400,91928,1900180073,-50,-98,6,0,1,7,0,0,256,0,0,"[0,0,-7,-14,-7,-14,-7,-13,-7,-13,-7,-12,-7,-12,-7,-11,-7,-10,-7,-9,-7,-9,-8,-8,-8,-8,-8,-8,-8,-8,-8,-7,-8,-7,-8,-7,-8,-7,-8,-8,-7,-7,-7,-7,-6,-8,-6,-8,-6,-7,-6,-7,-5,-7,0,0,0,0,0,0,0,0,0,0,0,0,0,0,0,0,0,0,0,0,0,0,-9,-13,-9,-14,-8,-14,-8,-15,-7,-16,-6,-17,-5,-17,-4,-17,-4,-17,-4,-17,-4,-17,-4,-16,-4,-16,-4,-16,-4,-16,-5,-15,-5,-15,-5,-15,-6,-15,-6,-15,-6,-15,-7,-15,-7,-14,-8,-15,-8,-15,-8,-14,0,0,-12,-26,-12,-26,-13,-25,-12,-23,-12,-22,-12,-22,-12,-20,-13,-20,-13,-18,-13,-16,-14,-16,-15,-15,-14,-14,-15,-14,-15,-13,-15,-13,-15,-13,-14,-13,-14,-14,-13,-13,-13,-13,-11,-13,-11,-13,-11,-12,-10,-13,-8,-13,-8,-13,-7,-13,0,0,0,0,0,0,0,0,0,0,0,0,0,0,-18,-21,-17,-24,-16,-24,-14,-26,-13,-28,-11,-28,-11,-29,-10,-30,-9,-31,-8,-32,-6,-32,-4,-32,-5,-31,-5,-30,-5,-29,-5,-28,-6,-29,-7,-27,-8,-28,-8,-28,-10,-28,-10,-27,-10,-28,-12,-28,-12,-27,-13,-28,-13,-28,-13,-28]"
618065206668500,46.755820100,91929,1900198624,-50,-98,6,0,1,7,0,0,256,0,0,"[0,0,2,-15,1,-15,2,-15,1,-14,1,-14,0,-13,-1,-13,-1,-13,-1,-12,-1,-12,-2,-11,-2,-11,-3,-11,-3,-11,-2,-11,-3,-11,-3,-10,-3,-10,-3,-11,-2,-10,-2,-10,-1,-10,-1,-10,-1,-9,0,-9,0,-9,0,0,0,0,0,0,0,0,0,0,0,0,0,0,0,0,0,0,0,0,0,0,-1,-15,0,-16,1,-16,1,-16,3,-17,4,-17,4,-17,5,-17,6,-16,6,-16,6,-15,6,-15,6,-15,5,-15,5,-15,4,-14,4,-15,4,-15,3,-15,2,-16,2,-16,2,-16,2,-16,2,-16,2,-16,2,-16,0,0,9,-27,9,-28,7,-26,7,-26,6,-24,5,-24,5,-24,4,-23,2,-21,2,-21,0,-21,0,-21,-1,-21,-1,-20,-2,-21,-2,-20,-2,-20,-1,-20,-1,-19,-1,-19,-1,-18,0,-18,2,-18,1,-17,2,-16,2,-15,4,-16,4,-14,0,0,0,0,0,0,0,0,0,0,0,0,0,0,0,-28,3,-28,5,-27,6,-27,9,-29,9,-28,12,-30,14,-28,14,-29,17,-28,16,-27,18,-27,17,-26,16,-25,17,-24,16,-24,14,-23,14,-25,13,-25,14,-26,12,-26,11,-28,11,-27,10,-28,10,-29,10,-29,10,-29,10,-28]"
618065225124000,46.774275600,91930,1900217295,-50,-98,6,0,1,7,0,0,256,0,0,"[0,0,-16,-1,-15,-2,-14,-2,-14,-1,-14,-1,-13,0,-12,0,-12,1,-12,1,-11,2,-11,2,-11,2,-11,2,-10,3,-10,3,-10,4,-10,3,-10,3,-10,3,-10,3,-10,2,-10,2,-9,2,-9,1,-9,1,-9,1,0,0,0,0,0,0,0,0,0,0,0,0,0,0,0,0,0,0,0,0,0,0,-16,-1,-16,-2,-16,-3,-16,-4,-16,-5,-16,-5,-17,-6,-16,-7,-16,-7,-16,-8,-15,-8,-15,-7,-15,-7,-14,-7,-14,-6,-15,-5,-15,-5,-15,-5,-15,-4,-15,-4,-15,-4,-16,-3,-16,-3,-16,-2,-16,-2,-16,-2,0,0,-30,-1,-28,0,-27,-1,-27,0,-25,1,-24,2,-24,2,-22,3,-22,4,-21,5,-20,5,-19,6,-20,7,-19,7,-19,7,-19,8,-19,8,-18,8,-18,8,-19,7,-17,5,-17,6,-17,5,-16,4,-16,3,-15,3,-16,2,-15,0,0,0,0,0,0,0,0,0,0,0,0,0,0,0,-28,7,-29,4,-30,1,-31,0,-30,-2,-29,-4,-31,-4,-33,-6,-32,-9,-32,-9,-32,-11,-32,-10,-30,-11,-30,-11,-29,-10,-28,-9,-28,-9,-28,-8,-27,-8,-29,-6,-28,-4,-29,-4,-29,-3,-30,-3,-30,-1,-29,-1,-30,-1,-31,-1]"
618065241907700,46.791059300,91931,1900236386,-50,-98,6,0,1,7,0,0,256,0,0,"[0,0,15,0,14,0,13,0,14,-1,13,-1,12,-1,12,-1,11,-2,11,-2,11,-3,10,-3,10,-3,9,-4,9,-4,10,-5,9,-5,10,-5,9,-4,9,-4,9,-4,9,-4,9,-3,9,-3,8,-3,8,-2,8,-2,0,0,0,0,0,0,0,0,0,0,0,0,0,0,0,0,0,0,0,0,0,0,15,-2,15,-1,15,0,15,1,16,2,16,2,16,4,16,5,16,5,16,5,15,5,15,5,14,5,14,4,14,4,14,3,14,3,15,2,14,2,15,2,15,2,15,1,16,1,15,0,15,0,15,0,0,0,28,3,27,1,27,1,25,1,24,0,24,-1,22,-1,22,-2,20,-3,21,-4,20,-5,19,-6,19,-7,18,-8,19,-7,19,-7,18,-8,18,-8,18,-6,18,-7,18,-5,17,-5,16,-4,15,-4,15,-4,16,-2,15,-2,15,0,0,0,0,0,0,0,0,0,0,0,0,0,0,0,26,-7,27,-4,28,-2,28,0,29,1,29,3,30,5,30,6,31,8,31,10,30,10,28,11,29,11,28,10,27,10,26,9,26,9,27,8,27,8,27,7,27,6,27,4,27,4,29,3,29,3,29,2,30,1,29,2]"
618065262181700,46.811333300,91932,1900257260,-49,-98,6,0,1,7,0,0,256,0,0,"[0,0,0,15,1,14,1,14,1,13,1,13,2,12,2,12,2,11,3,11,3,10,3,10,4,10,4,10,4,9,5,9,5,9,5,9,5,9,4,9,3,9,4,9,3,9,3,9,2,8,2,8,1,8,0,0,0,0,0,0,0,0,0,0,0,0,0,0,0,0,0,0,0,0,0,0,3,14,2,15,2,15,1,16,0,16,-1,17,-2,17,-3,17,-3,16,-4,16,-4,16,-4,16,-4,15,-3,15,-3,15,-3,14,-2,15,-2,15,-1,15,-1,15,0,15,0,15,0,15,1,16,1,15,1,15,0,0,1,28,2,28,2,27,3,26,4,25,4,22,4,22,5,21,5,19,6,19,8,17,8,18,8,18,9,17,10,16,9,16,10,17,10,16,9,17,8,17,7,17,6,17,6,16,6,16,5,15,3,14,3,15,1,15,0,0,0,0,0,0,0,0,0,0,0,0,0,0,10,25,7,27,6,27,4,27,3,29,1,29,0,31,-1,31,-3,31,-6,32,-6,31,-7,31,-5,30,-7,29,-7,28,-6,27,-6,28,-4,27,-2,27,-2,27,-2,28,-1,29,0,28,0,29,1,28,2,29,2,29,2,29]"
618065285030100,46.834181700,91933,1900282284,-49,-98,6,0,1,7,0,0,256,0,0,"[0,0,0,14,0,14,0,13,0,13,1,12,1,12,1,11,2,11,2,11,3,10,3,9,4,9,4,9,4,9,5,9,4,8,5,9,4,9,4,9,4,9,3,8,3,9,3,9,3,8,2,8,1,8,0,0,0,0,0,0,0,0,0,0,0,0,0,0,0,0,0,0,0,0,0,0,2,14,1,14,1,15,-1,15,-1,16,-2,15,-3,16,-4,16,-5,16,-5,16,-4,15,-5,15,-4,15,-4,14,-4,13,-3,15,-3,13,-2,14,-2,14,-2,14,-1,15,-1,15,-1,16,0,15,0,15,0,14,0,0,0,28,2,28,1,26,2,26,2,25,3,23,4,23,4,22,5,20,5,19,7,18,7,19,8,18,8,16,10,17,9,17,10,18,9,17,9,17,9,18,7,17,7,17,5,17,5,16,5,15,3,15,2,16,1,15,0,0,0,0,0,0,0,0,0,0,0,0,0,0,8,26,6,28,4,28,3,27,1,30,0,29,-1,31,-3,31,-6,32,-7,31,-8,31,-10,31,-8,30,-9,28,-9,27,-8,28,-6,27,-6,28,-5,26,-4,29,-3,27,-3,28,-3,29,-1,29,-1,29,0,30,0,30,1,29]"
618065305961600,46.855113200,91934,1900297973,-49,-98,6,0,1,7,0,0,256,0,0,"[0,0,7,-14,6,-13,6,-13,6,-12,6,-12,5,-12,4,-12,4,-12,3,-11,3,-11,2,-11,1,-11,1,-11,1,-11,1,-11,1,-11,1,-11,1,-11,1,-11,1,-11,2,-10,2,-10,2,-10,2,-9,2,-9,3,-9,0,0,0,0,0,0,0,0,0,0,0,0,0,0,0,0,0,0,0,0,0,0,5,-15,6,-15,6,-15,7,-14,8,-15,9,-14,10,-13,11,-13,11,-13,11,-12,11,-12,11,-12,10,-12,10,-11,10,-12,9,-11,9,-12,9,-12,8,-13,8,-13,8,-13,8,-14,8,-14,7,-14,7,-14,7,-14,0,0,28,-50,25,-49,25,-49,23,-45,21,-46,19,-45,16,-44,13,-43,12,-41,10,-40,10,-39,7,-41,5,-41,3,-41,2,-41,3,-41,3,-40,2,-39,2,-40,3,-38,4,-38,7,-37,5,-36,8,-35,9,-33,11,-32,13,-32,15,-29,0,0,0,0,0,0,0,0,0,0,0,0,0,0,9,-55,17,-54,22,-53,23,-53,26,-53,29,-52,33,-54,38,-50,38,-49,41,-49,41,-48,44,-46,44,-41,43,-42,43,-41,40,-40,38,-41,36,-42,36,-44,34,-43,33,-45,28,-48,29,-49,28,-51,30,-50,28,-51,29,-51,27,-51]"
618065322888200,46.872039800,91935,1900317131,-49,-98,6,0,1,7,0,0,256,0,0,"[0,0,8,12,8,12,7,11,7,11,7,10,7,9,7,9,8,8,8,7,8,7,8,6,8,6,8,6,8,5,9,5,8,5,9,5,9,5,9,5,8,5,8,5,8,5,7,6,7,6,6,6,6,6,0,0,0,0,0,0,0,0,0,0,0,0,0,0,0,0,0,0,0,0,0,0,9,11,8,12,8,13,7,13,7,14,6,15,6,15,5,16,5,16,4,16,4,15,4,15,3,14,3,14,4,14,5,13,5,13,5,14,6,13,6,13,7,13,7,13,8,13,8,13,8,13,8,12,0,0,16,22,15,22,16,22,15,20,16,20,15,17,16,17,15,16,17,13,16,12,17,12,16,12,17,11,17,10,17,9,17,10,17,10,19,10,17,9,17,10,15,10,15,10,14,11,13,11,13,11,12,12,11,11,10,12,0,0,0,0,0,0,0,0,0,0,0,0,0,0,21,17,20,20,19,21,17,23,17,23,16,25,14,27,14,30,13,29,12,30,11,30,9,30,8,29,9,28,8,29,8,27,9,27,10,25,11,26,12,25,13,26,14,25,15,24,15,24,16,24,15,24,16,25,17,23]"
618065342937500,46.892089100,91936,1900336970,-48,-98,6,0,1,7,0,0,256,0,0,"[0,0,-16,2,-15,2,-14,2,-14,3,-13,3,-13,3,-12,3,-12,3,-11,4,-11,4,-11,5,-10,5,-10,5,-10,5,-9,6,-9,6,-9,6,-10,6,-10,6,-10,5,-10,5,-9,4,-9,4,-9,3,-9,3,-9,3,0,0,0,0,0,0,0,0,0,0,0,0,0,0,0,0,0,0,0,0,0,0,-15,4,-16,4,-16,3,-16,2,-17,2,-18,1,-18,0,-18,-1,-18,-2,-17,-2,-17,-2,-17,-2,-16,-2,-16,-2,-16,-2,-16,-1,-16,-1,-15,0,-15,0,-15,1,-15,1,-16,1,-17,2,-16,2,-16,2,-16,2,0,0,-28,7,-27,6,-26,6,-26,6,-24,7,-23,7,-23,8,-21,8,-20,9,-19,9,-19,10,-18,11,-17,12,-16,11,-16,12,-16,11,-17,13,-17,12,-16,11,-17,11,-16,10,-16,10,-16,8,-15,7,-16,7,-16,6,-15,5,-16,3,0,0,0,0,0,0,0,0,0,0,0,0,0,0,-24,15,-26,12,-27,10,-28,8,-29,7,-29,6,-31,4,-32,4,-33,2,-34,0,-33,-2,-33,-1,-32,-2,-31,-2,-29,-2,-29,-1,-28,0,-28,0,-29,0,-28,1,-28,2,-28,3,-28,5,-29,5,-29,5,-29,6,-28,6,-28,6]"
618065362470100,46.911621700,91937,1900356815,-48,-98,6,0,1,7,0,0,256,0,0,"[0,0,0,-15,-1,-15,-1,-14,-1,-14,-1,-14,-1,-13,-2,-13,-2,-12,-2,-11,-3,-11,-3,-11,-4,-10,-5,-10,-5,-10,-5,-10,-5,-10,-5,-10,-5,-10,-5,-10,-4,-10,-4,-10,-4,-10,-3,-9,-3,-9,-2,-9,-2,-9,0,0,0,0,0,0,0,0,0,0,0,0,0,0,0,0,0,0,0,0,0,0,-2,-16,-1,-16,0,-16,0,-17,1,-17,3,-17,3,-17,4,-17,5,-17,4,-16,5,-16,4,-16,4,-15,4,-15,4,-15,3,-14,3,-15,2,-15,2,-15,1,-15,1,-16,1,-16,1,-16,0,-16,0,-16,0,-16,0,0,0,-29,0,-28,0,-28,-1,-25,-1,-25,-2,-24,-2,-24,-3,-22,-4,-22,-6,-21,-6,-20,-7,-20,-7,-20,-8,-20,-9,-19,-9,-19,-9,-20,-9,-19,-8,-18,-8,-19,-7,-18,-6,-19,-5,-19,-4,-18,-5,-17,-3,-16,-2,-16,-1,-17,0,0,0,0,0,0,0,0,0,0,0,0,0,0,-8,-28,-4,-29,-2,-29,-1,-30,1,-30,2,-31,4,-32,5,-32,7,-31,9,-32,10,-31,10,-31,10,-29,10,-29,10,-28,9,-28,8,-28,7,-28,6,-28,6,-28,5,-28,4,-29,3,-29,2,-30,2,-29,1,-30,1,-30,1,-29]"
618065382880000,46.932031600,91938,1900376556,-48,-98,6,0,1,7,0,0,256,0,0,"[0,0,-12,9,-11,10,-10,9,-10,9,-9,9,-9,8,-8,9,-8,9,-7,8,-7,9,-6,9,-5,9,-5,9,-5,9,-5,9,-5,9,-4,9,-5,9,-5,9,-5,9,-5,8,-5,8,-6,8,-5,7,-6,7,-6,6,0,0,0,0,0,0,0,0,0,0,0,0,0,0,0,0,0,0,0,0,0,0,-10,11,-11,11,-12,11,-12,10,-13,10,-14,9,-15,8,-16,8,-16,7,-15,7,-15,7,-15,7,-14,6,-14,6,-14,7,-13,7,-13,7,-13,8,-12,8,-12,8,-12,9,-12,9,-12,9,-12,10,-11,10,-12,10,0,0,-39,42,-36,42,-35,41,-32,39,-33,39,-30,37,-28,37,-27,37,-23,36,-18,36,-17,37,-15,39,-13,37,-13,38,-12,38,-13,39,-12,38,-12,38,-15,38,-14,36,-15,35,-17,34,-15,32,-15,31,-16,28,-20,26,-20,26,-21,24,0,0,0,0,0,0,0,0,0,0,0,0,0,0,-21,52,-27,51,-32,47,-36,48,-37,47,-40,45,-44,43,-51,43,-51,39,-55,35,-55,34,-54,34,-53,35,-52,32,-51,32,-46,31,-48,32,-45,31,-45,34,-45,34,-44,38,-43,36,-43,38,-42,40,-41,42,-39,44,-38,44,-39,44]"
618065411803800,46.960955400,91939,1900402844,-48,-98,6,0,1,7,0,0,256,0,0,"[0,0,-7,-14,-7,-14,-7,-13,-7,-13,-7,-12,-7,-12,-7,-11,-7,-10,-7,-9,-8,-9,-8,-9,-8,-8,-8,-8,-9,-8,-9,-7,-9,-7,-9,-8,-9,-7,-9,-7,-8,-7,-8,-7,-7,-7,-7,-7,-6,-7,-6,-7,-5,-7,0,0,0,0,0,0,0,0,0,0,0,0,0,0,0,0,0,0,0,0,0,0,-9,-14,-8,-14,-8,-15,-7,-16,-6,-17,-6,-17,-5,-18,-4,-18,-4,-17,-3,-18,-3,-17,-3,-17,-3,-16,-3,-16,-3,-16,-4,-15,-4,-15,-5,-15,-5,-15,-6,-15,-6,-15,-7,-15,-6,-15,-7,-15,-7,-15,-7,-14,0,0,-14,-25,-12,-26,-13,-25,-13,-21,-12,-22,-12,-21,-12,-20,-13,-19,-13,-16,-14,-16,-15,-15,-15,-14,-15,-14,-16,-14,-16,-13,-16,-12,-16,-12,-17,-12,-15,-12,-15,-12,-15,-12,-13,-13,-13,-13,-12,-13,-12,-13,-11,-13,-9,-13,-8,-14,0,0,0,0,0,0,0,0,0,0,0,0,0,0,-19,-21,-18,-25,-16,-25,-14,-27,-12,-28,-11,-30,-10,-30,-10,-32,-7,-33,-7,-32,-5,-33,-4,-31,-5,-31,-4,-30,-4,-31,-4,-29,-5,-30,-5,-27,-7,-28,-7,-27,-9,-27,-9,-27,-10,-27,-11,-28,-13,-26,-12,-28,-13,-27,-13,-28]"
618065426116300,46.975267900,91940,1900417632,-48,-98,6,0,1,7,0,0,256,0,0,"[0,0,14,-5,13,-5,12,-5,12,-5,11,-5,11,-5,10,-6,10,-6,9,-6,9,-6,8,-7,8,-6,8,-7,7,-7,7,-8,7,-8,7,-8,7,-8,7,-7,7,-7,7,-7,7,-6,7,-6,7,-5,7,-5,7,-4,0,0,0,0,0,0,0,0,0,0,0,0,0,0,0,0,0,0,0,0,0,0,14,-6,14,-5,15,-5,15,-4,16,-4,16,-2,16,-2,17,-1,17,-1,16,0,16,0,15,0,15,0,14,0,15,-1,15,-1,14,-2,14,-2,14,-3,14,-3,14,-3,14,-4,15,-4,14,-5,14,-5,15,-5,0,0,26,-11,25,-12,23,-13,23,-11,22,-12,21,-12,18,-12,18,-13,17,-12,15,-13,14,-15,14,-14,13,-16,12,-16,13,-16,13,-16,11,-16,12,-15,13,-15,14,-14,14,-14,12,-13,12,-13,12,-12,12,-11,12,-10,13,-9,13,-9,0,0,0,0,0,0,0,0,0,0,0,0,0,0,22,-19,24,-16,25,-14,27,-13,27,-12,29,-11,30,-9,31,-8,32,-7,32,-4,32,-3,31,-3,31,-3,30,-3,29,-4,29,-4,28,-3,28,-5,27,-6,28,-6,27,-7,27,-8,27,-9,28,-10,27,-11,27,-12,26,-12,27,-12]"
618065446455700,46.995607300,91941,1900439802,-48,-98,6,0,1,7,0,0,256,0,0,"[0,0,-11,10,-11,9,-10,8,-11,8,-10,8,-10,9,-9,9,-8,9,-8,9,-7,9,-6,9,-5,9,-5,9,-5,9,-5,9,-5,8,-5,9,-5,8,-6,9,-6,8,-6,9,-5,8,-5,8,-5,8,-5,7,-6,6,0,0,0,0,0,0,0,0,0,0,0,0,0,0,0,0,0,0,0,0,0,0,-10,11,-12,11,-12,10,-13,10,-14,10,-15,10,-15,9,-16,8,-16,8,-17,7,-16,7,-16,7,-15,7,-14,7,-14,6,-14,7,-14,7,-14,7,-13,8,-13,9,-13,9,-13,9,-13,10,-12,10,-12,10,-12,10,0,0,-21,18,-20,19,-20,17,-20,15,-18,17,-16,17,-16,16,-12,16,-13,17,-12,17,-11,17,-8,17,-10,18,-8,18,-9,18,-7,15,-7,17,-7,18,-8,17,-6,16,-8,16,-9,15,-8,14,-10,11,-10,12,-10,12,-10,11,-13,12,0,0,0,0,0,0,0,0,0,0,0,0,0,0,-17,24,-19,22,-20,21,-22,20,-23,18,-24,20,-26,18,-27,17,-30,18,-29,16,-29,14,-30,14,-29,13,-30,10,-28,11,-27,11,-25,12,-26,12,-25,14,-24,15,-25,15,-22,17,-23,18,-23,19,-22,16,-23,18,-22,19,-22,18]"
618065465101900,47.014253500,91942,1900457939,-48,-98,6,0,1,7,0,0,256,0,0,"[0,0,-1,-15,-2,-15,-2,-14,-1,-14,-2,-13,-2,-12,-3,-12,-3,-12,-3,-11,-4,-11,-4,-10,-4,-10,-5,-10,-5,-10,-5,-9,-5,-9,-5,-9,-5,-9,-5,-9,-5,-9,-4,-9,-4,-9,-4,-9,-3,-9,-3,-8,-2,-8,0,0,0,0,0,0,0,0,0,0,0,0,0,0,0,0,0,0,0,0,0,0,-3,-15,-3,-16,-2,-16,-1,-17,0,-17,1,-17,1,-17,2,-17,3,-17,3,-17,4,-16,3,-16,3,-16,3,-15,2,-15,2,-15,2,-14,2,-15,0,-15,0,-15,0,-15,-1,-16,-1,-16,-1,-16,-1,-15,-1,-15,0,0,-3,-28,-5,-29,-4,-27,-4,-25,-5,-24,-5,-23,-5,-23,-7,-21,-7,-20,-8,-20,-8,-18,-9,-19,-9,-19,-10,-17,-10,-17,-11,-17,-11,-17,-11,-17,-10,-17,-9,-16,-10,-16,-8,-16,-8,-16,-7,-16,-6,-15,-6,-14,-5,-16,-3,-15,0,0,0,0,0,0,0,0,0,0,0,0,0,0,-11,-28,-8,-29,-6,-29,-5,-29,-4,-31,-3,-31,0,-32,2,-32,1,-33,4,-33,5,-32,6,-33,7,-31,8,-30,7,-29,6,-28,4,-28,3,-28,3,-28,3,-29,1,-28,-1,-30,-1,-29,-2,-29,-2,-30,-2,-30,-2,-29,-3,-29]"
618065483804300,47.032955900,91943,1900476467,-48,-98,6,0,1,7,0,0,256,0,0,"[0,0,14,-4,13,-5,13,-5,13,-4,12,-5,11,-5,11,-5,10,-5,10,-6,9,-6,8,-7,8,-7,8,-7,7,-7,8,-8,8,-7,7,-7,8,-7,8,-7,8,-7,8,-6,7,-6,7,-6,7,-5,7,-5,7,-4,0,0,0,0,0,0,0,0,0,0,0,0,0,0,0,0,0,0,0,0,0,0,14,-6,15,-5,15,-5,15,-4,17,-4,17,-3,17,-2,18,-1,17,0,17,0,17,0,16,0,16,0,15,0,15,0,14,-1,15,-1,15,-2,14,-3,14,-3,14,-3,15,-4,15,-4,14,-5,14,-5,15,-5,0,0,26,-5,26,-6,25,-6,24,-6,23,-7,22,-7,21,-8,19,-8,19,-9,18,-10,17,-10,17,-11,15,-11,15,-12,15,-12,15,-12,15,-13,15,-12,15,-12,15,-11,14,-11,14,-10,14,-9,14,-8,13,-8,13,-7,14,-6,14,-4,0,0,0,0,0,0,0,0,0,0,0,0,0,0,25,-14,27,-11,27,-9,28,-6,29,-6,30,-4,31,-3,32,-1,33,0,32,2,32,4,31,3,31,5,30,4,29,4,28,3,28,2,28,2,28,0,28,0,28,-1,29,-3,27,-3,28,-5,29,-5,28,-6,28,-5,28,-6]"
618065504536100,47.053687700,91944,1900496501,-48,-98,6,0,1,7,0,0,256,0,0,"[0,0,-1,-15,-1,-15,-1,-15,-1,-14,-1,-14,-2,-13,-2,-13,-3,-12,-3,-11,-3,-11,-4,-11,-4,-11,-5,-10,-5,-10,-5,-10,-5,-10,-5,-10,-5,-10,-5,-10,-4,-10,-4,-10,-4,-10,-3,-10,-3,-9,-2,-9,-2,-9,0,0,0,0,0,0,0,0,0,0,0,0,0,0,0,0,0,0,0,0,0,0,-3,-16,-2,-17,-2,-17,-1,-17,0,-18,1,-18,2,-18,3,-18,3,-18,4,-18,4,-17,4,-16,4,-16,4,-16,3,-16,2,-15,2,-15,2,-15,1,-16,0,-16,0,-16,0,-16,0,-17,0,-16,-1,-16,0,-16,0,0,-3,-27,-4,-28,-3,-27,-4,-25,-3,-25,-5,-24,-5,-23,-6,-23,-6,-21,-7,-19,-8,-19,-9,-19,-10,-18,-9,-18,-10,-17,-11,-17,-10,-17,-10,-17,-10,-17,-9,-16,-8,-17,-8,-17,-7,-16,-6,-16,-6,-15,-6,-16,-4,-15,-3,-16,0,0,0,0,0,0,0,0,0,0,0,0,0,0,-10,-27,-7,-27,-6,-29,-5,-30,-3,-31,-3,-31,0,-33,1,-33,3,-33,5,-33,5,-32,7,-32,7,-31,7,-30,7,-29,6,-29,5,-28,4,-28,2,-29,2,-28,2,-29,0,-29,-1,-30,-2,-29,-1,-30,-1,-30,-2,-30,-2,-30]"
618065523610900,47.072762500,91945,1900516575,-48,-98,6,0,1,7,0,0,256,0,0,"[0,0,-13,9,-12,9,-11,8,-12,8,-10,8,-10,8,-9,8,-9,8,-8,8,-8,8,-7,9,-6,8,-6,8,-6,9,-5,9,-5,9,-5,9,-5,8,-6,8,-6,8,-6,7,-6,7,-6,7,-6,7,-6,6,-6,6,0,0,0,0,0,0,0,0,0,0,0,0,0,0,0,0,0,0,0,0,0,0,-12,11,-13,10,-14,10,-14,9,-15,9,-16,8,-17,7,-17,6,-17,6,-17,5,-17,5,-17,5,-16,5,-15,5,-15,5,-15,6,-15,6,-14,7,-14,6,-14,7,-14,8,-13,8,-15,8,-14,9,-13,9,-13,9,0,0,-22,17,-21,18,-20,17,-21,17,-18,16,-18,16,-16,15,-15,16,-14,15,-13,17,-10,17,-9,17,-7,18,-8,17,-8,18,-7,17,-7,18,-8,17,-9,16,-9,15,-8,15,-9,15,-9,14,-8,14,-8,13,-9,11,-10,13,-10,10,0,0,0,0,0,0,0,0,0,0,0,0,0,0,-17,24,-20,22,-21,21,-22,18,-24,20,-25,18,-28,17,-29,15,-30,15,-32,12,-31,11,-32,11,-30,11,-29,10,-28,10,-26,11,-25,10,-27,13,-25,12,-27,14,-24,14,-25,16,-25,16,-25,17,-25,18,-24,19,-22,19,-22,17]"
618065545449500,47.094601100,91946,1900540344,-48,-98,6,0,1,7,0,0,256,0,0,"[0,0,11,10,11,10,9,9,10,8,10,8,9,7,9,7,9,6,9,5,10,5,9,4,9,4,9,3,9,3,10,3,9,2,9,3,9,2,9,3,9,2,9,3,8,3,7,4,7,3,7,4,6,3,0,0,0,0,0,0,0,0,0,0,0,0,0,0,0,0,0,0,0,0,0,0,13,8,12,9,13,11,12,10,12,12,11,12,11,13,10,14,10,14,9,15,9,14,8,14,8,14,8,13,8,12,9,12,8,12,9,12,9,11,10,11,10,11,11,11,11,11,11,11,11,11,11,10,0,0,48,31,47,30,44,27,44,25,40,24,40,21,39,20,39,18,39,14,39,11,38,8,38,10,36,6,35,6,40,4,37,3,37,4,36,4,37,5,34,4,34,5,32,8,31,8,30,8,29,8,27,7,26,12,25,13,0,0,0,0,0,0,0,0,0,0,0,0,0,0,57,15,54,22,54,26,51,29,53,32,50,34,51,40,47,42,50,44,46,48,44,47,42,51,40,47,40,48,38,46,37,45,37,42,39,39,40,37,44,40,40,38,45,36,46,35,45,34,48,35,49,33,48,32,47,32]"
618065567577200,47.116728800,91947,1900561655,-48,-98,6,0,1,7,0,0,256,0,0,"[0,0,12,9,12,8,11,8,11,7,10,7,10,6,10,5,10,5,10,4,10,4,10,3,9,3,10,2,9,2,10,2,10,2,10,2,9,1,9,1,9,2,9,2,8,2,8,2,7,2,7,2,7,3,0,0,0,0,0,0,0,0,0,0,0,0,0,0,0,0,0,0,0,0,0,0,13,8,13,8,13,10,12,10,13,11,12,12,12,13,11,13,11,13,10,14,10,13,9,13,9,13,9,12,9,12,10,12,9,11,10,11,10,10,11,10,11,10,12,10,12,10,12,9,12,9,12,9,0,0,44,35,43,33,41,31,40,30,39,29,38,25,37,24,37,21,38,18,36,17,35,15,36,14,36,13,36,11,38,8,37,7,37,7,37,8,36,7,33,9,34,11,32,9,30,12,28,12,28,12,27,13,24,13,23,16,0,0,0,0,0,0,0,0,0,0,0,0,0,0,53,23,50,30,48,34,47,36,48,37,46,40,45,45,44,48,44,47,40,53,38,52,36,56,33,55,31,53,31,51,31,48,33,47,36,44,35,42,38,42,37,44,40,40,41,40,42,39,44,39,42,39,41,39,46,40]"
618065584003900,47.133155500,91948,1900578241,-48,-98,6,0,1,7,0,0,256,0,0,"[0,0,13,6,13,6,12,6,12,5,12,5,11,4,11,4,11,3,10,2,10,1,10,1,10,1,10,0,10,0,10,-1,10,-1,9,-1,10,-1,9,-1,9,0,9,0,9,1,8,0,7,1,8,1,7,1,0,0,0,0,0,0,0,0,0,0,0,0,0,0,0,0,0,0,0,0,0,0,15,4,15,5,15,6,14,7,14,8,14,9,14,10,14,11,13,11,13,11,12,11,12,11,11,10,11,10,11,10,12,9,12,9,12,8,12,8,13,7,13,8,13,7,14,7,13,6,14,6,14,6,0,0,51,23,48,21,48,19,46,19,46,17,43,14,42,14,41,10,42,10,39,5,39,4,36,1,37,1,38,1,38,-2,37,-2,36,0,38,-1,36,-1,36,0,34,1,32,2,31,3,30,3,28,3,28,6,28,7,26,10,0,0,0,0,0,0,0,0,0,0,0,0,0,0,56,6,58,10,56,15,55,22,56,22,55,28,54,30,56,33,55,38,54,41,49,43,48,41,49,41,49,38,44,37,45,36,45,35,45,33,45,33,46,31,48,30,48,28,49,26,52,27,53,24,53,24,54,23,55,22]"
618065602282000,47.151433600,91949,1900596383,-48,-98,6,0,1,7,0,0,256,0,0,"[0,0,-15,4,-15,4,-14,4,-14,4,-13,4,-12,4,-11,4,-11,4,-10,5,-10,5,-10,5,-9,6,-9,6,-8,6,-9,7,-8,6,-8,6,-8,6,-8,6,-8,6,-8,6,-8,5,-8,5,-8,4,-8,4,-7,3,0,0,0,0,0,0,0,0,0,0,0,0,0,0,0,0,0,0,0,0,0,0,-15,6,-16,5,-16,5,-17,4,-18,3,-18,2,-19,1,-19,0,-19,0,-18,-1,-18,-1,-17,-1,-17,-1,-16,-1,-16,0,-16,0,-15,1,-16,1,-16,2,-16,2,-16,3,-16,3,-16,3,-16,3,-15,3,-16,4,0,0,-26,11,-25,13,-22,12,-22,12,-23,12,-20,12,-19,12,-18,11,-17,13,-15,13,-14,14,-14,14,-13,14,-13,14,-11,15,-12,15,-11,15,-11,15,-12,14,-13,13,-12,13,-11,13,-11,12,-11,12,-10,10,-11,9,-11,9,-12,7,0,0,0,0,0,0,0,0,0,0,0,0,0,0,-22,20,-24,17,-25,15,-26,14,-28,14,-28,13,-32,11,-32,9,-32,8,-34,6,-32,6,-33,5,-32,5,-31,4,-31,4,-29,6,-29,5,-29,6,-28,7,-28,7,-28,9,-26,10,-27,11,-28,11,-28,12,-26,14,-27,13,-27,12]"
618065622497800,47.171649400,91950,1900616473,-48,-98,6,0,1,7,0,0,256,0,0,"[0,0,14,4,13,4,13,4,13,3,12,3,12,3,11,2,11,2,11,1,10,0,10,-1,10,-1,10,-1,10,-2,10,-2,10,-2,9,-2,10,-2,10,-2,10,-1,9,-1,9,-1,8,-1,8,-1,8,0,8,0,0,0,0,0,0,0,0,0,0,0,0,0,0,0,0,0,0,0,0,0,0,0,15,3,15,4,15,5,15,6,15,7,15,8,15,9,14,10,14,10,13,10,13,10,13,9,12,9,12,9,12,9,12,8,13,8,13,7,13,7,14,6,13,6,14,6,14,5,14,5,15,5,15,5,0,0,50,25,47,23,47,21,44,20,45,18,44,15,43,13,41,11,42,8,38,6,38,4,38,3,37,2,38,0,36,0,38,-3,35,-2,38,-1,37,-2,34,-1,33,0,33,0,30,3,30,2,29,3,30,4,26,5,25,8,0,0,0,0,0,0,0,0,0,0,0,0,0,0,57,11,56,16,54,20,56,25,55,28,53,31,53,33,55,38,53,39,52,42,48,45,45,43,44,43,45,43,42,41,43,40,44,39,42,35,44,34,45,33,48,32,48,30,49,28,50,28,50,25,51,25,51,25,55,24]"
618065643291200,47.192442800,91951,1900637406,-48,-98,6,0,1,7,0,0,256,0,0,"[0,0,7,12,7,11,7,11,6,10,6,9,6,9,6,8,7,8,6,7,7,7,7,6,7,5,7,5,7,5,7,5,7,5,7,4,8,4,7,4,7,5,6,5,6,5,6,5,5,5,5,4,5,5,0,0,0,0,0,0,0,0,0,0,0,0,0,0,0,0,0,0,0,0,0,0,9,10,9,12,8,12,7,13,7,13,7,14,6,15,5,15,4,15,4,15,4,15,4,14,4,14,4,14,4,14,4,13,5,13,5,12,5,13,6,12,6,13,7,12,7,12,7,12,7,12,7,12,0,0,35,45,34,42,33,41,33,37,32,36,32,32,33,32,32,30,32,27,34,22,31,20,32,20,33,18,35,17,35,15,35,16,33,16,33,14,34,16,32,15,30,15,28,16,27,16,25,16,26,18,24,17,20,19,19,20,0,0,0,0,0,0,0,0,0,0,0,0,0,0,46,34,43,39,42,43,41,45,37,49,36,52,34,55,33,58,31,59,28,62,26,62,23,60,22,60,21,58,20,57,21,55,22,53,23,51,24,52,27,51,28,51,30,49,33,48,34,47,35,48,34,46,35,45,36,48]"
618065662613600,47.211765200,91952,1900656605,-48,-98,6,0,1,7,0,0,256,0,0,"[0,0,-11,10,-10,10,-10,10,-9,9,-9,9,-8,9,-7,9,-7,9,-7,8,-6,9,-5,9,-5,9,-4,9,-4,9,-4,9,-4,9,-3,9,-4,9,-4,9,-4,8,-4,8,-4,8,-4,7,-4,7,-4,6,-5,6,0,0,0,0,0,0,0,0,0,0,0,0,0,0,0,0,0,0,0,0,0,0,-9,12,-10,12,-11,12,-12,12,-13,11,-14,11,-15,10,-15,9,-15,9,-15,8,-15,8,-14,8,-14,8,-14,8,-14,8,-13,8,-13,8,-12,8,-12,9,-12,9,-12,10,-12,10,-11,10,-11,11,-11,11,-11,11,0,0,-45,36,-43,36,-38,36,-39,34,-35,32,-34,32,-31,33,-29,33,-25,32,-24,32,-22,31,-20,34,-20,35,-18,35,-17,33,-17,34,-15,34,-15,33,-15,31,-17,30,-17,28,-15,30,-17,27,-16,26,-17,24,-19,23,-18,22,-21,21,0,0,0,0,0,0,0,0,0,0,0,0,0,0,-31,47,-36,46,-42,43,-44,41,-47,39,-49,37,-53,37,-58,34,-60,29,-59,28,-62,26,-60,27,-60,22,-58,23,-56,25,-56,26,-54,25,-52,24,-51,26,-51,28,-48,30,-49,30,-48,33,-48,36,-47,35,-46,37,-45,38,-47,38]"
618065683796700,47.232948300,91953,1900676429,-48,-98,6,0,1,7,0,0,256,0,0,"[0,0,-3,-15,-3,-15,-4,-14,-3,-13,-4,-13,-4,-12,-4,-12,-4,-11,-5,-11,-5,-10,-5,-9,-6,-9,-6,-9,-6,-9,-6,-8,-6,-8,-6,-8,-6,-8,-6,-8,-6,-8,-6,-8,-5,-8,-5,-8,-4,-7,-4,-7,-4,-7,0,0,0,0,0,0,0,0,0,0,0,0,0,0,0,0,0,0,0,0,0,0,-6,-15,-4,-16,-4,-16,-3,-16,-2,-17,-1,-18,0,-17,0,-18,1,-18,1,-18,1,-17,1,-16,1,-16,1,-16,1,-16,0,-15,0,-15,-1,-15,-1,-15,-2,-16,-2,-16,-2,-16,-2,-16,-3,-15,-4,-16,-3,-15,0,0,1,-28,1,-29,1,-27,0,-25,-1,-25,-2,-24,-2,-23,-3,-21,-4,-21,-5,-20,-6,-18,-7,-19,-7,-19,-7,-19,-8,-17,-8,-18,-8,-18,-8,-17,-8,-17,-8,-17,-6,-17,-6,-17,-5,-15,-5,-15,-6,-15,-4,-16,-2,-15,-1,-14,0,0,0,0,0,0,0,0,0,0,0,0,0,0,-8,-29,-5,-30,-3,-31,-1,-31,0,-31,3,-32,4,-33,6,-33,8,-33,8,-33,10,-33,10,-31,10,-30,10,-29,10,-29,9,-28,9,-29,7,-27,6,-27,6,-27,4,-29,4,-29,3,-29,3,-31,2,-30,2,-29,2,-31,1,-30]"
618065702017900,47.251169500,91954,1900696625,-48,-98,6,0,1,7,0,0,256,0,0,"[0,0,14,3,14,3,13,2,13,2,12,2,12,2,11,1,11,0,11,0,11,-1,10,-1,10,-1,10,-2,9,-2,10,-3,10,-3,9,-3,9,-3,9,-2,9,-2,9,-2,8,-1,8,-1,8,-1,7,-1,7,0,0,0,0,0,0,0,0,0,0,0,0,0,0,0,0,0,0,0,0,0,0,0,16,1,16,2,16,3,16,4,16,4,16,5,16,6,16,7,16,8,15,8,15,8,14,8,14,8,14,8,14,7,14,6,14,6,14,6,14,5,14,4,14,4,15,4,15,4,15,4,15,3,15,3,0,0,27,4,26,4,24,3,24,4,22,3,22,1,22,1,21,0,20,-1,20,-2,19,-3,18,-3,18,-4,17,-4,19,-5,17,-5,16,-6,17,-5,17,-6,17,-5,17,-4,16,-4,15,-3,13,-2,14,-2,13,-1,13,-1,13,1,0,0,0,0,0,0,0,0,0,0,0,0,0,0,28,-2,28,1,29,3,29,4,30,5,28,6,31,9,30,11,30,11,30,13,29,13,28,15,27,15,27,15,24,14,25,13,25,12,25,12,26,10,26,10,25,9,26,7,26,7,27,6,29,7,27,7,27,7,28,6]"
618065725467400,47.274619000,91955,1900716692,-48,-98,6,0,1,7,0,0,256,0,0,"[0,0,-4,-15,-5,-15,-5,-14,-4,-13,-5,-13,-5,-13,-5,-12,-6,-11,-6,-10,-6,-10,-7,-9,-7,-9,-7,-9,-8,-9,-7,-8,-7,-8,-7,-8,-7,-8,-7,-8,-7,-8,-7,-8,-6,-8,-6,-8,-6,-7,-5,-7,-5,-7,0,0,0,0,0,0,0,0,0,0,0,0,0,0,0,0,0,0,0,0,0,0,-6,-15,-6,-16,-5,-17,-4,-17,-4,-18,-3,-18,-2,-18,-1,-19,0,-18,0,-19,-1,-18,0,-17,-1,-17,0,-17,-1,-17,-1,-16,-2,-16,-3,-16,-3,-16,-3,-16,-4,-16,-4,-16,-4,-16,-5,-16,-5,-16,-5,-16,0,0,-5,-28,-6,-27,-6,-27,-6,-24,-6,-25,-6,-23,-7,-22,-8,-22,-9,-19,-9,-18,-10,-18,-10,-18,-10,-18,-11,-16,-11,-15,-12,-16,-11,-15,-12,-15,-12,-15,-11,-15,-10,-15,-9,-14,-8,-14,-8,-15,-7,-14,-7,-14,-6,-13,-4,-14,0,0,0,0,0,0,0,0,0,0,0,0,0,0,-11,-27,-8,-29,-8,-29,-6,-31,-4,-30,-3,-32,-2,-32,0,-35,1,-34,3,-35,3,-34,6,-32,5,-32,6,-31,5,-30,5,-30,4,-31,2,-28,1,-30,0,-28,0,-30,-2,-29,-3,-30,-3,-30,-4,-29,-3,-30,-4,-30,-5,-30]"
618065742003500,47.291155100,91956,1900736518,-48,-98,6,0,1,7,0,0,256,0,0,"[0,0,12,6,12,5,11,5,11,5,10,5,11,4,10,3,10,3,9,2,9,2,9,1,9,1,9,1,9,0,9,0,9,0,9,0,9,0,9,0,8,0,8,0,8,0,7,1,7,1,7,1,6,1,0,0,0,0,0,0,0,0,0,0,0,0,0,0,0,0,0,0,0,0,0,0,14,4,13,5,14,6,13,6,13,8,13,8,13,9,12,10,12,10,12,11,11,11,10,10,10,10,10,9,10,9,11,9,11,8,12,8,11,7,12,7,12,7,12,6,13,7,12,6,12,6,12,6,0,0,51,26,47,24,48,23,46,20,45,19,41,17,43,17,40,14,39,12,39,8,39,4,38,4,38,1,38,1,38,1,38,-1,35,0,37,1,36,0,37,2,34,2,32,4,31,3,31,2,30,3,28,5,27,7,26,8,0,0,0,0,0,0,0,0,0,0,0,0,0,0,57,9,56,13,58,20,58,23,54,26,55,30,54,33,56,39,52,42,51,44,47,45,46,43,47,43,47,42,44,42,43,38,44,40,44,35,46,36,46,33,47,32,48,33,49,31,50,31,52,28,54,25,52,24,55,26]"
618065764053300,47.313204900,91957,1900758816,-48,-98,6,0,1,7,0,0,256,0,0,"[0,0,11,10,10,10,10,9,9,9,9,8,9,8,10,7,9,6,9,5,9,5,9,4,9,4,9,4,9,3,9,3,9,3,9,3,9,3,9,3,8,3,8,3,8,3,7,3,6,3,7,3,6,3,0,0,0,0,0,0,0,0,0,0,0,0,0,0,0,0,0,0,0,0,0,0,12,9,12,10,12,11,11,12,11,13,11,14,10,14,10,15,9,15,9,15,8,14,7,14,7,14,7,14,8,13,8,13,8,12,8,12,9,12,10,11,10,11,11,11,11,11,11,11,11,11,11,11,0,0,34,43,34,42,34,39,35,37,32,35,33,34,30,31,30,29,32,25,33,24,32,21,32,20,32,20,32,17,36,16,33,15,33,14,33,15,33,15,31,16,30,17,27,16,25,16,25,16,24,17,22,16,20,17,20,19,0,0,0,0,0,0,0,0,0,0,0,0,0,0,49,32,45,37,43,39,40,41,42,47,38,47,36,53,34,55,33,57,30,59,27,59,26,62,26,58,23,57,21,55,21,53,22,51,26,51,28,48,29,50,29,47,31,47,33,46,35,47,36,47,36,47,37,45,37,44]"
618065781790500,47.330942100,91958,1900776364,-48,-98,6,0,1,7,0,0,256,0,0,"[0,0,2,14,2,13,2,13,2,12,2,12,3,11,3,11,3,10,3,9,3,9,3,9,4,8,4,8,4,8,5,8,5,7,5,7,5,7,5,7,4,7,4,7,4,7,3,7,3,7,2,6,2,6,0,0,0,0,0,0,0,0,0,0,0,0,0,0,0,0,0,0,0,0,0,0,4,14,4,15,3,15,2,16,1,16,1,17,0,16,-1,17,-1,17,-2,17,-3,16,-3,15,-2,15,-2,15,-2,15,-1,14,-1,14,-1,14,0,14,1,14,1,15,2,15,1,15,1,15,1,15,2,15,0,0,4,26,3,27,4,25,5,24,4,23,5,22,5,21,6,21,6,18,7,18,8,17,8,16,9,16,8,16,10,15,10,16,10,16,9,14,10,13,9,14,9,14,8,14,6,13,5,13,5,12,4,12,4,12,2,13,0,0,0,0,0,0,0,0,0,0,0,0,0,0,11,26,8,27,7,28,6,28,4,30,3,29,1,32,-1,33,0,33,-3,33,-3,32,-5,32,-7,30,-6,30,-7,29,-5,28,-5,28,-3,28,-2,27,-2,28,-1,28,2,28,2,29,2,29,2,29,2,29,2,28,4,28]"
618065802401900,47.351553500,91959,1900796739,-49,-98,6,0,1,7,0,0,256,0,0,"[0,0,14,2,14,1,13,2,13,1,13,1,12,1,12,0,11,-1,10,-1,10,-2,10,-2,9,-2,9,-3,9,-3,9,-3,9,-4,8,-3,9,-4,9,-3,9,-3,8,-3,8,-2,7,-2,7,-2,7,-2,7,-1,0,0,0,0,0,0,0,0,0,0,0,0,0,0,0,0,0,0,0,0,0,0,15,0,16,1,15,2,16,3,16,4,17,5,16,6,16,7,16,7,15,7,15,7,14,7,14,7,13,6,14,6,13,5,14,5,14,4,14,4,14,3,14,3,14,3,15,3,15,2,15,2,15,2,0,0,27,3,26,3,25,3,24,2,24,1,23,-1,21,-1,21,-1,20,-2,19,-3,19,-4,18,-4,17,-5,17,-5,17,-6,17,-6,16,-6,17,-6,17,-6,16,-5,15,-5,14,-5,14,-4,14,-4,13,-3,13,-3,13,-2,12,0,0,0,0,0,0,0,0,0,0,0,0,0,0,0,28,-5,29,-1,29,1,29,2,30,4,29,5,31,6,31,8,31,10,30,11,30,12,28,13,29,13,27,13,25,12,26,12,26,10,26,10,25,8,27,8,26,7,27,6,27,5,27,4,29,4,29,4,28,4,29,3]"
618065822079300,47.371230900,91960,1900816542,-49,-98,6,0,1,7,0,0,256,0,0,"[0,0,-15,3,-14,3,-14,3,-14,3,-13,3,-12,4,-12,3,-11,4,-11,4,-10,4,-10,5,-9,5,-9,5,-9,5,-8,5,-8,6,-8,5,-8,6,-8,5,-8,5,-8,5,-7,4,-7,4,-7,3,-7,3,-7,3,0,0,0,0,0,0,0,0,0,0,0,0,0,0,0,0,0,0,0,0,0,0,-15,6,-16,5,-16,4,-17,4,-17,3,-19,2,-18,1,-19,0,-18,0,-18,-1,-18,-1,-17,-1,-17,-1,-16,-1,-16,-1,-16,0,-16,1,-16,1,-16,1,-16,2,-16,2,-16,3,-16,3,-16,3,-16,4,-16,3,0,0,-28,5,-28,4,-26,5,-26,5,-24,6,-22,6,-22,6,-21,7,-20,7,-19,8,-19,9,-16,9,-16,11,-16,10,-16,11,-16,10,-16,11,-15,10,-15,10,-15,10,-15,8,-14,8,-14,7,-13,7,-13,6,-13,5,-14,5,-14,3,0,0,0,0,0,0,0,0,0,0,0,0,0,0,-26,13,-28,10,-28,8,-30,7,-31,6,-30,3,-33,3,-34,1,-35,-1,-35,-3,-33,-3,-34,-4,-32,-4,-32,-4,-30,-4,-30,-3,-29,-2,-30,-3,-29,-2,-30,0,-30,1,-30,2,-29,3,-30,3,-30,5,-29,5,-29,5,-30,5]"
618065843836200,47.392987800,91961,1900836482,-49,-98,6,0,1,7,0,0,256,0,0,"[0,0,-15,2,-15,2,-14,2,-13,2,-13,2,-12,2,-12,3,-11,3,-11,3,-10,4,-10,4,-9,4,-9,5,-9,5,-9,5,-9,5,-8,5,-8,5,-8,5,-8,4,-8,4,-8,4,-8,4,-7,3,-8,3,-7,2,0,0,0,0,0,0,0,0,0,0,0,0,0,0,0,0,0,0,0,0,0,0,-15,4,-16,3,-16,3,-16,2,-17,1,-18,0,-18,-1,-18,-2,-18,-2,-18,-3,-17,-2,-17,-3,-16,-2,-16,-2,-15,-2,-16,-2,-16,-1,-16,-1,-15,0,-15,0,-15,1,-16,1,-16,2,-15,2,-15,2,-15,2,0,0,-28,0,-29,0,-27,1,-26,1,-24,1,-23,3,-23,3,-21,3,-21,5,-20,5,-19,5,-18,6,-18,7,-18,7,-18,7,-17,8,-17,8,-17,7,-16,7,-16,7,-16,6,-16,6,-16,5,-15,4,-15,3,-14,3,-14,3,-14,2,0,0,0,0,0,0,0,0,0,0,0,0,0,0,-28,8,-30,5,-30,3,-31,1,-31,1,-31,-2,-33,-3,-33,-5,-34,-6,-34,-7,-33,-9,-32,-9,-31,-10,-30,-10,-30,-9,-30,-9,-29,-7,-28,-7,-28,-6,-28,-5,-29,-4,-29,-3,-29,-1,-29,0,-30,-1,-30,-1,-30,0,-30,-1]"
618065862224600,47.411376200,91962,1900856559,-49,-98,6,0,1,7,0,0,256,0,0,"[0,0,13,7,12,7,11,7,11,6,11,6,10,5,10,5,10,4,10,3,10,3,10,2,9,2,10,1,10,1,9,1,9,0,9,1,9,0,9,1,9,1,8,1,8,1,7,1,7,1,7,2,7,1,0,0,0,0,0,0,0,0,0,0,0,0,0,0,0,0,0,0,0,0,0,0,14,6,14,7,14,7,14,8,14,10,14,10,13,11,12,12,12,12,11,12,11,12,11,11,10,11,10,11,10,11,11,10,11,10,11,9,12,9,12,9,12,9,12,9,13,8,13,8,13,8,13,7,0,0,48,29,47,26,45,26,45,23,41,22,41,19,40,18,39,16,39,11,38,11,38,9,36,7,36,6,38,6,37,1,39,3,35,1,36,5,36,4,34,4,33,4,32,4,28,5,28,7,30,6,27,9,26,8,24,10,0,0,0,0,0,0,0,0,0,0,0,0,0,0,55,15,55,21,53,26,55,29,53,29,50,35,48,38,50,43,50,44,47,47,46,48,42,50,40,49,39,48,38,45,39,44,39,43,40,38,41,39,42,38,43,36,45,32,46,34,47,32,49,34,48,32,48,32,49,30]"
618065885370400,47.434522000,91963,1900876681,-49,-98,6,0,1,7,0,0,256,0,0,"[0,0,-14,-7,-14,-7,-13,-7,-14,-6,-12,-6,-12,-5,-12,-5,-12,-4,-11,-3,-12,-3,-11,-2,-11,-2,-11,-2,-10,-1,-11,-1,-10,0,-11,-1,-10,-1,-10,-1,-10,-1,-10,-1,-9,-1,-9,-2,-8,-2,-9,-2,-8,-2,0,0,0,0,0,0,0,0,0,0,0,0,0,0,0,0,0,0,0,0,0,0,-16,-6,-15,-7,-16,-8,-14,-9,-15,-10,-15,-10,-15,-11,-14,-12,-14,-12,-14,-13,-13,-12,-12,-12,-12,-12,-12,-12,-12,-11,-13,-10,-12,-10,-13,-10,-13,-9,-14,-9,-14,-9,-14,-8,-15,-8,-14,-8,-15,-8,-15,-8,0,0,-52,-26,-51,-22,-50,-22,-47,-20,-47,-20,-41,-17,-43,-16,-43,-12,-40,-10,-42,-5,-41,-4,-39,-3,-39,0,-40,-1,-39,0,-38,2,-37,2,-40,1,-37,1,-37,1,-35,-1,-34,-2,-32,-3,-30,-2,-30,-3,-29,-4,-28,-6,-27,-8,0,0,0,0,0,0,0,0,0,0,0,0,0,0,-58,-10,-57,-17,-58,-19,-56,-26,-55,-27,-54,-32,-54,-35,-55,-39,-52,-42,-51,-45,-48,-45,-49,-46,-48,-44,-47,-43,-46,-42,-44,-38,-45,-40,-45,-36,-47,-35,-48,-33,-49,-33,-50,-31,-51,-30,-53,-30,-54,-27,-53,-25,-55,-24,-54,-26]"
618065903980600,47.453132200,91964,1900897370,-49,-98,6,0,1,7,0,0,256,0,0,"[0,0,-14,5,-14,5,-13,5,-13,5,-12,5,-11,5,-11,5,-10,6,-10,6,-9,6,-9,6,-8,6,-8,6,-7,7,-8,7,-7,7,-7,7,-7,7,-7,7,-7,6,-7,6,-7,6,-7,5,-7,5,-7,4,-7,4,0,0,0,0,0,0,0,0,0,0,0,0,0,0,0,0,0,0,0,0,0,0,-14,7,-15,6,-15,6,-16,5,-16,5,-17,4,-18,3,-18,2,-18,2,-18,1,-17,0,-17,1,-16,1,-16,1,-15,1,-16,2,-15,3,-16,3,-15,3,-15,4,-15,4,-15,5,-15,5,-15,5,-15,5,-15,5,0,0,-27,11,-26,11,-25,12,-23,11,-22,10,-20,11,-19,11,-19,12,-19,12,-16,12,-16,12,-15,14,-14,14,-13,14,-13,14,-13,13,-12,14,-13,14,-13,13,-13,12,-12,12,-13,11,-11,10,-12,11,-12,10,-12,9,-12,8,-13,7,0,0,0,0,0,0,0,0,0,0,0,0,0,0,-22,19,-24,16,-26,15,-28,13,-28,12,-30,11,-31,9,-32,9,-34,6,-33,6,-33,3,-33,3,-32,3,-31,3,-31,3,-30,4,-29,4,-28,5,-29,5,-29,5,-29,8,-28,9,-28,9,-28,10,-28,11,-27,12,-28,12,-28,12]"
618065923615900,47.472767500,91965,1900916561,-49,-98,6,0,1,7,0,0,256,0,0,"[0,0,-5,-14,-5,-13,-5,-14,-4,-13,-5,-13,-5,-12,-6,-11,-6,-11,-6,-10,-6,-9,-6,-9,-6,-9,-6,-8,-7,-8,-7,-8,-7,-7,-7,-7,-7,-7,-7,-7,-7,-7,-6,-7,-6,-7,-5,-7,-5,-7,-5,-7,-4,-7,0,0,0,0,0,0,0,0,0,0,0,0,0,0,0,0,0,0,0,0,0,0,-6,-14,-6,-15,-5,-15,-5,-16,-4,-16,-4,-17,-2,-17,-2,-17,-2,-17,-1,-17,0,-17,-1,-16,-1,-16,0,-16,-1,-16,-2,-15,-2,-15,-3,-15,-3,-16,-4,-15,-4,-15,-4,-15,-4,-15,-4,-15,-5,-15,-5,-15,0,0,-11,-27,-11,-27,-11,-26,-11,-25,-11,-22,-11,-22,-11,-21,-12,-21,-12,-18,-14,-18,-14,-16,-13,-15,-14,-15,-15,-14,-15,-15,-15,-14,-15,-15,-14,-13,-13,-14,-13,-13,-13,-13,-11,-14,-11,-13,-10,-12,-10,-12,-9,-12,-8,-13,-7,-14,0,0,0,0,0,0,0,0,0,0,0,0,0,0,-19,-23,-16,-25,-14,-26,-13,-28,-11,-29,-10,-30,-10,-32,-8,-33,-6,-34,-5,-34,-4,-34,-3,-35,-3,-34,-2,-32,-2,-31,-3,-29,-3,-30,-5,-29,-5,-29,-6,-29,-8,-29,-8,-29,-9,-29,-10,-29,-10,-29,-11,-29,-11,-29,-11,-28]"
618065943502200,47.492653800,91966,1900936425,-48,-98,6,0,1,7,0,0,256,0,0,"[0,0,13,-6,13,-6,12,-6,12,-6,11,-6,10,-6,10,-6,9,-6,9,-6,8,-7,8,-7,7,-7,7,-7,7,-7,7,-8,6,-8,6,-8,6,-7,6,-7,6,-7,6,-6,6,-6,6,-6,6,-5,6,-5,6,-5,0,0,0,0,0,0,0,0,0,0,0,0,0,0,0,0,0,0,0,0,0,0,12,-9,13,-8,13,-8,14,-6,15,-6,16,-6,16,-5,16,-4,16,-3,16,-3,16,-3,15,-3,15,-3,14,-3,14,-3,14,-4,14,-4,14,-4,14,-5,13,-5,14,-5,14,-6,14,-6,14,-6,13,-6,14,-6,0,0,26,-11,25,-13,23,-12,22,-11,20,-12,19,-11,20,-12,18,-11,17,-12,16,-12,14,-14,14,-14,13,-14,11,-14,12,-15,13,-14,13,-15,12,-15,12,-13,13,-12,12,-12,12,-12,11,-12,11,-11,11,-10,11,-9,11,-8,12,-7,0,0,0,0,0,0,0,0,0,0,0,0,0,0,21,-19,22,-18,23,-16,25,-14,26,-13,26,-12,30,-11,30,-9,32,-8,32,-6,32,-5,32,-5,31,-5,31,-4,29,-5,28,-6,27,-5,27,-7,27,-7,28,-8,27,-8,26,-9,27,-9,26,-11,28,-12,26,-13,25,-14,26,-13]"
618065964370400,47.513522000,91967,1900956444,-48,-98,6,0,1,7,0,0,256,0,0,"[0,0,2,-15,1,-15,1,-14,1,-14,1,-14,0,-13,-1,-13,-1,-12,-1,-11,-2,-11,-2,-11,-2,-10,-3,-10,-3,-10,-3,-10,-3,-10,-4,-10,-3,-10,-3,-10,-3,-9,-3,-9,-2,-9,-2,-9,-2,-9,-1,-8,-1,-8,0,0,0,0,0,0,0,0,0,0,0,0,0,0,0,0,0,0,0,0,0,0,0,-16,1,-16,1,-16,2,-16,2,-17,4,-17,5,-17,5,-16,6,-16,6,-15,7,-15,6,-15,6,-15,6,-14,5,-15,4,-14,4,-14,4,-14,3,-15,2,-15,2,-15,2,-15,2,-16,2,-16,2,-16,2,-15,0,0,-1,-28,0,-29,0,-27,-1,-26,-2,-25,-2,-24,-3,-23,-4,-22,-4,-21,-5,-21,-6,-20,-7,-19,-8,-19,-8,-18,-9,-18,-7,-18,-9,-18,-8,-17,-8,-18,-8,-17,-7,-16,-6,-17,-6,-17,-5,-16,-4,-14,-4,-14,-2,-15,-1,-14,0,0,0,0,0,0,0,0,0,0,0,0,0,0,-8,-29,-6,-28,-4,-28,-2,-29,-2,-31,0,-30,2,-32,3,-32,5,-32,6,-32,7,-31,8,-32,9,-30,9,-29,8,-29,7,-29,7,-28,5,-28,5,-27,5,-28,3,-28,1,-29,2,-29,1,-30,1,-30,1,-30,1,-30,0,-30]"
618065982087900,47.531239500,91968,1900976622,-48,-98,6,0,1,7,0,0,256,0,0,"[0,0,13,8,12,7,12,6,11,6,11,6,11,5,11,5,11,4,10,3,10,2,10,2,10,2,10,1,10,1,10,1,10,0,10,1,10,1,10,1,9,1,9,1,8,2,8,2,8,2,7,2,7,2,0,0,0,0,0,0,0,0,0,0,0,0,0,0,0,0,0,0,0,0,0,0,14,5,14,6,14,7,14,8,14,9,14,10,13,11,12,12,12,12,11,12,12,11,11,11,11,11,11,10,11,10,11,10,11,9,11,9,12,9,12,9,12,9,13,9,13,8,13,7,13,7,13,7,0,0,42,35,43,33,41,30,42,30,40,30,38,25,37,23,37,22,37,19,38,18,36,14,36,14,36,12,35,12,38,11,36,10,36,11,38,10,35,10,33,9,32,10,31,13,30,13,27,14,26,14,26,14,24,15,21,16,0,0,0,0,0,0,0,0,0,0,0,0,0,0,53,19,50,25,50,31,48,30,47,35,45,36,44,44,45,45,43,48,41,51,38,51,36,52,35,51,34,51,33,47,32,47,33,45,35,43,36,43,38,43,38,41,39,39,41,39,43,38,46,37,43,38,47,38,46,36]"
618066006525300,47.555676900,91969,1900999523,-48,-98,6,0,1,7,0,0,256,0,0,"[0,0,-14,8,-13,7,-13,7,-12,7,-12,7,-11,7,-10,7,-9,8,-9,7,-8,7,-8,8,-7,8,-7,8,-6,8,-6,8,-6,8,-6,8,-6,8,-6,8,-6,7,-6,7,-6,7,-6,6,-6,6,-6,5,-6,5,0,0,0,0,0,0,0,0,0,0,0,0,0,0,0,0,0,0,0,0,0,0,-13,9,-14,9,-14,8,-15,7,-16,7,-17,6,-17,6,-18,5,-18,4,-17,4,-17,4,-17,3,-16,3,-16,3,-15,4,-15,4,-15,5,-15,5,-15,6,-14,7,-14,7,-14,7,-14,7,-14,8,-14,8,-14,7,0,0,-26,11,-25,12,-24,12,-23,12,-22,11,-21,11,-21,12,-19,12,-18,13,-17,13,-16,12,-15,13,-14,14,-14,14,-13,14,-13,14,-12,15,-13,14,-12,14,-13,13,-12,12,-12,11,-12,11,-12,10,-12,9,-11,8,-13,8,-13,6,0,0,0,0,0,0,0,0,0,0,0,0,0,0,-22,17,-25,15,-26,13,-27,12,-27,12,-28,10,-30,9,-32,8,-32,7,-33,5,-32,5,-32,3,-31,3,-31,2,-31,2,-29,3,-30,4,-28,5,-28,5,-28,6,-28,8,-27,10,-27,10,-28,10,-28,11,-28,11,-27,11,-27,10]"
618066021757800,47.570909400,91970,1901016515,-48,-98,6,0,1,7,0,0,256,0,0,"[0,0,5,14,6,13,5,12,5,13,5,12,5,12,6,10,6,9,6,9,6,9,6,8,7,8,7,7,7,7,7,7,7,7,7,7,7,6,6,7,6,7,6,6,5,6,5,7,4,7,4,6,3,6,0,0,0,0,0,0,0,0,0,0,0,0,0,0,0,0,0,0,0,0,0,0,8,13,7,13,7,14,6,15,5,15,5,16,4,17,3,17,3,17,2,17,1,16,1,16,2,16,1,15,2,15,2,15,3,14,3,15,4,14,5,15,5,15,5,14,6,14,5,15,5,14,6,13,0,0,12,25,12,24,11,23,11,22,11,22,12,20,11,19,12,19,13,17,13,15,14,15,13,14,14,13,13,12,15,12,14,12,14,12,14,13,14,12,13,13,12,11,11,11,10,12,9,12,9,11,8,11,7,12,6,12,0,0,0,0,0,0,0,0,0,0,0,0,0,0,20,20,18,22,16,23,14,23,14,27,12,27,11,29,10,30,9,30,8,31,6,31,5,33,6,30,5,30,5,28,5,27,6,27,8,28,8,25,9,27,9,27,9,26,11,28,11,27,12,27,13,27,13,26,12,25]"
618066044461700,47.593613300,91971,1901037335,-48,-98,6,0,1,7,0,0,256,0,0,"[0,0,-12,-11,-12,-11,-11,-10,-11,-10,-10,-9,-11,-9,-11,-8,-10,-8,-10,-7,-10,-6,-10,-5,-10,-6,-10,-5,-10,-5,-10,-4,-10,-4,-10,-4,-10,-4,-10,-4,-9,-4,-9,-5,-9,-5,-8,-5,-8,-5,-7,-5,-7,-5,0,0,0,0,0,0,0,0,0,0,0,0,0,0,0,0,0,0,0,0,0,0,-13,-10,-13,-10,-13,-11,-12,-12,-12,-13,-11,-14,-11,-15,-10,-15,-10,-16,-9,-16,-9,-15,-8,-15,-8,-15,-8,-15,-8,-14,-9,-13,-9,-13,-10,-13,-10,-13,-10,-12,-11,-12,-11,-12,-12,-12,-12,-12,-11,-12,-12,-12,0,0,-43,-37,-43,-37,-41,-36,-42,-33,-39,-31,-38,-28,-38,-27,-38,-25,-38,-21,-38,-20,-39,-17,-39,-15,-37,-15,-37,-13,-38,-11,-36,-13,-37,-10,-38,-11,-36,-12,-36,-12,-32,-13,-31,-15,-30,-14,-28,-13,-28,-14,-27,-15,-24,-17,-22,-17,0,0,0,0,0,0,0,0,0,0,0,0,0,0,-51,-23,-49,-30,-46,-33,-46,-39,-45,-40,-43,-42,-42,-48,-44,-50,-40,-53,-40,-54,-36,-55,-34,-55,-35,-55,-31,-54,-32,-51,-32,-47,-31,-49,-32,-47,-33,-47,-36,-45,-37,-44,-40,-43,-39,-42,-43,-41,-44,-40,-42,-39,-43,-40,-44,-39]"
618066061592900,47.610744500,91972,1901056445,-48,-98,6,0,1,7,0,0,256,0,0,"[0,0,11,9,11,9,11,8,10,8,10,7,10,7,10,6,10,6,9,4,10,4,10,4,9,4,9,3,9,3,10,2,10,2,9,2,9,2,9,2,9,2,8,3,8,3,7,3,7,3,7,3,6,4,0,0,0,0,0,0,0,0,0,0,0,0,0,0,0,0,0,0,0,0,0,0,13,7,13,8,13,9,12,10,12,11,12,12,12,12,11,13,11,13,10,14,9,13,9,13,9,13,9,12,9,12,9,11,10,11,10,11,11,10,11,10,11,10,11,10,12,10,12,10,12,9,12,9,0,0,44,32,45,31,43,28,44,29,40,26,41,24,38,23,38,21,38,17,38,17,38,12,36,12,37,10,37,10,37,7,37,6,37,8,38,7,36,6,35,9,33,8,32,10,30,9,28,10,27,11,26,10,25,12,23,13,0,0,0,0,0,0,0,0,0,0,0,0,0,0,53,16,51,23,49,27,49,28,48,33,46,34,46,42,46,42,45,45,42,48,42,49,39,51,38,50,38,47,34,47,34,45,35,41,39,39,39,39,40,40,41,39,44,34,44,36,45,35,49,36,47,36,49,33,47,33]"
618066084571100,47.633722700,91973,1901076553,-48,-98,6,0,1,7,0,0,256,0,0,"[0,0,-10,-12,-10,-11,-10,-11,-10,-10,-10,-10,-10,-9,-10,-9,-9,-8,-9,-7,-10,-7,-10,-6,-10,-6,-10,-6,-10,-5,-10,-4,-10,-5,-10,-5,-10,-5,-10,-5,-9,-5,-9,-5,-8,-5,-8,-5,-7,-5,-7,-5,-7,-5,0,0,0,0,0,0,0,0,0,0,0,0,0,0,0,0,0,0,0,0,0,0,-12,-11,-12,-12,-11,-12,-11,-13,-10,-14,-10,-15,-9,-16,-8,-16,-8,-16,-8,-16,-8,-16,-7,-15,-7,-15,-7,-15,-7,-15,-8,-14,-8,-14,-8,-14,-9,-14,-9,-13,-10,-13,-10,-13,-11,-13,-11,-13,-11,-12,-11,-12,0,0,-40,-44,-41,-44,-38,-42,-38,-37,-38,-36,-35,-34,-34,-33,-34,-32,-35,-28,-37,-23,-37,-20,-35,-19,-38,-17,-35,-18,-38,-16,-36,-15,-37,-17,-37,-15,-35,-17,-33,-17,-32,-18,-30,-20,-28,-17,-28,-16,-27,-17,-25,-18,-23,-19,-20,-21,0,0,0,0,0,0,0,0,0,0,0,0,0,0,-51,-29,-47,-35,-46,-38,-44,-42,-43,-47,-39,-48,-41,-52,-39,-54,-32,-58,-31,-61,-28,-60,-29,-61,-29,-57,-28,-56,-26,-55,-27,-54,-27,-51,-30,-50,-30,-49,-31,-50,-34,-46,-33,-47,-34,-49,-37,-49,-40,-47,-41,-45,-42,-43,-40,-45]"
618066103826000,47.652977600,91974,1901096593,-48,-98,6,0,1,7,0,0,256,0,0,"[0,0,-14,9,-13,8,-12,8,-12,8,-11,7,-10,8,-9,8,-9,8,-9,8,-8,8,-8,8,-7,8,-7,8,-6,8,-6,9,-6,8,-6,8,-6,8,-6,8,-6,8,-6,7,-6,7,-6,7,-6,6,-6,5,-7,5,0,0,0,0,0,0,0,0,0,0,0,0,0,0,0,0,0,0,0,0,0,0,-12,10,-13,10,-13,9,-14,9,-15,8,-16,8,-17,7,-17,7,-17,6,-17,5,-17,5,-17,5,-16,5,-16,5,-15,5,-15,5,-14,6,-15,6,-14,7,-14,7,-14,8,-14,8,-14,8,-14,8,-14,9,-14,9,0,0,-26,16,-25,15,-24,14,-22,15,-21,15,-19,14,-18,15,-17,15,-16,14,-14,15,-15,15,-13,16,-13,17,-12,16,-12,16,-11,16,-11,16,-11,15,-12,16,-11,15,-11,14,-11,14,-11,12,-11,12,-11,11,-12,9,-12,10,-12,7,0,0,0,0,0,0,0,0,0,0,0,0,0,0,-19,22,-21,20,-23,18,-25,17,-27,16,-27,14,-29,14,-31,14,-32,12,-33,11,-32,9,-32,9,-31,8,-30,7,-30,9,-28,9,-29,9,-28,8,-29,9,-27,11,-26,12,-27,13,-25,14,-26,14,-26,15,-26,16,-25,16,-25,15]"
618066122442900,47.671594500,91975,1901116594,-49,-98,6,0,1,7,0,0,256,0,0,"[0,0,-3,15,-2,14,-2,14,-2,13,-2,13,-1,12,0,11,0,11,0,11,1,10,1,10,2,10,2,10,2,9,2,9,2,9,3,9,2,9,2,9,2,8,1,9,2,8,1,8,1,8,0,8,0,7,0,0,0,0,0,0,0,0,0,0,0,0,0,0,0,0,0,0,0,0,0,0,-1,15,-2,15,-3,15,-3,15,-4,16,-5,16,-6,16,-7,16,-7,16,-8,15,-8,14,-7,14,-7,14,-7,14,-6,14,-6,14,-6,13,-5,14,-4,14,-4,15,-4,15,-3,15,-3,15,-3,15,-3,15,-3,15,0,0,-6,28,-4,28,-5,27,-3,26,-3,25,-3,24,-2,23,0,22,0,22,1,21,3,19,3,20,4,19,4,19,4,20,5,19,5,18,5,17,4,18,4,17,3,16,2,17,1,16,1,16,1,14,0,14,-1,14,-2,13,0,0,0,0,0,0,0,0,0,0,0,0,0,0,3,28,-1,29,-1,28,-4,30,-5,30,-7,30,-9,30,-10,31,-11,30,-13,30,-14,28,-15,29,-14,28,-14,28,-13,27,-13,27,-12,26,-11,26,-10,26,-10,28,-8,28,-8,28,-8,29,-7,29,-6,30,-4,29,-6,31,-6,29]"
618066141918200,47.691069800,91976,1901136639,-49,-98,6,0,1,7,0,0,256,0,0,"[0,0,15,0,14,0,14,0,13,0,13,-1,12,-1,11,-1,11,-2,11,-2,10,-3,10,-3,10,-3,9,-3,9,-4,9,-4,9,-4,9,-4,9,-4,9,-4,9,-4,9,-3,8,-3,8,-2,7,-2,8,-2,7,-1,0,0,0,0,0,0,0,0,0,0,0,0,0,0,0,0,0,0,0,0,0,0,15,-2,15,-1,15,-1,15,0,16,1,17,2,16,3,17,4,16,4,15,5,15,5,15,5,15,4,14,4,14,4,14,3,14,3,15,2,15,2,15,1,15,1,15,1,15,0,15,1,15,1,15,0,0,0,27,5,28,3,27,2,26,3,24,1,23,1,23,1,21,0,21,-2,20,-3,19,-3,19,-3,19,-4,18,-5,19,-6,19,-5,18,-5,17,-5,18,-4,18,-4,17,-3,16,-3,16,-3,15,-3,15,-1,14,0,14,1,13,1,0,0,0,0,0,0,0,0,0,0,0,0,0,0,28,-7,28,-3,29,-1,29,2,30,2,29,4,31,6,30,8,31,9,31,11,30,11,30,12,28,13,28,13,26,12,26,12,26,11,27,10,27,9,28,9,26,7,27,7,28,6,28,5,30,4,29,4,29,4,30,4]"
618066160753600,47.709905200,91977,1901156520,-49,-98,6,0,1,7,0,0,256,0,0,"[0,0,4,14,4,14,4,13,4,13,5,12,4,12,5,11,5,10,5,10,5,9,5,9,6,8,6,8,6,8,6,7,6,8,6,7,6,8,6,7,5,7,5,7,5,7,4,7,4,7,3,6,3,6,0,0,0,0,0,0,0,0,0,0,0,0,0,0,0,0,0,0,0,0,0,0,7,13,6,14,6,14,5,15,4,16,4,17,3,17,2,17,2,17,1,17,1,16,1,16,1,16,1,15,1,15,1,15,2,15,2,15,3,15,3,15,4,15,4,15,4,15,4,15,5,15,5,15,0,0,11,24,12,25,12,24,11,23,11,23,12,20,12,19,12,18,13,17,13,16,13,15,13,14,14,13,14,13,14,12,15,13,14,12,14,12,14,12,13,12,12,12,11,12,10,11,9,11,9,12,8,11,6,12,6,13,0,0,0,0,0,0,0,0,0,0,0,0,0,0,20,19,17,21,16,23,15,24,14,25,13,27,11,29,11,31,9,31,8,31,7,32,6,31,6,31,5,29,4,29,5,28,5,29,7,27,8,27,8,27,10,28,10,27,11,27,12,27,12,27,12,27,12,27,13,26]"
618066183488700,47.732640300,91978,1901176406,-49,-98,6,0,1,7,0,0,256,0,0,"[0,0,-13,9,-12,9,-12,8,-11,8,-11,8,-10,8,-10,8,-9,8,-9,8,-8,8,-7,8,-6,8,-6,8,-6,9,-6,8,-6,8,-6,8,-6,8,-6,8,-6,7,-6,7,-6,7,-6,7,-6,6,-6,6,-6,5,0,0,0,0,0,0,0,0,0,0,0,0,0,0,0,0,0,0,0,0,0,0,-11,11,-12,11,-12,10,-13,10,-14,9,-15,9,-16,8,-17,7,-17,7,-16,6,-16,6,-16,6,-15,6,-15,6,-15,6,-14,6,-14,6,-14,7,-14,7,-14,7,-14,8,-13,8,-14,9,-13,10,-13,10,-13,9,0,0,-24,16,-24,15,-22,15,-22,15,-21,14,-19,14,-18,15,-17,15,-16,15,-15,16,-14,16,-13,15,-12,15,-11,15,-11,16,-11,15,-11,16,-12,16,-11,15,-11,14,-11,14,-11,13,-11,13,-10,11,-11,10,-10,9,-12,9,-12,8,0,0,0,0,0,0,0,0,0,0,0,0,0,0,-18,22,-21,20,-23,18,-24,17,-25,17,-26,15,-29,15,-30,14,-30,13,-32,12,-31,10,-32,10,-31,9,-30,9,-30,8,-28,8,-27,10,-27,10,-27,11,-27,12,-26,13,-26,14,-26,14,-26,15,-26,16,-25,16,-25,16,-25,16]"
618066203433100,47.752584700,91979,1901196604,-49,-98,6,0,1,7,0,0,256,0,0,"[0,0,-4,-15,-4,-15,-4,-15,-4,-14,-4,-14,-5,-13,-5,-12,-5,-11,-6,-11,-5,-10,-6,-10,-6,-10,-6,-9,-7,-9,-7,-9,-7,-9,-7,-9,-6,-8,-6,-8,-6,-8,-6,-8,-6,-8,-5,-8,-4,-8,-4,-7,-4,-7,0,0,0,0,0,0,0,0,0,0,0,0,0,0,0,0,0,0,0,0,0,0,-5,-15,-5,-16,-4,-16,-3,-17,-3,-17,-2,-18,-2,-18,-1,-18,0,-18,1,-18,1,-17,1,-17,1,-17,1,-16,0,-16,-1,-16,-1,-16,-1,-15,-2,-16,-3,-16,-3,-16,-4,-16,-4,-16,-4,-16,-4,-16,-4,-16,0,0,-9,-27,-9,-28,-9,-27,-9,-25,-9,-24,-10,-22,-10,-22,-11,-20,-11,-19,-11,-19,-11,-18,-12,-16,-12,-16,-13,-16,-14,-15,-13,-14,-14,-15,-13,-14,-13,-14,-12,-14,-12,-14,-10,-14,-10,-13,-8,-13,-9,-14,-8,-13,-6,-13,-6,-14,0,0,0,0,0,0,0,0,0,0,0,0,0,0,-14,-25,-12,-27,-10,-28,-9,-27,-8,-30,-7,-30,-5,-32,-4,-33,-3,-33,-2,-33,-1,-32,0,-34,1,-32,1,-31,1,-30,1,-29,-1,-30,-2,-29,-2,-28,-3,-29,-5,-29,-7,-29,-6,-29,-8,-30,-7,-29,-7,-30,-8,-30,-7,-30]"
618066228710500,47.777862100,91980,1901222589,-49,-98,6,0,1,7,0,0,256,0,0,"[0,0,11,-11,10,-11,9,-11,9,-10,8,-10,8,-10,7,-10,7,-10,6,-9,6,-10,5,-10,4,-10,4,-10,4,-10,4,-10,4,-10,3,-10,4,-10,4,-10,4,-9,4,-9,4,-8,4,-8,4,-8,4,-7,4,-7,0,0,0,0,0,0,0,0,0,0,0,0,0,0,0,0,0,0,0,0,0,0,8,-13,10,-13,10,-13,11,-12,12,-12,13,-11,14,-10,15,-10,15,-10,14,-9,14,-9,14,-9,13,-9,13,-9,13,-9,12,-9,12,-9,12,-10,11,-10,12,-10,11,-10,11,-11,11,-12,11,-12,10,-12,11,-12,0,0,45,-38,42,-37,40,-38,38,-33,37,-36,33,-35,32,-34,28,-34,29,-33,23,-32,22,-34,20,-35,18,-36,17,-37,18,-34,17,-37,17,-35,18,-34,16,-34,17,-33,18,-30,18,-31,18,-26,17,-27,18,-25,18,-23,19,-20,21,-21,0,0,0,0,0,0,0,0,0,0,0,0,0,0,28,-48,33,-46,37,-44,43,-42,45,-39,48,-38,48,-37,53,-37,57,-33,58,-30,59,-28,58,-29,59,-26,55,-25,54,-24,53,-27,53,-27,50,-26,51,-28,47,-30,49,-33,46,-32,47,-34,46,-37,45,-38,45,-41,44,-39,47,-39]"
618066244055700,47.793207300,91981,1901236804,-49,-98,6,0,1,7,0,0,256,0,0,"[0,0,7,-14,6,-14,5,-14,6,-13,5,-13,4,-13,4,-12,3,-12,3,-11,2,-11,1,-11,1,-11,0,-11,0,-11,0,-11,0,-11,0,-11,0,-11,1,-11,1,-10,1,-10,1,-10,1,-9,1,-9,1,-8,2,-8,0,0,0,0,0,0,0,0,0,0,0,0,0,0,0,0,0,0,0,0,0,0,5,-15,6,-15,6,-15,7,-15,8,-15,10,-14,10,-14,11,-14,11,-13,11,-13,11,-12,11,-12,11,-12,10,-12,10,-12,9,-12,9,-12,9,-13,8,-13,8,-14,8,-14,7,-14,7,-15,7,-15,6,-15,7,-15,0,0,29,-49,28,-49,27,-49,25,-44,23,-46,21,-44,20,-45,17,-42,16,-40,11,-38,8,-38,7,-40,6,-41,5,-42,4,-38,5,-40,4,-37,3,-38,6,-37,5,-36,8,-34,8,-34,7,-32,8,-32,8,-30,8,-28,11,-25,12,-25,0,0,0,0,0,0,0,0,0,0,0,0,0,0,12,-55,19,-53,23,-53,28,-52,31,-50,34,-49,36,-51,40,-50,45,-46,46,-46,49,-43,45,-43,45,-43,44,-40,43,-43,42,-41,42,-42,38,-39,40,-41,36,-42,36,-47,37,-46,35,-48,34,-49,33,-50,29,-53,30,-54,30,-54]"
618066263772800,47.812924400,91982,1901256512,-49,-98,6,0,1,7,0,0,256,0,0,"[0,0,-16,-4,-15,-4,-14,-4,-14,-3,-14,-3,-13,-3,-13,-2,-12,-2,-12,-1,-12,-1,-11,0,-11,0,-11,0,-11,1,-11,1,-11,1,-10,1,-11,1,-10,1,-10,1,-10,0,-10,0,-9,0,-9,0,-9,-1,-8,-1,0,0,0,0,0,0,0,0,0,0,0,0,0,0,0,0,0,0,0,0,0,0,-16,-2,-16,-2,-16,-4,-16,-4,-16,-5,-17,-7,-17,-7,-17,-8,-16,-8,-15,-9,-15,-8,-15,-8,-14,-8,-14,-8,-14,-8,-14,-7,-15,-7,-15,-7,-15,-6,-15,-6,-16,-6,-16,-5,-16,-5,-16,-4,-16,-4,-16,-4,0,0,-29,-8,-28,-9,-25,-8,-27,-7,-24,-5,-24,-5,-23,-4,-22,-3,-22,-2,-22,-2,-21,-1,-20,0,-20,1,-19,1,-20,2,-19,2,-19,2,-19,2,-19,3,-19,2,-18,1,-17,0,-17,0,-17,-1,-16,-1,-15,-2,-14,-2,-15,-4,0,0,0,0,0,0,0,0,0,0,0,0,0,0,-29,-1,-29,-4,-29,-5,-28,-7,-30,-8,-29,-10,-30,-12,-30,-13,-30,-15,-30,-16,-29,-17,-28,-18,-27,-18,-26,-17,-26,-17,-25,-16,-25,-15,-26,-14,-26,-14,-27,-13,-26,-12,-28,-10,-28,-9,-29,-10,-30,-10,-29,-8,-29,-8,-29,-9]"
618066285229600,47.834381200,91983,1901279503,-49,-98,6,0,1,7,0,0,256,0,0,"[0,0,-16,-4,-15,-3,-15,-3,-14,-3,-14,-3,-13,-2,-13,-2,-12,-1,-12,-1,-12,0,-12,1,-11,1,-11,1,-11,2,-11,2,-11,2,-10,2,-10,2,-10,2,-10,1,-10,1,-10,1,-9,1,-8,0,-9,0,-9,0,0,0,0,0,0,0,0,0,0,0,0,0,0,0,0,0,0,0,0,0,0,0,-16,-2,-16,-4,-16,-4,-16,-5,-16,-6,-17,-7,-16,-8,-16,-8,-16,-9,-15,-9,-15,-9,-15,-9,-14,-8,-14,-8,-14,-8,-14,-7,-15,-7,-15,-6,-15,-6,-15,-5,-15,-5,-16,-5,-16,-4,-16,-4,-16,-4,-16,-4,0,0,-28,-10,-28,-9,-26,-8,-26,-7,-23,-6,-23,-6,-24,-5,-23,-5,-22,-3,-22,-1,-21,0,-20,0,-20,1,-19,1,-21,2,-20,2,-19,2,-20,2,-19,1,-20,0,-18,0,-17,0,-17,-1,-16,-1,-16,-1,-15,-2,-15,-3,-14,-4,0,0,0,0,0,0,0,0,0,0,0,0,0,0,-28,-1,-29,-4,-28,-5,-28,-7,-30,-9,-28,-10,-30,-13,-29,-15,-29,-16,-29,-18,-28,-18,-27,-19,-26,-18,-26,-18,-25,-17,-25,-16,-24,-15,-26,-15,-25,-14,-26,-14,-26,-13,-27,-12,-27,-12,-29,-11,-28,-11,-28,-10,-28,-9,-30,-10]"
618066304037800,47.853189400,91984,1901297022,-49,-98,6,0,1,7,0,0,256,0,0,"[0,0,-1,-15,-2,-16,-2,-15,-2,-14,-2,-14,-3,-14,-3,-13,-3,-12,-3,-11,-4,-11,-4,-11,-5,-11,-5,-10,-5,-10,-5,-10,-5,-10,-5,-10,-5,-9,-5,-9,-4,-9,-4,-9,-4,-9,-4,-9,-3,-8,-3,-8,-2,-8,0,0,0,0,0,0,0,0,0,0,0,0,0,0,0,0,0,0,0,0,0,0,-3,-15,-3,-16,-2,-16,-1,-17,0,-17,1,-18,1,-17,2,-18,3,-17,3,-17,3,-17,3,-16,3,-16,3,-16,2,-16,1,-15,2,-15,1,-16,0,-16,0,-16,0,-16,-1,-17,-1,-17,-2,-17,-1,-16,-1,-17,0,0,-1,-29,-3,-30,-2,-28,-2,-26,-2,-26,-2,-25,-3,-23,-4,-22,-4,-22,-7,-20,-7,-19,-8,-19,-9,-19,-9,-19,-8,-18,-9,-18,-9,-17,-9,-18,-8,-18,-7,-17,-7,-17,-6,-17,-6,-16,-6,-15,-5,-15,-5,-14,-3,-15,-2,-15,0,0,0,0,0,0,0,0,0,0,0,0,0,0,-10,-27,-8,-28,-6,-28,-4,-29,-1,-30,-1,-31,1,-32,2,-32,5,-32,7,-32,7,-32,8,-32,7,-31,6,-30,7,-29,6,-29,6,-29,4,-28,3,-28,3,-29,2,-29,2,-30,1,-29,1,-30,-1,-30,-2,-31,-2,-29,-2,-32]"
618066323592000,47.872743600,91985,1901317249,-48,-98,6,0,1,7,0,0,256,0,0,"[0,0,13,-7,11,-7,11,-7,11,-7,10,-7,10,-7,9,-7,8,-7,8,-7,7,-7,7,-7,6,-7,6,-7,5,-8,6,-8,6,-8,5,-8,6,-8,6,-8,6,-7,6,-7,5,-6,5,-6,5,-6,5,-5,5,-5,0,0,0,0,0,0,0,0,0,0,0,0,0,0,0,0,0,0,0,0,0,0,11,-9,12,-8,12,-7,12,-7,13,-6,14,-6,15,-5,15,-5,15,-4,15,-4,15,-4,14,-3,14,-4,13,-3,13,-4,13,-4,13,-5,13,-5,13,-5,13,-6,13,-6,13,-7,13,-7,13,-7,12,-7,13,-8,0,0,52,-26,51,-28,46,-28,47,-24,43,-25,40,-27,37,-28,36,-25,35,-26,32,-27,29,-29,29,-28,27,-30,26,-30,26,-31,25,-30,25,-30,25,-29,25,-30,27,-27,26,-27,24,-24,23,-23,22,-21,24,-19,23,-19,24,-18,25,-15,0,0,0,0,0,0,0,0,0,0,0,0,0,0,38,-39,44,-34,47,-32,51,-32,52,-28,53,-25,58,-25,61,-21,61,-20,62,-15,63,-14,61,-13,61,-14,61,-10,57,-11,58,-12,56,-13,53,-14,54,-17,55,-19,52,-19,53,-23,53,-23,54,-25,56,-26,53,-28,53,-28,57,-28]"
618066343479900,47.892631500,91986,1901336579,-48,-98,6,0,1,7,0,0,256,0,0,"[0,0,2,-15,2,-15,2,-15,2,-14,1,-14,1,-13,1,-13,0,-13,0,-12,-1,-11,-1,-11,-2,-11,-2,-11,-3,-11,-2,-11,-2,-11,-3,-10,-2,-10,-2,-10,-2,-10,-2,-10,-1,-10,-1,-9,-1,-9,-1,-8,0,-8,0,0,0,0,0,0,0,0,0,0,0,0,0,0,0,0,0,0,0,0,0,0,1,-15,2,-16,2,-16,3,-16,4,-16,5,-16,5,-16,6,-17,7,-16,7,-16,7,-15,7,-15,7,-15,7,-15,6,-15,6,-14,5,-14,5,-14,4,-15,3,-15,3,-16,3,-16,3,-16,3,-16,3,-16,2,-16,0,0,9,-26,9,-27,9,-26,8,-24,8,-24,6,-23,5,-23,5,-22,3,-21,2,-21,2,-20,1,-21,0,-20,-1,-20,-1,-20,-1,-19,-1,-20,-1,-19,-1,-19,-1,-19,0,-18,1,-17,1,-17,2,-16,2,-15,2,-14,3,-15,4,-13,0,0,0,0,0,0,0,0,0,0,0,0,0,0,1,-28,4,-28,7,-27,8,-27,10,-28,11,-27,12,-29,15,-28,15,-27,17,-28,18,-26,19,-26,19,-25,19,-23,18,-23,17,-23,16,-24,15,-24,14,-24,14,-24,13,-24,11,-27,11,-27,11,-28,11,-28,11,-28,10,-28,10,-28]"
618066367203300,47.916354900,91987,1901358560,-48,-98,6,0,1,7,0,0,256,0,0,"[0,0,1,-15,1,-15,0,-14,1,-14,0,-13,0,-13,-1,-12,-1,-12,-1,-11,-2,-11,-2,-11,-2,-11,-3,-11,-3,-10,-3,-11,-3,-10,-4,-10,-3,-10,-3,-10,-3,-10,-2,-9,-2,-9,-2,-9,-2,-9,-1,-8,-1,-8,0,0,0,0,0,0,0,0,0,0,0,0,0,0,0,0,0,0,0,0,0,0,-1,-15,0,-15,1,-16,1,-16,3,-16,3,-16,4,-16,5,-16,5,-16,6,-16,6,-15,6,-15,5,-15,5,-15,5,-15,4,-15,4,-14,4,-15,3,-15,2,-15,2,-15,1,-15,2,-16,1,-16,1,-16,1,-15,0,0,7,-54,8,-56,6,-55,6,-52,4,-52,2,-50,1,-46,-2,-46,-1,-44,-4,-40,-6,-40,-8,-41,-9,-39,-12,-40,-11,-38,-10,-37,-10,-38,-11,-39,-10,-35,-9,-36,-8,-35,-5,-35,-6,-32,-4,-33,-4,-31,-1,-30,2,-29,3,-28,0,0,0,0,0,0,0,0,0,0,0,0,0,0,-11,-53,-3,-57,0,-57,3,-58,6,-57,10,-58,12,-60,16,-61,19,-62,21,-62,25,-59,25,-59,24,-57,23,-55,23,-55,22,-52,21,-54,19,-53,17,-52,16,-54,14,-55,13,-57,10,-56,9,-60,9,-57,8,-61,7,-58,10,-60]"
618066384937000,47.934088600,91988,1901380785,-48,-98,6,0,1,7,0,0,256,0,0,"[0,0,15,0,14,0,13,0,13,0,13,0,12,-1,11,-1,11,-1,11,-2,10,-2,10,-3,10,-3,10,-3,10,-4,9,-4,10,-4,9,-4,9,-4,9,-4,9,-3,9,-3,8,-3,8,-2,8,-2,8,-1,8,-1,0,0,0,0,0,0,0,0,0,0,0,0,0,0,0,0,0,0,0,0,0,0,14,-3,15,-2,14,-1,15,0,15,1,16,2,16,3,16,4,16,4,15,4,15,4,15,4,14,4,14,4,14,4,14,3,14,3,14,2,14,2,14,1,14,1,15,1,15,0,15,0,15,0,15,0,0,0,29,5,26,3,27,3,25,3,25,3,23,1,22,1,22,0,22,-1,21,-2,20,-3,20,-4,19,-4,20,-5,19,-6,20,-5,19,-6,19,-5,18,-5,18,-4,18,-3,17,-3,15,-2,15,-2,15,-1,15,1,14,0,14,2,0,0,0,0,0,0,0,0,0,0,0,0,0,0,26,-5,27,-2,28,-1,28,2,28,3,29,5,30,5,31,8,31,10,30,12,29,13,28,13,27,12,27,13,27,12,26,12,27,11,25,9,26,9,27,9,27,7,28,7,28,6,28,6,29,4,29,4,29,4,30,4]"
618066404773300,47.953924900,91989,1901400310,-48,-98,6,0,1,7,0,0,256,0,0,"[0,0,-2,15,-2,14,-2,14,-2,13,-1,13,-1,12,0,12,0,12,0,10,1,10,1,10,1,10,2,10,2,10,2,9,2,9,3,9,2,10,2,9,2,9,1,9,1,8,1,8,0,8,0,8,0,7,0,0,0,0,0,0,0,0,0,0,0,0,0,0,0,0,0,0,0,0,0,0,0,14,-1,15,-1,14,-2,15,-3,15,-4,16,-5,15,-5,15,-6,15,-6,15,-7,14,-7,14,-6,14,-6,14,-6,14,-5,13,-5,14,-4,13,-3,15,-3,14,-3,15,-3,15,-2,15,-2,15,-2,15,-2,15,0,0,-2,28,-2,28,-3,27,-2,26,-1,26,-1,24,1,24,1,22,2,21,4,21,4,20,4,20,5,19,5,19,6,19,5,19,5,19,6,18,6,18,4,17,4,17,3,17,3,17,2,17,1,15,1,14,-1,15,-3,15,0,0,0,0,0,0,0,0,0,0,0,0,0,0,6,26,4,27,2,28,0,28,-1,29,-3,29,-5,30,-6,31,-7,31,-10,31,-9,30,-11,29,-12,29,-11,28,-11,27,-11,27,-9,27,-8,27,-7,26,-6,26,-6,28,-5,28,-4,29,-4,29,-4,30,-2,30,-2,30,-2,30]"
618066421464600,47.970616200,91990,1901416582,-48,-98,6,0,1,7,0,0,256,0,0,"[0,0,6,13,6,13,6,13,6,11,6,12,6,11,6,10,6,10,6,9,6,8,6,8,7,8,7,8,7,7,7,7,7,7,7,7,7,7,7,7,6,7,6,6,6,7,5,7,4,7,4,6,4,7,0,0,0,0,0,0,0,0,0,0,0,0,0,0,0,0,0,0,0,0,0,0,8,11,8,12,8,12,7,13,6,14,6,15,5,15,5,16,4,16,3,16,3,15,3,15,3,15,3,15,3,15,4,14,4,14,4,14,5,14,5,13,6,14,6,14,6,14,7,14,6,14,7,14,0,0,12,26,12,25,12,24,12,23,12,21,12,20,12,19,12,18,13,17,13,16,13,15,12,15,13,14,13,14,15,13,14,13,14,14,14,13,14,12,13,13,12,12,11,12,10,12,9,12,8,12,8,11,7,13,6,12,0,0,0,0,0,0,0,0,0,0,0,0,0,0,19,19,16,21,14,22,14,24,14,25,12,25,11,28,10,29,11,29,8,30,7,29,5,31,6,30,5,30,4,29,4,28,6,26,7,27,7,25,8,27,8,26,11,26,11,27,11,26,12,27,12,27,13,27,12,26]"
618066444328700,47.993480300,91991,1901436765,-48,-98,6,0,1,7,0,0,256,0,0,"[0,0,-16,1,-15,2,-15,2,-15,1,-14,2,-13,2,-13,2,-12,2,-12,3,-12,3,-11,4,-10,4,-10,4,-10,5,-10,5,-10,5,-10,5,-10,5,-10,4,-10,4,-10,3,-9,3,-9,3,-8,3,-9,2,-9,2,0,0,0,0,0,0,0,0,0,0,0,0,0,0,0,0,0,0,0,0,0,0,-15,3,-15,3,-16,2,-16,1,-17,1,-18,0,-18,-2,-18,-3,-17,-3,-17,-3,-17,-3,-17,-3,-16,-3,-16,-3,-16,-3,-16,-2,-16,-1,-16,-1,-16,-1,-16,0,-16,0,-16,0,-17,1,-16,2,-16,2,-16,1,0,0,-29,0,-29,3,-28,2,-26,1,-25,2,-25,3,-24,4,-23,4,-21,5,-20,6,-20,8,-19,8,-19,9,-19,8,-18,8,-18,9,-18,10,-19,9,-18,8,-18,7,-18,6,-16,6,-16,5,-16,5,-16,4,-15,3,-15,2,-15,2,0,0,0,0,0,0,0,0,0,0,0,0,0,0,-26,9,-27,7,-28,5,-28,3,-29,2,-30,0,-31,-1,-33,-4,-32,-5,-32,-6,-32,-8,-31,-7,-31,-7,-30,-7,-29,-7,-29,-6,-28,-5,-28,-5,-29,-5,-29,-4,-29,-2,-29,-2,-30,-1,-30,0,-30,1,-31,2,-30,3,-31,1]"
618066463723000,48.012874600,91992,1901456672,-48,-98,6,0,1,7,0,0,256,0,0,"[0,0,-14,-7,-14,-7,-13,-7,-13,-6,-13,-6,-12,-5,-12,-5,-12,-4,-12,-4,-11,-3,-11,-3,-11,-2,-11,-2,-11,-2,-11,-1,-11,-1,-11,-2,-11,-2,-11,-2,-11,-2,-10,-2,-10,-3,-9,-3,-9,-3,-9,-4,-8,-3,0,0,0,0,0,0,0,0,0,0,0,0,0,0,0,0,0,0,0,0,0,0,-14,-4,-15,-6,-15,-6,-15,-7,-15,-8,-15,-9,-14,-10,-14,-11,-14,-11,-13,-11,-13,-11,-13,-11,-12,-11,-12,-10,-12,-10,-12,-9,-12,-9,-13,-9,-13,-9,-13,-8,-14,-8,-14,-8,-15,-8,-14,-7,-14,-7,-14,-7,0,0,-56,-13,-55,-14,-51,-13,-51,-11,-50,-11,-47,-8,-47,-7,-45,-4,-45,-3,-44,-1,-43,0,-41,1,-40,2,-39,6,-40,3,-40,6,-39,5,-40,6,-40,5,-38,4,-39,2,-35,1,-34,-1,-32,-2,-33,-4,-31,-5,-31,-6,-28,-8,0,0,0,0,0,0,0,0,0,0,0,0,0,0,-52,2,-55,-3,-55,-6,-57,-10,-57,-14,-55,-16,-57,-20,-58,-24,-59,-26,-59,-27,-57,-28,-54,-32,-52,-32,-51,-32,-49,-30,-50,-29,-49,-28,-52,-25,-51,-23,-53,-23,-53,-22,-54,-18,-55,-18,-56,-15,-59,-15,-58,-16,-56,-17,-57,-16]"
618066490693800,48.039845400,91993,1901482077,-48,-98,6,0,1,7,0,0,256,0,0,"[0,0,-14,4,-14,4,-13,4,-13,4,-12,4,-11,4,-11,4,-11,5,-10,5,-10,5,-9,5,-9,5,-9,5,-8,6,-8,6,-8,6,-8,6,-9,6,-8,5,-8,5,-8,5,-8,4,-8,4,-8,3,-8,3,-8,2,0,0,0,0,0,0,0,0,0,0,0,0,0,0,0,0,0,0,0,0,0,0,-13,6,-13,6,-14,5,-14,5,-15,4,-16,4,-16,3,-16,2,-16,2,-16,1,-16,1,-15,0,-15,1,-15,1,-14,1,-14,1,-14,2,-15,2,-14,3,-14,3,-14,3,-14,4,-15,4,-14,4,-14,4,-14,4,0,0,-56,22,-52,20,-50,23,-50,21,-49,22,-46,21,-42,22,-41,23,-38,21,-35,23,-35,25,-33,25,-32,28,-31,27,-30,28,-31,29,-29,28,-30,28,-32,25,-30,25,-31,23,-30,21,-30,22,-28,18,-29,15,-28,14,-29,12,-31,11,0,0,0,0,0,0,0,0,0,0,0,0,0,0,-41,35,-46,30,-49,27,-51,26,-53,24,-56,22,-58,19,-62,16,-62,14,-65,10,-64,8,-63,6,-62,6,-63,5,-60,5,-58,7,-57,9,-56,10,-57,10,-56,14,-55,14,-55,16,-56,19,-55,21,-57,19,-55,22,-57,23,-55,20]"
618066512508300,48.061659900,91994,1901500285,-48,-98,6,0,1,7,0,0,256,0,0,"[0,0,-14,-7,-14,-7,-13,-7,-13,-6,-13,-6,-12,-5,-12,-5,-12,-4,-12,-4,-12,-3,-11,-3,-11,-2,-11,-2,-11,-2,-11,-1,-11,-2,-11,-2,-11,-1,-11,-2,-11,-2,-10,-2,-10,-3,-9,-3,-8,-3,-9,-3,-8,-4,0,0,0,0,0,0,0,0,0,0,0,0,0,0,0,0,0,0,0,0,0,0,-14,-4,-15,-5,-14,-6,-14,-7,-14,-8,-15,-9,-14,-9,-14,-10,-14,-11,-13,-11,-13,-11,-12,-11,-12,-11,-12,-10,-12,-10,-12,-10,-13,-9,-13,-9,-13,-9,-13,-8,-14,-8,-14,-8,-15,-8,-14,-8,-14,-7,-14,-7,0,0,-51,-27,-53,-28,-49,-26,-50,-24,-47,-23,-46,-19,-43,-17,-44,-16,-42,-14,-43,-13,-43,-10,-41,-8,-41,-8,-38,-7,-42,-3,-42,-4,-42,-5,-42,-5,-42,-7,-40,-7,-38,-7,-36,-9,-34,-11,-32,-11,-31,-11,-28,-12,-30,-14,-26,-15,0,0,0,0,0,0,0,0,0,0,0,0,0,0,-54,-11,-53,-18,-51,-21,-50,-22,-54,-26,-51,-29,-52,-34,-52,-38,-53,-38,-51,-42,-49,-41,-48,-46,-43,-46,-44,-45,-40,-44,-40,-40,-42,-38,-46,-37,-45,-34,-46,-37,-47,-34,-50,-31,-49,-30,-50,-29,-53,-31,-52,-31,-52,-31,-52,-31]"
618066524017400,48.073169000,91995,1901516662,-48,-98,6,0,1,7,0,0,256,0,0,"[0,0,8,13,7,12,7,12,7,11,7,11,7,10,8,9,7,9,7,8,7,7,8,7,8,7,8,7,8,6,8,6,8,6,8,6,8,6,8,6,8,6,7,6,6,7,6,6,6,6,5,6,5,6,0,0,0,0,0,0,0,0,0,0,0,0,0,0,0,0,0,0,0,0,0,0,9,11,8,12,8,12,7,13,7,14,6,15,5,15,5,16,4,16,4,15,4,15,4,15,4,15,4,14,4,14,4,13,5,13,5,13,6,14,6,13,6,13,7,13,7,13,8,13,8,13,8,13,0,0,16,24,15,23,15,23,14,21,14,22,14,20,14,19,14,18,15,16,15,15,15,13,16,14,17,13,17,13,16,11,18,11,16,12,17,11,15,12,15,12,14,12,13,13,12,12,11,12,11,12,10,12,8,12,7,13,0,0,0,0,0,0,0,0,0,0,0,0,0,0,20,16,19,20,18,21,17,23,15,23,15,26,14,26,14,29,11,29,10,29,9,30,8,29,8,29,8,28,8,28,8,28,9,28,9,25,10,26,11,24,12,26,12,26,13,26,13,26,14,24,16,26,17,25,17,26]"
618066546045500,48.095197100,91996,1901538596,-48,-98,6,0,1,7,0,0,256,0,0,"[0,0,-7,13,-7,13,-7,12,-6,12,-6,12,-5,11,-5,11,-4,11,-4,11,-3,10,-3,10,-2,10,-2,11,-2,10,-2,10,-1,10,-2,10,-2,10,-2,10,-2,9,-3,9,-3,9,-3,9,-3,8,-3,7,-4,7,0,0,0,0,0,0,0,0,0,0,0,0,0,0,0,0,0,0,0,0,0,0,-4,13,-5,14,-6,14,-7,14,-7,14,-9,13,-10,13,-10,13,-11,13,-11,12,-11,12,-11,11,-10,11,-10,11,-10,11,-9,11,-9,11,-9,12,-8,12,-8,13,-8,13,-7,13,-8,14,-7,14,-7,14,-7,13,0,0,-27,51,-27,51,-25,49,-23,49,-23,46,-20,46,-19,43,-18,42,-15,41,-13,41,-9,41,-8,43,-5,41,-6,40,-6,41,-4,41,-5,40,-5,39,-6,38,-8,36,-9,35,-10,35,-10,34,-10,31,-11,30,-12,28,-15,28,-17,26,0,0,0,0,0,0,0,0,0,0,0,0,0,0,-8,53,-14,52,-18,52,-21,50,-25,53,-26,51,-31,53,-35,52,-37,50,-42,48,-40,46,-45,47,-42,45,-42,43,-40,43,-38,43,-37,41,-37,43,-33,43,-33,45,-32,46,-32,49,-32,48,-30,51,-30,52,-28,53,-27,53,-28,52]"
618066563730800,48.112882400,91997,1901558712,-48,-98,6,0,1,7,0,0,256,0,0,"[0,0,5,-14,4,-14,4,-13,4,-13,3,-13,3,-12,2,-12,2,-12,2,-11,1,-12,1,-11,0,-11,0,-11,-1,-11,-1,-11,0,-11,-1,-11,-1,-11,0,-11,0,-10,0,-10,0,-10,1,-10,1,-9,1,-9,2,-8,0,0,0,0,0,0,0,0,0,0,0,0,0,0,0,0,0,0,0,0,0,0,3,-14,4,-14,4,-14,5,-14,6,-15,7,-14,8,-14,8,-14,9,-14,9,-14,9,-13,8,-13,9,-12,8,-12,7,-12,7,-12,7,-12,7,-13,6,-13,6,-14,6,-14,5,-14,6,-14,5,-15,5,-14,5,-14,0,0,14,-56,13,-60,12,-53,11,-54,10,-49,8,-51,7,-47,5,-47,3,-46,-1,-45,-2,-42,-5,-43,-6,-43,-6,-42,-7,-44,-6,-40,-8,-43,-7,-39,-5,-40,-2,-39,-3,-37,-2,-38,0,-38,0,-34,1,-33,4,-29,6,-33,7,-29,0,0,0,0,0,0,0,0,0,0,0,0,0,0,-3,-56,3,-57,7,-55,11,-53,14,-60,15,-56,22,-61,23,-57,28,-57,32,-56,32,-55,35,-58,31,-53,31,-52,29,-49,29,-51,27,-48,26,-52,24,-49,24,-54,22,-53,19,-55,20,-57,17,-59,18,-60,15,-58,15,-59,15,-57]"
618066582438200,48.131589800,91998,1901577154,-47,-98,6,0,1,7,0,0,256,0,0,"[0,0,-2,15,-2,14,-1,14,-1,13,-1,13,0,13,0,12,0,12,0,11,1,11,1,10,2,11,2,10,3,10,2,10,2,10,3,10,2,10,2,10,2,10,1,9,1,9,1,9,0,8,0,8,-1,8,0,0,0,0,0,0,0,0,0,0,0,0,0,0,0,0,0,0,0,0,0,0,1,14,1,14,0,15,-1,15,-2,16,-3,15,-4,16,-5,16,-5,16,-5,16,-5,15,-5,14,-5,14,-5,14,-5,14,-4,14,-4,14,-4,14,-3,14,-2,14,-2,15,-2,15,-2,15,-1,15,-1,15,-1,15,0,0,0,29,1,28,1,28,0,26,2,25,2,24,3,24,3,23,4,22,5,20,6,20,7,20,7,20,8,20,9,19,7,18,7,19,7,18,7,19,6,18,6,18,4,18,4,17,3,16,3,15,1,15,0,16,-1,15,0,0,0,0,0,0,0,0,0,0,0,0,0,0,9,24,7,26,6,27,4,27,2,29,-1,29,-1,31,-2,31,-4,31,-6,31,-8,30,-7,31,-7,30,-7,29,-7,29,-6,28,-7,28,-5,26,-4,27,-4,28,-3,28,-2,28,-2,29,-1,30,1,30,1,30,1,30,0,30]"
618066605619000,48.154770600,91999,1901600845,-48,-98,6,0,1,7,0,0,256,0,0,"[0,0,5,13,5,13,5,13,5,12,5,11,5,11,6,11,6,10,6,9,6,9,6,8,6,8,7,8,6,7,7,7,7,7,7,8,7,7,6,7,6,7,6,7,5,8,5,8,4,7,3,7,3,7,0,0,0,0,0,0,0,0,0,0,0,0,0,0,0,0,0,0,0,0,0,0,7,12,7,12,6,13,5,13,5,15,4,15,4,16,3,16,3,16,1,16,1,16,1,15,1,15,1,14,2,14,2,14,3,13,3,14,4,14,4,14,4,14,5,14,5,14,5,14,5,14,5,14,0,0,13,25,13,25,13,24,13,22,13,21,13,20,14,20,13,18,13,17,14,15,15,15,16,14,16,14,15,14,16,12,16,12,15,13,17,12,15,13,14,13,13,13,12,13,11,13,10,13,10,13,9,13,7,13,7,13,0,0,0,0,0,0,0,0,0,0,0,0,0,0,19,17,17,20,17,22,15,23,14,25,13,26,12,27,11,28,10,29,8,30,8,31,7,30,7,29,7,29,6,29,6,28,7,27,8,26,8,26,9,26,10,26,10,26,12,26,13,26,13,25,13,26,15,25,15,26]"
618066624550000,48.173701600,92000,1901616702,-47,-98,6,0,1,7,0,0,256,0,0,"[0,0,-8,12,-7,12,-7,12,-7,12,-6,11,-5,11,-5,11,-5,10,-5,10,-4,10,-3,10,-3,10,-2,10,-2,10,-2,10,-2,10,-2,10,-2,10,-2,10,-3,9,-3,9,-3,9,-3,8,-3,8,-4,7,-4,7,0,0,0,0,0,0,0,0,0,0,0,0,0,0,0,0,0,0,0,0,0,0,-5,13,-7,13,-7,13,-8,12,-9,13,-10,13,-11,12,-11,12,-12,11,-12,11,-12,11,-12,10,-11,10,-11,10,-10,10,-10,10,-10,10,-10,11,-9,11,-9,12,-9,12,-8,12,-9,13,-8,13,-8,13,-8,13,0,0,-28,49,-28,49,-26,48,-25,46,-23,44,-20,45,-19,43,-17,43,-15,41,-13,41,-11,41,-9,41,-7,40,-7,38,-5,41,-6,38,-7,42,-5,40,-6,39,-8,39,-8,36,-9,35,-11,36,-11,32,-11,29,-12,28,-14,29,-16,27,0,0,0,0,0,0,0,0,0,0,0,0,0,0,-13,53,-19,52,-23,48,-26,49,-29,50,-31,49,-34,49,-39,48,-40,46,-43,46,-44,42,-46,44,-47,41,-45,39,-43,38,-41,38,-40,40,-39,39,-37,40,-36,43,-35,44,-30,46,-32,47,-31,48,-30,50,-30,51,-31,52,-30,49]"
618066642248900,48.191400500,92001,1901636397,-47,-98,6,0,1,7,0,0,256,0,0,"[0,0,13,7,13,6,12,6,13,6,12,6,12,5,11,4,11,4,11,3,11,3,11,2,10,2,10,2,10,1,11,0,11,0,11,1,11,1,10,1,10,1,10,2,9,2,9,2,8,3,8,3,8,3,0,0,0,0,0,0,0,0,0,0,0,0,0,0,0,0,0,0,0,0,0,0,13,5,13,6,13,7,13,7,13,9,13,9,13,10,12,11,12,11,11,12,11,12,10,11,10,11,10,11,10,10,11,9,11,9,12,9,12,9,12,8,12,8,13,7,14,8,13,8,13,8,13,7,0,0,52,19,52,17,51,15,49,15,48,13,46,12,45,11,44,10,44,7,42,4,42,0,40,-1,41,-4,41,-3,42,-3,41,-4,40,-4,41,-2,40,-1,41,1,38,2,36,3,33,2,33,3,32,3,30,7,29,8,28,9,0,0,0,0,0,0,0,0,0,0,0,0,0,0,52,0,53,6,54,9,55,14,54,16,54,20,54,23,56,28,54,31,53,34,52,35,50,36,50,35,49,34,46,32,47,31,46,30,47,26,48,26,48,26,48,24,49,23,51,25,53,21,55,20,56,17,56,18,57,20]"
618066663998400,48.213150000,92002,1901656538,-47,-98,6,0,1,7,0,0,256,0,0,"[0,0,-15,-2,-15,-2,-14,-2,-14,-1,-13,-1,-13,-1,-12,-1,-12,0,-12,0,-11,1,-11,1,-11,2,-11,2,-11,2,-11,2,-11,2,-11,2,-11,2,-11,2,-11,1,-10,1,-10,1,-10,0,-9,0,-9,0,-9,-1,0,0,0,0,0,0,0,0,0,0,0,0,0,0,0,0,0,0,0,0,0,0,-15,0,-15,-1,-15,-1,-15,-2,-16,-3,-16,-4,-16,-5,-16,-6,-16,-6,-15,-6,-15,-6,-15,-6,-14,-6,-14,-5,-14,-5,-14,-5,-14,-5,-14,-4,-14,-4,-15,-3,-15,-3,-15,-3,-15,-2,-15,-2,-15,-2,-15,-2,0,0,-59,-3,-57,-3,-55,-2,-54,-1,-51,0,-49,1,-46,2,-47,4,-44,7,-42,9,-42,11,-41,13,-38,14,-39,13,-40,14,-39,13,-38,13,-41,14,-39,12,-39,11,-37,9,-36,7,-35,7,-34,6,-33,3,-33,2,-31,-1,-31,-2,0,0,0,0,0,0,0,0,0,0,0,0,0,0,-53,14,-55,9,-55,4,-57,0,-56,-2,-58,-6,-60,-9,-63,-13,-62,-16,-63,-20,-60,-21,-58,-20,-59,-21,-59,-20,-54,-18,-54,-17,-56,-16,-55,-16,-55,-14,-55,-13,-55,-10,-57,-9,-57,-9,-59,-7,-60,-4,-59,-3,-59,-1,-58,-3]"
618066684233500,48.233385100,92003,1901676703,-47,-98,6,0,1,7,0,0,256,0,0,"[0,0,8,-12,7,-12,7,-12,7,-11,6,-11,5,-11,5,-11,4,-11,4,-10,3,-10,3,-11,2,-11,2,-11,2,-11,2,-10,1,-11,1,-11,2,-10,2,-10,3,-10,3,-9,3,-9,3,-9,2,-8,3,-8,3,-7,0,0,0,0,0,0,0,0,0,0,0,0,0,0,0,0,0,0,0,0,0,0,6,-12,7,-12,8,-12,8,-12,9,-12,10,-12,11,-11,12,-11,12,-10,12,-10,11,-10,11,-10,11,-10,11,-10,10,-10,10,-10,10,-10,9,-11,9,-11,9,-11,9,-11,8,-12,9,-12,8,-13,8,-13,8,-13,0,0,34,-45,32,-49,30,-46,29,-43,27,-42,25,-43,24,-42,22,-42,18,-39,16,-41,14,-39,15,-41,10,-41,9,-40,10,-41,9,-42,8,-42,9,-40,9,-40,10,-38,12,-37,13,-36,14,-34,13,-32,15,-31,14,-27,18,-29,18,-26,0,0,0,0,0,0,0,0,0,0,0,0,0,0,20,-49,25,-49,28,-47,31,-46,34,-48,36,-46,42,-48,44,-43,46,-43,49,-39,49,-39,52,-37,51,-35,50,-34,48,-35,45,-35,43,-36,44,-37,41,-38,41,-38,40,-40,39,-44,39,-43,37,-46,40,-47,36,-46,36,-48,37,-47]"
618066702991600,48.252143200,92004,1901698707,-47,-98,6,0,1,7,0,0,256,0,0,"[0,0,0,-15,0,-16,0,-15,0,-15,0,-14,-1,-14,-1,-13,-2,-13,-2,-12,-3,-12,-3,-11,-4,-11,-4,-11,-4,-11,-4,-11,-4,-11,-5,-11,-4,-11,-4,-11,-4,-10,-3,-10,-3,-10,-3,-10,-2,-10,-2,-9,-1,-9,0,0,0,0,0,0,0,0,0,0,0,0,0,0,0,0,0,0,0,0,0,0,-1,-15,0,-15,0,-16,1,-16,2,-17,3,-17,4,-17,5,-17,5,-16,5,-16,6,-15,5,-15,5,-15,5,-15,4,-15,4,-15,3,-14,3,-15,2,-15,2,-15,2,-16,1,-16,1,-16,0,-16,0,-16,0,-16,0,0,0,-29,-1,-29,-1,-28,-2,-25,-2,-27,-2,-25,-3,-24,-4,-23,-4,-23,-6,-20,-8,-20,-8,-20,-9,-20,-9,-20,-8,-19,-9,-19,-9,-19,-9,-20,-8,-19,-7,-19,-6,-18,-6,-19,-5,-18,-5,-17,-4,-17,-3,-17,-2,-16,-1,-16,0,0,0,0,0,0,0,0,0,0,0,0,0,0,-8,-26,-5,-28,-3,-27,-2,-29,0,-28,2,-30,2,-30,4,-31,7,-31,8,-31,9,-31,9,-29,8,-29,8,-29,7,-28,6,-28,7,-29,6,-26,6,-28,4,-27,3,-28,3,-28,2,-29,2,-29,1,-29,0,-29,-1,-30,-1,-30]"
618066724044700,48.273196300,92005,1901717052,-47,-98,6,0,1,7,0,0,256,0,0,"[0,0,-14,-7,-14,-7,-13,-6,-13,-6,-13,-6,-12,-6,-12,-5,-12,-5,-12,-4,-12,-3,-12,-2,-11,-2,-11,-2,-11,-2,-12,-1,-11,-1,-11,-1,-11,-1,-11,-2,-11,-2,-11,-2,-10,-3,-10,-3,-9,-3,-9,-3,-8,-3,0,0,0,0,0,0,0,0,0,0,0,0,0,0,0,0,0,0,0,0,0,0,-14,-5,-14,-5,-14,-7,-14,-7,-14,-9,-14,-9,-14,-10,-14,-11,-13,-11,-13,-12,-13,-11,-12,-11,-12,-11,-12,-10,-12,-10,-12,-9,-12,-9,-13,-9,-13,-8,-13,-8,-13,-8,-13,-8,-14,-8,-14,-7,-14,-7,-14,-7,0,0,-54,-24,-52,-24,-51,-24,-49,-20,-48,-20,-44,-17,-47,-15,-43,-14,-45,-11,-44,-7,-43,-6,-43,-6,-43,-3,-43,-3,-44,-2,-43,-3,-42,-3,-43,-2,-41,-4,-42,-5,-39,-7,-38,-7,-35,-8,-33,-9,-33,-9,-34,-10,-28,-13,-28,-15,0,0,0,0,0,0,0,0,0,0,0,0,0,0,-53,-8,-54,-15,-55,-18,-55,-23,-52,-25,-52,-27,-53,-31,-54,-34,-51,-38,-51,-40,-50,-42,-48,-41,-47,-41,-45,-42,-44,-39,-44,-38,-45,-37,-45,-35,-46,-34,-46,-32,-48,-30,-48,-29,-50,-29,-52,-29,-54,-26,-53,-25,-54,-25,-56,-25]"
618066744811000,48.293962600,92006,1901738104,-47,-98,6,0,1,7,0,0,256,0,0,"[0,0,-7,13,-6,13,-6,13,-6,12,-5,12,-5,12,-4,11,-3,11,-3,11,-3,10,-2,11,-1,11,-1,11,-1,11,-1,10,-1,10,0,10,-1,10,-2,10,-2,10,-2,10,-2,9,-2,9,-2,8,-3,8,-3,7,0,0,0,0,0,0,0,0,0,0,0,0,0,0,0,0,0,0,0,0,0,0,-5,13,-6,14,-6,13,-7,14,-8,13,-10,14,-10,13,-11,13,-11,12,-11,12,-11,12,-11,12,-10,11,-10,11,-10,12,-9,11,-9,11,-9,11,-8,12,-8,13,-8,13,-7,13,-7,14,-7,14,-6,14,-7,14,0,0,-31,46,-30,46,-30,45,-27,44,-26,43,-23,42,-20,43,-20,41,-16,40,-13,39,-13,39,-10,41,-11,40,-9,40,-7,40,-8,39,-8,41,-9,40,-9,38,-10,37,-11,35,-11,35,-12,34,-14,31,-13,29,-15,27,-17,27,-18,25,0,0,0,0,0,0,0,0,0,0,0,0,0,0,-14,50,-21,52,-24,48,-28,46,-30,46,-34,47,-38,47,-41,46,-42,43,-46,42,-47,41,-48,40,-46,38,-46,36,-45,36,-43,38,-42,38,-40,37,-40,38,-38,40,-37,43,-35,45,-35,45,-36,47,-33,47,-32,48,-33,49,-30,48]"
618066761963900,48.311115500,92007,1901756454,-47,-98,6,0,1,7,0,0,256,0,0,"[0,0,14,3,14,3,13,3,13,3,12,3,12,2,12,1,11,1,11,1,11,0,11,-1,10,-1,10,-1,10,-1,11,-2,10,-2,10,-1,10,-1,10,-1,10,-1,10,-1,9,0,9,0,8,0,8,1,8,1,0,0,0,0,0,0,0,0,0,0,0,0,0,0,0,0,0,0,0,0,0,0,14,1,14,1,15,2,14,3,15,4,15,5,15,6,15,7,14,7,14,7,14,7,13,7,13,7,13,7,13,6,13,6,13,6,13,5,13,5,14,4,14,4,14,4,15,4,14,4,14,4,15,3,0,0,53,16,55,15,51,15,51,15,48,13,47,8,47,9,45,6,44,4,44,3,42,3,42,2,41,0,40,-2,44,-3,41,-4,40,-4,40,-3,39,-4,39,-1,39,-1,36,1,37,3,34,5,32,7,31,6,30,9,27,11,0,0,0,0,0,0,0,0,0,0,0,0,0,0,53,0,55,7,54,12,53,15,56,16,54,18,57,23,55,27,57,25,56,31,55,30,53,36,50,36,49,37,46,34,46,32,45,31,50,29,49,24,52,27,49,23,52,19,54,21,56,18,57,20,56,21,57,21,56,19]"
618066783719700,48.332871300,92008,1901776553,-47,-98,6,0,1,7,0,0,256,0,0,"[0,0,-14,-8,-13,-7,-13,-7,-13,-7,-13,-7,-12,-6,-12,-5,-12,-5,-12,-4,-12,-4,-12,-3,-11,-3,-11,-2,-11,-2,-12,-2,-11,-1,-11,-2,-11,-2,-11,-2,-11,-2,-10,-3,-10,-3,-9,-3,-9,-3,-9,-4,-8,-4,0,0,0,0,0,0,0,0,0,0,0,0,0,0,0,0,0,0,0,0,0,0,-14,-5,-14,-7,-14,-7,-14,-8,-14,-9,-14,-10,-13,-11,-13,-12,-13,-12,-12,-12,-12,-12,-12,-11,-11,-11,-11,-11,-11,-11,-12,-10,-12,-10,-12,-10,-13,-10,-13,-9,-13,-9,-13,-9,-14,-8,-14,-8,-14,-8,-14,-8,0,0,-54,-20,-52,-20,-52,-19,-49,-16,-48,-15,-46,-15,-45,-14,-45,-12,-44,-7,-43,-4,-43,-2,-41,-1,-43,2,-43,1,-41,3,-42,1,-41,3,-43,2,-41,0,-40,-2,-38,-3,-37,-5,-34,-5,-33,-5,-34,-6,-34,-7,-28,-8,-28,-12,0,0,0,0,0,0,0,0,0,0,0,0,0,0,-53,-6,-52,-8,-55,-14,-55,-18,-51,-21,-51,-25,-54,-27,-54,-29,-53,-35,-53,-37,-49,-40,-49,-38,-48,-36,-47,-38,-45,-36,-45,-33,-45,-33,-46,-31,-48,-31,-48,-28,-49,-28,-49,-27,-50,-25,-54,-25,-54,-21,-54,-21,-54,-20,-58,-22]"
618066803112600,48.352264200,92009,1901796603,-47,-98,6,0,1,7,0,0,256,0,0,"[0,0,-2,14,-2,14,-2,14,-2,13,-1,13,-1,12,-1,12,0,12,0,11,1,11,1,10,1,10,2,10,2,10,2,10,2,10,2,10,2,10,2,10,1,10,1,9,1,9,0,9,0,9,-1,8,-1,8,0,0,0,0,0,0,0,0,0,0,0,0,0,0,0,0,0,0,0,0,0,0,0,14,-1,14,-1,15,-2,15,-3,15,-4,15,-5,15,-6,15,-6,15,-7,15,-7,14,-7,14,-6,14,-6,14,-6,13,-5,13,-5,13,-4,14,-4,14,-3,14,-3,14,-3,15,-3,15,-2,15,-2,15,-2,15,0,0,-9,54,-8,55,-7,53,-7,51,-5,49,-4,48,-2,46,-1,45,1,43,3,41,4,40,5,40,7,40,9,40,9,39,10,38,9,39,9,39,8,38,7,38,6,37,3,36,2,34,1,33,0,33,-2,31,-5,30,-7,28,0,0,0,0,0,0,0,0,0,0,0,0,0,0,7,52,1,54,-3,53,-5,54,-10,56,-13,56,-16,58,-19,59,-21,57,-24,57,-26,56,-28,55,-27,53,-26,51,-26,51,-26,51,-23,51,-20,50,-20,51,-19,52,-17,53,-15,54,-12,54,-13,57,-11,56,-11,58,-10,57,-10,56]"
618066826116100,48.375267700,92010,1901818881,-47,-98,6,0,1,7,0,0,256,0,0,"[0,0,-12,11,-11,10,-11,10,-10,10,-9,10,-8,10,-8,10,-7,10,-7,10,-6,9,-6,10,-5,10,-5,10,-5,10,-5,10,-5,10,-4,10,-5,10,-5,9,-5,9,-5,9,-5,8,-5,8,-5,7,-6,7,-6,6,0,0,0,0,0,0,0,0,0,0,0,0,0,0,0,0,0,0,0,0,0,0,-9,11,-10,12,-11,11,-12,11,-12,10,-14,10,-14,10,-15,9,-15,9,-15,8,-15,8,-14,8,-14,8,-14,8,-14,8,-13,8,-13,8,-13,9,-12,9,-12,10,-12,10,-12,10,-12,11,-11,11,-11,11,-11,11,0,0,-41,40,-40,41,-38,40,-36,38,-33,38,-29,37,-30,38,-26,37,-25,36,-22,37,-19,36,-18,37,-17,38,-17,39,-16,38,-16,39,-14,38,-17,38,-17,37,-19,36,-19,32,-18,32,-18,31,-19,29,-19,26,-20,25,-22,25,-22,23,0,0,0,0,0,0,0,0,0,0,0,0,0,0,-28,47,-31,46,-35,43,-39,40,-42,41,-43,40,-48,38,-50,37,-53,34,-58,31,-56,30,-57,30,-55,27,-55,26,-52,28,-50,27,-50,29,-48,30,-48,30,-46,33,-45,35,-44,35,-44,36,-44,39,-43,40,-43,41,-41,43,-40,41]"
618066844692300,48.393843900,92011,1901836760,-47,-98,6,0,1,7,0,0,256,0,0,"[0,0,-15,-2,-15,-2,-14,-2,-14,-2,-13,-1,-13,-1,-13,0,-12,0,-12,1,-12,1,-11,1,-11,2,-11,2,-11,2,-11,3,-10,3,-10,3,-11,3,-11,2,-11,2,-10,2,-10,1,-10,1,-9,0,-9,0,-9,0,0,0,0,0,0,0,0,0,0,0,0,0,0,0,0,0,0,0,0,0,0,0,-15,-1,-15,-2,-15,-3,-15,-3,-15,-4,-16,-5,-15,-6,-16,-7,-15,-7,-15,-8,-14,-7,-14,-7,-13,-7,-13,-7,-14,-6,-14,-6,-14,-5,-14,-5,-14,-4,-14,-4,-15,-3,-15,-3,-16,-3,-15,-3,-15,-3,-15,-3,0,0,-57,-13,-57,-13,-55,-12,-54,-10,-51,-8,-49,-4,-46,-4,-47,-3,-46,-1,-45,2,-44,3,-42,6,-42,7,-41,6,-43,9,-42,7,-41,8,-41,8,-41,7,-41,4,-40,3,-37,4,-37,0,-35,0,-34,-1,-31,-3,-32,-5,-31,-6,0,0,0,0,0,0,0,0,0,0,0,0,0,0,-54,-1,-55,-5,-54,-10,-56,-15,-58,-13,-57,-16,-58,-22,-59,-25,-58,-27,-58,-31,-57,-32,-54,-34,-53,-33,-52,-32,-49,-32,-49,-29,-49,-28,-53,-26,-52,-24,-53,-24,-52,-21,-54,-18,-55,-18,-57,-15,-58,-17,-58,-16,-57,-13,-60,-15]"
618066865977700,48.415129300,92012,1901857321,-47,-98,6,0,1,7,0,0,256,0,0,"[0,0,-6,-15,-6,-15,-6,-14,-6,-13,-6,-13,-6,-12,-6,-12,-6,-11,-7,-11,-7,-10,-7,-10,-8,-9,-8,-9,-8,-9,-8,-9,-8,-9,-8,-9,-8,-9,-7,-9,-7,-9,-7,-9,-6,-9,-6,-9,-5,-9,-5,-8,-4,-8,0,0,0,0,0,0,0,0,0,0,0,0,0,0,0,0,0,0,0,0,0,0,-8,-13,-7,-14,-7,-15,-6,-15,-5,-16,-5,-17,-4,-17,-3,-17,-2,-18,-2,-17,-2,-16,-2,-16,-2,-16,-2,-16,-2,-16,-3,-15,-3,-15,-4,-15,-4,-16,-5,-15,-5,-15,-5,-15,-6,-15,-6,-15,-7,-15,-6,-15,0,0,-8,-28,-9,-28,-9,-27,-10,-25,-9,-25,-10,-23,-9,-23,-10,-22,-11,-20,-12,-19,-13,-17,-13,-17,-14,-17,-13,-16,-14,-16,-14,-17,-14,-17,-13,-17,-13,-17,-12,-17,-11,-16,-10,-17,-9,-16,-9,-16,-8,-16,-7,-15,-5,-16,-4,-15,0,0,0,0,0,0,0,0,0,0,0,0,0,0,-15,-23,-13,-25,-12,-25,-10,-27,-9,-28,-7,-28,-6,-30,-5,-32,-3,-31,-1,-33,0,-32,0,-32,0,-31,0,-30,0,-29,0,-30,-1,-29,-3,-28,-3,-28,-4,-28,-4,-28,-6,-28,-5,-28,-6,-29,-8,-28,-8,-29,-9,-29,-9,-28]"
618066885159000,48.434310600,92013,1901876874,-47,-98,6,0,1,7,0,0,256,0,0,"[0,0,7,-14,6,-14,6,-14,6,-13,5,-13,4,-13,4,-12,3,-12,3,-12,2,-12,2,-12,1,-12,1,-12,0,-12,1,-12,1,-11,0,-11,1,-12,1,-11,1,-11,1,-11,1,-10,2,-10,2,-9,3,-9,3,-9,0,0,0,0,0,0,0,0,0,0,0,0,0,0,0,0,0,0,0,0,0,0,4,-15,6,-14,6,-15,7,-14,8,-14,9,-15,10,-14,11,-14,11,-13,11,-13,11,-12,11,-12,10,-12,10,-12,10,-12,9,-12,9,-12,8,-13,8,-13,8,-13,7,-14,7,-14,7,-15,7,-15,7,-15,7,-15,0,0,18,-55,16,-56,16,-51,14,-51,14,-48,11,-48,10,-47,7,-45,6,-44,2,-44,1,-43,-1,-43,-2,-44,-3,-42,-3,-42,-4,-40,-4,-43,-4,-40,-2,-40,-1,-39,1,-37,1,-38,2,-36,3,-35,5,-32,6,-31,8,-31,10,-29,0,0,0,0,0,0,0,0,0,0,0,0,0,0,4,-56,7,-56,11,-55,17,-54,20,-55,22,-53,26,-57,28,-54,32,-54,36,-54,37,-52,36,-52,37,-48,34,-48,35,-47,33,-46,31,-47,30,-49,29,-46,28,-50,25,-49,23,-51,23,-54,22,-56,21,-56,21,-56,20,-56,19,-57]"
618066902460100,48.451611700,92014,1901896517,-47,-98,6,0,1,7,0,0,256,0,0,"[0,0,-4,-15,-4,-15,-4,-14,-3,-13,-4,-13,-5,-13,-4,-12,-5,-12,-5,-11,-5,-10,-5,-10,-6,-10,-6,-10,-6,-10,-6,-9,-7,-10,-7,-9,-6,-9,-6,-9,-6,-9,-5,-9,-5,-9,-5,-9,-4,-9,-4,-8,-3,-8,0,0,0,0,0,0,0,0,0,0,0,0,0,0,0,0,0,0,0,0,0,0,-5,-14,-4,-15,-4,-15,-3,-16,-2,-16,-2,-17,-1,-17,0,-17,0,-17,1,-16,1,-16,1,-16,1,-16,1,-15,0,-16,0,-15,0,-15,-1,-15,-2,-15,-2,-15,-3,-15,-3,-16,-3,-15,-3,-15,-4,-15,-3,-16,0,0,-7,-28,-7,-29,-6,-27,-7,-26,-6,-25,-8,-24,-8,-23,-9,-22,-10,-21,-10,-20,-10,-19,-10,-19,-11,-19,-12,-17,-12,-18,-12,-16,-12,-17,-11,-17,-12,-17,-11,-16,-11,-17,-9,-16,-8,-17,-7,-16,-7,-15,-6,-15,-5,-16,-3,-16,0,0,0,0,0,0,0,0,0,0,0,0,0,0,-12,-25,-9,-26,-7,-26,-7,-27,-5,-30,-4,-28,-3,-32,-2,-31,-1,-32,1,-32,2,-31,4,-32,4,-31,4,-30,4,-29,3,-28,2,-28,1,-28,0,-28,-1,-29,-2,-28,-4,-29,-4,-29,-5,-30,-5,-30,-5,-30,-5,-30,-5,-29]"
618066922524100,48.471675700,92015,1901917634,-47,-98,6,0,1,7,0,0,256,0,0,"[0,0,-3,14,-3,14,-2,13,-3,13,-2,12,-2,12,-1,12,-1,12,-1,11,0,10,0,10,1,10,1,10,1,9,2,10,2,10,2,10,2,10,1,9,0,9,1,9,1,9,-1,8,0,8,-1,7,-1,7,0,0,0,0,0,0,0,0,0,0,0,0,0,0,0,0,0,0,0,0,0,0,-1,14,-2,14,-2,14,-3,14,-4,15,-5,15,-5,15,-6,15,-7,14,-7,14,-7,14,-7,13,-7,13,-7,13,-7,13,-6,13,-5,13,-5,13,-5,14,-4,14,-4,14,-4,14,-4,15,-3,14,-3,14,-3,14,0,0,-12,57,-10,58,-8,53,-6,55,-6,51,-4,49,-3,50,0,46,2,44,1,44,5,43,5,41,8,40,8,40,9,39,10,38,9,43,10,39,10,38,4,39,6,35,5,36,0,36,1,35,-2,29,-1,28,-5,32,-4,31,0,0,0,0,0,0,0,0,0,0,0,0,0,0,7,55,1,55,-3,56,-5,55,-8,60,-10,58,-16,62,-18,60,-21,62,-25,59,-26,60,-30,59,-29,55,-29,54,-27,53,-25,51,-23,51,-22,54,-21,52,-19,54,-18,54,-14,57,-14,56,-12,59,-14,59,-11,59,-9,59,-9,57]"
618066945149500,48.494301100,92016,1901942520,-47,-98,6,0,1,7,0,0,256,0,0,"[0,0,-7,-13,-7,-13,-7,-13,-6,-12,-7,-12,-7,-11,-7,-11,-7,-10,-7,-9,-7,-9,-7,-9,-8,-8,-8,-8,-8,-8,-8,-8,-8,-7,-8,-8,-8,-8,-8,-7,-7,-7,-7,-8,-7,-8,-6,-8,-5,-8,-5,-8,-5,-7,0,0,0,0,0,0,0,0,0,0,0,0,0,0,0,0,0,0,0,0,0,0,-8,-12,-8,-13,-7,-13,-7,-14,-6,-15,-6,-16,-5,-16,-4,-16,-4,-16,-3,-16,-3,-16,-3,-16,-3,-15,-3,-15,-3,-15,-4,-14,-4,-14,-4,-14,-5,-14,-6,-14,-6,-14,-7,-14,-7,-14,-6,-14,-7,-14,-7,-14,0,0,-35,-47,-32,-46,-34,-45,-33,-41,-32,-41,-33,-39,-32,-36,-33,-35,-33,-31,-34,-28,-36,-27,-35,-26,-36,-25,-35,-24,-37,-21,-37,-22,-34,-22,-36,-21,-35,-23,-33,-22,-32,-23,-30,-23,-27,-22,-25,-23,-24,-22,-24,-23,-20,-25,-18,-27,0,0,0,0,0,0,0,0,0,0,0,0,0,0,-43,-33,-40,-41,-37,-40,-36,-46,-34,-49,-31,-52,-29,-55,-30,-59,-29,-59,-25,-61,-22,-60,-18,-60,-18,-60,-19,-57,-18,-58,-17,-55,-19,-54,-22,-54,-23,-53,-24,-52,-26,-52,-29,-50,-30,-49,-33,-50,-33,-48,-34,-50,-33,-50,-35,-51]"
618066964460500,48.513612100,92017,1901956417,-48,-98,6,0,1,7,0,0,256,0,0,"[0,0,-14,-7,-15,-7,-13,-6,-14,-6,-13,-5,-13,-5,-12,-4,-12,-4,-12,-3,-12,-3,-11,-2,-11,-2,-11,-1,-11,-1,-12,0,-11,-1,-12,-1,-11,-1,-11,-1,-11,-1,-11,-1,-10,-2,-10,-2,-9,-2,-9,-3,-9,-3,0,0,0,0,0,0,0,0,0,0,0,0,0,0,0,0,0,0,0,0,0,0,-14,-6,-14,-7,-14,-7,-14,-8,-15,-9,-14,-10,-14,-11,-13,-11,-13,-11,-13,-12,-12,-12,-12,-11,-12,-11,-11,-11,-11,-10,-13,-10,-12,-9,-13,-9,-13,-9,-14,-8,-14,-8,-14,-8,-15,-8,-14,-8,-14,-7,-14,-7,0,0,-56,-17,-54,-17,-52,-16,-52,-14,-50,-13,-48,-11,-48,-8,-47,-6,-43,-4,-45,-1,-45,-2,-42,0,-42,2,-42,3,-43,5,-42,5,-40,5,-42,4,-41,4,-41,2,-41,1,-37,1,-36,-2,-35,-3,-34,-6,-31,-5,-31,-8,-30,-9,0,0,0,0,0,0,0,0,0,0,0,0,0,0,-56,-5,-55,-11,-56,-14,-55,-16,-56,-19,-53,-23,-56,-27,-57,-29,-56,-32,-55,-34,-53,-36,-53,-39,-51,-38,-50,-37,-48,-35,-47,-34,-48,-32,-49,-30,-49,-28,-51,-28,-51,-26,-53,-23,-54,-22,-55,-20,-57,-20,-57,-21,-58,-20,-58,-20]"
618066984053300,48.533204900,92018,1901976362,-48,-98,6,0,1,7,0,0,256,0,0,"[0,0,-14,-7,-14,-6,-14,-6,-13,-6,-13,-6,-13,-5,-12,-4,-12,-4,-12,-3,-12,-3,-12,-2,-11,-2,-12,-2,-12,-1,-12,-1,-12,-1,-11,-1,-11,-1,-11,-1,-11,-1,-11,-2,-10,-2,-10,-2,-9,-3,-9,-3,-9,-3,0,0,0,0,0,0,0,0,0,0,0,0,0,0,0,0,0,0,0,0,0,0,-15,-5,-15,-6,-15,-7,-14,-8,-15,-9,-15,-10,-14,-11,-14,-11,-14,-11,-13,-12,-13,-12,-12,-12,-12,-11,-12,-11,-12,-10,-12,-9,-13,-9,-13,-9,-13,-9,-13,-8,-14,-8,-14,-8,-15,-8,-15,-8,-15,-7,-15,-7,0,0,-53,-21,-52,-19,-53,-18,-47,-15,-50,-18,-47,-14,-45,-13,-45,-10,-42,-9,-42,-7,-44,-5,-42,-3,-42,-2,-42,-1,-42,1,-43,2,-40,1,-45,1,-42,0,-41,-1,-39,-3,-37,-6,-34,-4,-34,-6,-33,-8,-33,-9,-29,-8,-30,-12,0,0,0,0,0,0,0,0,0,0,0,0,0,0,-54,-4,-55,-13,-54,-16,-57,-19,-53,-21,-54,-24,-54,-27,-59,-32,-56,-34,-54,-38,-52,-39,-48,-40,-50,-41,-48,-40,-45,-37,-44,-36,-46,-36,-45,-31,-49,-32,-48,-30,-51,-30,-52,-26,-52,-26,-54,-24,-52,-25,-57,-24,-54,-23,-55,-23]"
618067001856200,48.551007800,92019,1901996535,-48,-98,6,0,1,7,0,0,256,0,0,"[0,0,11,-11,9,-11,9,-11,9,-10,8,-10,8,-10,7,-10,6,-10,6,-10,6,-10,5,-10,4,-10,4,-10,4,-11,4,-10,4,-10,3,-11,4,-10,4,-10,4,-9,4,-10,4,-9,4,-8,4,-8,5,-7,5,-7,0,0,0,0,0,0,0,0,0,0,0,0,0,0,0,0,0,0,0,0,0,0,8,-12,9,-12,10,-11,10,-11,11,-11,13,-11,13,-10,14,-10,14,-9,14,-8,14,-8,13,-8,13,-8,12,-8,12,-8,12,-9,12,-9,12,-9,11,-10,11,-10,11,-10,11,-11,11,-11,10,-11,10,-11,11,-11,0,0,41,-40,39,-42,37,-42,35,-38,33,-38,31,-38,28,-38,26,-37,25,-36,20,-36,19,-38,15,-38,16,-39,14,-38,17,-39,15,-37,14,-39,16,-38,16,-37,17,-36,19,-33,17,-33,18,-32,17,-30,18,-27,19,-25,20,-24,21,-21,0,0,0,0,0,0,0,0,0,0,0,0,0,0,22,-50,27,-47,31,-45,36,-43,39,-45,39,-42,44,-41,50,-39,52,-37,54,-34,54,-32,55,-33,53,-33,50,-31,50,-30,47,-30,47,-30,47,-31,45,-33,46,-33,44,-36,45,-38,44,-38,43,-40,42,-40,41,-44,39,-44,42,-42]"
618067023560700,48.572712300,92020,1902016520,-48,-98,6,0,1,7,0,0,256,0,0,"[0,0,3,-15,2,-15,2,-14,2,-14,1,-14,1,-13,1,-13,0,-12,0,-12,-1,-12,-1,-11,-2,-11,-3,-11,-3,-11,-2,-11,-3,-11,-3,-11,-3,-11,-2,-11,-2,-11,-2,-10,-1,-10,-1,-10,-1,-10,0,-9,0,-9,0,0,0,0,0,0,0,0,0,0,0,0,0,0,0,0,0,0,0,0,0,0,1,-15,2,-15,2,-15,3,-15,4,-16,5,-16,6,-16,7,-15,7,-15,7,-15,7,-14,7,-14,7,-14,6,-14,6,-14,5,-14,5,-14,5,-14,4,-15,4,-15,3,-15,3,-15,3,-15,3,-15,2,-15,3,-16,0,0,5,-53,4,-59,3,-55,2,-52,1,-48,0,-50,-1,-49,-2,-45,-4,-43,-8,-43,-9,-41,-12,-42,-12,-39,-11,-38,-14,-40,-11,-38,-14,-39,-13,-38,-12,-40,-9,-39,-8,-35,-7,-37,-5,-36,-6,-33,-4,-33,-2,-30,2,-34,4,-31,0,0,0,0,0,0,0,0,0,0,0,0,0,0,-10,-53,-6,-56,-1,-54,2,-56,5,-59,7,-56,12,-61,14,-60,18,-60,23,-58,23,-58,25,-60,24,-56,24,-53,23,-54,20,-53,19,-51,17,-56,13,-51,15,-55,12,-53,11,-56,11,-57,8,-60,9,-60,5,-60,5,-60,7,-57]"
618067043164400,48.592316000,92021,1902037378,-48,-98,6,0,1,7,0,0,256,0,0,"[0,0,11,9,11,9,10,9,11,8,10,8,10,7,10,6,10,5,10,5,10,4,10,4,9,4,10,4,9,3,10,3,10,2,10,3,10,3,9,3,9,3,9,3,8,4,7,4,7,4,7,4,6,4,0,0,0,0,0,0,0,0,0,0,0,0,0,0,0,0,0,0,0,0,0,0,12,7,12,8,12,9,11,9,12,11,11,11,11,12,10,13,10,13,9,13,9,13,9,12,8,12,8,12,8,11,9,11,9,11,10,11,9,10,10,10,10,10,11,10,12,10,11,9,11,10,12,9,0,0,48,32,47,32,46,28,45,27,43,27,43,24,41,22,40,19,41,16,39,14,40,12,40,11,40,11,39,8,40,6,40,6,40,7,41,7,39,6,37,9,37,10,34,12,34,11,31,13,30,13,29,13,27,15,25,16,0,0,0,0,0,0,0,0,0,0,0,0,0,0,52,15,50,23,49,25,49,27,49,32,46,33,50,38,47,42,48,43,47,47,43,48,40,49,39,46,38,47,36,47,36,44,36,42,38,41,40,40,42,38,42,36,45,35,45,35,47,36,49,34,49,34,47,33,50,32]"
618067063960600,48.613112200,92022,1902056469,-48,-98,6,0,1,7,0,0,256,0,0,"[0,0,-10,-12,-10,-12,-10,-11,-9,-11,-9,-11,-9,-10,-9,-9,-9,-9,-9,-8,-9,-7,-10,-6,-10,-6,-10,-6,-10,-6,-10,-5,-10,-5,-10,-5,-10,-5,-10,-6,-9,-6,-9,-5,-8,-6,-8,-6,-7,-6,-7,-6,-7,-6,0,0,0,0,0,0,0,0,0,0,0,0,0,0,0,0,0,0,0,0,0,0,-11,-11,-11,-12,-10,-12,-10,-13,-9,-14,-9,-15,-8,-15,-7,-16,-7,-16,-7,-16,-7,-15,-6,-15,-6,-15,-6,-15,-6,-14,-7,-14,-7,-13,-8,-13,-8,-14,-9,-13,-9,-13,-9,-13,-10,-13,-10,-13,-10,-12,-10,-12,0,0,-34,-47,-32,-46,-30,-43,-30,-42,-29,-39,-30,-38,-29,-37,-32,-32,-31,-31,-34,-27,-33,-25,-34,-23,-35,-21,-33,-22,-36,-22,-35,-20,-35,-21,-36,-21,-35,-22,-34,-23,-31,-22,-28,-23,-28,-21,-26,-21,-24,-22,-22,-21,-20,-25,-18,-24,0,0,0,0,0,0,0,0,0,0,0,0,0,0,-40,-36,-36,-41,-35,-42,-32,-47,-30,-49,-27,-51,-26,-55,-25,-57,-23,-59,-20,-60,-18,-61,-18,-59,-17,-60,-17,-57,-16,-56,-16,-54,-17,-54,-20,-52,-21,-53,-22,-51,-25,-51,-25,-50,-27,-51,-30,-51,-31,-49,-33,-50,-33,-47,-34,-49]"
618067083537500,48.632689100,92023,1902077555,-48,-98,6,0,1,7,0,0,256,0,0,"[0,0,-3,14,-3,14,-2,13,-2,13,-2,13,-2,12,-1,12,-1,11,-1,11,0,11,1,10,1,10,2,10,2,10,2,10,2,10,2,10,2,10,1,10,1,9,0,9,0,9,0,9,0,9,-1,8,-1,7,0,0,0,0,0,0,0,0,0,0,0,0,0,0,0,0,0,0,0,0,0,0,-1,14,-2,14,-2,15,-3,14,-4,15,-5,15,-6,15,-7,15,-7,15,-8,15,-7,14,-7,14,-7,14,-7,13,-6,13,-6,13,-5,13,-5,14,-5,14,-4,14,-4,14,-4,14,-4,15,-3,15,-3,15,-3,15,0,0,-3,59,1,56,-2,54,0,51,1,51,1,48,4,47,4,46,7,43,10,42,11,39,13,41,14,39,13,38,14,37,16,37,16,37,14,37,13,36,11,36,11,35,8,36,7,34,6,33,5,31,2,30,1,31,-2,30,0,0,0,0,0,0,0,0,0,0,0,0,0,0,18,51,13,54,7,55,3,55,4,58,0,59,-4,61,-7,62,-11,62,-15,61,-17,61,-18,61,-16,58,-17,57,-18,57,-14,55,-15,56,-12,54,-10,55,-10,54,-8,57,-6,56,-8,57,-5,57,-2,58,0,59,-1,59,0,59]"
618067104711200,48.653862800,92024,1902096455,-48,-98,6,0,1,7,0,0,256,0,0,"[0,0,-10,11,-10,10,-9,10,-9,10,-8,10,-7,10,-7,10,-6,10,-6,9,-6,9,-5,9,-4,9,-4,9,-4,10,-4,10,-4,10,-3,10,-3,9,-4,9,-4,9,-4,9,-4,8,-4,8,-4,8,-5,7,-5,6,0,0,0,0,0,0,0,0,0,0,0,0,0,0,0,0,0,0,0,0,0,0,-9,11,-10,11,-10,11,-11,11,-12,10,-13,10,-14,10,-14,9,-14,9,-14,8,-14,8,-14,8,-13,8,-13,7,-13,8,-12,8,-12,8,-12,9,-12,9,-11,10,-11,10,-11,10,-11,11,-11,11,-10,11,-11,11,0,0,-43,37,-44,37,-39,38,-39,35,-33,35,-32,35,-32,34,-30,34,-26,35,-25,36,-21,36,-20,35,-17,36,-18,37,-18,38,-17,38,-16,38,-16,34,-18,35,-19,33,-18,31,-19,32,-18,30,-19,27,-19,27,-20,22,-22,24,-23,20,0,0,0,0,0,0,0,0,0,0,0,0,0,0,-27,46,-35,43,-37,41,-41,36,-44,40,-44,37,-50,35,-53,33,-54,31,-59,28,-59,27,-58,26,-58,25,-55,23,-54,23,-51,25,-49,25,-51,27,-48,25,-49,29,-46,31,-45,33,-46,34,-44,36,-47,39,-45,38,-43,40,-44,38]"
618067123915300,48.673066900,92025,1902116627,-48,-98,6,0,1,7,0,0,256,0,0,"[0,0,-3,-15,-3,-15,-3,-15,-3,-14,-3,-14,-4,-13,-4,-12,-4,-12,-4,-11,-5,-11,-5,-10,-5,-10,-6,-10,-6,-10,-6,-10,-6,-10,-6,-9,-6,-9,-5,-10,-5,-9,-5,-9,-4,-9,-4,-9,-3,-9,-3,-8,-2,-8,0,0,0,0,0,0,0,0,0,0,0,0,0,0,0,0,0,0,0,0,0,0,-6,-14,-5,-15,-4,-16,-4,-16,-3,-16,-2,-17,-1,-17,-1,-17,0,-17,1,-17,1,-17,1,-16,1,-16,1,-16,0,-15,0,-15,0,-15,0,-15,-1,-15,-2,-15,-2,-15,-3,-16,-3,-16,-3,-16,-3,-16,-3,-16,0,0,-1,-28,-2,-28,-2,-28,-2,-26,-2,-26,-3,-25,-4,-24,-5,-23,-5,-21,-5,-20,-7,-21,-7,-20,-7,-20,-8,-19,-9,-19,-9,-19,-9,-19,-9,-19,-9,-18,-8,-18,-7,-18,-5,-17,-5,-17,-4,-17,-4,-16,-3,-16,-2,-16,-1,-16,0,0,0,0,0,0,0,0,0,0,0,0,0,0,-10,-27,-6,-29,-5,-28,-3,-29,-2,-29,-1,-31,1,-31,2,-33,4,-32,6,-32,6,-31,7,-31,8,-30,8,-30,9,-29,8,-28,7,-29,4,-27,5,-29,4,-28,4,-30,1,-30,1,-29,0,-30,0,-29,0,-31,0,-31,-1,-30]"
618067143284000,48.692435600,92026,1902138079,-48,-98,6,0,1,7,0,0,256,0,0,"[0,0,-7,14,-7,13,-6,12,-6,13,-6,12,-5,12,-5,12,-4,11,-4,11,-3,11,-3,10,-2,10,-2,10,-1,11,-1,11,-2,10,-1,11,-1,10,-2,10,-2,9,-2,10,-2,9,-2,9,-3,8,-3,8,-3,7,0,0,0,0,0,0,0,0,0,0,0,0,0,0,0,0,0,0,0,0,0,0,-5,14,-6,14,-7,14,-8,14,-9,14,-9,14,-10,14,-11,13,-11,13,-12,13,-12,11,-11,11,-11,12,-11,11,-10,11,-10,12,-10,11,-9,12,-9,12,-8,13,-8,13,-8,14,-8,14,-7,14,-7,14,-7,14,0,0,-33,46,-33,48,-30,47,-27,44,-26,41,-24,41,-22,43,-23,40,-18,39,-15,40,-14,39,-12,39,-10,39,-8,41,-9,39,-8,37,-7,41,-8,39,-8,37,-12,37,-12,34,-13,34,-14,33,-14,31,-13,29,-14,26,-16,27,-18,24,0,0,0,0,0,0,0,0,0,0,0,0,0,0,-17,52,-23,51,-27,49,-29,48,-33,49,-36,45,-41,48,-42,45,-46,44,-47,42,-50,39,-52,41,-49,38,-49,37,-47,35,-45,35,-42,37,-42,39,-41,39,-41,42,-39,42,-37,45,-38,43,-37,47,-36,48,-33,49,-34,49,-36,48]"
618067163132700,48.712284300,92027,1902158063,-48,-98,6,0,1,7,0,0,256,0,0,"[0,0,4,14,4,13,4,13,4,12,4,12,4,11,4,10,5,10,5,9,5,8,5,9,5,8,6,8,6,8,6,8,6,7,6,7,6,7,6,7,5,7,5,7,4,7,4,7,4,7,3,7,3,7,0,0,0,0,0,0,0,0,0,0,0,0,0,0,0,0,0,0,0,0,0,0,7,12,6,13,5,13,5,14,4,15,3,15,3,15,2,16,1,16,1,16,1,15,0,15,0,15,1,15,1,14,1,14,2,14,2,14,3,14,3,14,3,14,4,14,4,14,4,14,4,14,4,14,0,0,10,26,10,25,10,23,10,23,11,23,10,21,11,20,10,19,12,18,11,16,12,15,12,16,13,15,14,15,13,13,14,13,13,14,14,14,13,14,12,14,12,13,11,13,9,13,10,12,8,13,7,13,6,12,5,14,0,0,0,0,0,0,0,0,0,0,0,0,0,0,18,20,16,22,14,23,13,25,12,26,10,27,9,27,8,29,7,30,5,31,4,31,3,30,3,30,4,29,3,29,3,28,4,28,4,26,5,26,6,26,7,28,7,27,9,27,9,27,10,25,11,26,12,27,11,26]"
618067184447000,48.733598600,92028,1902177971,-48,-98,6,0,1,7,0,0,256,0,0,"[0,0,-5,14,-5,14,-4,13,-4,13,-4,12,-3,12,-3,12,-2,11,-2,11,-1,11,-1,10,0,10,0,10,0,10,0,10,0,10,1,10,0,10,0,10,0,9,0,9,-1,9,-1,8,-1,8,-2,7,-2,7,0,0,0,0,0,0,0,0,0,0,0,0,0,0,0,0,0,0,0,0,0,0,-3,14,-3,14,-4,14,-5,14,-6,15,-7,15,-7,15,-8,14,-9,14,-9,14,-10,13,-9,13,-9,12,-9,12,-8,13,-8,13,-8,12,-8,13,-6,13,-5,14,-6,14,-5,14,-6,15,-5,15,-5,15,-5,14,0,0,-21,53,-20,52,-18,51,-18,47,-16,49,-15,46,-11,45,-10,44,-8,42,-5,40,-4,41,-2,42,-2,41,0,39,0,39,0,40,2,39,0,40,0,37,0,38,-3,36,-5,35,-5,35,-5,32,-7,29,-7,29,-11,29,-12,27,0,0,0,0,0,0,0,0,0,0,0,0,0,0,1,55,-8,57,-11,55,-15,55,-18,55,-21,55,-26,56,-28,58,-32,56,-35,55,-36,53,-37,52,-38,50,-37,48,-35,47,-33,48,-33,48,-31,46,-29,48,-29,48,-27,51,-25,53,-24,54,-23,54,-21,54,-21,56,-21,55,-19,56]"
618067211801200,48.760952800,92029,1902202482,-48,-98,6,0,1,7,0,0,256,0,0,"[0,0,2,-15,1,-16,1,-15,1,-15,1,-14,1,-13,0,-13,0,-13,0,-12,-1,-12,-2,-12,-2,-11,-3,-11,-3,-11,-3,-11,-3,-10,-3,-11,-3,-10,-2,-11,-2,-11,-2,-10,-1,-10,-1,-10,-1,-10,-1,-9,0,-9,0,0,0,0,0,0,0,0,0,0,0,0,0,0,0,0,0,0,0,0,0,0,-1,-15,0,-15,1,-17,1,-16,3,-17,4,-17,5,-17,6,-17,6,-17,7,-17,6,-16,6,-15,6,-15,5,-15,5,-14,5,-15,4,-14,4,-15,3,-15,4,-16,3,-16,2,-16,3,-16,2,-16,2,-16,2,-16,0,0,5,-28,4,-29,2,-28,3,-26,2,-25,3,-25,1,-23,1,-23,0,-21,-3,-22,-5,-21,-5,-20,-6,-20,-6,-19,-6,-19,-5,-19,-6,-20,-5,-19,-4,-19,-3,-19,-3,-18,-2,-18,-3,-18,-3,-17,-2,-16,-1,-15,0,-16,1,-15,0,0,0,0,0,0,0,0,0,0,0,0,0,0,-5,-28,-3,-28,-1,-27,1,-29,3,-30,5,-29,6,-31,8,-31,11,-30,13,-29,13,-29,13,-30,12,-29,12,-28,12,-28,11,-27,11,-26,9,-27,9,-27,9,-28,8,-28,7,-29,7,-29,6,-30,5,-29,4,-30,3,-30,4,-30]"
618067224573300,48.773724900,92030,1902219288,-49,-98,6,0,1,7,0,0,256,0,0,"[0,0,13,5,13,5,12,5,12,5,12,4,11,4,11,3,11,3,10,2,11,2,10,1,10,1,10,1,10,0,10,0,10,0,10,0,10,0,10,0,9,0,9,0,9,1,8,1,8,1,8,1,7,1,0,0,0,0,0,0,0,0,0,0,0,0,0,0,0,0,0,0,0,0,0,0,14,3,14,4,14,5,14,6,14,7,14,7,14,8,14,9,13,10,13,10,12,10,12,10,12,9,12,9,11,9,12,8,12,8,13,8,12,7,13,7,13,7,13,7,14,6,14,6,14,6,14,6,0,0,55,18,53,17,51,17,51,13,49,13,46,10,45,9,43,6,44,3,42,2,41,1,41,-1,40,-2,40,-3,41,-6,40,-6,38,-5,40,-5,39,-5,37,-3,36,-3,33,0,33,-1,31,1,30,2,29,3,29,6,28,8,0,0,0,0,0,0,0,0,0,0,0,0,0,0,55,1,55,7,55,10,56,13,56,16,56,20,57,24,58,27,58,29,56,32,53,33,53,35,52,35,51,36,49,34,47,31,49,32,49,29,49,27,51,26,52,24,53,21,52,21,53,20,56,19,56,20,57,18,59,18]"
618067241895000,48.791046600,92031,1902236556,-48,-98,6,0,1,7,0,0,256,0,0,"[0,0,15,1,14,1,13,1,13,0,13,0,12,0,12,-1,11,-1,11,-2,11,-2,11,-3,10,-3,10,-3,9,-3,10,-4,10,-4,9,-4,10,-4,10,-3,9,-3,9,-3,8,-2,8,-2,8,-1,8,-1,8,-1,0,0,0,0,0,0,0,0,0,0,0,0,0,0,0,0,0,0,0,0,0,0,15,-1,15,0,15,1,15,2,16,3,16,4,16,4,16,5,16,5,15,6,15,6,15,6,14,6,14,5,14,5,14,4,14,4,15,4,14,3,15,3,15,3,14,2,16,2,15,1,15,1,15,1,0,0,27,6,26,5,25,5,24,4,24,4,22,2,22,1,21,2,21,0,20,-1,19,-1,19,-2,19,-3,19,-3,19,-4,19,-4,18,-5,19,-4,18,-3,18,-4,18,-3,16,-2,16,-1,16,-1,15,0,15,1,14,1,13,2,0,0,0,0,0,0,0,0,0,0,0,0,0,0,26,-2,27,1,27,2,28,4,27,5,28,6,28,8,30,10,28,11,29,13,28,14,26,15,25,15,26,15,24,14,25,14,25,12,24,11,25,11,25,10,26,9,26,8,27,8,27,8,28,7,28,6,28,6,30,6]"
618067263492600,48.812644200,92032,1902256404,-49,-98,6,0,1,7,0,0,256,0,0,"[0,0,-6,14,-5,13,-5,13,-5,12,-5,12,-4,12,-4,11,-3,11,-3,11,-2,10,-1,11,-1,10,-1,10,0,10,0,10,0,10,0,10,-1,10,-1,10,-1,9,-1,9,-1,9,-2,8,-2,8,-2,8,-2,7,0,0,0,0,0,0,0,0,0,0,0,0,0,0,0,0,0,0,0,0,0,0,-3,14,-4,14,-5,14,-6,15,-7,15,-8,15,-9,14,-10,14,-10,14,-10,13,-10,13,-10,13,-9,12,-9,12,-9,12,-9,12,-8,12,-8,13,-8,13,-7,13,-7,13,-7,13,-7,14,-6,15,-5,14,-6,14,0,0,-22,54,-24,50,-23,52,-21,47,-19,47,-15,46,-15,45,-14,42,-11,44,-8,39,-7,39,-5,40,-4,41,-2,41,-3,38,-1,40,0,39,-1,41,-1,38,-4,37,-4,35,-5,35,-7,33,-5,31,-7,30,-8,29,-9,28,-13,27,0,0,0,0,0,0,0,0,0,0,0,0,0,0,-6,53,-14,55,-17,55,-22,57,-24,54,-27,54,-29,55,-34,55,-33,53,-39,52,-41,51,-41,48,-43,46,-40,45,-41,45,-38,44,-38,47,-34,44,-32,47,-31,46,-30,49,-29,50,-27,52,-27,55,-27,52,-27,55,-24,55,-26,55]"
618067285748400,48.834900000,92033,1902276552,-49,-98,6,0,1,7,0,0,256,0,0,"[0,0,-5,-15,-5,-15,-5,-14,-5,-14,-5,-14,-5,-13,-5,-12,-5,-12,-5,-11,-6,-11,-6,-10,-7,-9,-7,-9,-7,-9,-7,-9,-7,-8,-7,-9,-7,-8,-7,-9,-6,-8,-6,-8,-5,-9,-5,-8,-5,-8,-4,-8,-4,-8,0,0,0,0,0,0,0,0,0,0,0,0,0,0,0,0,0,0,0,0,0,0,-7,-15,-5,-15,-5,-16,-4,-16,-4,-17,-3,-17,-2,-18,-1,-18,-1,-18,0,-18,0,-17,0,-17,0,-17,-1,-16,-1,-16,-1,-16,-2,-15,-2,-16,-3,-16,-3,-16,-3,-16,-4,-16,-4,-16,-5,-16,-5,-16,-5,-15,0,0,-11,-27,-10,-27,-9,-26,-10,-25,-11,-23,-11,-23,-10,-22,-11,-21,-11,-19,-13,-18,-13,-17,-13,-15,-15,-16,-14,-15,-14,-14,-14,-15,-14,-15,-14,-14,-13,-14,-13,-14,-12,-14,-11,-15,-11,-14,-10,-13,-10,-13,-9,-14,-7,-14,-7,-13,0,0,0,0,0,0,0,0,0,0,0,0,0,0,-17,-23,-15,-25,-13,-26,-12,-27,-10,-28,-8,-29,-7,-31,-6,-32,-4,-33,-3,-33,-1,-33,-2,-33,-2,-31,-2,-31,-2,-30,-3,-29,-3,-29,-4,-29,-5,-28,-5,-29,-6,-28,-6,-29,-7,-30,-8,-30,-10,-29,-9,-29,-11,-29,-10,-29]"
618067308599000,48.857750600,92034,1902304791,-49,-98,6,0,1,7,0,0,256,0,0,"[0,0,5,14,6,13,5,12,6,12,5,12,6,11,6,10,6,10,6,9,6,8,6,8,7,8,7,7,7,7,7,7,7,6,7,7,7,7,7,6,6,6,6,6,6,6,5,6,5,6,4,6,4,6,0,0,0,0,0,0,0,0,0,0,0,0,0,0,0,0,0,0,0,0,0,0,7,13,7,13,6,14,6,14,5,16,4,16,4,16,3,16,3,17,2,17,1,16,1,16,1,16,1,15,2,15,3,14,3,14,3,15,4,14,4,14,5,14,5,14,5,15,5,14,5,14,6,14,0,0,10,26,10,25,10,25,11,23,10,22,10,21,11,20,11,19,12,17,12,16,12,15,12,15,13,14,13,14,14,12,13,13,14,14,13,13,13,12,13,13,12,13,11,13,10,12,9,13,8,12,7,12,6,12,5,13,0,0,0,0,0,0,0,0,0,0,0,0,0,0,17,22,15,23,13,24,12,24,12,27,11,27,10,30,8,30,8,31,5,32,5,31,2,32,2,31,1,31,1,30,2,29,3,27,5,27,5,27,6,28,6,27,10,28,8,27,10,27,10,28,10,28,10,27,11,27]"
618067328380000,48.877531600,92035,1902320816,-49,-98,6,0,1,7,0,0,256,0,0,"[0,0,4,-15,3,-15,3,-14,3,-14,2,-13,1,-13,1,-13,1,-12,0,-11,0,-11,-1,-11,-1,-11,-1,-11,-2,-11,-2,-10,-2,-10,-2,-11,-2,-10,-1,-10,-1,-10,-1,-10,-1,-9,-1,-9,0,-9,0,-8,0,-8,0,0,0,0,0,0,0,0,0,0,0,0,0,0,0,0,0,0,0,0,0,0,1,-15,2,-16,2,-16,3,-16,4,-16,5,-16,6,-16,7,-16,7,-15,7,-15,7,-14,7,-14,7,-14,7,-14,6,-14,6,-14,6,-14,5,-14,5,-14,4,-14,4,-15,4,-15,4,-15,3,-15,4,-16,3,-15,0,0,16,-55,15,-54,14,-53,13,-48,11,-51,8,-47,6,-45,4,-44,3,-42,2,-40,-1,-38,-3,-41,-1,-41,-4,-41,-5,-38,-6,-40,-6,-38,-4,-38,-6,-36,-5,-37,-2,-35,1,-36,0,-34,0,-33,1,-30,2,-30,5,-29,7,-28,0,0,0,0,0,0,0,0,0,0,0,0,0,0,-5,-56,3,-55,6,-56,10,-58,14,-57,17,-58,21,-60,23,-60,27,-59,27,-57,31,-55,32,-56,32,-54,33,-51,28,-50,29,-51,29,-52,26,-50,26,-50,25,-52,21,-52,21,-55,17,-55,19,-59,19,-55,17,-57,16,-59,16,-58]"
618067343837200,48.892988800,92036,1902337039,-49,-98,6,0,1,7,0,0,256,0,0,"[0,0,8,-13,7,-13,7,-13,7,-12,6,-12,5,-11,5,-11,4,-11,4,-11,3,-11,3,-11,2,-11,2,-11,1,-11,1,-11,1,-11,1,-10,1,-11,2,-10,2,-10,2,-10,2,-9,2,-9,2,-8,2,-8,3,-7,0,0,0,0,0,0,0,0,0,0,0,0,0,0,0,0,0,0,0,0,0,0,6,-14,7,-14,7,-14,9,-14,9,-14,11,-14,11,-13,12,-12,12,-12,12,-11,12,-11,12,-11,11,-11,11,-11,11,-11,10,-11,10,-11,10,-11,9,-12,9,-12,8,-13,8,-13,8,-13,8,-13,8,-14,8,-14,0,0,33,-47,32,-50,30,-47,28,-45,26,-43,22,-41,22,-41,20,-41,17,-39,16,-39,14,-39,11,-39,9,-39,7,-40,7,-39,8,-39,8,-39,8,-38,7,-35,9,-36,9,-34,11,-35,11,-33,11,-30,10,-29,11,-27,14,-27,16,-25,0,0,0,0,0,0,0,0,0,0,0,0,0,0,15,-53,22,-54,26,-52,30,-50,31,-52,36,-50,39,-51,43,-49,46,-47,51,-45,48,-42,50,-43,50,-39,50,-37,47,-36,45,-37,44,-37,42,-41,40,-40,40,-41,39,-43,36,-45,37,-47,36,-49,37,-49,34,-48,35,-51,36,-49]"
618067364883900,48.914035500,92037,1902357108,-49,-98,6,0,1,7,0,0,256,0,0,"[0,0,-16,-1,-15,0,-14,-1,-14,0,-13,0,-13,0,-12,1,-12,1,-12,2,-11,2,-11,2,-10,2,-10,3,-10,3,-10,4,-10,4,-10,3,-10,4,-10,4,-10,3,-9,3,-9,3,-9,2,-8,2,-9,1,-8,1,0,0,0,0,0,0,0,0,0,0,0,0,0,0,0,0,0,0,0,0,0,0,-16,1,-16,0,-16,-1,-16,-1,-17,-2,-17,-3,-17,-4,-17,-5,-17,-5,-16,-6,-16,-6,-16,-6,-15,-6,-15,-6,-15,-5,-15,-4,-15,-4,-15,-3,-15,-3,-15,-2,-16,-2,-16,-1,-16,-1,-16,-1,-16,-2,-16,-1,0,0,-29,3,-29,5,-25,4,-26,5,-25,6,-23,6,-23,5,-22,6,-21,7,-20,8,-19,10,-18,10,-17,10,-16,10,-17,11,-16,11,-16,11,-16,11,-17,10,-16,9,-16,8,-15,7,-15,8,-14,7,-14,6,-14,6,-15,5,-13,4,0,0,0,0,0,0,0,0,0,0,0,0,0,0,-25,12,-27,10,-28,8,-28,6,-30,5,-30,3,-32,2,-34,0,-33,-2,-33,-4,-32,-6,-32,-5,-33,-4,-31,-4,-30,-4,-30,-3,-30,-2,-30,-2,-30,-1,-29,0,-29,0,-30,0,-29,1,-30,2,-30,3,-30,5,-29,5,-30,5]"
618067383751400,48.932903000,92038,1902378518,-49,-98,6,0,1,7,0,0,256,0,0,"[0,0,8,12,8,12,8,11,8,11,8,11,8,10,7,9,8,8,7,8,8,7,8,6,8,6,8,5,8,5,8,5,8,5,8,5,8,5,8,5,7,5,7,5,7,5,6,5,6,5,5,5,5,5,0,0,0,0,0,0,0,0,0,0,0,0,0,0,0,0,0,0,0,0,0,0,10,10,9,12,8,12,8,13,8,14,8,15,6,15,6,16,5,16,5,16,5,15,5,15,4,15,5,14,5,14,5,13,6,14,6,13,7,13,7,13,7,13,8,13,8,13,9,13,8,13,9,13,0,0,15,22,14,21,15,21,14,19,15,19,14,17,15,17,14,16,14,15,14,14,15,13,16,12,14,11,16,10,16,10,17,10,15,10,16,10,15,10,15,10,14,10,13,10,12,10,11,10,11,10,10,10,9,11,8,10,0,0,0,0,0,0,0,0,0,0,0,0,0,0,21,16,19,20,18,21,17,22,17,24,16,25,14,27,13,29,13,29,11,30,10,30,10,30,9,30,9,29,8,28,9,27,8,27,11,25,10,27,12,25,11,27,13,25,14,25,14,24,15,24,15,25,16,24,18,25]"
618067406588600,48.955740200,92039,1902406239,-49,-98,6,0,1,6,0,0,256,0,0,"[0,0,9,10,9,10,9,9,9,9,8,8,8,8,8,7,8,7,8,6,8,5,8,5,8,5,8,4,8,4,8,3,8,3,8,4,8,3,8,3,8,3,7,4,7,4,6,4,6,4,6,4,5,4,0,0,0,0,0,0,0,0,0,0,0,0,0,0,0,0,0,0,0,0,0,0,11,8,10,9,10,10,10,11,10,12,9,12,9,13,8,14,8,14,7,14,7,14,6,13,6,13,6,13,7,13,7,12,7,12,7,12,8,11,8,11,9,11,9,11,9,11,9,11,10,11,10,10,0,0,37,40,38,39,35,37,37,37,36,32,33,30,35,29,36,27,34,24,34,21,34,21,31,19,33,17,32,16,36,13,33,12,34,13,36,14,34,12,32,13,31,14,30,14,27,16,25,17,24,15,24,17,20,18,18,20,0,0,0,0,0,0,0,0,0,0,0,0,0,0,47,28,45,33,44,35,42,37,41,43,38,44,40,48,39,50,34,53,34,56,32,54,29,57,26,58,25,55,25,52,25,50,27,49,29,47,31,46,32,46,31,46,34,44,35,44,39,43,40,42,40,44,38,43,40,44]"
618067422672200,48.971823800,92040,1902416562,-49,-98,6,0,1,7,0,0,256,0,0,"[0,0,-15,-5,-14,-6,-14,-5,-13,-5,-13,-5,-13,-4,-12,-3,-12,-3,-12,-2,-12,-2,-11,-1,-11,-1,-11,0,-11,-1,-11,1,-11,0,-10,1,-11,0,-11,0,-10,0,-10,0,-9,-1,-9,-1,-9,-1,-9,-1,-8,-2,0,0,0,0,0,0,0,0,0,0,0,0,0,0,0,0,0,0,0,0,0,0,-15,-5,-15,-5,-15,-6,-15,-7,-16,-8,-16,-9,-15,-10,-15,-10,-15,-11,-14,-11,-14,-11,-13,-11,-13,-11,-12,-10,-13,-10,-13,-9,-14,-8,-14,-8,-14,-8,-14,-7,-14,-7,-15,-7,-15,-7,-15,-7,-15,-7,-15,-6,0,0,-52,-21,-51,-22,-49,-19,-50,-18,-46,-15,-46,-16,-44,-15,-42,-12,-43,-9,-42,-7,-42,-3,-40,-3,-40,-1,-39,1,-40,1,-37,2,-38,2,-38,0,-37,0,-37,-1,-37,-3,-34,-2,-33,-3,-31,-3,-32,-3,-29,-4,-27,-7,-27,-8,0,0,0,0,0,0,0,0,0,0,0,0,0,0,-55,-7,-55,-12,-56,-16,-55,-21,-54,-22,-52,-26,-56,-31,-55,-34,-53,-38,-53,-42,-50,-42,-49,-43,-48,-40,-48,-40,-47,-39,-45,-36,-45,-36,-46,-32,-48,-32,-50,-32,-48,-29,-50,-29,-51,-27,-53,-26,-54,-26,-56,-23,-54,-21,-55,-24]"
618067445758400,48.994910000,92041,1902436807,-49,-98,6,0,1,7,0,0,256,0,0,"[0,0,-6,-15,-6,-14,-6,-14,-6,-13,-6,-12,-6,-12,-6,-12,-6,-11,-6,-10,-7,-9,-7,-9,-7,-9,-7,-8,-8,-8,-8,-8,-7,-8,-8,-8,-8,-7,-7,-8,-7,-7,-7,-8,-6,-8,-6,-8,-5,-7,-5,-7,-5,-7,0,0,0,0,0,0,0,0,0,0,0,0,0,0,0,0,0,0,0,0,0,0,-7,-14,-6,-15,-6,-15,-6,-16,-5,-17,-4,-17,-3,-17,-2,-18,-2,-18,-2,-17,-2,-17,-1,-16,-2,-16,-2,-16,-2,-16,-3,-15,-3,-15,-3,-15,-4,-16,-4,-15,-5,-16,-5,-15,-5,-15,-6,-15,-6,-15,-6,-15,0,0,-11,-27,-10,-27,-9,-26,-10,-24,-10,-24,-10,-22,-11,-21,-11,-20,-12,-18,-11,-17,-11,-17,-13,-16,-12,-16,-13,-16,-14,-14,-14,-15,-14,-14,-14,-13,-13,-13,-13,-14,-12,-13,-11,-14,-9,-14,-9,-13,-8,-13,-8,-12,-7,-13,-6,-13,0,0,0,0,0,0,0,0,0,0,0,0,0,0,-16,-23,-14,-25,-12,-27,-12,-27,-10,-30,-9,-29,-7,-32,-6,-31,-6,-32,-4,-33,-3,-33,-2,-32,0,-31,-2,-32,0,-30,-1,-29,-2,-30,-4,-29,-4,-28,-5,-28,-6,-28,-8,-28,-8,-28,-9,-30,-9,-29,-9,-28,-10,-29,-10,-28]"
618067461278500,49.010430100,92042,1902457928,-49,-98,6,0,1,7,0,0,256,0,0,"[0,0,4,14,4,14,4,14,4,13,4,12,4,11,4,11,4,11,5,10,5,9,6,9,6,8,6,8,6,8,6,8,6,7,6,8,6,7,5,8,5,7,5,7,5,8,4,7,4,7,4,7,3,6,0,0,0,0,0,0,0,0,0,0,0,0,0,0,0,0,0,0,0,0,0,0,6,13,5,14,5,14,4,15,4,16,3,17,2,17,1,17,0,17,0,17,0,16,0,16,1,16,0,16,0,16,1,15,1,15,1,15,2,15,3,15,3,15,3,15,4,15,4,15,4,15,4,15,0,0,7,27,8,27,8,26,7,24,8,23,9,23,9,21,9,20,9,18,11,18,11,16,11,16,11,15,12,15,12,15,11,13,12,15,12,14,10,14,10,14,9,14,8,14,8,14,7,13,6,13,6,13,5,13,3,13,0,0,0,0,0,0,0,0,0,0,0,0,0,0,16,22,13,24,12,25,11,25,10,28,7,29,7,31,5,31,4,31,2,33,1,31,0,33,0,31,0,31,0,30,0,29,1,28,3,28,2,27,4,29,4,28,5,28,6,29,7,29,7,29,8,28,8,28,9,27]"
618067481832100,49.030983700,92043,1902476546,-49,-98,6,0,1,7,0,0,256,0,0,"[0,0,10,11,10,10,10,10,9,9,9,9,9,9,9,8,9,7,9,6,9,6,9,5,9,5,9,4,9,4,9,3,9,3,9,4,9,3,9,3,8,4,8,4,7,4,7,4,6,4,6,4,6,4,0,0,0,0,0,0,0,0,0,0,0,0,0,0,0,0,0,0,0,0,0,0,12,9,11,10,11,11,11,12,10,13,10,14,9,15,8,15,8,15,7,15,7,15,7,15,7,14,7,14,7,14,8,13,8,13,9,12,9,13,9,12,9,12,10,12,10,12,10,12,10,12,11,11,0,0,38,43,34,39,37,39,35,35,35,35,33,31,34,30,33,28,34,24,34,19,35,18,35,18,33,16,34,17,35,15,36,14,33,13,35,13,32,14,33,13,30,15,28,16,26,15,24,15,26,14,24,17,22,16,20,17,0,0,0,0,0,0,0,0,0,0,0,0,0,0,46,27,44,35,44,39,41,42,38,43,37,47,34,50,34,53,31,53,31,60,27,59,24,56,25,56,24,55,24,54,24,52,25,52,26,47,29,48,29,48,31,48,33,46,34,45,35,46,38,45,38,42,39,43,38,46]"
618067506231300,49.055382900,92044,1902505621,-49,-98,6,0,1,6,0,0,256,0,0,"[0,0,12,8,12,7,12,7,12,7,11,6,11,6,11,5,11,5,10,4,10,3,10,2,10,2,10,2,10,2,10,1,10,1,10,1,10,1,9,1,9,2,9,2,8,2,8,2,7,2,7,2,7,2,0,0,0,0,0,0,0,0,0,0,0,0,0,0,0,0,0,0,0,0,0,0,14,6,14,6,14,7,13,9,13,9,13,11,13,11,12,12,12,12,11,12,11,12,11,12,10,12,10,11,11,11,11,10,11,10,11,10,11,10,12,9,12,9,13,9,13,9,13,9,13,8,13,8,0,0,47,33,46,32,44,30,44,28,42,27,41,25,40,22,40,20,38,19,39,15,39,13,39,12,38,10,36,10,38,7,38,7,38,7,37,8,37,8,36,9,35,10,32,10,31,10,28,11,27,11,26,11,23,13,20,16,0,0,0,0,0,0,0,0,0,0,0,0,0,0,53,23,49,29,51,28,51,29,51,33,48,36,49,40,47,45,46,47,44,49,43,51,40,52,39,51,38,50,36,48,37,45,38,45,39,42,40,41,41,41,41,39,44,39,45,38,47,37,49,36,49,36,47,35,49,35]"
618067524929000,49.074080600,92045,1902517168,-49,-98,6,0,1,7,0,0,256,0,0,"[0,0,13,-9,11,-9,11,-9,11,-8,10,-9,10,-8,9,-8,8,-9,8,-8,8,-9,7,-9,6,-9,6,-9,5,-9,6,-9,6,-9,5,-9,5,-9,6,-9,6,-8,5,-8,5,-8,5,-7,5,-7,5,-6,6,-6,0,0,0,0,0,0,0,0,0,0,0,0,0,0,0,0,0,0,0,0,0,0,11,-11,12,-11,12,-10,13,-10,14,-9,15,-9,16,-8,16,-7,16,-6,16,-6,16,-6,16,-6,15,-6,15,-6,14,-6,14,-6,14,-6,14,-7,13,-8,13,-8,13,-9,13,-9,13,-9,13,-9,12,-10,13,-10,0,0,25,-14,23,-14,24,-14,22,-13,21,-14,19,-13,18,-14,17,-13,17,-14,14,-14,14,-15,13,-16,12,-15,12,-16,12,-15,12,-16,11,-16,13,-16,11,-15,12,-14,11,-13,11,-13,9,-12,10,-11,11,-11,11,-10,11,-8,12,-8,0,0,0,0,0,0,0,0,0,0,0,0,0,0,19,-21,21,-19,24,-17,26,-16,25,-14,27,-14,27,-12,31,-12,30,-9,31,-10,32,-7,30,-8,30,-7,30,-6,29,-7,28,-7,28,-8,26,-7,28,-8,26,-9,27,-12,26,-12,26,-13,26,-13,25,-13,25,-15,26,-14,27,-14]"
618067544123400,49.093275000,92046,1902540728,-49,-98,6,0,1,7,0,0,256,0,0,"[0,0,-1,15,0,14,0,14,0,13,0,13,1,12,1,12,2,12,1,11,2,10,3,10,3,10,4,9,4,9,3,9,4,9,4,9,4,9,3,9,3,8,2,8,2,8,2,8,2,8,2,7,1,7,0,0,0,0,0,0,0,0,0,0,0,0,0,0,0,0,0,0,0,0,0,0,2,14,1,15,0,16,0,16,-1,17,-2,17,-4,17,-4,17,-5,16,-5,16,-4,16,-4,16,-4,16,-4,15,-4,15,-3,14,-3,15,-3,15,-2,15,-2,15,-2,15,-1,16,-1,15,0,15,0,16,0,16,0,0,-4,28,-4,27,-4,27,-3,26,-3,25,-1,23,0,22,1,22,1,21,2,19,3,19,4,19,3,18,5,18,5,19,5,18,5,19,5,17,5,16,4,17,3,16,3,16,3,16,1,15,2,14,0,13,0,14,-1,13,0,0,0,0,0,0,0,0,0,0,0,0,0,0,6,28,3,28,0,28,-1,29,-4,30,-4,29,-6,31,-8,31,-9,30,-11,30,-11,31,-13,30,-13,28,-13,28,-12,28,-12,27,-11,26,-9,27,-9,26,-9,28,-8,28,-6,28,-6,30,-5,30,-5,29,-4,29,-4,29,-4,29]"
618067562630700,49.111782300,92047,1902556335,-49,-98,6,0,1,7,0,0,256,0,0,"[0,0,13,7,13,6,12,6,12,6,12,6,11,5,11,4,11,3,10,3,10,2,10,2,10,2,10,1,10,1,10,1,10,0,9,0,10,1,9,0,9,0,9,1,8,1,8,1,7,2,7,2,7,2,0,0,0,0,0,0,0,0,0,0,0,0,0,0,0,0,0,0,0,0,0,0,14,5,14,6,14,7,14,8,14,8,14,9,14,10,13,11,13,11,12,11,12,12,11,11,11,11,11,11,11,10,11,9,11,9,12,9,12,8,13,8,13,8,13,8,14,7,14,7,13,7,14,7,0,0,56,20,52,19,49,17,50,16,46,16,44,11,45,11,43,11,44,7,42,3,39,1,39,-1,38,-2,39,-3,39,-3,35,-4,37,-3,37,-4,37,-2,36,0,36,-1,33,1,32,1,32,1,29,3,28,3,28,5,26,9,0,0,0,0,0,0,0,0,0,0,0,0,0,0,57,0,56,6,56,11,56,15,56,18,54,21,56,26,58,28,57,31,56,33,54,38,53,36,51,35,50,35,49,34,49,32,48,32,48,31,48,29,52,28,50,26,52,24,52,22,54,24,56,21,54,20,56,17,56,20]"
618067582996900,49.132148500,92048,1902576500,-49,-98,6,0,1,7,0,0,256,0,0,"[0,0,-14,6,-14,6,-13,5,-13,5,-12,5,-11,5,-11,5,-10,6,-10,6,-9,6,-9,6,-8,6,-8,6,-7,7,-8,7,-8,7,-7,7,-7,6,-7,6,-7,6,-7,6,-7,5,-7,5,-6,5,-7,4,-7,4,0,0,0,0,0,0,0,0,0,0,0,0,0,0,0,0,0,0,0,0,0,0,-13,8,-14,7,-14,7,-15,6,-16,5,-17,5,-17,4,-18,3,-17,2,-17,2,-17,2,-17,2,-16,2,-15,2,-15,2,-16,3,-15,3,-15,4,-14,4,-15,4,-14,5,-15,5,-15,6,-15,6,-14,6,-15,6,0,0,-27,10,-26,9,-26,9,-25,9,-24,10,-21,10,-21,10,-20,11,-19,10,-18,11,-17,11,-16,12,-15,13,-16,13,-14,12,-15,13,-14,13,-14,12,-14,13,-15,12,-14,10,-14,10,-13,9,-13,8,-13,7,-13,7,-13,6,-14,6,0,0,0,0,0,0,0,0,0,0,0,0,0,0,-22,16,-26,15,-27,12,-28,11,-28,9,-29,9,-31,7,-33,7,-33,5,-33,4,-33,2,-32,2,-32,0,-31,1,-30,1,-30,1,-29,2,-29,2,-29,3,-29,4,-28,6,-29,7,-28,8,-29,9,-28,9,-29,10,-28,9,-29,9]"
618067603920500,49.153072100,92049,1902596696,-49,-98,6,0,1,7,0,0,256,0,0,"[0,0,-7,-14,-7,-14,-7,-13,-6,-12,-7,-13,-7,-11,-7,-11,-7,-10,-7,-9,-7,-9,-8,-8,-8,-8,-8,-8,-8,-7,-8,-7,-8,-7,-8,-7,-8,-7,-8,-7,-7,-7,-7,-7,-7,-7,-6,-7,-6,-7,-5,-6,-5,-6,0,0,0,0,0,0,0,0,0,0,0,0,0,0,0,0,0,0,0,0,0,0,-8,-13,-8,-14,-8,-15,-7,-15,-6,-16,-6,-17,-5,-17,-4,-17,-4,-17,-3,-17,-3,-17,-3,-16,-3,-16,-3,-16,-3,-15,-4,-15,-4,-15,-5,-15,-5,-15,-6,-15,-6,-15,-7,-14,-7,-15,-7,-15,-7,-15,-7,-14,0,0,-14,-26,-15,-26,-13,-24,-14,-23,-12,-22,-13,-21,-14,-20,-14,-19,-14,-17,-14,-15,-15,-15,-15,-14,-15,-14,-15,-13,-16,-13,-16,-12,-16,-12,-16,-12,-14,-11,-15,-12,-14,-12,-13,-12,-12,-12,-11,-12,-10,-12,-9,-12,-8,-12,-7,-13,0,0,0,0,0,0,0,0,0,0,0,0,0,0,-19,-21,-18,-24,-16,-25,-15,-25,-15,-27,-13,-28,-11,-30,-11,-31,-10,-31,-9,-33,-8,-32,-7,-34,-6,-32,-6,-31,-5,-30,-5,-29,-7,-29,-7,-29,-9,-29,-9,-29,-10,-27,-12,-27,-12,-28,-13,-28,-14,-28,-13,-28,-14,-28,-14,-28]"
618067623976000,49.173127600,92050,1902616753,-49,-98,6,0,1,7,0,0,256,0,0,"[0,0,-10,12,-9,12,-8,12,-8,11,-8,11,-7,11,-7,10,-6,10,-5,10,-5,10,-4,10,-3,10,-3,10,-3,10,-3,10,-3,10,-2,9,-3,9,-3,9,-3,9,-3,8,-3,8,-3,8,-3,7,-4,7,-4,6,0,0,0,0,0,0,0,0,0,0,0,0,0,0,0,0,0,0,0,0,0,0,-7,13,-9,13,-9,13,-10,13,-11,13,-12,12,-13,12,-14,11,-14,11,-14,10,-13,11,-13,10,-13,10,-13,10,-12,10,-12,10,-12,10,-11,10,-11,11,-11,11,-11,11,-10,12,-10,13,-9,13,-9,13,-10,13,0,0,-32,44,-32,48,-29,44,-30,45,-26,43,-23,41,-22,42,-20,39,-16,39,-15,38,-13,39,-11,40,-10,40,-8,37,-8,40,-7,37,-8,38,-6,35,-8,36,-8,35,-8,33,-10,33,-9,32,-12,29,-11,27,-12,25,-14,26,-14,22,0,0,0,0,0,0,0,0,0,0,0,0,0,0,-20,53,-25,51,-29,50,-32,47,-34,51,-37,46,-42,49,-45,45,-47,44,-49,42,-52,42,-53,39,-51,36,-51,36,-49,37,-46,38,-44,36,-43,39,-41,38,-43,40,-39,41,-38,43,-38,45,-37,48,-36,49,-34,48,-36,48,-37,46]"
618067643915800,49.193067400,92051,1902637903,-49,-98,6,0,1,7,0,0,256,0,0,"[0,0,6,-13,6,-14,5,-13,5,-13,5,-13,4,-12,3,-12,3,-12,3,-11,2,-11,1,-11,1,-11,0,-11,0,-11,0,-10,0,-11,0,-10,0,-10,0,-10,0,-10,0,-9,1,-9,1,-9,1,-9,1,-8,1,-8,0,0,0,0,0,0,0,0,0,0,0,0,0,0,0,0,0,0,0,0,0,0,5,-15,6,-15,6,-14,7,-15,8,-14,10,-14,10,-14,11,-14,11,-13,11,-13,11,-12,11,-12,10,-12,10,-12,10,-12,9,-12,9,-12,8,-12,8,-13,7,-14,7,-14,7,-14,7,-14,7,-14,6,-14,7,-14,0,0,32,-47,29,-50,28,-47,25,-44,23,-42,22,-44,20,-43,17,-41,16,-39,13,-39,10,-39,9,-38,6,-40,6,-37,6,-39,5,-38,4,-39,4,-38,5,-37,6,-36,6,-34,5,-35,7,-31,9,-32,8,-30,10,-27,9,-28,12,-25,0,0,0,0,0,0,0,0,0,0,0,0,0,0,15,-56,20,-53,26,-53,28,-51,32,-53,33,-50,38,-52,42,-50,44,-47,47,-45,47,-42,49,-42,47,-41,46,-39,45,-39,45,-40,43,-41,38,-40,40,-42,38,-43,37,-45,35,-46,36,-47,32,-49,32,-49,33,-51,32,-50,32,-49]"
618067669772400,49.218924000,92052,1902659962,-49,-98,6,0,1,7,0,0,256,0,0,"[0,0,-13,-7,-13,-7,-12,-7,-12,-6,-12,-6,-11,-5,-11,-5,-11,-4,-11,-4,-11,-3,-10,-3,-10,-2,-10,-2,-10,-2,-11,-2,-10,-1,-10,-2,-10,-1,-10,-2,-10,-2,-9,-2,-9,-3,-8,-2,-8,-3,-8,-2,-7,-3,0,0,0,0,0,0,0,0,0,0,0,0,0,0,0,0,0,0,0,0,0,0,-14,-5,-14,-6,-14,-7,-14,-8,-14,-8,-14,-9,-14,-10,-14,-11,-13,-11,-12,-11,-13,-11,-12,-11,-12,-11,-12,-10,-11,-10,-12,-10,-12,-9,-12,-9,-13,-9,-13,-9,-13,-8,-13,-8,-14,-7,-14,-7,-14,-7,-14,-7,0,0,-50,-32,-48,-33,-46,-29,-45,-27,-42,-27,-41,-23,-41,-22,-41,-19,-39,-18,-39,-15,-40,-12,-38,-11,-37,-11,-38,-10,-39,-8,-38,-8,-37,-7,-38,-6,-36,-9,-36,-9,-34,-9,-33,-10,-30,-9,-29,-10,-28,-12,-27,-13,-24,-14,-23,-15,0,0,0,0,0,0,0,0,0,0,0,0,0,0,-54,-15,-52,-21,-51,-24,-52,-28,-50,-32,-48,-34,-50,-39,-48,-43,-46,-44,-47,-48,-43,-51,-43,-48,-41,-49,-41,-49,-39,-45,-38,-44,-40,-44,-42,-41,-39,-41,-42,-39,-42,-37,-45,-38,-46,-35,-48,-37,-49,-36,-47,-32,-48,-33,-49,-33]"
618067685555400,49.234707000,92053,1902677781,-49,-98,6,0,1,7,0,0,256,0,0,"[0,0,12,-10,11,-11,10,-10,10,-10,9,-10,9,-10,8,-10,7,-10,7,-9,6,-10,5,-9,5,-10,4,-10,4,-10,4,-10,4,-10,4,-10,4,-10,4,-9,5,-9,4,-9,4,-8,4,-8,4,-8,4,-7,5,-7,0,0,0,0,0,0,0,0,0,0,0,0,0,0,0,0,0,0,0,0,0,0,10,-12,11,-11,12,-11,12,-11,13,-10,14,-10,15,-9,16,-8,15,-8,15,-8,15,-7,15,-7,14,-7,14,-7,14,-7,13,-8,13,-8,13,-8,12,-9,12,-9,12,-10,12,-10,12,-11,12,-11,11,-11,12,-11,0,0,22,-19,20,-20,18,-19,18,-17,17,-18,16,-18,15,-18,14,-18,13,-18,11,-17,10,-17,10,-18,9,-18,8,-19,8,-17,8,-18,7,-18,8,-18,8,-17,7,-17,8,-16,8,-15,7,-14,7,-14,8,-12,7,-12,10,-11,10,-10,0,0,0,0,0,0,0,0,0,0,0,0,0,0,14,-24,17,-23,19,-21,21,-21,21,-20,23,-19,24,-19,26,-18,28,-17,28,-16,29,-14,28,-15,28,-13,28,-12,27,-13,25,-13,26,-14,25,-13,25,-16,24,-15,24,-16,23,-18,22,-18,23,-19,23,-19,22,-21,22,-21,22,-20]"
618067701382500,49.250534100,92054,1902696598,-49,-98,6,0,1,7,0,0,256,0,0,"[0,0,2,14,3,14,2,14,3,13,3,13,3,12,3,11,3,11,3,10,4,10,5,9,5,9,5,9,5,8,5,8,5,8,5,8,5,8,5,8,4,8,4,8,4,8,3,7,3,7,3,7,2,6,0,0,0,0,0,0,0,0,0,0,0,0,0,0,0,0,0,0,0,0,0,0,5,14,4,14,3,15,2,16,2,16,1,16,0,17,-1,17,-1,17,-2,17,-2,17,-1,16,-1,16,-2,15,-1,15,-1,15,-1,15,0,15,1,15,1,15,1,15,2,15,2,16,2,15,3,15,3,15,0,0,3,28,4,28,3,26,4,24,4,25,5,24,5,23,6,22,6,19,7,19,8,18,9,18,9,17,8,16,10,16,10,15,9,17,9,16,9,15,8,16,7,15,6,15,6,14,5,13,5,13,4,12,2,14,2,13,0,0,0,0,0,0,0,0,0,0,0,0,0,0,14,24,10,25,7,27,4,27,4,29,3,29,2,31,0,32,-1,32,-3,32,-4,31,-5,32,-4,32,-4,30,-5,30,-4,29,-4,28,-2,28,-1,27,-2,28,0,28,1,29,2,29,2,30,4,29,5,29,4,28,4,29]"
618067724326600,49.273478200,92055,1902716417,-49,-98,6,0,1,7,0,0,256,0,0,"[0,0,-14,-6,-14,-6,-13,-6,-13,-5,-13,-5,-12,-4,-12,-4,-12,-4,-11,-3,-12,-2,-11,-2,-11,-2,-10,-1,-10,-1,-11,0,-10,0,-11,0,-11,0,-11,0,-10,-1,-10,-1,-9,-1,-9,-2,-8,-2,-8,-2,-8,-2,0,0,0,0,0,0,0,0,0,0,0,0,0,0,0,0,0,0,0,0,0,0,-15,-5,-15,-5,-15,-6,-14,-7,-15,-8,-15,-9,-15,-10,-15,-10,-14,-11,-14,-11,-13,-11,-13,-11,-13,-10,-12,-10,-12,-10,-13,-9,-12,-9,-13,-8,-13,-8,-14,-7,-14,-7,-14,-7,-15,-7,-15,-7,-14,-7,-15,-6,0,0,-57,-20,-53,-18,-52,-18,-50,-15,-49,-14,-46,-12,-44,-11,-45,-9,-44,-7,-43,-5,-43,-1,-40,-1,-39,0,-39,1,-39,3,-40,4,-37,3,-39,2,-39,2,-37,1,-36,1,-34,0,-32,-3,-31,-4,-30,-3,-31,-5,-26,-5,-25,-7,0,0,0,0,0,0,0,0,0,0,0,0,0,0,-56,-8,-55,-13,-56,-15,-57,-20,-55,-21,-55,-25,-57,-29,-58,-34,-55,-35,-55,-38,-54,-40,-50,-40,-49,-40,-49,-40,-47,-38,-46,-35,-49,-34,-47,-32,-50,-31,-51,-28,-53,-27,-53,-25,-53,-26,-55,-26,-55,-22,-56,-21,-57,-23,-58,-22]"
618067745269700,49.294421300,92056,1902739990,-49,-98,6,0,1,7,0,0,256,0,0,"[0,0,9,-12,8,-12,8,-12,8,-11,7,-11,6,-11,6,-11,6,-11,5,-11,5,-10,4,-10,3,-11,3,-11,3,-11,3,-11,3,-10,2,-10,3,-10,3,-10,3,-10,3,-9,3,-9,3,-9,3,-8,3,-7,4,-7,0,0,0,0,0,0,0,0,0,0,0,0,0,0,0,0,0,0,0,0,0,0,7,-14,8,-13,9,-14,10,-13,11,-13,12,-13,13,-12,13,-12,13,-11,14,-11,13,-10,13,-10,13,-10,12,-10,12,-10,11,-10,11,-10,11,-11,11,-11,10,-12,10,-12,10,-12,10,-13,10,-13,9,-13,10,-13,0,0,43,-35,41,-39,40,-38,37,-37,36,-36,33,-37,29,-35,29,-35,26,-34,22,-34,22,-35,20,-36,18,-36,17,-37,16,-36,17,-35,16,-36,17,-34,17,-33,17,-32,17,-30,18,-28,17,-27,18,-27,18,-24,18,-22,18,-22,19,-20,0,0,0,0,0,0,0,0,0,0,0,0,0,0,28,-48,34,-46,37,-43,40,-42,43,-40,46,-40,50,-40,53,-37,55,-34,58,-31,58,-28,58,-30,56,-26,55,-27,54,-26,51,-27,51,-27,48,-28,48,-28,48,-32,46,-34,47,-34,46,-36,47,-38,45,-38,44,-40,44,-41,48,-41]"
618067767346000,49.316497600,92057,1902759775,-49,-98,6,0,1,7,0,0,256,0,0,"[0,0,-9,13,-8,12,-8,12,-8,12,-7,12,-6,11,-6,11,-5,10,-5,10,-4,10,-4,10,-3,10,-3,10,-2,10,-2,10,-2,10,-2,9,-2,10,-3,9,-3,9,-3,9,-3,8,-3,8,-3,8,-4,7,-4,7,0,0,0,0,0,0,0,0,0,0,0,0,0,0,0,0,0,0,0,0,0,0,-7,14,-8,14,-8,13,-9,13,-10,13,-11,13,-12,13,-13,12,-13,11,-13,11,-13,11,-13,10,-12,10,-12,11,-12,10,-11,11,-11,11,-10,11,-10,12,-10,12,-10,12,-10,13,-10,13,-9,13,-9,13,-9,13,0,0,-31,49,-26,50,-26,48,-25,45,-22,46,-19,44,-20,43,-18,43,-14,39,-14,40,-11,40,-11,40,-8,39,-8,40,-5,38,-4,39,-4,36,-5,37,-7,36,-6,34,-8,33,-8,32,-9,31,-8,30,-10,27,-10,26,-12,25,-13,25,0,0,0,0,0,0,0,0,0,0,0,0,0,0,-12,54,-20,53,-22,51,-28,52,-29,53,-32,53,-35,52,-40,51,-42,48,-47,48,-46,45,-48,44,-47,42,-47,41,-46,40,-42,39,-42,41,-37,40,-37,43,-37,43,-36,48,-34,47,-34,48,-31,51,-33,48,-32,52,-29,51,-30,51]"
618067782837400,49.331989000,92058,1902776452,-49,-98,6,0,1,7,0,0,256,0,0,"[0,0,15,0,14,0,14,0,13,0,13,-1,13,-1,12,-1,12,-2,11,-2,10,-3,10,-3,10,-3,10,-3,10,-4,9,-4,10,-4,9,-4,9,-4,9,-4,9,-3,9,-3,9,-3,8,-2,8,-2,7,-2,8,-1,0,0,0,0,0,0,0,0,0,0,0,0,0,0,0,0,0,0,0,0,0,0,15,-2,15,-1,16,0,16,1,16,1,17,2,16,4,17,4,17,5,16,5,16,5,16,5,15,4,15,5,15,4,14,3,15,3,15,2,15,2,15,2,15,1,16,1,16,1,16,0,15,0,16,0,0,0,29,3,28,2,26,2,27,2,23,1,22,0,23,-1,22,-2,22,-2,21,-3,20,-4,19,-6,19,-5,19,-6,20,-6,18,-5,18,-6,18,-5,17,-5,18,-4,16,-4,17,-4,15,-3,14,-3,14,-2,14,-1,14,-1,13,0,0,0,0,0,0,0,0,0,0,0,0,0,0,0,26,-7,28,-3,29,-2,29,0,29,2,29,3,30,5,31,7,31,8,31,10,30,11,30,10,29,12,28,11,28,11,28,10,27,10,27,9,26,8,28,8,27,5,28,5,28,5,29,3,30,3,29,2,29,2,29,2]"
618067802101700,49.351253300,92059,1902796670,-49,-98,6,0,1,7,0,0,256,0,0,"[0,0,5,14,5,13,5,13,5,12,5,12,5,11,5,11,6,10,6,9,6,9,6,8,7,8,6,8,7,7,7,7,7,7,6,7,7,7,6,7,6,7,5,7,5,7,5,7,4,7,4,6,3,6,0,0,0,0,0,0,0,0,0,0,0,0,0,0,0,0,0,0,0,0,0,0,8,13,7,13,6,14,6,15,5,16,4,16,4,16,3,17,2,17,2,17,1,16,1,16,2,15,2,15,2,15,2,14,3,15,3,15,3,15,5,15,4,15,5,15,5,15,5,15,5,15,6,14,0,0,10,26,9,25,9,24,10,23,9,23,9,21,10,20,10,19,10,18,11,16,11,16,11,15,12,14,12,14,13,13,12,13,12,14,12,14,12,13,11,13,10,13,9,13,8,13,8,13,7,12,6,11,4,12,4,12,0,0,0,0,0,0,0,0,0,0,0,0,0,0,17,20,14,22,13,23,12,24,12,27,10,26,8,29,8,30,6,30,5,31,4,31,2,31,2,30,2,29,2,29,1,27,3,27,4,27,5,26,6,28,6,27,8,26,7,26,9,27,10,27,9,28,9,27,11,27]"
618067825816100,49.374967700,92060,1902819878,-49,-98,6,0,1,7,0,0,256,0,0,"[0,0,-16,-1,-15,-1,-14,-1,-15,-1,-13,0,-12,0,-12,0,-12,1,-12,1,-12,2,-11,2,-11,2,-10,3,-10,3,-10,3,-10,4,-10,3,-10,3,-10,3,-10,3,-9,3,-9,2,-9,2,-8,1,-8,1,-8,1,0,0,0,0,0,0,0,0,0,0,0,0,0,0,0,0,0,0,0,0,0,0,-15,0,-16,-1,-16,-2,-16,-2,-17,-3,-17,-4,-17,-4,-17,-6,-17,-6,-16,-7,-16,-7,-16,-7,-15,-7,-15,-6,-14,-6,-15,-5,-15,-4,-16,-4,-15,-4,-15,-3,-16,-2,-16,-2,-17,-2,-16,-2,-16,-1,-16,-1,0,0,-29,-2,-28,-2,-26,0,-27,1,-24,0,-24,1,-23,1,-23,2,-22,2,-21,3,-21,5,-19,6,-17,6,-18,7,-18,6,-18,7,-17,7,-18,7,-18,6,-18,5,-17,5,-17,4,-16,5,-15,4,-14,3,-15,1,-14,1,-14,0,0,0,0,0,0,0,0,0,0,0,0,0,0,0,-27,6,-29,3,-29,1,-28,-1,-30,-2,-29,-3,-31,-5,-31,-7,-32,-9,-32,-10,-30,-12,-30,-11,-30,-11,-29,-11,-28,-11,-27,-8,-27,-9,-27,-8,-26,-7,-28,-7,-27,-5,-29,-5,-28,-3,-29,-4,-29,-3,-29,-1,-29,-1,-30,-2]"
618067845858400,49.395010000,92061,1902836732,-49,-98,6,0,1,7,0,0,256,0,0,"[0,0,-10,-13,-10,-13,-10,-12,-9,-11,-9,-11,-9,-10,-9,-10,-9,-9,-9,-8,-9,-8,-9,-7,-9,-7,-9,-7,-9,-6,-10,-6,-10,-6,-10,-6,-9,-6,-9,-5,-8,-6,-8,-6,-8,-6,-7,-6,-7,-6,-6,-6,-6,-6,0,0,0,0,0,0,0,0,0,0,0,0,0,0,0,0,0,0,0,0,0,0,-11,-11,-11,-12,-11,-13,-10,-14,-10,-15,-10,-15,-9,-16,-8,-16,-8,-16,-7,-16,-7,-16,-6,-16,-7,-15,-6,-15,-7,-15,-7,-14,-7,-14,-8,-14,-8,-14,-9,-14,-9,-13,-10,-14,-10,-14,-10,-13,-10,-13,-10,-13,0,0,-39,-43,-40,-42,-38,-41,-37,-37,-37,-37,-35,-35,-35,-31,-36,-28,-34,-26,-36,-24,-37,-21,-37,-19,-37,-18,-34,-18,-36,-15,-36,-15,-35,-17,-36,-16,-34,-17,-33,-16,-33,-17,-29,-19,-27,-17,-27,-18,-26,-15,-25,-18,-22,-19,-19,-20,0,0,0,0,0,0,0,0,0,0,0,0,0,0,-48,-29,-46,-34,-43,-36,-42,-40,-42,-43,-39,-44,-39,-51,-37,-53,-35,-56,-33,-58,-30,-57,-28,-59,-30,-57,-29,-57,-27,-54,-26,-51,-27,-50,-30,-50,-31,-48,-32,-50,-33,-47,-34,-48,-36,-47,-38,-47,-41,-46,-40,-45,-40,-43,-41,-44]"
618067868563300,49.417714900,92062,1902861664,-49,-98,6,0,1,7,0,0,256,0,0,"[0,0,13,-6,13,-7,12,-7,12,-7,11,-6,10,-6,10,-7,9,-7,9,-7,8,-7,8,-8,7,-8,7,-8,7,-8,7,-8,7,-8,6,-8,6,-8,6,-7,6,-7,7,-7,6,-7,6,-6,6,-5,6,-5,6,-5,0,0,0,0,0,0,0,0,0,0,0,0,0,0,0,0,0,0,0,0,0,0,12,-8,13,-8,13,-7,14,-7,15,-6,16,-5,16,-4,17,-4,17,-3,16,-3,16,-3,16,-2,15,-3,14,-3,14,-3,14,-4,14,-4,14,-5,14,-5,14,-6,14,-6,14,-6,15,-7,14,-7,14,-7,14,-7,0,0,26,-13,25,-13,24,-13,24,-14,21,-13,20,-13,19,-13,18,-14,18,-14,17,-14,15,-15,14,-14,13,-15,13,-16,12,-17,13,-16,11,-16,12,-15,11,-15,12,-13,12,-12,11,-13,12,-11,11,-11,12,-10,11,-9,11,-8,11,-8,0,0,0,0,0,0,0,0,0,0,0,0,0,0,20,-19,24,-16,25,-15,26,-13,26,-14,28,-13,29,-12,30,-10,31,-9,33,-6,31,-6,32,-4,31,-4,31,-3,30,-3,28,-4,28,-6,27,-7,27,-8,28,-8,26,-10,26,-12,27,-11,27,-13,27,-12,27,-12,27,-13,28,-13]"
618067883815500,49.432967100,92063,1902876846,-49,-98,6,0,1,7,0,0,256,0,0,"[0,0,15,2,14,2,13,2,13,1,12,1,12,1,12,0,11,0,11,-1,10,-1,10,-2,10,-2,10,-2,10,-2,10,-3,10,-3,9,-3,10,-3,9,-2,9,-2,9,-2,8,-1,8,-1,7,-1,7,0,7,0,0,0,0,0,0,0,0,0,0,0,0,0,0,0,0,0,0,0,0,0,0,0,14,0,15,1,14,2,15,3,15,3,16,4,15,5,16,6,15,6,15,7,14,7,14,6,14,6,13,6,13,6,13,5,14,5,14,4,14,4,14,4,14,3,14,3,15,3,15,2,15,2,15,2,0,0,27,7,27,7,26,7,26,6,23,6,22,4,22,3,22,2,22,1,21,0,20,-1,20,-2,19,-2,19,-2,20,-3,18,-3,18,-4,19,-3,18,-3,18,-2,17,-1,17,-1,15,-1,15,-1,15,-1,15,1,14,2,13,2,0,0,0,0,0,0,0,0,0,0,0,0,0,0,28,-2,28,2,28,4,28,5,27,6,28,9,30,10,29,12,29,15,29,16,28,17,27,17,27,16,26,17,25,15,24,14,25,15,25,14,25,13,26,12,26,10,26,10,27,9,27,9,29,8,28,7,28,8,29,6]"
618067905804800,49.454956400,92064,1902896534,-49,-98,6,0,1,7,0,0,256,0,0,"[0,0,-1,-15,-2,-15,-1,-14,-1,-14,-2,-14,-2,-13,-2,-12,-3,-12,-3,-11,-4,-11,-4,-10,-5,-10,-5,-10,-5,-9,-5,-10,-5,-9,-5,-10,-5,-9,-4,-9,-4,-9,-4,-9,-4,-9,-3,-9,-3,-8,-3,-8,-2,-8,0,0,0,0,0,0,0,0,0,0,0,0,0,0,0,0,0,0,0,0,0,0,-3,-15,-2,-15,-2,-16,-1,-16,0,-17,1,-17,1,-17,3,-17,3,-17,3,-17,3,-16,3,-16,3,-16,3,-16,2,-15,2,-15,2,-15,1,-16,0,-16,0,-16,0,-16,-1,-16,-1,-16,-2,-16,-2,-16,-2,-15,0,0,-8,-29,-8,-28,-8,-28,-8,-25,-9,-25,-8,-23,-8,-23,-9,-22,-9,-20,-10,-18,-11,-18,-12,-17,-12,-17,-12,-17,-13,-16,-13,-16,-12,-16,-12,-16,-12,-16,-12,-15,-10,-15,-9,-15,-8,-15,-8,-14,-8,-14,-8,-13,-5,-14,-5,-14,0,0,0,0,0,0,0,0,0,0,0,0,0,0,-16,-24,-13,-26,-11,-27,-9,-28,-9,-29,-7,-30,-6,-31,-5,-33,-3,-32,-2,-33,0,-33,1,-32,0,-32,0,-31,0,-31,-1,-30,0,-30,-2,-28,-2,-29,-2,-29,-4,-30,-5,-30,-6,-29,-6,-30,-7,-30,-9,-31,-8,-29,-8,-30]"
618067922605800,49.471757400,92065,1902916584,-49,-98,6,0,1,7,0,0,256,0,0,"[0,0,-14,7,-13,7,-13,7,-13,7,-12,7,-11,7,-10,7,-10,7,-9,7,-9,7,-8,7,-8,7,-7,7,-7,8,-7,8,-7,8,-7,8,-7,7,-7,7,-7,7,-7,7,-7,6,-7,6,-7,5,-7,5,-7,4,0,0,0,0,0,0,0,0,0,0,0,0,0,0,0,0,0,0,0,0,0,0,-13,9,-14,9,-14,8,-15,7,-16,7,-17,6,-17,6,-17,5,-17,5,-17,4,-17,3,-17,3,-16,3,-16,3,-15,4,-15,4,-15,4,-15,5,-15,5,-14,6,-15,7,-14,7,-15,7,-14,7,-14,7,-14,7,0,0,-27,13,-24,13,-25,13,-23,12,-22,13,-20,13,-19,13,-18,14,-18,13,-15,13,-15,14,-14,15,-13,15,-13,15,-12,14,-13,14,-12,15,-13,15,-13,12,-13,13,-13,12,-12,12,-11,11,-11,11,-12,10,-12,9,-11,8,-12,6,0,0,0,0,0,0,0,0,0,0,0,0,0,0,-19,19,-22,18,-24,16,-26,15,-25,13,-28,13,-28,12,-32,12,-32,8,-31,9,-33,6,-31,7,-31,6,-32,6,-30,6,-29,6,-30,7,-27,6,-29,8,-27,9,-28,10,-27,11,-26,12,-27,13,-26,13,-26,14,-27,14,-28,15]"
618067946654500,49.495806100,92066,1902939323,-49,-98,6,0,1,7,0,0,256,0,0,"[0,0,9,12,9,12,8,11,8,10,8,10,8,9,8,9,8,8,8,7,8,7,8,6,8,6,8,6,9,5,9,5,9,5,8,5,8,5,8,5,8,5,7,5,6,5,6,5,6,5,6,5,5,5,0,0,0,0,0,0,0,0,0,0,0,0,0,0,0,0,0,0,0,0,0,0,11,10,11,11,10,12,10,12,10,13,9,14,8,15,8,15,7,15,6,16,6,15,6,15,6,15,6,15,6,14,7,14,6,13,7,13,7,13,8,13,8,13,9,12,9,13,9,13,9,12,9,12,0,0,16,23,16,23,16,22,16,20,15,19,14,18,15,17,15,16,15,14,16,13,16,12,16,12,16,11,15,10,16,10,16,9,15,9,15,9,16,10,15,9,14,9,12,10,12,9,11,9,10,10,10,9,9,10,8,11,0,0,0,0,0,0,0,0,0,0,0,0,0,0,24,15,22,18,20,20,19,20,19,22,18,23,17,26,16,27,16,27,15,29,13,29,13,30,11,29,11,29,11,27,10,26,11,26,12,26,13,25,14,26,14,24,15,24,16,24,16,23,17,24,17,23,17,24,18,22]"
618067962430100,49.511581700,92067,1902956900,-49,-98,6,0,1,7,0,0,256,0,0,"[0,0,8,12,8,11,8,11,8,10,8,10,7,9,8,8,8,8,7,7,8,6,8,6,8,6,8,5,8,5,8,5,8,5,8,5,8,4,8,4,8,5,7,5,7,5,6,5,6,5,5,5,5,5,0,0,0,0,0,0,0,0,0,0,0,0,0,0,0,0,0,0,0,0,0,0,10,10,9,11,9,12,8,12,8,14,7,14,8,15,7,15,6,15,5,16,5,15,5,15,5,14,4,14,5,14,6,13,6,13,6,13,7,12,7,12,8,12,8,12,9,13,8,12,9,12,9,12,0,0,18,22,17,21,18,21,17,19,17,19,16,17,16,15,16,15,17,13,16,12,16,12,16,11,16,10,17,10,16,8,17,8,16,9,17,9,16,7,15,9,15,8,14,9,12,10,11,10,11,10,10,10,9,10,8,9,0,0,0,0,0,0,0,0,0,0,0,0,0,0,22,14,20,18,20,21,19,21,18,21,19,24,16,25,16,27,17,27,15,29,15,29,12,29,11,30,11,29,10,28,10,26,12,27,13,25,14,25,14,25,14,25,17,23,17,23,18,24,18,23,17,24,19,24,18,23]"
618067985177800,49.534329400,92068,1902978401,-49,-98,6,0,1,7,0,0,256,0,0,"[0,0,-15,-4,-15,-4,-14,-5,-14,-3,-13,-3,-13,-3,-13,-3,-12,-2,-12,-2,-12,-1,-12,0,-11,0,-11,0,-11,1,-11,1,-11,1,-11,1,-11,1,-11,0,-10,0,-10,0,-10,-1,-9,0,-9,0,-9,-1,-8,-1,0,0,0,0,0,0,0,0,0,0,0,0,0,0,0,0,0,0,0,0,0,0,-16,-2,-16,-3,-16,-4,-16,-5,-17,-6,-17,-7,-16,-8,-17,-9,-16,-9,-15,-9,-15,-9,-15,-8,-14,-8,-14,-8,-14,-8,-14,-7,-15,-7,-15,-7,-14,-6,-15,-6,-15,-6,-15,-6,-16,-5,-16,-4,-16,-4,-16,-4,0,0,-26,-12,-27,-12,-25,-10,-26,-9,-23,-8,-23,-8,-23,-7,-21,-7,-21,-4,-22,-3,-21,-2,-20,-2,-20,-2,-20,0,-21,-1,-20,-1,-20,0,-19,0,-19,-1,-19,-1,-18,-2,-17,-2,-17,-2,-15,-3,-15,-3,-14,-3,-14,-4,-13,-5,0,0,0,0,0,0,0,0,0,0,0,0,0,0,-28,-3,-28,-6,-28,-9,-28,-10,-29,-12,-26,-13,-29,-15,-28,-18,-28,-19,-27,-20,-27,-21,-26,-22,-24,-22,-24,-21,-22,-19,-22,-19,-22,-19,-24,-17,-24,-17,-25,-17,-24,-15,-26,-14,-26,-15,-27,-13,-28,-13,-27,-13,-28,-12,-27,-12]"
618068004000800,49.553152400,92069,1902996719,-49,-98,6,0,1,7,0,0,256,0,0,"[0,0,-7,13,-7,13,-6,12,-6,12,-6,12,-5,11,-4,11,-4,11,-4,10,-3,10,-3,10,-2,10,-2,10,-1,10,-1,10,-1,9,-1,10,-1,9,-1,9,-2,9,-2,9,-2,8,-2,8,-2,7,-3,7,-3,6,0,0,0,0,0,0,0,0,0,0,0,0,0,0,0,0,0,0,0,0,0,0,-5,14,-6,14,-7,14,-8,14,-8,14,-10,14,-10,13,-11,13,-11,13,-12,12,-12,11,-12,11,-11,11,-11,11,-10,11,-10,11,-10,12,-9,12,-9,12,-8,13,-8,13,-8,13,-8,13,-8,13,-7,13,-7,13,0,0,-25,51,-25,50,-24,47,-22,47,-21,45,-17,45,-15,45,-14,43,-13,42,-10,40,-8,39,-6,40,-4,40,-4,39,-3,39,-2,36,-2,38,-4,36,-3,36,-4,35,-4,33,-5,34,-6,33,-7,30,-8,28,-9,26,-11,27,-13,25,0,0,0,0,0,0,0,0,0,0,0,0,0,0,-8,55,-15,57,-20,55,-22,53,-26,55,-28,52,-32,55,-35,54,-37,52,-41,52,-42,50,-45,50,-44,46,-42,45,-41,44,-40,45,-38,44,-35,44,-35,45,-35,47,-30,48,-31,49,-29,52,-30,53,-29,53,-28,53,-26,53,-27,52]"
618068025349000,49.574500600,92070,1903020113,-49,-98,6,0,1,7,0,0,256,0,0,"[0,0,13,5,12,5,11,4,12,4,11,4,11,4,10,3,10,3,10,2,10,1,10,1,9,1,9,0,9,0,9,0,9,0,9,0,9,0,9,0,9,1,9,1,8,1,7,1,7,1,7,1,6,2,0,0,0,0,0,0,0,0,0,0,0,0,0,0,0,0,0,0,0,0,0,0,14,2,13,3,14,4,13,5,14,6,13,7,14,8,13,9,13,9,12,9,12,9,12,9,12,9,11,8,11,8,12,7,11,7,12,7,12,7,12,6,12,7,13,6,13,6,13,5,13,6,13,5,0,0,54,13,56,16,49,11,49,11,46,10,46,6,42,6,44,4,42,4,42,1,41,-1,38,-1,37,-3,35,-4,39,-6,38,-7,36,-6,36,-5,37,-5,35,-4,35,-4,32,-2,32,-2,28,0,32,2,25,2,25,4,24,4,0,0,0,0,0,0,0,0,0,0,0,0,0,0,54,-2,55,5,55,10,57,11,57,15,54,18,59,20,56,26,57,26,57,32,56,33,54,35,50,34,50,32,48,32,48,29,47,29,51,26,48,24,52,25,50,22,52,19,53,20,55,17,56,18,55,18,55,17,57,16]"
618068042459100,49.591610700,92071,1903036589,-49,-98,6,0,1,7,0,0,256,0,0,"[0,0,-6,14,-5,14,-5,13,-5,13,-4,13,-4,12,-3,12,-3,11,-2,11,-2,10,-1,10,-1,10,0,10,0,10,0,10,0,10,0,10,0,9,0,10,-1,9,-1,9,-1,8,-1,8,-1,8,-1,7,-2,7,0,0,0,0,0,0,0,0,0,0,0,0,0,0,0,0,0,0,0,0,0,0,-4,14,-5,14,-5,15,-6,15,-7,15,-8,15,-9,15,-10,14,-10,14,-11,14,-11,13,-10,13,-10,12,-10,12,-9,13,-9,12,-9,12,-8,13,-8,14,-7,14,-7,14,-7,14,-7,15,-6,15,-6,14,-6,15,0,0,-14,53,-13,56,-11,52,-11,51,-11,46,-8,47,-7,45,-5,44,-3,41,-1,41,1,41,3,39,4,39,6,37,6,39,7,37,7,37,5,37,4,35,2,34,2,34,0,34,0,32,1,30,0,28,-1,26,-4,28,-6,27,0,0,0,0,0,0,0,0,0,0,0,0,0,0,4,56,-1,56,-6,56,-10,54,-12,59,-14,56,-21,61,-24,59,-24,59,-31,58,-31,55,-35,58,-32,55,-32,52,-31,52,-27,49,-26,49,-25,53,-24,50,-26,54,-22,53,-18,55,-18,55,-17,56,-18,57,-15,59,-16,57,-15,55]"
618068070330700,49.619482300,92072,1903062184,-49,-98,6,0,1,7,0,0,256,0,0,"[0,0,-13,-8,-13,-9,-12,-8,-12,-8,-11,-7,-12,-6,-11,-6,-11,-5,-11,-5,-11,-4,-11,-4,-10,-3,-11,-3,-11,-3,-10,-3,-10,-2,-10,-2,-10,-2,-10,-2,-10,-2,-10,-3,-9,-3,-8,-3,-8,-3,-8,-4,-7,-4,0,0,0,0,0,0,0,0,0,0,0,0,0,0,0,0,0,0,0,0,0,0,-14,-7,-14,-8,-14,-9,-14,-9,-13,-10,-13,-12,-13,-12,-13,-13,-12,-13,-12,-13,-11,-13,-11,-13,-11,-12,-11,-13,-11,-12,-11,-11,-11,-11,-11,-11,-12,-10,-12,-10,-13,-10,-13,-9,-13,-9,-13,-9,-13,-9,-14,-9,0,0,-52,-28,-49,-29,-46,-29,-44,-26,-44,-24,-43,-20,-41,-19,-41,-19,-41,-15,-43,-11,-42,-9,-39,-8,-39,-9,-38,-6,-39,-5,-40,-6,-38,-6,-39,-6,-37,-7,-36,-8,-36,-7,-34,-8,-29,-8,-30,-9,-29,-8,-26,-10,-26,-12,-25,-12,0,0,0,0,0,0,0,0,0,0,0,0,0,0,-54,-17,-52,-21,-53,-27,-51,-30,-50,-32,-49,-35,-51,-40,-50,-42,-48,-45,-46,-50,-44,-49,-43,-49,-42,-48,-40,-48,-37,-46,-40,-43,-41,-43,-42,-41,-42,-41,-43,-39,-45,-37,-45,-36,-46,-35,-49,-35,-50,-33,-50,-33,-51,-33,-51,-33]"
618068086140600,49.635292200,92073,1903082013,-49,-98,6,0,1,7,0,0,256,0,0,"[0,0,13,-7,12,-8,11,-7,12,-7,11,-7,10,-7,9,-7,9,-7,8,-7,8,-8,7,-8,7,-8,7,-8,6,-8,6,-8,6,-8,6,-8,6,-8,6,-8,6,-7,6,-7,6,-6,6,-6,6,-6,6,-5,6,-5,0,0,0,0,0,0,0,0,0,0,0,0,0,0,0,0,0,0,0,0,0,0,11,-10,12,-10,12,-9,13,-8,14,-8,15,-7,16,-7,16,-6,16,-6,16,-5,16,-4,15,-4,15,-4,15,-4,14,-5,14,-5,14,-5,14,-6,13,-6,13,-7,13,-7,13,-8,14,-8,13,-8,13,-8,13,-8,0,0,25,-15,23,-16,22,-15,21,-15,21,-14,19,-15,18,-15,16,-15,16,-14,14,-15,14,-15,13,-15,12,-16,12,-16,11,-16,11,-16,11,-16,12,-15,11,-14,10,-14,11,-14,10,-13,10,-12,11,-11,11,-10,11,-10,11,-9,11,-8,0,0,0,0,0,0,0,0,0,0,0,0,0,0,17,-22,20,-20,22,-19,24,-18,24,-16,25,-16,28,-15,30,-14,30,-12,31,-12,31,-10,30,-9,30,-9,30,-7,29,-8,28,-8,27,-10,26,-10,27,-10,27,-10,26,-13,26,-13,25,-14,25,-15,26,-15,26,-15,26,-16,26,-16]"
618068101549400,49.650701000,92074,1903099212,-49,-98,6,0,1,7,0,0,256,0,0,"[0,0,15,2,14,2,14,2,13,1,13,1,12,1,12,0,12,0,11,0,11,-1,10,-2,10,-2,10,-2,10,-3,10,-3,10,-3,9,-3,10,-3,9,-2,9,-2,9,-2,8,-1,8,-1,8,-1,7,-1,7,0,0,0,0,0,0,0,0,0,0,0,0,0,0,0,0,0,0,0,0,0,0,0,15,0,15,1,15,1,15,2,16,3,16,4,16,5,16,6,16,7,15,7,15,7,15,7,14,7,14,6,14,6,14,5,14,5,14,4,14,4,15,4,15,3,15,3,16,3,15,2,16,3,16,2,0,0,28,4,26,2,27,2,25,2,25,2,24,1,23,1,22,0,21,0,21,-3,21,-4,20,-4,18,-5,19,-5,19,-5,19,-5,18,-5,19,-5,18,-5,17,-4,17,-3,16,-3,15,-3,15,-2,14,-2,14,0,14,0,13,1,0,0,0,0,0,0,0,0,0,0,0,0,0,0,27,-6,28,-3,29,-1,29,1,28,2,30,4,30,5,32,8,31,9,31,11,30,12,28,11,29,12,28,12,27,11,26,10,27,10,26,9,28,8,27,8,28,6,27,6,28,6,28,5,29,4,30,4,29,4,30,3]"
618068127165900,49.676317500,92075,1903122117,-49,-98,6,0,1,7,0,0,256,0,0,"[0,0,2,14,1,14,2,14,2,13,2,13,2,12,3,12,3,11,3,10,4,10,4,9,4,9,5,9,5,8,5,8,5,8,5,8,5,8,4,8,4,8,4,8,4,8,3,7,3,7,3,7,2,7,0,0,0,0,0,0,0,0,0,0,0,0,0,0,0,0,0,0,0,0,0,0,3,14,2,15,2,16,1,16,0,17,-1,17,-2,17,-3,17,-3,17,-4,17,-4,16,-4,16,-3,15,-4,15,-3,15,-2,15,-2,15,-1,15,0,15,0,15,0,15,1,16,1,16,1,15,2,16,1,15,0,0,2,28,3,29,2,26,2,25,4,24,5,23,4,22,5,21,5,21,7,20,7,18,8,18,9,17,9,17,9,17,9,16,9,17,9,15,9,15,8,15,8,15,6,15,6,14,5,14,5,13,4,13,2,13,1,13,0,0,0,0,0,0,0,0,0,0,0,0,0,0,10,26,7,27,5,27,3,28,2,30,0,29,-1,32,-2,31,-5,32,-6,32,-7,31,-8,32,-7,30,-6,29,-7,29,-7,29,-6,28,-5,28,-4,26,-3,27,-1,28,-1,28,0,29,0,30,2,29,2,29,2,29,3,29]"
618068146867700,49.696019300,92076,1903144137,-49,-98,6,0,1,7,0,0,256,0,0,"[0,0,11,9,10,8,10,8,10,8,10,8,9,7,10,6,9,6,9,5,9,4,9,4,9,4,9,3,9,3,9,2,9,2,9,3,9,2,8,3,8,3,8,3,7,3,7,3,6,3,6,3,6,3,0,0,0,0,0,0,0,0,0,0,0,0,0,0,0,0,0,0,0,0,0,0,12,7,12,8,12,8,12,10,12,10,12,11,11,12,11,13,10,13,9,13,9,13,9,13,8,12,8,12,9,12,9,11,9,11,9,10,10,10,10,10,11,10,11,9,11,10,11,10,11,9,12,9,0,0,45,33,46,31,44,29,43,28,41,25,40,22,40,21,39,20,38,16,39,15,40,12,36,12,36,11,37,10,38,7,37,8,36,7,36,8,36,7,34,9,33,8,31,9,29,10,26,10,27,11,25,11,25,13,21,14,0,0,0,0,0,0,0,0,0,0,0,0,0,0,52,17,51,24,50,27,47,29,49,32,47,34,49,41,47,43,48,44,44,49,42,48,40,53,37,50,37,49,34,47,35,47,34,43,39,41,40,39,41,42,42,40,45,36,45,38,45,35,46,35,46,37,44,36,50,34]"
618068162072600,49.711224200,92077,1903156620,-49,-98,6,0,1,7,0,0,256,0,0,"[0,0,4,14,4,14,4,13,4,13,4,12,5,11,4,11,5,10,5,9,5,9,5,8,5,8,6,8,6,8,6,7,6,7,6,7,6,7,6,7,5,7,5,7,5,7,4,7,4,6,3,6,3,6,0,0,0,0,0,0,0,0,0,0,0,0,0,0,0,0,0,0,0,0,0,0,6,14,5,14,5,15,4,15,3,16,2,16,1,17,1,17,0,17,0,17,-1,16,-1,16,-1,16,0,15,0,15,1,15,1,14,2,15,2,14,3,15,3,15,3,15,4,15,4,15,4,15,4,14,0,0,7,28,6,26,7,25,6,24,6,23,8,22,8,21,8,20,9,19,10,18,9,16,10,17,10,15,11,15,12,14,12,14,11,15,11,14,11,15,10,14,10,14,9,15,8,13,6,13,6,13,6,12,5,13,3,12,0,0,0,0,0,0,0,0,0,0,0,0,0,0,14,23,11,26,9,26,9,28,7,29,6,28,4,31,3,32,3,32,1,32,-1,32,-2,32,-3,30,-3,31,-2,29,-2,29,-1,29,0,28,1,27,2,27,3,28,4,27,5,28,5,29,6,29,6,28,6,28,7,28]"
618068184602100,49.733753700,92078,1903177448,-49,-98,6,0,1,7,0,0,256,0,0,"[0,0,-14,-7,-14,-7,-13,-6,-13,-6,-12,-6,-12,-5,-12,-4,-12,-4,-11,-3,-11,-3,-11,-2,-11,-2,-11,-2,-10,-1,-11,0,-10,0,-10,-1,-10,-1,-10,-1,-10,-1,-9,-1,-9,-2,-9,-2,-8,-2,-8,-2,-8,-2,0,0,0,0,0,0,0,0,0,0,0,0,0,0,0,0,0,0,0,0,0,0,-14,-6,-15,-6,-14,-7,-14,-8,-14,-9,-14,-10,-14,-11,-14,-11,-13,-11,-13,-12,-12,-12,-12,-11,-12,-11,-12,-11,-12,-10,-12,-10,-12,-9,-13,-9,-13,-9,-13,-8,-14,-8,-14,-8,-14,-8,-14,-7,-14,-8,-14,-7,0,0,-54,-21,-55,-19,-49,-20,-50,-18,-48,-16,-45,-12,-45,-11,-44,-7,-43,-7,-43,-6,-41,-3,-39,-3,-39,-1,-38,1,-40,1,-37,2,-39,2,-37,1,-37,3,-38,0,-36,1,-33,-1,-31,-2,-30,-4,-28,-4,-28,-5,-29,-6,-25,-8,0,0,0,0,0,0,0,0,0,0,0,0,0,0,-56,-5,-57,-12,-56,-16,-55,-18,-58,-20,-54,-22,-57,-28,-56,-31,-57,-33,-56,-37,-53,-37,-53,-42,-49,-40,-48,-40,-46,-40,-46,-36,-45,-32,-50,-31,-49,-29,-50,-30,-49,-27,-53,-23,-51,-25,-55,-22,-57,-23,-56,-23,-55,-23,-55,-23]"
618068202480400,49.751632000,92079,1903197535,-49,-98,6,0,1,7,0,0,256,0,0,"[0,0,9,12,9,11,9,10,9,10,8,10,8,9,8,9,8,8,8,7,8,6,8,6,8,6,8,5,8,5,9,5,9,4,8,5,8,4,8,4,8,5,7,5,7,5,6,5,6,5,5,4,5,4,0,0,0,0,0,0,0,0,0,0,0,0,0,0,0,0,0,0,0,0,0,0,10,10,10,11,10,12,9,13,9,14,9,14,8,15,7,16,7,15,6,16,5,15,5,15,5,15,5,14,6,14,6,13,7,13,7,13,7,12,8,13,8,13,9,12,9,13,9,12,9,12,9,12,0,0,20,21,19,19,20,19,17,16,18,17,17,16,18,14,16,13,17,12,16,10,18,8,18,8,17,7,18,8,17,6,18,7,17,6,17,8,16,7,16,8,15,7,14,9,13,7,12,7,12,7,11,8,9,8,10,9,0,0,0,0,0,0,0,0,0,0,0,0,0,0,24,12,24,14,23,16,22,19,20,19,21,22,20,23,20,25,18,25,17,28,15,29,14,27,15,27,15,27,14,26,14,25,15,26,15,23,16,23,15,22,17,23,18,22,18,22,18,22,19,21,20,21,21,21,21,20]"
618068224472000,49.773623600,92080,1903224227,-49,-98,6,0,1,7,0,0,256,0,0,"[0,0,6,14,6,13,6,12,6,12,6,11,6,11,6,10,6,10,6,9,7,8,7,8,7,7,7,7,7,7,7,6,7,6,7,6,7,6,7,6,6,6,6,6,6,6,5,6,5,6,4,6,4,6,0,0,0,0,0,0,0,0,0,0,0,0,0,0,0,0,0,0,0,0,0,0,8,12,8,12,7,14,6,14,6,15,5,16,5,16,4,17,3,17,3,17,2,16,3,16,2,16,2,15,3,15,3,14,4,14,4,14,5,14,5,14,6,14,6,14,6,14,7,14,7,14,7,14,0,0,11,26,12,25,11,25,11,22,12,23,11,20,11,19,11,19,12,17,12,16,13,15,13,14,13,13,13,13,14,12,14,13,14,12,14,12,13,12,12,12,12,12,10,12,10,12,9,11,8,11,8,11,7,12,5,12,0,0,0,0,0,0,0,0,0,0,0,0,0,0,18,20,16,23,15,24,14,25,13,26,11,28,10,29,9,31,8,31,6,31,5,32,4,32,5,31,4,30,4,29,4,28,4,28,5,27,7,28,7,27,8,27,9,28,10,27,10,28,11,27,13,27,12,27,12,27]"
618068242523600,49.791675200,92081,1903236404,-49,-98,6,0,1,7,0,0,256,0,0,"[0,0,9,11,9,11,9,10,9,10,9,9,8,9,9,8,8,8,8,7,8,6,8,5,8,5,8,5,8,5,9,4,8,4,8,5,8,4,8,4,7,4,7,5,7,5,6,5,6,4,5,4,5,4,0,0,0,0,0,0,0,0,0,0,0,0,0,0,0,0,0,0,0,0,0,0,12,9,11,10,11,10,11,11,10,12,10,13,9,14,8,15,8,14,7,15,7,14,7,14,7,14,7,13,7,13,7,12,7,12,8,12,8,12,9,12,9,12,10,12,10,12,10,12,10,11,10,11,0,0,40,40,41,38,39,36,40,33,36,31,34,30,36,30,37,27,33,23,35,20,37,15,36,15,37,14,35,14,37,13,34,12,34,13,33,12,33,15,31,14,29,15,27,16,25,16,26,13,25,14,22,16,20,16,18,18,0,0,0,0,0,0,0,0,0,0,0,0,0,0,48,20,50,25,49,29,46,34,46,38,41,39,42,46,42,48,38,50,39,55,34,55,34,54,35,49,35,51,34,50,33,48,30,47,33,45,34,45,36,45,35,43,36,43,38,43,40,43,44,39,44,37,45,39,44,38]"
618068262907200,49.812058800,92082,1903256584,-49,-98,6,0,1,7,0,0,256,0,0,"[0,0,-15,3,-15,3,-15,2,-14,3,-14,3,-12,3,-12,4,-11,4,-11,5,-11,4,-10,5,-10,5,-9,5,-9,5,-9,6,-9,6,-9,6,-9,6,-8,6,-8,5,-8,5,-8,4,-8,4,-8,3,-8,3,-8,2,0,0,0,0,0,0,0,0,0,0,0,0,0,0,0,0,0,0,0,0,0,0,-15,3,-16,3,-16,2,-17,1,-17,0,-18,0,-18,0,-18,-1,-18,-1,-18,-3,-17,-3,-17,-3,-16,-3,-16,-3,-16,-2,-16,-1,-16,-1,-16,0,-16,0,-16,1,-16,1,-16,2,-17,2,-16,2,-16,2,-16,2,0,0,-28,7,-27,8,-27,7,-25,8,-24,8,-22,8,-22,8,-21,8,-20,9,-18,10,-18,10,-17,11,-15,12,-16,12,-15,12,-15,12,-14,11,-16,12,-15,11,-15,10,-14,10,-14,9,-14,8,-13,8,-14,6,-13,5,-13,5,-13,5,0,0,0,0,0,0,0,0,0,0,0,0,0,0,-24,14,-25,13,-27,11,-29,9,-28,7,-30,6,-31,6,-34,4,-34,1,-33,0,-32,-1,-32,0,-32,-1,-31,0,-30,0,-29,0,-30,1,-29,1,-29,1,-28,3,-30,4,-29,4,-29,5,-29,7,-29,7,-28,8,-29,9,-29,9]"
618068283441000,49.832592600,92083,1903277534,-49,-98,6,0,1,7,0,0,256,0,0,"[0,0,-16,1,-15,1,-14,1,-14,1,-13,2,-13,2,-12,2,-12,3,-12,3,-11,3,-11,3,-10,3,-10,4,-10,4,-9,5,-9,5,-9,4,-9,4,-9,4,-10,4,-9,4,-8,3,-8,3,-8,2,-8,2,-8,1,0,0,0,0,0,0,0,0,0,0,0,0,0,0,0,0,0,0,0,0,0,0,-16,3,-16,2,-17,2,-17,1,-18,0,-18,-1,-18,-1,-18,-3,-18,-3,-17,-4,-17,-4,-17,-5,-16,-4,-16,-4,-16,-3,-16,-2,-16,-2,-16,-1,-16,-1,-16,0,-16,0,-16,1,-17,1,-16,0,-16,0,-16,1,0,0,-27,6,-27,8,-26,7,-27,8,-23,7,-23,7,-21,8,-21,8,-21,9,-19,10,-18,10,-17,10,-16,11,-16,10,-15,12,-15,11,-15,11,-15,11,-15,11,-14,10,-15,9,-14,8,-14,8,-14,7,-13,6,-13,5,-14,5,-14,4,0,0,0,0,0,0,0,0,0,0,0,0,0,0,-24,14,-26,11,-27,11,-28,7,-30,7,-29,6,-33,5,-32,4,-33,2,-34,1,-33,0,-34,-1,-33,-2,-32,-2,-30,-2,-30,0,-28,0,-30,1,-28,1,-31,2,-28,4,-29,4,-29,5,-29,6,-30,7,-29,7,-29,7,-29,7]"
618068301752500,49.850904100,92084,1903296549,-49,-98,6,0,1,7,0,0,256,0,0,"[0,0,3,15,3,14,3,14,2,13,2,13,3,12,3,11,4,11,4,10,4,10,4,9,4,9,5,9,5,8,5,8,5,8,5,8,5,8,5,8,4,7,4,8,4,8,3,7,3,7,2,7,2,6,0,0,0,0,0,0,0,0,0,0,0,0,0,0,0,0,0,0,0,0,0,0,4,14,4,15,3,15,3,16,2,16,1,17,0,17,-1,17,-1,17,-2,17,-2,16,-2,16,-2,16,-2,16,-1,15,-1,15,0,15,0,15,1,15,2,15,1,15,2,15,2,15,2,15,2,15,3,15,0,0,2,28,3,27,3,25,4,26,3,24,3,23,5,22,5,21,6,19,6,19,7,18,7,18,8,17,8,17,9,17,10,16,9,16,8,16,9,16,8,15,7,15,5,15,5,14,5,14,4,14,3,12,2,13,1,13,0,0,0,0,0,0,0,0,0,0,0,0,0,0,12,25,8,27,5,28,5,27,4,29,3,29,1,31,-1,32,-1,32,-3,33,-5,32,-6,32,-6,30,-6,30,-6,29,-6,28,-4,28,-3,28,-3,27,-2,29,-1,28,1,28,0,29,2,29,2,29,3,29,3,29,2,29]"
618068324201500,49.873353100,92085,1903317577,-49,-98,6,0,1,7,0,0,256,0,0,"[0,0,15,-4,14,-4,13,-4,13,-3,12,-4,12,-5,11,-5,10,-5,10,-5,10,-5,9,-5,9,-6,9,-6,8,-6,8,-6,8,-6,7,-6,8,-6,8,-6,8,-5,8,-5,7,-5,7,-4,7,-4,7,-3,7,-3,0,0,0,0,0,0,0,0,0,0,0,0,0,0,0,0,0,0,0,0,0,0,13,-6,14,-6,15,-5,15,-4,16,-4,17,-3,16,-2,17,-2,17,-1,17,0,16,0,16,0,16,0,15,0,15,-1,15,-1,15,-1,15,-2,14,-2,15,-3,15,-3,15,-4,15,-4,15,-4,15,-4,15,-5,0,0,27,-9,27,-11,24,-10,25,-9,22,-9,21,-11,20,-10,20,-10,19,-10,17,-11,16,-12,15,-12,15,-12,14,-12,14,-13,14,-12,14,-13,14,-13,14,-13,14,-11,14,-10,13,-10,13,-10,12,-8,12,-7,11,-7,12,-6,13,-4,0,0,0,0,0,0,0,0,0,0,0,0,0,0,22,-17,25,-15,25,-13,25,-10,28,-12,28,-10,31,-9,31,-7,31,-6,32,-4,32,-4,32,-2,32,-1,30,-1,29,-1,28,-1,28,-2,29,-4,27,-4,28,-5,27,-5,27,-8,28,-9,28,-10,30,-9,29,-9,28,-9,29,-8]"
618068343041700,49.892193300,92086,1903336660,-49,-98,6,0,1,7,0,0,256,0,0,"[0,0,-16,2,-15,2,-15,2,-14,2,-14,2,-13,2,-12,2,-12,3,-11,3,-11,3,-10,4,-10,4,-10,4,-9,5,-9,5,-9,5,-9,5,-9,5,-9,5,-9,4,-9,3,-8,3,-8,3,-8,3,-8,2,-8,2,0,0,0,0,0,0,0,0,0,0,0,0,0,0,0,0,0,0,0,0,0,0,-16,3,-16,3,-16,2,-17,1,-17,0,-18,-1,-18,-1,-18,-3,-18,-3,-18,-3,-17,-4,-17,-3,-16,-3,-16,-3,-16,-2,-16,-2,-16,-1,-16,-1,-16,-1,-16,0,-16,0,-16,1,-16,1,-16,1,-16,1,-16,1,0,0,-29,2,-29,2,-27,1,-27,2,-25,3,-24,4,-22,4,-22,4,-21,6,-20,6,-20,7,-19,7,-17,7,-16,8,-18,8,-17,9,-17,10,-17,9,-17,9,-17,7,-16,7,-15,6,-15,6,-15,5,-14,4,-15,3,-15,3,-14,2,0,0,0,0,0,0,0,0,0,0,0,0,0,0,-26,9,-28,7,-29,5,-29,3,-31,2,-30,1,-32,-1,-32,-2,-33,-3,-34,-5,-32,-6,-33,-6,-31,-8,-30,-7,-30,-6,-29,-6,-29,-6,-30,-4,-28,-4,-30,-4,-29,-2,-29,0,-29,0,-30,0,-30,1,-31,2,-30,2,-31,1]"
618068361658900,49.910810500,92087,1903356690,-49,-98,6,0,1,7,0,0,256,0,0,"[0,0,2,14,2,14,2,13,2,13,2,12,2,12,3,11,3,11,3,10,4,9,4,9,4,9,4,8,5,8,5,8,5,8,5,8,5,7,4,8,4,8,3,8,3,8,3,8,2,7,2,7,2,6,0,0,0,0,0,0,0,0,0,0,0,0,0,0,0,0,0,0,0,0,0,0,4,14,3,14,3,15,2,15,1,16,0,16,-1,16,-1,17,-2,16,-2,16,-2,16,-2,15,-2,15,-2,15,-2,15,-1,14,-1,14,-1,14,0,14,1,14,0,15,1,15,2,15,2,15,2,15,2,15,0,0,4,30,3,27,3,28,3,23,4,25,4,23,5,22,6,21,6,19,6,18,7,18,8,18,8,18,9,16,9,16,9,16,9,16,9,16,8,15,8,16,7,15,6,15,5,14,5,14,4,14,4,14,3,13,1,13,0,0,0,0,0,0,0,0,0,0,0,0,0,0,12,24,9,27,7,27,6,28,4,28,3,30,2,31,0,32,-1,31,-3,32,-4,31,-5,31,-5,31,-5,30,-5,30,-5,28,-4,29,-2,27,-2,29,-1,27,1,29,1,29,2,29,2,29,3,28,3,29,3,29,4,29]"
618068383531100,49.932682700,92088,1903376574,-49,-98,6,0,1,7,0,0,256,0,0,"[0,0,-14,7,-13,7,-12,7,-12,6,-12,6,-11,6,-11,6,-10,7,-9,6,-9,6,-7,7,-7,7,-7,7,-7,7,-7,7,-7,7,-6,7,-7,7,-7,7,-7,7,-7,6,-6,5,-6,5,-6,5,-6,4,-7,4,0,0,0,0,0,0,0,0,0,0,0,0,0,0,0,0,0,0,0,0,0,0,-12,9,-13,9,-13,8,-14,8,-14,7,-16,7,-16,6,-17,5,-17,4,-16,4,-16,4,-16,4,-16,4,-15,4,-15,4,-14,4,-15,5,-14,5,-15,6,-14,6,-14,6,-14,7,-14,7,-14,7,-14,7,-14,8,0,0,-26,12,-26,12,-23,13,-23,13,-22,12,-20,11,-20,12,-18,12,-18,13,-16,12,-15,14,-15,13,-14,14,-13,14,-14,14,-13,14,-11,15,-13,14,-13,13,-14,13,-13,11,-12,11,-12,11,-12,9,-12,8,-11,7,-13,7,-13,6,0,0,0,0,0,0,0,0,0,0,0,0,0,0,-20,20,-22,18,-24,16,-25,15,-26,15,-28,13,-29,13,-32,11,-31,9,-33,8,-32,7,-32,6,-32,6,-31,5,-30,5,-29,5,-30,6,-28,6,-28,8,-27,7,-28,10,-28,10,-26,10,-28,12,-28,13,-27,13,-26,14,-27,13]"
618068404567600,49.953719200,92089,1903396451,-49,-97,6,0,1,7,0,0,256,0,0,"[0,0,-14,-8,-14,-8,-13,-8,-13,-7,-12,-7,-12,-6,-12,-6,-11,-5,-11,-4,-11,-4,-11,-3,-11,-3,-11,-2,-11,-2,-11,-2,-11,-2,-11,-2,-11,-2,-10,-2,-10,-2,-10,-2,-9,-3,-9,-3,-8,-3,-8,-3,-8,-4,0,0,0,0,0,0,0,0,0,0,0,0,0,0,0,0,0,0,0,0,0,0,-15,-6,-15,-7,-15,-8,-15,-9,-15,-10,-14,-11,-14,-12,-14,-12,-13,-13,-13,-13,-12,-13,-12,-12,-12,-13,-12,-12,-12,-12,-12,-11,-12,-11,-12,-10,-13,-10,-13,-9,-14,-9,-14,-9,-14,-9,-14,-9,-14,-9,-14,-8,0,0,-51,-27,-51,-27,-49,-27,-49,-23,-45,-23,-44,-20,-43,-18,-42,-16,-42,-14,-43,-10,-41,-8,-40,-8,-40,-8,-40,-5,-40,-2,-37,-3,-38,-5,-40,-2,-38,-4,-34,-5,-34,-5,-32,-7,-32,-6,-29,-8,-29,-10,-28,-10,-26,-12,-25,-13,0,0,0,0,0,0,0,0,0,0,0,0,0,0,-55,-12,-55,-17,-52,-22,-52,-27,-53,-28,-52,-32,-52,-37,-53,-41,-51,-43,-49,-47,-47,-46,-46,-46,-45,-47,-44,-46,-42,-43,-42,-41,-41,-40,-45,-39,-46,-37,-46,-36,-47,-35,-49,-32,-49,-34,-51,-32,-52,-30,-51,-30,-53,-27,-53,-29]"
618068424411700,49.973563300,92090,1903419176,-49,-97,6,0,1,7,0,0,256,0,0,"[0,0,-8,14,-6,13,-7,13,-6,12,-5,12,-5,11,-4,11,-4,11,-4,10,-3,10,-2,10,-1,10,-1,10,-1,10,-1,10,-1,10,0,10,-1,10,-1,9,-1,9,-1,9,-1,9,-1,8,-2,8,-2,7,-2,7,0,0,0,0,0,0,0,0,0,0,0,0,0,0,0,0,0,0,0,0,0,0,-5,14,-7,14,-7,14,-9,14,-9,14,-10,14,-11,13,-12,13,-12,12,-12,12,-12,11,-12,12,-12,12,-11,11,-11,12,-10,12,-10,12,-10,12,-9,13,-8,13,-8,13,-8,13,-8,14,-7,14,-7,14,-7,14,0,0,-31,48,-28,50,-26,48,-24,46,-23,44,-22,43,-19,43,-15,42,-15,39,-9,39,-8,40,-5,39,-5,39,-3,39,-6,40,-5,37,-5,39,-5,38,-4,37,-5,35,-7,33,-9,34,-6,32,-8,30,-9,28,-10,26,-10,26,-13,23,0,0,0,0,0,0,0,0,0,0,0,0,0,0,-9,56,-15,55,-21,54,-23,51,-29,54,-32,52,-35,54,-40,51,-44,51,-45,49,-45,47,-47,46,-45,43,-45,44,-43,42,-42,43,-40,44,-38,44,-36,44,-35,46,-33,45,-33,47,-34,49,-31,52,-32,52,-28,53,-27,53,-29,53]"
618068445715300,49.994866900,92091,1903436638,-49,-97,6,0,1,7,0,0,256,0,0,"[0,0,-12,-11,-11,-11,-11,-10,-11,-9,-10,-9,-10,-8,-10,-8,-10,-7,-10,-6,-10,-6,-10,-5,-10,-5,-10,-5,-10,-4,-10,-4,-10,-4,-10,-4,-10,-4,-10,-4,-10,-4,-9,-4,-8,-4,-8,-4,-7,-5,-7,-5,-7,-5,0,0,0,0,0,0,0,0,0,0,0,0,0,0,0,0,0,0,0,0,0,0,-12,-10,-12,-10,-12,-11,-12,-12,-11,-13,-11,-14,-11,-14,-11,-15,-10,-15,-9,-16,-9,-15,-8,-15,-8,-15,-8,-14,-8,-14,-9,-13,-9,-13,-9,-13,-10,-12,-11,-12,-11,-12,-11,-12,-12,-12,-11,-12,-11,-12,-12,-12,0,0,-42,-38,-41,-39,-41,-37,-39,-34,-39,-32,-38,-29,-36,-28,-38,-24,-37,-22,-37,-20,-38,-18,-36,-18,-36,-15,-37,-14,-36,-11,-38,-12,-36,-13,-37,-12,-36,-12,-35,-13,-33,-11,-30,-14,-29,-13,-27,-15,-26,-14,-25,-14,-24,-17,-21,-19,0,0,0,0,0,0,0,0,0,0,0,0,0,0,-50,-28,-47,-33,-44,-36,-45,-40,-43,-41,-41,-45,-40,-48,-40,-52,-38,-54,-37,-55,-33,-56,-31,-55,-31,-56,-28,-55,-27,-54,-29,-51,-31,-49,-32,-47,-32,-46,-34,-45,-36,-46,-38,-43,-38,-44,-40,-42,-43,-42,-42,-43,-41,-42,-44,-43]"
618068464354000,50.013505600,92092,1903457347,-49,-97,6,0,1,7,0,0,256,0,0,"[0,0,-11,11,-10,11,-10,10,-10,10,-9,10,-9,10,-8,9,-7,9,-7,9,-6,9,-6,9,-5,9,-5,9,-4,9,-4,9,-4,9,-4,9,-4,9,-5,9,-5,8,-5,8,-5,8,-5,7,-5,7,-5,6,-5,5,0,0,0,0,0,0,0,0,0,0,0,0,0,0,0,0,0,0,0,0,0,0,-9,12,-10,12,-10,12,-11,12,-12,12,-13,11,-14,11,-15,10,-14,9,-15,9,-15,9,-14,8,-14,8,-13,8,-13,8,-13,9,-12,9,-12,9,-12,10,-12,10,-12,10,-11,10,-12,11,-11,11,-11,11,-11,11,0,0,-40,41,-41,41,-34,39,-37,38,-32,35,-31,36,-29,36,-27,35,-25,35,-23,37,-20,33,-18,35,-17,35,-16,37,-17,36,-13,33,-14,37,-14,33,-15,33,-16,32,-17,30,-16,30,-17,28,-15,27,-17,24,-17,22,-19,23,-18,19,0,0,0,0,0,0,0,0,0,0,0,0,0,0,-26,51,-30,47,-36,45,-37,42,-40,46,-41,41,-47,43,-48,40,-53,38,-55,35,-56,34,-59,33,-55,30,-55,27,-53,28,-51,30,-48,31,-47,31,-46,31,-48,35,-43,35,-44,36,-44,39,-43,42,-44,40,-41,42,-41,42,-41,38]"
618068484640700,50.033792300,92093,1903476470,-49,-97,6,0,1,7,0,0,256,0,0,"[0,0,2,-15,2,-15,2,-15,2,-13,1,-14,1,-13,0,-13,0,-12,0,-12,-1,-11,-2,-11,-2,-11,-2,-11,-3,-11,-3,-10,-3,-10,-3,-10,-3,-10,-3,-10,-2,-10,-2,-10,-2,-9,-2,-9,-1,-9,-1,-8,0,-8,0,0,0,0,0,0,0,0,0,0,0,0,0,0,0,0,0,0,0,0,0,0,0,-15,1,-16,2,-16,3,-16,4,-16,5,-17,5,-16,6,-16,7,-16,7,-15,7,-15,7,-15,7,-15,6,-14,6,-15,5,-14,5,-15,4,-14,4,-16,4,-15,3,-15,3,-16,3,-15,2,-16,2,-16,3,-16,0,0,7,-27,7,-28,6,-28,5,-24,4,-25,3,-24,3,-24,2,-23,0,-22,0,-21,-1,-20,-2,-20,-3,-20,-3,-21,-4,-19,-4,-20,-4,-20,-4,-19,-3,-19,-3,-18,-2,-18,-2,-19,-1,-17,-1,-15,-1,-15,0,-15,2,-14,2,-14,0,0,0,0,0,0,0,0,0,0,0,0,0,0,0,-29,2,-29,4,-29,7,-29,8,-29,9,-29,12,-30,14,-30,14,-30,16,-29,17,-28,17,-28,17,-27,16,-26,15,-26,15,-25,15,-26,13,-25,12,-26,12,-26,11,-28,10,-28,9,-29,9,-29,9,-28,8,-30,8,-30,8,-30]"
618068506353400,50.055505000,92094,1903496480,-49,-97,6,0,1,7,0,0,256,0,0,"[0,0,-15,-4,-15,-4,-14,-4,-14,-3,-13,-3,-13,-2,-12,-2,-12,-1,-12,-1,-12,0,-11,1,-11,1,-11,1,-11,1,-11,1,-11,2,-10,1,-11,1,-10,1,-10,1,-10,0,-9,0,-9,0,-8,0,-8,0,-8,-1,0,0,0,0,0,0,0,0,0,0,0,0,0,0,0,0,0,0,0,0,0,0,-16,-1,-16,-2,-16,-3,-16,-4,-16,-5,-17,-6,-17,-7,-16,-7,-16,-8,-16,-8,-15,-8,-15,-8,-15,-8,-14,-8,-14,-7,-14,-7,-14,-6,-15,-6,-15,-6,-15,-5,-15,-5,-16,-5,-16,-4,-16,-4,-16,-4,-16,-3,0,0,-29,-11,-27,-10,-26,-10,-26,-9,-24,-8,-24,-7,-23,-6,-22,-5,-22,-4,-22,-2,-21,-2,-21,-1,-21,0,-20,0,-21,1,-20,1,-20,2,-19,1,-19,1,-19,0,-18,-1,-18,0,-17,-1,-16,-1,-16,-3,-15,-3,-14,-4,-13,-4,0,0,0,0,0,0,0,0,0,0,0,0,0,0,-29,-1,-29,-5,-29,-8,-29,-9,-29,-11,-29,-11,-29,-14,-30,-16,-29,-18,-28,-19,-28,-20,-27,-19,-26,-19,-25,-20,-25,-19,-25,-18,-25,-17,-25,-16,-25,-16,-26,-15,-26,-14,-26,-13,-28,-12,-28,-12,-29,-12,-28,-11,-28,-11,-29,-11]"
618068522447000,50.071598600,92095,1903516514,-49,-97,6,0,1,7,0,0,256,0,0,"[0,0,3,14,3,14,3,13,3,12,3,12,3,11,3,11,4,10,4,10,4,9,5,9,5,9,5,8,5,8,5,8,5,8,6,8,5,8,5,8,4,8,4,7,4,8,3,7,3,7,3,7,2,7,0,0,0,0,0,0,0,0,0,0,0,0,0,0,0,0,0,0,0,0,0,0,6,13,5,14,4,14,4,15,3,16,2,16,1,17,0,17,-1,16,-1,16,-1,16,-1,16,-1,15,-1,15,0,15,0,14,0,14,1,14,1,14,2,15,2,15,2,14,3,15,3,14,3,15,3,14,0,0,4,27,4,27,5,26,4,25,5,24,5,22,6,22,6,21,7,20,7,19,9,18,9,17,9,16,9,17,11,16,10,15,9,15,10,15,9,15,8,15,8,16,7,15,6,14,5,14,5,13,4,13,4,14,2,13,0,0,0,0,0,0,0,0,0,0,0,0,0,0,12,23,10,26,9,26,7,27,6,29,5,28,2,31,2,32,1,32,-2,32,-3,31,-4,31,-4,31,-4,30,-4,28,-4,28,-3,29,-1,27,-1,27,0,29,0,28,2,27,3,29,3,28,4,29,4,30,4,28,5,27]"
618068541976600,50.091128200,92096,1903536455,-49,-97,6,0,1,7,0,0,256,0,0,"[0,0,8,12,8,12,8,11,8,10,8,10,8,9,8,9,8,8,8,7,8,7,8,6,8,6,8,6,8,5,8,5,8,5,8,5,8,5,8,5,8,5,7,5,7,5,6,5,6,5,5,5,5,5,0,0,0,0,0,0,0,0,0,0,0,0,0,0,0,0,0,0,0,0,0,0,10,10,10,11,9,12,9,13,8,14,8,15,7,15,7,16,6,15,5,16,5,16,5,15,5,15,5,14,5,14,6,13,6,13,6,13,7,13,7,13,8,13,8,12,8,13,9,13,9,13,9,12,0,0,16,24,15,23,15,22,14,19,15,21,15,18,15,17,14,16,16,15,15,13,16,12,16,13,15,11,16,11,16,9,17,10,15,9,17,10,16,10,14,10,15,10,13,10,12,9,11,10,10,10,10,10,8,11,7,11,0,0,0,0,0,0,0,0,0,0,0,0,0,0,22,17,20,19,19,21,19,23,17,23,16,25,15,27,15,29,14,29,13,30,12,30,9,30,10,29,10,29,9,28,9,28,11,28,10,25,10,26,12,25,13,26,14,25,15,24,16,25,16,24,16,25,17,24,17,25]"
618068565236400,50.114388000,92097,1903559458,-49,-97,6,0,1,7,0,0,256,0,0,"[0,0,12,8,12,7,12,7,11,6,11,6,11,6,11,5,10,5,10,4,10,3,10,2,10,2,10,2,10,2,10,1,10,1,9,2,10,1,10,1,9,2,9,2,8,2,8,2,7,2,7,2,7,3,0,0,0,0,0,0,0,0,0,0,0,0,0,0,0,0,0,0,0,0,0,0,14,5,14,7,13,7,13,8,13,9,13,10,13,11,12,12,12,12,11,12,11,12,11,12,11,11,10,11,11,11,10,10,11,10,11,9,12,9,12,9,12,9,13,9,13,8,13,8,13,8,14,8,0,0,52,27,47,27,46,27,45,25,44,24,43,19,42,19,41,16,41,13,40,12,40,9,39,8,39,7,40,5,39,5,40,4,39,3,37,3,36,3,37,6,36,6,34,8,29,9,29,9,29,8,27,10,25,11,23,14,0,0,0,0,0,0,0,0,0,0,0,0,0,0,53,13,52,18,53,23,53,27,50,30,50,33,50,36,52,40,49,42,49,44,46,47,44,46,42,47,41,46,39,44,39,42,43,42,39,40,42,39,44,36,44,35,46,34,48,33,50,32,50,30,50,33,51,32,53,30]"
618068584466000,50.133617600,92098,1903577579,-48,-97,6,0,1,7,0,0,256,0,0,"[0,0,-15,3,-15,4,-15,3,-14,3,-13,3,-12,4,-12,3,-11,4,-11,4,-11,5,-10,5,-9,5,-9,6,-9,6,-9,6,-9,6,-8,6,-9,6,-9,5,-9,5,-9,5,-9,4,-8,4,-8,4,-8,3,-8,3,0,0,0,0,0,0,0,0,0,0,0,0,0,0,0,0,0,0,0,0,0,0,-14,5,-16,5,-15,4,-16,3,-17,3,-18,2,-18,0,-18,0,-18,-1,-17,-1,-17,0,-17,0,-16,0,-16,0,-16,0,-16,0,-15,1,-15,1,-16,2,-15,1,-16,2,-16,2,-16,3,-15,4,-15,4,-16,3,0,0,-29,5,-27,5,-28,5,-25,5,-24,6,-22,5,-22,7,-21,7,-21,8,-19,8,-18,8,-18,10,-17,10,-17,11,-16,11,-17,11,-15,10,-17,11,-16,10,-16,9,-15,8,-15,8,-15,7,-14,7,-15,5,-14,5,-14,5,-14,2,0,0,0,0,0,0,0,0,0,0,0,0,0,0,-24,12,-27,9,-28,8,-29,6,-28,4,-31,3,-30,2,-33,1,-33,0,-33,-2,-32,-4,-31,-4,-31,-4,-31,-5,-29,-4,-29,-3,-30,-3,-28,-2,-29,-1,-28,0,-29,1,-28,2,-29,3,-29,4,-28,4,-28,4,-29,5,-29,4]"
618068602439900,50.151591500,92099,1903596605,-48,-97,6,0,1,7,0,0,256,0,0,"[0,0,9,12,9,11,8,11,9,10,8,10,8,9,8,9,8,8,8,7,8,6,8,6,8,6,8,5,8,5,9,5,9,5,9,5,9,5,8,5,7,5,7,5,7,5,7,5,6,5,6,5,5,5,0,0,0,0,0,0,0,0,0,0,0,0,0,0,0,0,0,0,0,0,0,0,11,9,10,11,10,12,10,12,9,13,9,14,8,15,7,15,7,15,6,15,6,15,6,15,6,14,6,14,6,14,7,13,7,13,7,13,8,13,8,13,8,13,9,12,9,12,9,12,9,12,10,12,0,0,39,41,38,38,36,38,37,36,35,35,34,31,34,30,34,26,35,24,35,19,34,20,32,17,35,15,37,17,36,16,35,14,34,15,36,13,37,14,33,18,30,18,26,17,25,16,27,15,23,18,24,18,20,18,18,20,0,0,0,0,0,0,0,0,0,0,0,0,0,0,49,23,48,30,45,33,43,37,42,39,41,43,40,46,41,50,36,52,34,55,32,54,30,56,30,55,30,52,27,51,27,50,28,49,29,46,32,47,34,46,35,46,37,44,36,46,38,44,40,41,42,43,42,41,42,40]"
618068621791400,50.170943000,92100,1903616611,-48,-97,6,0,1,7,0,0,256,0,0,"[0,0,12,-7,12,-7,12,-8,11,-7,11,-7,10,-7,9,-7,9,-8,8,-8,8,-8,7,-8,6,-9,6,-9,6,-9,6,-8,6,-9,5,-9,6,-8,6,-8,5,-8,6,-7,6,-7,6,-7,5,-6,6,-6,5,-5,0,0,0,0,0,0,0,0,0,0,0,0,0,0,0,0,0,0,0,0,0,0,12,-9,13,-8,13,-8,14,-8,14,-7,15,-6,16,-5,16,-5,16,-4,15,-4,16,-4,15,-4,15,-4,14,-4,14,-4,14,-4,14,-5,14,-6,14,-6,13,-6,13,-7,13,-7,14,-7,13,-8,13,-8,13,-8,0,0,25,-13,24,-14,23,-12,23,-12,21,-13,20,-13,19,-13,17,-13,17,-13,16,-14,15,-14,14,-15,13,-15,12,-15,13,-15,13,-14,12,-16,12,-15,12,-14,13,-14,12,-13,11,-13,12,-12,11,-11,11,-9,11,-9,12,-9,12,-7,0,0,0,0,0,0,0,0,0,0,0,0,0,0,20,-20,22,-17,24,-16,25,-14,26,-14,26,-12,30,-12,30,-10,31,-9,32,-6,32,-6,32,-6,31,-5,29,-5,29,-4,28,-5,27,-5,28,-7,27,-6,28,-8,26,-9,26,-11,27,-11,27,-12,28,-12,27,-13,26,-13,26,-12]"
618068644191000,50.193342600,92101,1903636607,-48,-97,6,0,1,7,0,0,256,0,0,"[0,0,-2,-15,-2,-15,-2,-14,-2,-14,-3,-13,-3,-13,-3,-13,-4,-12,-4,-11,-4,-11,-5,-10,-5,-10,-5,-10,-5,-10,-6,-10,-6,-9,-6,-10,-5,-9,-5,-9,-5,-9,-4,-9,-4,-9,-4,-9,-3,-8,-3,-8,-2,-8,0,0,0,0,0,0,0,0,0,0,0,0,0,0,0,0,0,0,0,0,0,0,-4,-15,-3,-15,-3,-16,-2,-16,-2,-17,0,-17,1,-17,1,-17,2,-17,2,-17,2,-16,2,-16,2,-16,2,-16,1,-16,1,-15,1,-15,0,-16,-1,-16,-1,-16,-1,-16,-2,-16,-2,-16,-2,-16,-2,-16,-2,-16,0,0,-1,-29,-1,-28,-1,-27,-2,-25,-1,-25,-3,-23,-3,-24,-4,-22,-5,-21,-6,-20,-6,-20,-5,-20,-7,-19,-8,-19,-9,-19,-8,-17,-8,-19,-8,-18,-9,-18,-8,-18,-7,-17,-6,-18,-5,-16,-4,-16,-3,-16,-3,-16,-1,-14,-1,-14,0,0,0,0,0,0,0,0,0,0,0,0,0,0,-8,-27,-5,-28,-3,-29,-2,-29,0,-30,1,-30,3,-31,5,-32,5,-31,6,-32,8,-32,9,-31,10,-29,10,-29,10,-27,9,-27,7,-28,6,-27,5,-27,4,-28,3,-28,2,-29,1,-29,1,-31,1,-29,0,-29,1,-30,1,-29]"
618068662578000,50.211729600,92102,1903661540,-48,-97,6,0,1,7,0,0,256,0,0,"[0,0,15,-1,14,-2,14,-2,13,-2,13,-2,12,-2,12,-2,11,-3,11,-3,10,-4,10,-4,9,-5,9,-5,9,-5,9,-5,9,-5,9,-5,9,-5,9,-5,9,-4,9,-4,8,-3,8,-3,7,-3,8,-3,8,-2,0,0,0,0,0,0,0,0,0,0,0,0,0,0,0,0,0,0,0,0,0,0,14,-3,14,-2,15,-2,15,-1,16,0,16,1,17,2,17,2,16,3,16,3,16,3,15,3,15,3,15,3,14,3,15,2,14,2,15,1,14,1,15,0,15,0,15,0,15,-1,15,-1,15,-2,15,-2,0,0,28,-2,27,-3,25,-3,26,-3,24,-4,23,-4,22,-5,21,-5,20,-6,20,-7,19,-8,18,-8,17,-9,17,-9,18,-10,17,-10,17,-10,17,-9,17,-9,17,-8,16,-7,15,-7,15,-6,14,-6,15,-5,14,-4,14,-4,14,-2,0,0,0,0,0,0,0,0,0,0,0,0,0,0,25,-11,26,-9,27,-6,27,-4,29,-3,28,-2,31,0,31,1,32,3,32,4,31,6,31,7,30,6,30,6,28,6,28,5,27,5,28,4,27,3,29,2,27,1,28,0,28,0,28,-1,29,-1,29,-2,29,-3,29,-2]"
618068688328500,50.237480100,92103,1903682238,-48,-97,6,0,1,7,0,0,256,0,0,"[0,0,-2,-16,-2,-15,-2,-15,-2,-14,-2,-14,-2,-13,-3,-13,-3,-12,-3,-11,-4,-11,-5,-11,-5,-11,-5,-10,-5,-10,-6,-10,-5,-10,-6,-10,-5,-10,-5,-10,-4,-10,-4,-9,-4,-9,-4,-9,-3,-9,-3,-8,-2,-8,0,0,0,0,0,0,0,0,0,0,0,0,0,0,0,0,0,0,0,0,0,0,-3,-15,-3,-16,-2,-16,-1,-16,0,-17,1,-17,1,-18,3,-17,3,-17,3,-17,3,-17,3,-16,3,-16,3,-16,2,-16,2,-16,1,-15,1,-16,0,-16,0,-16,-1,-16,-1,-16,-1,-17,-2,-16,-2,-16,-2,-16,0,0,-6,-28,-6,-27,-6,-28,-5,-25,-7,-25,-7,-24,-8,-23,-9,-22,-9,-20,-9,-18,-10,-19,-10,-18,-11,-18,-12,-18,-12,-16,-12,-17,-11,-16,-12,-17,-11,-16,-11,-16,-10,-16,-9,-16,-7,-16,-6,-14,-6,-14,-7,-15,-4,-15,-3,-15,0,0,0,0,0,0,0,0,0,0,0,0,0,0,-13,-25,-10,-27,-8,-28,-8,-29,-6,-29,-5,-30,-3,-31,-3,-33,-1,-32,0,-32,1,-33,2,-32,3,-31,3,-31,3,-31,3,-29,1,-30,0,-28,0,-29,-1,-29,-2,-29,-3,-29,-4,-29,-5,-30,-5,-29,-5,-30,-5,-30,-6,-30]"
618068704470000,50.253621600,92104,1903697098,-48,-97,6,0,1,7,0,0,256,0,0,"[0,0,0,-15,0,-15,-1,-14,0,-13,-1,-13,-1,-13,-1,-12,-2,-12,-2,-11,-3,-11,-4,-11,-4,-10,-4,-10,-4,-10,-4,-10,-4,-10,-4,-10,-4,-10,-4,-10,-3,-9,-3,-9,-3,-9,-2,-9,-2,-8,-2,-8,-1,-8,0,0,0,0,0,0,0,0,0,0,0,0,0,0,0,0,0,0,0,0,0,0,-3,-15,-1,-15,-1,-16,0,-16,1,-16,2,-17,3,-16,3,-17,4,-16,4,-16,4,-16,4,-15,4,-15,3,-15,3,-15,3,-14,3,-15,2,-14,2,-15,2,-15,1,-15,1,-16,0,-16,-1,-16,-1,-16,0,-16,0,0,3,-28,3,-29,3,-28,2,-26,2,-26,1,-25,1,-24,0,-23,-2,-22,-3,-21,-4,-21,-5,-22,-5,-21,-5,-20,-6,-20,-6,-19,-6,-20,-6,-20,-5,-18,-4,-19,-3,-18,-2,-18,-2,-16,-1,-17,-2,-16,-1,-16,0,-15,2,-15,0,0,0,0,0,0,0,0,0,0,0,0,0,0,-5,-28,-1,-30,0,-29,2,-29,4,-29,6,-30,7,-31,9,-31,10,-30,12,-31,14,-29,13,-31,13,-29,12,-28,13,-28,12,-27,11,-27,10,-26,9,-27,8,-27,7,-29,7,-28,7,-29,6,-30,4,-30,4,-30,4,-31,5,-30]"
618068724328700,50.273480300,92105,1903717159,-48,-97,6,0,1,7,0,0,256,0,0,"[0,0,-11,11,-10,11,-9,10,-10,10,-9,10,-8,10,-7,9,-7,9,-7,9,-6,9,-5,9,-5,9,-4,9,-4,9,-4,10,-4,9,-4,10,-5,9,-5,9,-5,8,-5,8,-5,8,-5,7,-5,7,-5,6,-5,6,0,0,0,0,0,0,0,0,0,0,0,0,0,0,0,0,0,0,0,0,0,0,-9,12,-9,12,-10,12,-11,11,-12,11,-13,11,-14,10,-15,10,-15,9,-15,9,-14,9,-14,8,-14,8,-13,8,-13,8,-13,9,-12,8,-12,9,-12,9,-11,10,-11,10,-11,10,-12,11,-11,11,-11,11,-11,11,0,0,-34,46,-34,44,-33,43,-30,42,-28,40,-27,40,-23,40,-21,39,-19,37,-18,37,-16,37,-14,39,-13,36,-11,36,-11,39,-10,36,-10,37,-10,36,-11,34,-12,33,-11,34,-12,33,-14,30,-13,29,-14,26,-16,22,-17,26,-19,21,0,0,0,0,0,0,0,0,0,0,0,0,0,0,-20,51,-25,50,-30,48,-31,46,-34,49,-36,45,-42,47,-45,43,-47,43,-51,41,-50,38,-53,38,-52,35,-49,34,-47,33,-46,35,-44,34,-43,35,-42,34,-42,38,-40,40,-40,42,-38,44,-36,42,-40,46,-36,47,-34,46,-35,42]"
618068743669200,50.292820800,92106,1903737885,-48,-97,6,0,1,7,0,0,256,0,0,"[0,0,15,1,14,1,13,1,14,0,13,0,12,0,12,-1,11,-1,11,-2,11,-2,10,-2,10,-3,10,-3,9,-3,10,-4,9,-3,9,-3,9,-4,10,-3,9,-3,9,-2,9,-2,8,-2,8,-1,8,-1,7,-1,0,0,0,0,0,0,0,0,0,0,0,0,0,0,0,0,0,0,0,0,0,0,15,-2,15,-1,15,0,15,1,16,2,16,3,16,4,16,4,16,5,15,5,15,6,15,5,14,5,14,5,14,5,14,4,14,3,14,3,14,3,14,2,15,2,15,2,15,1,15,1,15,1,15,1,0,0,29,3,27,2,27,2,26,2,25,1,24,-1,23,0,22,-2,22,-3,21,-3,21,-4,20,-4,19,-6,18,-6,19,-7,19,-7,18,-8,19,-6,18,-6,19,-5,18,-5,16,-4,16,-4,16,-3,15,-1,15,-1,14,0,14,1,0,0,0,0,0,0,0,0,0,0,0,0,0,0,27,-6,28,-3,28,-1,29,1,29,2,29,3,30,6,32,8,31,8,31,10,30,11,29,12,28,13,28,13,27,12,26,12,27,10,26,8,27,8,27,7,27,7,28,5,27,5,28,3,30,4,29,3,30,4,30,3]"
618068766192300,50.315343900,92107,1903758532,-48,-97,6,0,1,7,0,0,256,0,0,"[0,0,12,-9,11,-9,11,-8,11,-8,10,-8,10,-8,9,-8,8,-8,8,-9,7,-9,7,-9,6,-9,6,-9,6,-9,6,-9,5,-9,5,-9,5,-9,6,-9,6,-8,6,-8,6,-8,6,-7,5,-7,6,-6,6,-6,0,0,0,0,0,0,0,0,0,0,0,0,0,0,0,0,0,0,0,0,0,0,11,-11,11,-10,12,-10,13,-9,14,-9,14,-8,15,-8,16,-7,16,-6,16,-6,15,-6,15,-5,14,-5,14,-5,14,-6,14,-6,13,-6,13,-7,13,-7,13,-8,13,-8,13,-8,13,-9,12,-9,12,-9,13,-9,0,0,22,-16,23,-18,20,-16,21,-16,19,-15,18,-16,17,-16,16,-16,15,-16,13,-16,13,-17,12,-17,11,-17,10,-17,11,-18,10,-17,9,-17,10,-17,10,-17,10,-17,11,-15,10,-15,11,-14,10,-13,11,-12,10,-10,11,-11,11,-9,0,0,0,0,0,0,0,0,0,0,0,0,0,0,16,-23,19,-20,21,-19,21,-18,24,-19,23,-16,27,-17,28,-14,28,-14,29,-12,30,-11,30,-11,29,-10,29,-9,27,-9,27,-9,25,-10,26,-11,24,-12,26,-12,24,-13,23,-15,24,-16,24,-17,26,-16,24,-17,24,-17,23,-17]"
618068789622600,50.338774200,92108,1903780868,-48,-97,6,0,1,7,0,0,256,0,0,"[0,0,6,-14,5,-14,5,-14,5,-13,4,-13,4,-13,3,-12,3,-12,2,-12,2,-12,1,-11,1,-11,0,-11,0,-11,0,-11,0,-11,0,-11,0,-11,0,-11,0,-10,0,-10,1,-10,1,-9,1,-9,2,-9,2,-8,0,0,0,0,0,0,0,0,0,0,0,0,0,0,0,0,0,0,0,0,0,0,4,-15,4,-15,5,-15,6,-15,7,-15,8,-15,9,-15,10,-15,10,-14,11,-13,10,-13,10,-12,10,-12,9,-12,9,-13,8,-13,8,-13,8,-13,7,-14,7,-14,7,-14,6,-15,6,-15,6,-15,6,-15,7,-15,0,0,18,-55,15,-53,16,-54,15,-49,14,-50,10,-48,9,-46,6,-44,6,-43,3,-42,1,-42,-1,-41,-2,-41,-3,-42,-2,-40,-3,-40,-4,-39,-3,-40,-2,-39,-1,-37,0,-36,-1,-35,1,-33,2,-34,3,-30,4,-30,7,-29,10,-27,0,0,0,0,0,0,0,0,0,0,0,0,0,0,-2,-56,7,-56,9,-55,13,-55,16,-57,20,-57,24,-57,27,-58,30,-57,33,-56,34,-53,35,-53,36,-52,35,-50,33,-49,33,-48,31,-50,27,-48,27,-50,25,-50,24,-52,22,-53,20,-55,20,-57,20,-55,18,-57,18,-57,19,-56]"
618068805221900,50.354373500,92109,1903796474,-48,-97,6,0,1,7,0,0,256,0,0,"[0,0,-12,-10,-12,-10,-11,-9,-12,-9,-11,-9,-11,-8,-11,-7,-10,-7,-11,-6,-10,-5,-10,-5,-10,-5,-10,-4,-10,-4,-11,-3,-10,-3,-10,-4,-11,-4,-10,-4,-10,-4,-10,-4,-9,-4,-8,-4,-8,-4,-8,-5,-7,-5,0,0,0,0,0,0,0,0,0,0,0,0,0,0,0,0,0,0,0,0,0,0,-13,-9,-13,-10,-12,-11,-12,-11,-12,-12,-12,-13,-11,-14,-11,-15,-10,-15,-10,-15,-10,-15,-9,-14,-9,-14,-9,-14,-9,-13,-10,-13,-10,-12,-10,-12,-11,-12,-11,-12,-11,-12,-12,-12,-12,-11,-12,-11,-12,-11,-12,-10,0,0,-45,-35,-44,-32,-43,-34,-41,-29,-42,-30,-39,-28,-41,-25,-40,-22,-39,-19,-39,-17,-40,-15,-38,-15,-38,-13,-39,-12,-37,-10,-42,-8,-39,-9,-42,-10,-37,-10,-37,-10,-36,-11,-33,-12,-30,-12,-30,-13,-29,-14,-28,-15,-24,-15,-24,-17,0,0,0,0,0,0,0,0,0,0,0,0,0,0,-50,-23,-49,-30,-48,-34,-48,-36,-44,-38,-46,-42,-44,-45,-44,-49,-42,-50,-39,-52,-39,-52,-32,-53,-34,-52,-34,-52,-32,-50,-31,-48,-34,-49,-34,-43,-37,-45,-38,-42,-39,-42,-42,-41,-41,-42,-45,-40,-45,-37,-45,-39,-45,-38,-47,-39]"
618068822428600,50.371580200,92110,1903816559,-48,-97,6,0,1,7,0,0,256,0,0,"[0,0,8,12,9,11,8,10,9,10,8,10,8,9,8,8,8,8,8,7,8,7,8,6,8,6,9,5,9,5,9,5,9,4,9,5,9,4,8,5,8,5,8,5,7,5,7,6,6,5,6,5,5,5,0,0,0,0,0,0,0,0,0,0,0,0,0,0,0,0,0,0,0,0,0,0,10,10,10,10,10,12,9,12,9,13,8,14,8,15,7,15,7,15,6,16,6,15,5,15,5,14,5,14,5,13,6,13,6,12,7,13,7,13,8,12,8,12,9,12,9,13,9,13,9,12,9,11,0,0,20,19,21,19,19,17,20,16,19,15,19,14,18,13,18,12,18,10,19,9,19,8,18,8,18,7,17,6,20,6,18,5,18,6,18,5,18,6,17,6,17,7,15,7,15,7,14,7,13,7,12,7,12,8,10,10,0,0,0,0,0,0,0,0,0,0,0,0,0,0,24,12,23,15,22,15,21,17,22,20,20,20,21,24,19,24,19,25,17,27,17,25,17,27,16,27,15,26,14,24,14,24,14,23,16,23,16,21,17,22,17,22,18,21,19,20,20,20,22,21,21,20,22,20,22,19]"
618068848875800,50.398027400,92111,1903842832,-48,-97,6,0,1,7,0,0,256,0,0,"[0,0,-11,11,-10,10,-10,10,-10,9,-9,9,-8,9,-8,9,-7,9,-7,9,-6,9,-5,9,-5,9,-5,9,-4,9,-4,9,-4,9,-4,9,-4,9,-4,9,-4,8,-5,8,-5,8,-4,7,-5,7,-5,6,-5,6,0,0,0,0,0,0,0,0,0,0,0,0,0,0,0,0,0,0,0,0,0,0,-9,11,-11,11,-11,11,-12,11,-12,10,-14,10,-14,9,-15,9,-15,8,-14,8,-14,8,-14,7,-14,7,-13,7,-13,7,-13,8,-13,8,-12,8,-12,9,-12,9,-11,10,-12,10,-12,10,-11,11,-11,11,-11,11,0,0,-46,35,-44,33,-44,32,-42,32,-38,33,-35,32,-32,34,-31,33,-31,31,-27,32,-25,32,-23,33,-22,35,-21,34,-20,33,-20,33,-19,35,-19,33,-21,32,-21,31,-21,28,-21,28,-22,27,-21,23,-22,21,-22,21,-21,18,-23,17,0,0,0,0,0,0,0,0,0,0,0,0,0,0,-34,43,-39,41,-43,38,-45,36,-47,36,-48,32,-53,33,-56,28,-56,28,-58,28,-59,23,-61,24,-59,20,-58,18,-56,19,-55,20,-54,23,-51,22,-51,24,-51,25,-50,28,-48,31,-46,33,-49,33,-49,34,-48,34,-47,34,-46,34]"
618068863146600,50.412298200,92112,1903856676,-48,-97,6,0,1,7,0,0,256,0,0,"[0,0,-13,9,-12,8,-12,9,-11,8,-11,8,-10,8,-9,8,-9,8,-8,8,-8,8,-8,8,-7,8,-7,9,-6,9,-6,9,-6,9,-6,9,-6,9,-6,9,-6,8,-6,8,-6,7,-6,6,-6,6,-6,6,-7,5,0,0,0,0,0,0,0,0,0,0,0,0,0,0,0,0,0,0,0,0,0,0,-12,10,-13,10,-13,9,-14,9,-15,8,-16,8,-16,8,-17,7,-17,6,-16,5,-17,5,-16,5,-16,5,-15,5,-15,6,-15,6,-15,6,-14,6,-15,7,-14,8,-13,8,-13,8,-14,8,-14,9,-14,9,-14,9,0,0,-23,17,-23,17,-21,16,-21,16,-19,15,-17,16,-17,16,-16,16,-15,16,-14,17,-13,16,-12,16,-11,17,-10,17,-10,16,-10,16,-9,17,-10,17,-10,15,-9,14,-9,14,-10,14,-11,12,-11,12,-11,10,-11,10,-12,10,-12,9,0,0,0,0,0,0,0,0,0,0,0,0,0,0,-16,21,-19,20,-21,19,-22,18,-23,18,-24,17,-26,16,-28,16,-28,14,-30,13,-30,12,-30,11,-29,10,-29,9,-28,9,-26,10,-28,11,-26,11,-26,11,-26,13,-25,14,-25,15,-24,15,-24,17,-25,16,-25,18,-24,17,-23,17]"
618068883781100,50.432932700,92113,1903876453,-48,-97,6,0,1,7,0,0,256,0,0,"[0,0,11,-10,11,-10,10,-10,10,-10,9,-10,8,-10,8,-10,7,-9,7,-9,6,-10,5,-10,5,-10,5,-10,4,-10,4,-10,4,-10,4,-10,4,-10,4,-9,5,-9,4,-9,4,-8,4,-8,4,-8,5,-7,5,-6,0,0,0,0,0,0,0,0,0,0,0,0,0,0,0,0,0,0,0,0,0,0,10,-11,11,-11,11,-11,12,-10,13,-10,14,-9,14,-9,15,-8,15,-7,15,-7,15,-6,14,-6,14,-7,14,-6,14,-7,13,-7,13,-7,13,-8,12,-8,12,-9,12,-9,12,-10,12,-10,12,-10,11,-10,12,-10,0,0,42,-33,40,-36,40,-36,36,-33,35,-36,33,-34,31,-33,28,-32,28,-33,23,-32,22,-34,19,-35,20,-36,18,-37,17,-35,19,-34,16,-35,17,-36,18,-35,17,-32,17,-31,17,-28,17,-29,18,-28,17,-25,19,-23,20,-23,21,-20,0,0,0,0,0,0,0,0,0,0,0,0,0,0,29,-47,34,-45,38,-41,43,-37,46,-37,47,-35,49,-34,55,-33,57,-32,59,-27,57,-25,57,-25,57,-24,56,-23,55,-24,50,-22,51,-26,49,-24,50,-25,48,-26,49,-31,48,-32,47,-33,46,-34,45,-37,46,-39,44,-37,47,-38]"
618068903315100,50.452466700,92114,1903896538,-48,-97,6,0,1,7,0,0,256,0,0,"[0,0,-15,5,-15,5,-14,5,-13,5,-13,5,-12,5,-11,5,-11,5,-11,6,-10,6,-10,6,-9,6,-9,7,-8,7,-9,7,-8,7,-8,7,-8,7,-8,6,-9,6,-8,6,-8,5,-8,5,-8,5,-8,4,-8,3,0,0,0,0,0,0,0,0,0,0,0,0,0,0,0,0,0,0,0,0,0,0,-14,7,-15,6,-15,6,-16,5,-16,5,-18,4,-18,3,-18,2,-18,1,-17,1,-17,1,-17,1,-17,1,-16,1,-16,1,-16,2,-16,2,-16,3,-16,3,-15,4,-16,4,-15,4,-16,5,-16,5,-15,6,-15,5,0,0,-26,11,-25,11,-24,11,-23,11,-22,11,-21,11,-20,11,-19,12,-18,12,-17,13,-16,13,-14,13,-14,14,-14,13,-14,13,-14,13,-13,14,-13,14,-14,13,-14,13,-13,12,-13,11,-13,10,-13,10,-13,8,-13,7,-13,8,-13,6,0,0,0,0,0,0,0,0,0,0,0,0,0,0,-21,18,-24,15,-25,13,-25,12,-27,11,-27,10,-30,9,-31,8,-31,5,-33,5,-31,3,-32,3,-32,3,-31,2,-30,3,-29,3,-28,4,-28,5,-28,5,-28,6,-27,7,-27,9,-27,9,-27,10,-28,10,-27,11,-27,11,-27,11]"
618068926732900,50.475884500,92115,1903920736,-48,-97,6,0,1,7,0,0,256,0,0,"[0,0,6,-14,5,-14,5,-14,5,-13,5,-13,4,-13,3,-12,3,-12,2,-12,2,-12,1,-11,1,-11,0,-11,0,-11,0,-12,0,-11,0,-11,0,-11,0,-11,1,-10,1,-10,1,-10,1,-10,1,-9,2,-8,2,-8,0,0,0,0,0,0,0,0,0,0,0,0,0,0,0,0,0,0,0,0,0,0,4,-15,5,-15,5,-15,6,-15,7,-15,8,-15,9,-15,10,-14,10,-14,10,-14,10,-13,10,-13,10,-13,10,-13,9,-13,9,-13,8,-13,8,-13,7,-14,7,-14,7,-14,7,-15,7,-15,6,-15,6,-15,6,-15,0,0,17,-55,16,-54,15,-53,15,-49,12,-48,11,-46,10,-46,8,-45,6,-43,3,-40,0,-40,-2,-41,-3,-40,-1,-41,-4,-39,-3,-39,-3,-39,-4,-39,-1,-37,0,-38,1,-37,2,-35,1,-35,3,-32,4,-31,6,-29,7,-30,9,-27,0,0,0,0,0,0,0,0,0,0,0,0,0,0,-2,-57,4,-58,10,-57,11,-57,17,-57,20,-57,22,-58,26,-59,29,-56,33,-56,36,-54,34,-54,36,-52,34,-52,31,-50,31,-48,30,-50,29,-46,28,-49,26,-51,24,-50,22,-53,21,-53,22,-56,21,-55,18,-55,18,-57,16,-57]"
618068945440800,50.494592400,92116,1903939535,-48,-97,6,0,1,7,0,0,256,0,0,"[0,0,7,13,7,12,7,12,7,11,7,11,7,10,7,9,7,9,7,8,7,7,7,7,7,7,8,6,8,6,8,6,8,6,8,6,8,6,8,6,7,6,6,6,6,6,5,6,5,6,5,6,4,6,0,0,0,0,0,0,0,0,0,0,0,0,0,0,0,0,0,0,0,0,0,0,9,11,9,12,9,12,8,13,8,14,7,15,6,15,5,16,5,16,4,16,4,15,4,15,4,15,4,14,4,14,5,13,5,14,5,13,6,13,6,13,6,13,7,13,7,13,7,13,7,13,8,13,0,0,13,25,13,23,13,23,13,21,12,20,13,18,14,17,13,17,13,16,14,14,14,14,13,14,14,13,15,13,15,11,15,12,14,11,14,12,14,11,14,12,13,11,13,11,11,12,9,12,9,12,8,12,7,11,6,12,0,0,0,0,0,0,0,0,0,0,0,0,0,0,20,17,18,20,16,22,17,23,15,23,14,25,13,26,12,28,12,29,11,30,10,30,7,30,6,29,6,29,5,28,6,28,8,28,8,26,9,27,10,25,10,26,13,25,13,24,14,25,13,25,12,26,13,26,14,25]"
618068964786100,50.513937700,92117,1903958820,-48,-97,6,0,1,7,0,0,256,0,0,"[0,0,14,6,13,5,13,5,13,4,13,4,12,3,11,3,11,2,11,2,10,1,10,1,10,0,10,0,10,0,10,-1,10,-1,10,-1,10,-1,10,-1,9,0,9,0,9,0,8,1,8,1,8,1,7,1,0,0,0,0,0,0,0,0,0,0,0,0,0,0,0,0,0,0,0,0,0,0,14,4,14,5,14,6,14,7,14,7,14,9,14,9,13,10,13,10,12,10,12,10,12,10,12,10,11,10,12,9,12,8,12,8,12,7,13,8,13,7,13,7,13,7,14,6,14,6,14,6,14,6,0,0,50,23,46,23,49,23,45,21,47,17,42,17,43,15,40,13,40,10,38,7,40,5,37,4,38,3,39,1,39,0,39,1,37,0,39,0,39,1,38,3,35,4,32,5,31,5,30,5,30,6,27,7,26,9,25,10,0,0,0,0,0,0,0,0,0,0,0,0,0,0,51,9,54,14,52,17,54,23,51,24,51,30,51,32,54,36,50,38,48,43,47,42,43,43,45,40,45,43,39,38,42,36,41,38,43,34,45,34,45,32,45,33,48,29,48,30,49,27,50,26,53,27,51,25,54,25]"
618068984602900,50.533754500,92118,1903976571,-48,-97,6,0,1,7,0,0,256,0,0,"[0,0,-15,-5,-14,-4,-14,-5,-13,-4,-13,-4,-13,-4,-12,-3,-12,-2,-12,-2,-11,-1,-11,0,-11,0,-11,0,-11,0,-11,1,-11,1,-10,1,-11,1,-10,0,-10,0,-10,0,-10,-1,-9,-1,-8,-1,-9,-1,-8,-2,0,0,0,0,0,0,0,0,0,0,0,0,0,0,0,0,0,0,0,0,0,0,-15,-3,-15,-4,-15,-5,-15,-6,-15,-7,-16,-8,-15,-9,-15,-9,-15,-10,-14,-10,-14,-9,-14,-9,-13,-9,-13,-9,-13,-9,-13,-8,-13,-8,-13,-8,-14,-7,-14,-7,-14,-6,-15,-6,-15,-6,-15,-5,-15,-4,-16,-5,0,0,-56,-18,-54,-18,-51,-16,-51,-15,-46,-14,-46,-13,-44,-11,-43,-8,-46,-7,-44,-4,-41,-2,-41,-2,-41,2,-41,2,-41,1,-40,2,-39,2,-41,1,-39,2,-39,0,-36,1,-35,-1,-34,-2,-32,-2,-31,-4,-31,-6,-30,-6,-27,-8,0,0,0,0,0,0,0,0,0,0,0,0,0,0,-56,-5,-56,-10,-58,-14,-57,-16,-57,-19,-55,-22,-57,-26,-57,-30,-57,-32,-56,-36,-52,-37,-54,-39,-49,-38,-50,-38,-47,-36,-48,-34,-47,-32,-48,-31,-50,-29,-51,-28,-49,-25,-52,-24,-53,-24,-56,-22,-56,-23,-53,-22,-56,-21,-56,-19]"
618069004379400,50.553531000,92119,1903996521,-48,-97,6,0,1,7,0,0,256,0,0,"[0,0,-16,-3,-15,-3,-15,-3,-14,-2,-14,-2,-13,-2,-13,-1,-12,-1,-12,0,-12,0,-12,1,-11,1,-11,1,-11,2,-11,2,-11,2,-10,2,-11,2,-11,2,-11,2,-10,1,-10,1,-9,0,-9,0,-9,0,-9,-1,0,0,0,0,0,0,0,0,0,0,0,0,0,0,0,0,0,0,0,0,0,0,-16,-1,-16,-2,-16,-3,-17,-3,-17,-5,-18,-5,-17,-6,-17,-7,-17,-7,-16,-7,-16,-8,-15,-8,-15,-8,-14,-7,-15,-7,-15,-6,-15,-6,-15,-5,-15,-5,-15,-4,-16,-4,-16,-4,-16,-4,-16,-3,-16,-3,-16,-3,0,0,-28,-10,-27,-10,-25,-10,-25,-10,-24,-8,-23,-7,-23,-6,-22,-5,-22,-3,-21,-3,-21,-2,-20,-1,-20,0,-20,0,-21,0,-21,1,-20,1,-19,1,-19,0,-18,-1,-18,-1,-18,-1,-17,-2,-16,-2,-16,-3,-15,-4,-15,-4,-14,-5,0,0,0,0,0,0,0,0,0,0,0,0,0,0,-28,-2,-28,-6,-28,-8,-28,-9,-28,-10,-28,-12,-29,-14,-28,-16,-28,-17,-28,-20,-26,-19,-26,-20,-25,-21,-24,-20,-23,-19,-23,-18,-23,-17,-24,-17,-25,-15,-25,-15,-25,-14,-26,-13,-26,-14,-27,-12,-28,-12,-27,-11,-27,-11,-28,-11]"
618069023103400,50.572255000,92120,1904016868,-49,-97,6,0,1,7,0,0,256,0,0,"[0,0,-6,13,-5,12,-5,12,-5,11,-4,11,-4,11,-3,10,-3,10,-2,10,-2,10,-1,10,-1,10,-1,10,0,10,0,9,0,9,0,9,0,9,-1,9,-1,9,-1,9,-1,8,-2,8,-2,7,-2,7,-2,7,0,0,0,0,0,0,0,0,0,0,0,0,0,0,0,0,0,0,0,0,0,0,-3,14,-4,14,-5,14,-5,14,-6,14,-7,14,-8,13,-9,13,-9,13,-10,13,-10,12,-9,12,-9,12,-9,12,-9,12,-8,11,-8,12,-7,12,-7,12,-7,12,-6,13,-6,13,-6,14,-5,14,-5,14,-5,13,0,0,-16,56,-13,53,-12,55,-10,48,-10,52,-5,48,-5,47,-5,45,-2,44,0,42,1,41,3,42,4,40,5,41,6,36,7,39,9,39,6,39,7,37,5,37,4,34,3,35,2,33,1,33,-1,29,-3,30,-5,29,-7,28,0,0,0,0,0,0,0,0,0,0,0,0,0,0,4,55,-4,59,-8,57,-11,57,-12,59,-17,61,-20,58,-24,62,-25,60,-29,61,-30,57,-34,56,-33,53,-34,53,-32,52,-31,49,-29,53,-25,50,-25,53,-22,52,-22,56,-19,56,-16,58,-16,58,-15,56,-16,60,-16,59,-17,59]"
618069048907600,50.598059200,92121,1904042060,-49,-97,6,0,1,7,0,0,256,0,0,"[0,0,-2,-15,-3,-15,-3,-15,-3,-14,-3,-14,-4,-13,-3,-13,-4,-12,-4,-11,-4,-11,-5,-11,-5,-10,-6,-10,-6,-10,-6,-9,-6,-9,-6,-9,-6,-9,-6,-9,-5,-9,-5,-9,-5,-9,-4,-9,-4,-8,-3,-8,-3,-8,0,0,0,0,0,0,0,0,0,0,0,0,0,0,0,0,0,0,0,0,0,0,-4,-15,-4,-16,-3,-16,-2,-17,-1,-18,-1,-18,0,-18,1,-18,2,-18,2,-17,2,-17,2,-16,2,-16,2,-16,1,-16,1,-16,0,-15,0,-16,0,-16,-1,-16,-1,-16,-2,-16,-2,-16,-3,-16,-2,-17,-2,-16,0,0,-4,-28,-5,-28,-5,-27,-5,-25,-5,-26,-7,-24,-7,-23,-8,-22,-8,-20,-8,-20,-9,-19,-10,-18,-10,-18,-11,-17,-11,-17,-11,-17,-12,-17,-11,-17,-10,-17,-11,-17,-9,-15,-8,-16,-7,-16,-6,-15,-6,-16,-6,-14,-4,-15,-3,-15,0,0,0,0,0,0,0,0,0,0,0,0,0,0,-13,-26,-10,-27,-8,-28,-7,-29,-5,-30,-3,-30,-3,-33,-2,-33,0,-32,0,-33,3,-33,3,-33,4,-31,5,-31,4,-30,4,-29,3,-30,2,-28,1,-28,1,-29,-1,-29,-2,-29,-2,-29,-4,-30,-5,-31,-4,-30,-3,-30,-5,-30]"
618069064063200,50.613214800,92122,1904060311,-49,-97,6,0,1,7,0,0,256,0,0,"[0,0,-3,-15,-4,-15,-4,-14,-4,-14,-4,-13,-4,-13,-5,-12,-5,-12,-5,-11,-5,-10,-6,-10,-6,-10,-6,-9,-7,-9,-7,-9,-7,-8,-7,-9,-7,-8,-6,-9,-6,-8,-6,-8,-5,-8,-5,-8,-5,-8,-4,-8,-4,-7,0,0,0,0,0,0,0,0,0,0,0,0,0,0,0,0,0,0,0,0,0,0,-6,-15,-5,-15,-4,-16,-3,-16,-3,-17,-2,-18,-1,-17,0,-18,0,-18,1,-17,1,-17,1,-16,1,-16,1,-16,0,-16,0,-15,0,-15,-1,-16,-2,-16,-3,-16,-2,-16,-3,-16,-3,-16,-4,-16,-4,-16,-4,-16,0,0,-7,-27,-8,-28,-8,-27,-7,-24,-8,-24,-8,-23,-8,-21,-9,-21,-9,-19,-10,-18,-11,-17,-12,-17,-12,-16,-12,-16,-13,-15,-13,-16,-12,-15,-13,-15,-12,-15,-11,-15,-10,-15,-10,-15,-9,-15,-8,-14,-8,-14,-7,-13,-5,-14,-4,-14,0,0,0,0,0,0,0,0,0,0,0,0,0,0,-15,-25,-12,-26,-10,-27,-9,-27,-8,-29,-7,-30,-5,-31,-4,-33,-3,-32,0,-33,1,-32,1,-33,1,-31,2,-31,2,-29,1,-30,0,-29,-2,-28,-2,-29,-2,-28,-4,-29,-5,-29,-5,-29,-7,-28,-6,-29,-7,-29,-7,-29,-8,-29]"
618069083993400,50.633145000,92123,1904076601,-49,-97,6,0,1,7,0,0,256,0,0,"[0,0,-16,-3,-15,-3,-14,-2,-13,-2,-13,-2,-13,-1,-12,-1,-12,-1,-11,-1,-11,0,-11,1,-10,1,-11,2,-10,2,-10,2,-10,2,-10,2,-10,2,-10,2,-10,1,-10,1,-9,1,-9,0,-9,0,-9,0,-8,0,0,0,0,0,0,0,0,0,0,0,0,0,0,0,0,0,0,0,0,0,0,0,-15,-1,-16,-2,-16,-3,-16,-4,-16,-4,-16,-5,-16,-6,-16,-7,-16,-7,-15,-8,-15,-8,-15,-7,-14,-7,-14,-7,-14,-6,-14,-6,-14,-5,-14,-5,-15,-5,-15,-4,-15,-4,-15,-4,-16,-3,-15,-3,-15,-3,-15,-3,0,0,-56,-12,-56,-14,-53,-12,-51,-10,-50,-9,-47,-7,-46,-7,-46,-5,-44,-4,-43,2,-43,2,-39,3,-40,5,-37,6,-40,7,-41,6,-39,7,-38,6,-39,6,-36,4,-35,2,-35,4,-32,0,-31,-1,-31,-1,-30,-1,-30,-4,-29,-5,0,0,0,0,0,0,0,0,0,0,0,0,0,0,-57,1,-57,-5,-58,-9,-59,-13,-59,-15,-58,-18,-59,-23,-60,-25,-59,-29,-60,-34,-58,-33,-56,-34,-55,-36,-52,-35,-51,-32,-51,-30,-52,-27,-52,-27,-50,-26,-55,-26,-53,-21,-56,-19,-55,-21,-58,-18,-59,-18,-57,-16,-57,-16,-57,-19]"
618069102371700,50.651523300,92124,1904096417,-49,-97,6,0,1,7,0,0,256,0,0,"[0,0,11,-11,10,-11,9,-11,9,-10,8,-10,7,-10,7,-10,6,-10,6,-10,5,-10,5,-10,4,-10,4,-10,3,-10,3,-10,3,-10,3,-10,3,-10,3,-10,3,-9,3,-9,3,-9,3,-8,3,-8,4,-7,4,-7,0,0,0,0,0,0,0,0,0,0,0,0,0,0,0,0,0,0,0,0,0,0,10,-12,10,-12,11,-12,11,-11,13,-11,14,-10,14,-10,15,-9,15,-9,15,-8,14,-7,14,-7,14,-7,14,-8,13,-8,13,-8,12,-8,12,-9,12,-9,11,-10,11,-10,11,-11,11,-11,11,-11,11,-11,11,-11,0,0,35,-43,33,-47,33,-43,30,-40,29,-42,26,-40,24,-40,21,-40,20,-37,18,-37,14,-37,13,-39,10,-39,8,-37,8,-38,9,-38,8,-38,11,-37,9,-37,10,-34,10,-33,11,-32,9,-31,11,-30,11,-27,11,-26,14,-28,16,-24,0,0,0,0,0,0,0,0,0,0,0,0,0,0,21,-51,28,-49,31,-47,33,-46,36,-48,39,-46,43,-46,48,-45,50,-42,53,-39,51,-38,53,-36,54,-36,52,-33,49,-32,47,-32,46,-35,43,-35,42,-36,43,-36,40,-40,39,-43,38,-43,37,-45,39,-45,37,-46,35,-45,38,-45]"
618069123661300,50.672812900,92125,1904118659,-49,-97,6,0,1,7,0,0,256,0,0,"[0,0,15,2,14,2,13,2,13,1,13,1,12,0,12,0,11,-1,11,-1,11,-1,11,-2,10,-2,10,-2,10,-3,10,-3,10,-3,9,-3,10,-3,9,-3,9,-2,9,-2,9,-2,8,-1,7,-1,8,-1,7,-1,0,0,0,0,0,0,0,0,0,0,0,0,0,0,0,0,0,0,0,0,0,0,15,-1,16,0,16,1,16,2,16,3,17,4,17,5,17,6,16,6,15,7,15,7,15,6,14,7,14,6,14,6,14,5,14,5,14,4,15,4,15,3,15,3,15,3,16,3,15,3,15,2,15,2,0,0,28,2,28,0,26,0,26,0,24,0,23,-1,23,-2,21,-2,20,-4,20,-4,19,-4,19,-5,18,-6,18,-7,19,-8,17,-8,18,-7,17,-8,16,-7,16,-6,16,-5,15,-6,15,-5,14,-4,15,-3,14,-3,14,-2,13,0,0,0,0,0,0,0,0,0,0,0,0,0,0,0,27,-7,29,-4,29,-2,28,-1,30,0,29,2,31,3,31,5,32,7,31,8,31,9,31,11,29,12,29,11,27,12,27,9,26,8,28,7,27,7,29,7,27,5,28,3,28,3,29,2,30,2,29,2,29,2,30,2]"
618069143249600,50.692401200,92126,1904137576,-49,-97,6,0,1,7,0,0,256,0,0,"[0,0,15,2,14,2,13,2,13,1,12,1,12,1,12,0,11,0,11,-1,10,-1,10,-2,9,-3,9,-3,9,-3,10,-3,9,-3,9,-3,9,-3,9,-3,9,-3,9,-2,8,-2,7,-2,7,-2,7,-1,7,-1,0,0,0,0,0,0,0,0,0,0,0,0,0,0,0,0,0,0,0,0,0,0,15,0,15,1,15,2,15,3,16,4,16,5,16,5,16,7,15,7,15,7,15,6,15,6,14,6,14,6,14,6,14,5,14,5,14,4,14,4,14,4,14,4,15,3,15,3,15,2,15,1,15,2,0,0,27,7,27,7,25,6,24,6,23,4,23,3,21,2,21,1,21,1,20,0,20,0,18,-1,19,-2,18,-3,18,-3,18,-3,18,-4,18,-4,18,-4,17,-4,17,-3,16,-2,16,-1,15,-1,14,1,12,1,13,1,13,2,0,0,0,0,0,0,0,0,0,0,0,0,0,0,27,0,27,3,27,5,28,7,28,7,27,9,29,11,29,13,29,13,29,14,28,16,27,17,26,18,25,16,24,16,23,15,24,14,24,13,24,13,26,12,26,11,27,9,26,8,27,8,28,9,28,8,28,9,29,8]"
618069164520600,50.713672200,92127,1904156643,-49,-97,6,0,1,7,0,0,256,0,0,"[0,0,-13,-10,-13,-10,-12,-8,-12,-8,-11,-8,-11,-7,-11,-7,-11,-6,-11,-5,-11,-5,-11,-4,-10,-4,-10,-4,-11,-3,-11,-3,-10,-2,-10,-3,-10,-3,-10,-3,-10,-3,-10,-3,-9,-3,-9,-3,-8,-4,-8,-3,-7,-4,0,0,0,0,0,0,0,0,0,0,0,0,0,0,0,0,0,0,0,0,0,0,-14,-8,-14,-9,-14,-10,-14,-11,-14,-13,-13,-13,-13,-14,-12,-14,-12,-15,-11,-15,-11,-14,-10,-14,-10,-14,-10,-14,-10,-13,-11,-12,-11,-12,-12,-12,-12,-12,-12,-11,-12,-11,-13,-11,-13,-11,-13,-11,-13,-10,-13,-10,0,0,-48,-28,-48,-28,-48,-25,-47,-22,-44,-20,-42,-21,-42,-18,-40,-17,-39,-14,-39,-11,-39,-7,-38,-6,-38,-5,-37,-3,-39,-4,-39,-3,-35,-3,-38,-3,-37,-3,-37,-6,-35,-5,-33,-8,-31,-6,-29,-5,-29,-6,-27,-8,-26,-10,-25,-11,0,0,0,0,0,0,0,0,0,0,0,0,0,0,-55,-10,-55,-17,-55,-21,-53,-25,-53,-29,-52,-28,-55,-35,-53,-39,-50,-43,-48,-46,-46,-45,-47,-48,-45,-44,-45,-43,-43,-42,-42,-41,-40,-41,-44,-38,-44,-34,-47,-37,-45,-35,-46,-35,-47,-34,-49,-33,-49,-30,-50,-28,-52,-27,-50,-28]"
618069183330600,50.732482200,92128,1904176630,-49,-97,6,0,1,7,0,0,256,0,0,"[0,0,-16,-1,-15,-2,-15,-2,-14,-1,-14,-1,-13,-1,-12,0,-12,0,-12,1,-11,1,-11,2,-10,2,-10,2,-10,3,-10,3,-10,3,-10,3,-10,3,-10,3,-10,2,-10,2,-9,1,-9,1,-8,1,-8,1,-8,0,0,0,0,0,0,0,0,0,0,0,0,0,0,0,0,0,0,0,0,0,0,0,-16,1,-17,0,-17,-1,-17,-1,-17,-3,-18,-4,-18,-4,-18,-5,-18,-6,-17,-6,-17,-6,-16,-6,-16,-6,-16,-5,-16,-6,-15,-5,-16,-4,-15,-4,-16,-4,-16,-3,-16,-3,-16,-3,-16,-2,-16,-2,-16,-1,-16,-1,0,0,-28,-7,-28,-7,-27,-7,-25,-5,-26,-4,-23,-4,-24,-2,-22,-2,-22,-1,-21,1,-20,1,-19,2,-18,3,-19,3,-19,3,-19,3,-18,4,-19,4,-19,3,-17,2,-17,1,-17,2,-15,2,-16,1,-15,1,-15,-1,-14,-1,-14,-2,0,0,0,0,0,0,0,0,0,0,0,0,0,0,-29,2,-30,0,-31,-3,-30,-4,-31,-7,-30,-8,-31,-10,-32,-11,-31,-14,-30,-15,-30,-16,-30,-15,-29,-15,-28,-16,-27,-15,-27,-14,-27,-13,-26,-13,-27,-13,-27,-11,-28,-10,-28,-10,-29,-9,-29,-9,-29,-8,-30,-6,-29,-6,-30,-6]"
618069204627500,50.753779100,92129,1904196491,-49,-97,6,0,1,7,0,0,256,0,0,"[0,0,-2,-15,-3,-15,-3,-15,-2,-14,-3,-14,-3,-13,-3,-13,-4,-12,-4,-11,-5,-10,-5,-10,-5,-10,-6,-10,-6,-10,-6,-9,-6,-9,-6,-9,-5,-9,-5,-9,-5,-9,-5,-8,-4,-9,-4,-8,-4,-8,-3,-7,-3,-7,0,0,0,0,0,0,0,0,0,0,0,0,0,0,0,0,0,0,0,0,0,0,-5,-16,-4,-16,-3,-17,-2,-17,-2,-18,-1,-18,0,-18,1,-18,2,-18,2,-18,2,-17,2,-17,2,-17,1,-17,1,-16,1,-16,0,-16,0,-16,-1,-16,-1,-16,-1,-17,-2,-17,-2,-17,-3,-16,-3,-16,-2,-16,0,0,1,-28,2,-29,1,-28,-1,-25,0,-25,-2,-24,-2,-23,-3,-22,-4,-21,-4,-21,-5,-20,-6,-20,-6,-19,-7,-18,-8,-18,-8,-17,-8,-18,-7,-18,-8,-17,-7,-17,-6,-16,-5,-16,-5,-16,-4,-15,-5,-15,-3,-14,-2,-14,-1,-14,0,0,0,0,0,0,0,0,0,0,0,0,0,0,-7,-28,-4,-30,-2,-29,0,-30,0,-31,2,-30,5,-32,7,-33,8,-32,10,-32,9,-32,12,-32,11,-31,11,-29,11,-28,10,-27,9,-28,7,-28,7,-28,6,-28,5,-29,4,-29,4,-29,2,-30,2,-30,2,-30,2,-29,2,-30]"
618069226187100,50.775338700,92130,1904216734,-49,-97,6,0,1,7,0,0,256,0,0,"[0,0,6,-14,6,-14,6,-13,5,-12,5,-13,4,-12,4,-12,3,-12,3,-11,2,-11,2,-11,1,-11,0,-11,0,-11,0,-10,0,-10,0,-10,0,-10,1,-10,1,-9,1,-9,1,-9,1,-8,1,-8,1,-8,2,-7,0,0,0,0,0,0,0,0,0,0,0,0,0,0,0,0,0,0,0,0,0,0,4,-15,5,-16,6,-15,7,-16,8,-15,10,-16,10,-15,11,-14,11,-14,11,-13,11,-13,11,-13,10,-13,10,-13,10,-13,9,-12,9,-13,8,-13,8,-14,8,-14,7,-14,7,-14,7,-14,7,-15,6,-15,7,-14,0,0,35,-43,32,-46,31,-44,30,-41,28,-38,26,-40,22,-38,20,-38,19,-38,19,-36,15,-37,12,-37,10,-36,10,-36,8,-36,8,-37,8,-37,9,-37,10,-34,10,-32,10,-32,10,-31,10,-31,10,-27,10,-25,11,-21,13,-25,15,-23,0,0,0,0,0,0,0,0,0,0,0,0,0,0,16,-55,22,-56,28,-51,30,-49,32,-51,36,-48,41,-50,43,-47,46,-48,49,-44,51,-42,53,-42,50,-37,49,-37,47,-37,46,-37,43,-37,42,-37,41,-39,41,-40,39,-40,39,-43,38,-44,35,-46,39,-45,36,-50,35,-47,34,-48]"
618069243185200,50.792336800,92131,1904236467,-49,-97,6,0,1,7,0,0,256,0,0,"[0,0,-14,4,-13,4,-13,3,-13,3,-12,4,-11,4,-11,4,-10,4,-10,4,-9,5,-9,5,-8,5,-8,5,-8,5,-7,5,-8,6,-7,5,-7,5,-8,5,-7,5,-7,4,-7,4,-6,4,-6,4,-7,3,-7,3,0,0,0,0,0,0,0,0,0,0,0,0,0,0,0,0,0,0,0,0,0,0,-14,6,-15,5,-15,4,-15,4,-16,3,-17,2,-17,1,-17,1,-17,0,-17,0,-17,0,-16,0,-16,0,-15,0,-15,0,-15,1,-15,1,-15,1,-15,2,-14,3,-14,3,-15,3,-15,3,-14,3,-14,4,-15,4,0,0,-29,3,-27,7,-26,5,-25,5,-23,5,-22,6,-22,6,-21,6,-19,8,-18,7,-17,9,-17,10,-16,11,-16,10,-16,9,-15,10,-15,10,-15,10,-15,9,-15,9,-14,8,-14,8,-14,7,-13,6,-13,7,-13,4,-13,5,-13,3,0,0,0,0,0,0,0,0,0,0,0,0,0,0,-24,15,-27,12,-28,9,-30,8,-30,7,-31,6,-31,4,-34,1,-32,0,-33,-1,-33,-2,-33,-2,-32,-2,-31,-2,-31,-2,-29,-1,-29,-1,-28,-1,-29,-1,-30,0,-29,2,-29,2,-30,3,-29,4,-29,4,-29,6,-29,6,-29,5]"
618069263139700,50.812291300,92132,1904256567,-49,-97,6,0,1,7,0,0,256,0,0,"[0,0,13,-8,12,-8,12,-8,11,-8,11,-8,10,-8,9,-8,8,-8,8,-8,8,-9,7,-8,6,-8,6,-8,6,-9,6,-9,5,-9,5,-8,5,-8,6,-8,6,-8,5,-7,5,-7,5,-6,5,-6,5,-6,5,-5,0,0,0,0,0,0,0,0,0,0,0,0,0,0,0,0,0,0,0,0,0,0,11,-11,12,-10,13,-10,13,-9,14,-9,15,-8,16,-8,16,-7,16,-6,16,-6,16,-5,16,-5,15,-5,15,-5,14,-5,14,-6,14,-6,14,-6,13,-7,13,-7,13,-8,13,-8,14,-8,13,-9,13,-9,13,-9,0,0,21,-19,20,-18,19,-18,19,-18,17,-16,16,-18,14,-17,14,-16,13,-16,11,-17,10,-17,10,-17,9,-17,8,-16,9,-17,8,-17,7,-17,7,-15,7,-16,8,-16,8,-14,7,-15,8,-13,6,-13,8,-12,8,-11,8,-11,9,-9,0,0,0,0,0,0,0,0,0,0,0,0,0,0,13,-25,17,-24,19,-22,20,-21,22,-21,22,-20,25,-20,27,-18,28,-17,29,-16,28,-15,30,-15,28,-13,28,-12,27,-12,26,-13,26,-13,25,-14,24,-15,25,-15,24,-16,23,-17,22,-17,23,-18,24,-19,22,-20,22,-19,23,-19]"
618069288399900,50.837551500,92133,1904281875,-49,-97,6,0,1,7,0,0,256,0,0,"[0,0,12,8,12,8,11,7,11,7,10,7,11,6,10,5,10,5,10,4,10,3,10,3,9,3,9,3,9,2,10,1,9,1,9,2,9,1,9,1,9,2,8,2,8,2,7,2,7,2,7,2,6,3,0,0,0,0,0,0,0,0,0,0,0,0,0,0,0,0,0,0,0,0,0,0,13,7,13,8,13,9,13,9,13,11,12,12,12,12,12,13,12,13,10,14,10,13,10,13,10,13,9,12,9,12,10,11,10,10,11,10,11,10,12,10,12,9,12,9,12,10,12,9,12,9,12,9,0,0,48,28,48,28,46,23,45,23,44,22,41,18,41,16,40,14,39,11,38,10,38,8,36,7,37,5,35,6,37,1,36,1,35,2,36,2,34,2,35,2,32,3,28,5,28,4,27,6,27,6,26,7,25,5,24,9,0,0,0,0,0,0,0,0,0,0,0,0,0,0,53,13,54,18,53,23,51,26,54,29,52,32,53,37,52,40,50,43,48,45,45,44,43,49,43,47,41,46,42,45,39,43,40,41,42,37,43,36,44,36,43,33,47,31,48,34,49,29,51,31,51,30,49,27,51,29]"
618069303799700,50.852951300,92134,1904296512,-49,-97,6,0,1,7,0,0,256,0,0,"[0,0,5,-15,4,-14,4,-14,4,-14,4,-13,3,-13,2,-12,2,-12,1,-12,1,-11,0,-11,-1,-11,-1,-11,-1,-11,-1,-11,-1,-10,-2,-10,-1,-10,-1,-10,-1,-10,-1,-9,-1,-9,0,-9,-1,-9,0,-8,0,-8,0,0,0,0,0,0,0,0,0,0,0,0,0,0,0,0,0,0,0,0,0,0,3,-16,4,-16,5,-16,6,-16,7,-16,8,-16,9,-16,9,-15,10,-15,10,-15,10,-14,10,-14,9,-14,9,-14,9,-13,8,-14,8,-13,7,-14,7,-14,6,-15,6,-15,5,-15,6,-16,5,-16,5,-16,5,-15,0,0,23,-54,20,-53,21,-51,17,-48,17,-49,12,-45,11,-46,10,-43,7,-42,4,-37,2,-40,1,-39,-1,-39,-1,-39,0,-35,-2,-38,-3,-37,-3,-36,-1,-36,-1,-35,1,-33,2,-34,1,-30,1,-31,2,-29,4,-28,5,-26,6,-27,0,0,0,0,0,0,0,0,0,0,0,0,0,0,5,-58,10,-57,15,-57,19,-57,23,-56,26,-58,29,-56,34,-59,38,-54,41,-53,42,-51,42,-52,40,-48,39,-49,39,-48,35,-48,37,-49,33,-45,34,-47,31,-49,29,-53,29,-53,26,-53,26,-52,25,-54,23,-56,22,-57,22,-56]"
618069323208700,50.872360300,92135,1904318666,-49,-97,6,0,1,7,0,0,256,0,0,"[0,0,-2,14,-2,14,-2,13,-2,13,-2,12,-1,12,-1,11,0,11,0,10,0,10,1,9,2,9,2,9,2,9,2,9,2,9,2,8,2,8,1,8,1,8,1,8,1,8,1,8,1,7,0,7,0,6,0,0,0,0,0,0,0,0,0,0,0,0,0,0,0,0,0,0,0,0,0,0,1,14,-1,15,-1,15,-3,15,-3,16,-4,16,-5,15,-6,16,-6,15,-6,15,-7,15,-6,14,-6,14,-6,14,-6,14,-5,13,-5,14,-4,14,-4,14,-3,14,-3,14,-3,15,-3,15,-2,15,-2,15,-2,15,0,0,-7,28,-7,28,-6,26,-4,26,-4,23,-4,23,-3,23,-1,22,-1,21,0,20,1,19,1,20,2,19,3,18,4,19,4,18,4,19,3,17,2,17,2,16,2,16,1,17,1,16,0,15,0,14,-1,13,-2,14,-3,13,0,0,0,0,0,0,0,0,0,0,0,0,0,0,3,29,0,29,-3,28,-4,28,-6,31,-8,28,-10,31,-11,29,-12,30,-14,30,-15,29,-16,29,-16,28,-16,27,-15,27,-14,26,-14,26,-13,27,-13,26,-11,27,-10,26,-9,27,-8,28,-9,30,-8,30,-8,28,-6,29,-7,28]"
618069343475300,50.892626900,92136,1904337906,-49,-97,6,0,1,7,0,0,256,0,0,"[0,0,-9,12,-8,12,-8,11,-8,11,-7,11,-6,10,-6,10,-5,10,-5,10,-5,10,-4,10,-3,10,-3,10,-2,9,-2,10,-2,9,-2,9,-3,9,-2,9,-3,8,-3,8,-3,8,-3,8,-3,7,-3,7,-3,6,0,0,0,0,0,0,0,0,0,0,0,0,0,0,0,0,0,0,0,0,0,0,-6,14,-7,13,-8,14,-9,13,-10,14,-11,13,-12,13,-13,12,-13,12,-13,11,-13,11,-13,11,-12,10,-12,10,-11,10,-11,11,-11,10,-10,11,-10,11,-10,12,-9,12,-9,12,-9,13,-9,13,-8,13,-9,12,0,0,-31,47,-29,47,-27,45,-28,43,-24,42,-22,41,-21,40,-18,39,-18,38,-14,37,-12,37,-9,38,-8,38,-7,37,-7,37,-7,36,-5,36,-7,35,-8,35,-8,33,-9,32,-9,31,-8,30,-9,28,-10,26,-12,25,-10,26,-11,24,0,0,0,0,0,0,0,0,0,0,0,0,0,0,-12,54,-17,52,-23,53,-28,52,-30,51,-34,52,-38,52,-41,50,-43,49,-48,46,-49,44,-49,43,-48,42,-46,42,-44,39,-43,41,-42,41,-42,41,-40,41,-38,43,-36,44,-35,45,-35,46,-34,47,-33,49,-32,51,-31,50,-32,50]"
618069363512800,50.912664400,92137,1904356821,-49,-97,6,0,1,7,0,0,256,0,0,"[0,0,-12,11,-11,10,-10,10,-10,10,-9,10,-8,10,-8,9,-7,9,-7,9,-6,9,-6,9,-5,9,-4,9,-4,9,-4,9,-4,9,-4,9,-4,9,-4,9,-4,8,-4,8,-4,7,-4,7,-4,7,-5,6,-5,6,0,0,0,0,0,0,0,0,0,0,0,0,0,0,0,0,0,0,0,0,0,0,-10,11,-11,12,-11,11,-12,11,-13,11,-15,10,-15,10,-16,9,-16,9,-16,8,-16,8,-15,7,-15,7,-14,8,-14,8,-13,8,-14,8,-13,9,-12,9,-12,10,-12,10,-12,10,-12,11,-12,11,-11,11,-12,11,0,0,-43,38,-40,37,-39,39,-38,37,-36,37,-33,35,-28,35,-26,35,-25,34,-23,34,-21,33,-21,34,-18,35,-16,36,-14,35,-15,34,-13,34,-16,35,-15,32,-16,31,-16,29,-16,27,-15,25,-17,26,-17,23,-15,22,-18,21,-20,20,0,0,0,0,0,0,0,0,0,0,0,0,0,0,-29,48,-36,46,-40,42,-42,40,-44,41,-48,43,-49,38,-55,37,-55,36,-58,33,-57,31,-59,29,-58,27,-57,25,-54,26,-53,25,-51,29,-51,30,-50,30,-47,30,-49,33,-46,37,-45,38,-45,39,-46,37,-44,39,-43,40,-43,39]"
618069385500500,50.934652100,92138,1904378623,-49,-97,6,0,1,7,0,0,256,0,0,"[0,0,12,-10,11,-10,11,-10,10,-10,10,-10,9,-9,8,-10,8,-9,7,-9,6,-9,6,-10,5,-10,5,-10,4,-10,4,-10,4,-10,4,-10,4,-10,4,-9,5,-9,4,-9,4,-8,4,-8,4,-7,5,-7,5,-6,0,0,0,0,0,0,0,0,0,0,0,0,0,0,0,0,0,0,0,0,0,0,10,-12,12,-12,12,-11,13,-11,13,-10,15,-10,15,-9,16,-9,16,-8,15,-7,15,-7,15,-7,15,-7,14,-7,14,-7,13,-8,14,-8,12,-8,13,-9,13,-9,12,-9,12,-10,12,-10,12,-11,12,-11,13,-11,0,0,22,-17,22,-18,21,-17,20,-16,19,-17,16,-16,16,-17,14,-17,13,-16,12,-17,12,-16,11,-16,11,-17,10,-17,9,-16,9,-16,9,-18,9,-16,9,-15,8,-15,8,-14,9,-13,9,-12,10,-13,9,-11,9,-11,9,-10,10,-9,0,0,0,0,0,0,0,0,0,0,0,0,0,0,16,-22,19,-21,21,-19,22,-19,23,-18,24,-17,25,-16,28,-16,28,-16,29,-15,28,-12,29,-12,29,-11,29,-9,27,-10,27,-11,26,-11,25,-12,26,-12,25,-13,24,-15,24,-15,23,-17,24,-18,24,-17,23,-17,24,-18,25,-18]"
618069404330200,50.953481800,92139,1904396725,-49,-97,6,0,1,7,0,0,256,0,0,"[0,0,-10,12,-9,11,-9,11,-8,11,-8,10,-7,10,-7,10,-6,10,-6,9,-5,9,-4,9,-4,9,-3,9,-3,9,-3,9,-3,9,-3,9,-3,9,-4,9,-3,8,-4,8,-4,8,-3,8,-3,7,-4,7,-4,6,0,0,0,0,0,0,0,0,0,0,0,0,0,0,0,0,0,0,0,0,0,0,-7,13,-8,13,-9,14,-9,13,-10,13,-11,12,-12,12,-13,12,-13,11,-14,11,-13,11,-13,10,-12,10,-12,10,-12,10,-12,10,-11,10,-11,10,-11,10,-10,11,-10,12,-10,12,-10,12,-9,13,-9,13,-9,12,0,0,-34,47,-33,43,-32,43,-28,39,-28,41,-24,40,-22,42,-21,38,-19,38,-15,35,-15,37,-12,38,-12,38,-11,39,-10,36,-10,35,-9,35,-10,36,-10,35,-9,33,-10,31,-12,32,-11,30,-13,27,-13,26,-14,24,-14,22,-14,19,0,0,0,0,0,0,0,0,0,0,0,0,0,0,-16,54,-22,52,-26,49,-32,50,-32,49,-37,47,-40,47,-45,47,-47,45,-49,44,-50,42,-48,42,-50,37,-47,38,-47,37,-45,38,-44,39,-43,34,-43,37,-42,40,-39,42,-37,41,-35,45,-38,46,-36,47,-35,47,-34,48,-35,46]"
618069424625500,50.973777100,92140,1904416585,-49,-97,6,0,1,7,0,0,256,0,0,"[0,0,-14,-8,-13,-8,-13,-8,-12,-7,-12,-7,-12,-6,-12,-6,-11,-5,-11,-4,-11,-3,-11,-3,-11,-3,-11,-2,-11,-2,-11,-2,-11,-2,-11,-1,-10,-1,-10,-2,-10,-2,-10,-2,-9,-2,-9,-2,-8,-3,-8,-3,-8,-3,0,0,0,0,0,0,0,0,0,0,0,0,0,0,0,0,0,0,0,0,0,0,-14,-7,-14,-8,-14,-9,-14,-10,-14,-11,-14,-12,-13,-12,-13,-13,-12,-13,-12,-14,-11,-13,-11,-13,-11,-13,-11,-12,-11,-12,-11,-11,-11,-11,-12,-11,-12,-10,-13,-10,-13,-10,-14,-10,-14,-9,-14,-9,-14,-9,-14,-9,0,0,-46,-35,-46,-34,-44,-32,-44,-29,-40,-27,-39,-23,-40,-24,-40,-22,-38,-17,-41,-19,-40,-14,-38,-12,-39,-11,-37,-12,-40,-10,-37,-7,-38,-7,-38,-7,-36,-8,-35,-9,-33,-12,-32,-12,-31,-10,-27,-10,-28,-11,-27,-11,-26,-11,-23,-14,0,0,0,0,0,0,0,0,0,0,0,0,0,0,-53,-22,-50,-27,-48,-33,-47,-35,-50,-36,-45,-40,-46,-44,-45,-47,-44,-50,-42,-53,-41,-53,-38,-55,-37,-56,-35,-54,-33,-48,-33,-47,-35,-47,-39,-44,-39,-43,-40,-43,-40,-40,-43,-40,-43,-42,-45,-36,-47,-37,-47,-38,-49,-38,-47,-37]"
618069444444100,50.993595700,92141,1904436491,-49,-97,6,0,1,7,0,0,256,0,0,"[0,0,-6,-14,-6,-14,-6,-13,-6,-13,-6,-12,-6,-12,-6,-11,-6,-11,-6,-10,-7,-10,-7,-8,-8,-8,-8,-8,-7,-8,-8,-8,-8,-7,-8,-8,-7,-7,-7,-7,-7,-8,-6,-7,-6,-7,-6,-7,-6,-7,-5,-7,-5,-7,0,0,0,0,0,0,0,0,0,0,0,0,0,0,0,0,0,0,0,0,0,0,-8,-13,-7,-14,-7,-15,-6,-15,-6,-16,-5,-16,-4,-17,-3,-17,-3,-17,-3,-18,-3,-16,-2,-16,-2,-16,-3,-16,-2,-15,-3,-15,-3,-15,-4,-15,-4,-15,-5,-15,-5,-15,-6,-15,-6,-15,-7,-15,-7,-15,-7,-14,0,0,-13,-25,-13,-27,-13,-25,-13,-23,-13,-22,-13,-21,-13,-21,-12,-19,-13,-18,-14,-17,-14,-15,-15,-15,-15,-14,-15,-14,-16,-13,-15,-13,-15,-13,-15,-13,-14,-13,-14,-13,-13,-12,-13,-13,-11,-13,-10,-13,-9,-12,-9,-12,-7,-13,-6,-13,0,0,0,0,0,0,0,0,0,0,0,0,0,0,-19,-21,-18,-23,-16,-24,-15,-26,-15,-27,-12,-28,-12,-31,-11,-30,-9,-32,-9,-33,-7,-32,-6,-33,-5,-32,-5,-31,-5,-30,-5,-29,-6,-28,-8,-28,-8,-28,-9,-28,-10,-28,-10,-27,-11,-28,-12,-28,-13,-28,-14,-28,-14,-27,-13,-27]"
618069463737200,51.012888800,92142,1904456554,-49,-97,6,0,1,7,0,0,256,0,0,"[0,0,-4,14,-4,12,-4,12,-3,12,-3,11,-3,11,-2,11,-2,10,-2,10,-1,9,0,9,0,9,0,9,1,9,1,9,1,9,1,9,1,8,0,8,0,8,0,8,0,8,-1,7,-1,7,-1,7,-1,6,0,0,0,0,0,0,0,0,0,0,0,0,0,0,0,0,0,0,0,0,0,0,-2,14,-3,14,-3,14,-4,14,-5,14,-6,14,-7,14,-8,14,-8,14,-8,13,-9,13,-8,12,-8,12,-7,12,-8,12,-7,12,-6,12,-6,12,-6,13,-5,13,-5,13,-5,13,-5,13,-4,14,-4,13,-4,14,0,0,-17,54,-18,52,-18,51,-15,47,-14,47,-10,47,-10,45,-8,43,-7,43,-4,40,-2,40,-1,40,1,39,2,39,1,39,3,38,4,38,3,36,2,36,1,35,1,33,-1,34,-3,31,-3,30,-3,29,-4,28,-6,27,-9,26,0,0,0,0,0,0,0,0,0,0,0,0,0,0,-3,56,-7,57,-13,56,-16,57,-19,57,-23,55,-26,59,-29,57,-31,55,-33,57,-37,54,-36,54,-38,50,-36,49,-38,47,-33,48,-32,50,-32,47,-30,47,-27,49,-23,51,-23,52,-22,54,-23,57,-21,54,-22,57,-20,57,-19,55]"
618069483431700,51.032583300,92143,1904476658,-49,-97,6,0,1,7,0,0,256,0,0,"[0,0,7,-14,7,-14,6,-13,6,-13,5,-13,4,-12,4,-12,4,-12,3,-11,2,-11,2,-11,1,-11,1,-11,0,-11,0,-11,1,-10,0,-11,0,-10,1,-10,1,-10,1,-10,1,-10,1,-9,1,-9,2,-8,2,-8,0,0,0,0,0,0,0,0,0,0,0,0,0,0,0,0,0,0,0,0,0,0,5,-15,6,-15,7,-15,8,-14,9,-15,10,-14,11,-14,11,-14,12,-13,12,-13,12,-12,11,-12,11,-12,11,-12,10,-12,10,-12,9,-12,9,-13,8,-13,8,-13,8,-13,8,-14,8,-14,7,-15,7,-15,7,-14,0,0,26,-50,26,-53,24,-51,23,-46,19,-47,18,-45,16,-46,14,-43,12,-42,8,-41,7,-41,6,-40,4,-40,3,-39,2,-39,2,-37,2,-39,2,-38,3,-37,4,-35,3,-34,3,-34,6,-33,6,-30,8,-29,8,-26,9,-27,12,-24,0,0,0,0,0,0,0,0,0,0,0,0,0,0,10,-57,17,-55,21,-55,24,-52,28,-53,29,-52,35,-54,36,-52,41,-52,42,-51,43,-49,46,-48,44,-43,44,-45,43,-44,41,-45,37,-44,38,-45,35,-44,35,-47,32,-48,30,-50,30,-52,29,-54,30,-53,30,-55,29,-55,30,-52]"
618069509923400,51.059075000,92144,1904499731,-49,-97,6,0,1,7,0,0,256,0,0,"[0,0,-14,-6,-14,-6,-13,-6,-13,-5,-12,-5,-12,-4,-12,-4,-11,-3,-11,-3,-11,-2,-10,-2,-11,-2,-11,-2,-10,-1,-11,-1,-10,-1,-10,-1,-10,-1,-10,-1,-10,-1,-10,-1,-9,-2,-9,-2,-8,-2,-8,-2,-7,-3,0,0,0,0,0,0,0,0,0,0,0,0,0,0,0,0,0,0,0,0,0,0,-15,-4,-15,-4,-15,-5,-15,-6,-15,-7,-15,-8,-15,-9,-15,-9,-14,-10,-14,-10,-14,-10,-13,-10,-13,-9,-13,-9,-12,-9,-13,-8,-13,-8,-14,-8,-13,-8,-14,-7,-14,-7,-14,-6,-15,-7,-15,-6,-15,-7,-15,-6,0,0,-54,-24,-53,-22,-51,-21,-48,-19,-48,-19,-46,-17,-44,-15,-43,-14,-42,-11,-42,-8,-41,-5,-41,-6,-40,-4,-41,-3,-40,-2,-41,-1,-38,0,-39,-2,-40,0,-38,-3,-36,-4,-33,-5,-30,-7,-31,-7,-30,-8,-28,-9,-26,-8,-24,-11,0,0,0,0,0,0,0,0,0,0,0,0,0,0,-57,-5,-56,-14,-56,-17,-55,-19,-57,-22,-57,-24,-56,-28,-58,-33,-56,-34,-56,-39,-53,-40,-50,-41,-51,-42,-48,-42,-46,-40,-45,-36,-47,-35,-47,-35,-50,-33,-50,-31,-49,-31,-49,-26,-52,-29,-55,-25,-54,-25,-55,-27,-54,-25,-55,-25]"
618069526019200,51.075170800,92145,1904516552,-49,-97,6,0,1,7,0,0,256,0,0,"[0,0,1,-15,0,-15,0,-14,1,-14,0,-14,0,-13,-1,-13,-1,-12,-2,-11,-2,-11,-2,-11,-3,-11,-3,-11,-4,-10,-4,-10,-3,-10,-4,-10,-4,-10,-4,-10,-3,-10,-3,-9,-3,-9,-2,-9,-2,-9,-2,-8,-1,-8,0,0,0,0,0,0,0,0,0,0,0,0,0,0,0,0,0,0,0,0,0,0,0,-16,0,-16,1,-16,2,-16,3,-17,3,-17,4,-17,5,-17,5,-17,6,-16,6,-16,6,-15,6,-15,5,-15,5,-15,4,-15,4,-15,3,-15,3,-15,2,-15,2,-16,1,-16,2,-17,1,-16,1,-16,1,-16,0,0,0,-28,1,-30,1,-27,0,-26,-1,-24,-2,-24,-2,-23,-3,-22,-4,-21,-5,-20,-5,-19,-6,-20,-6,-19,-7,-18,-7,-18,-7,-18,-7,-19,-7,-17,-7,-16,-7,-18,-6,-17,-5,-17,-4,-16,-3,-15,-3,-15,-3,-14,-2,-15,0,-14,0,0,0,0,0,0,0,0,0,0,0,0,0,0,-7,-29,-4,-29,-2,-29,-1,-29,1,-31,3,-29,4,-32,6,-30,6,-31,8,-32,9,-30,10,-32,11,-29,10,-28,10,-28,10,-28,8,-28,7,-28,7,-27,6,-28,5,-28,4,-28,2,-28,2,-30,2,-30,1,-29,2,-31,1,-29]"
618069542675000,51.091826600,92146,1904536473,-49,-97,6,0,1,7,0,0,256,0,0,"[0,0,4,-14,3,-15,3,-14,3,-14,2,-14,2,-13,2,-13,1,-12,1,-12,0,-11,0,-11,-1,-11,-1,-11,-1,-11,-2,-11,-1,-10,-2,-11,-1,-10,-1,-10,-1,-10,0,-9,0,-9,0,-9,0,-9,0,-8,1,-8,0,0,0,0,0,0,0,0,0,0,0,0,0,0,0,0,0,0,0,0,0,0,2,-16,3,-15,3,-16,4,-15,5,-17,6,-15,7,-16,8,-16,8,-16,9,-15,8,-15,8,-14,8,-14,8,-14,7,-14,7,-14,6,-13,6,-15,6,-14,5,-15,5,-15,4,-15,5,-16,4,-16,4,-16,4,-15,0,0,5,-28,5,-28,6,-27,4,-24,4,-25,3,-24,3,-23,2,-23,1,-21,-1,-21,-3,-20,-3,-20,-4,-20,-5,-20,-3,-18,-4,-19,-4,-19,-4,-19,-3,-19,-3,-18,-3,-17,-2,-17,-1,-16,-2,-16,-1,-15,0,-15,1,-14,2,-14,0,0,0,0,0,0,0,0,0,0,0,0,0,0,-2,-28,0,-29,3,-28,5,-29,6,-29,8,-30,10,-30,11,-31,13,-30,14,-30,15,-28,15,-28,14,-27,14,-27,14,-26,13,-26,13,-26,12,-25,11,-26,10,-26,9,-28,9,-28,8,-28,8,-29,7,-28,6,-29,6,-30,6,-29]"
618069565287400,51.114439000,92147,1904556438,-49,-97,6,0,1,7,0,0,256,0,0,"[0,0,-6,-15,-5,-15,-5,-14,-5,-13,-6,-13,-6,-12,-6,-12,-6,-11,-6,-10,-6,-10,-6,-9,-7,-9,-7,-9,-7,-8,-7,-8,-7,-8,-7,-8,-7,-8,-7,-7,-7,-8,-7,-8,-6,-7,-5,-7,-5,-8,-4,-7,-4,-7,0,0,0,0,0,0,0,0,0,0,0,0,0,0,0,0,0,0,0,0,0,0,-7,-14,-6,-15,-5,-15,-5,-16,-4,-17,-4,-17,-3,-17,-2,-18,-2,-18,-1,-18,-1,-17,0,-17,0,-17,-1,-16,-1,-16,-2,-16,-2,-15,-3,-16,-3,-15,-4,-16,-5,-15,-5,-15,-5,-16,-5,-16,-5,-16,-5,-15,0,0,-8,-27,-8,-28,-8,-26,-9,-25,-8,-24,-9,-23,-9,-23,-10,-20,-10,-19,-11,-19,-12,-18,-12,-17,-13,-16,-12,-15,-13,-15,-12,-16,-12,-16,-12,-15,-12,-14,-12,-14,-10,-15,-9,-15,-9,-14,-8,-14,-8,-14,-6,-13,-6,-13,-5,-14,0,0,0,0,0,0,0,0,0,0,0,0,0,0,-15,-25,-12,-26,-10,-27,-10,-27,-9,-30,-7,-29,-6,-32,-4,-31,-4,-32,-2,-34,-1,-33,0,-33,0,-32,1,-31,1,-30,1,-30,-1,-28,-2,-28,-3,-28,-4,-29,-4,-28,-6,-29,-6,-29,-8,-29,-7,-29,-7,-30,-7,-29,-7,-28]"
618069585747200,51.134898800,92148,1904583189,-49,-97,6,0,1,6,0,0,256,0,0,"[0,0,-12,-8,-13,-7,-11,-6,-12,-7,-11,-6,-11,-6,-11,-5,-10,-5,-11,-4,-10,-4,-10,-3,-10,-3,-10,-2,-9,-2,-10,-2,-9,-2,-10,-2,-9,-2,-10,-1,-9,-2,-9,-2,-8,-2,-8,-3,-7,-3,-7,-3,-7,-3,0,0,0,0,0,0,0,0,0,0,0,0,0,0,0,0,0,0,0,0,0,0,-13,-6,-13,-7,-14,-8,-13,-8,-13,-9,-13,-10,-13,-11,-12,-11,-12,-12,-11,-13,-11,-12,-11,-12,-10,-11,-10,-11,-10,-10,-11,-10,-11,-10,-12,-9,-11,-9,-12,-9,-12,-9,-13,-8,-13,-8,-13,-8,-13,-8,-13,-8,0,0,-54,-17,-55,-17,-49,-17,-51,-15,-48,-14,-46,-11,-44,-11,-42,-8,-44,-7,-44,-3,-41,-1,-39,-1,-38,1,-37,1,-40,4,-39,2,-39,3,-39,4,-37,2,-39,1,-37,0,-33,-1,-32,-2,-29,-3,-30,-3,-28,-4,-27,-6,-24,-9,0,0,0,0,0,0,0,0,0,0,0,0,0,0,-57,-1,-56,-9,-56,-12,-56,-16,-57,-18,-55,-22,-58,-26,-56,-28,-59,-31,-55,-33,-54,-35,-54,-37,-52,-37,-51,-37,-48,-34,-48,-33,-47,-33,-51,-29,-48,-28,-53,-28,-50,-26,-52,-24,-54,-25,-55,-22,-58,-20,-55,-20,-55,-19,-53,-18]"
618069611488600,51.160640200,92149,1904605267,-49,-98,6,0,1,7,0,0,256,0,0,"[0,0,0,15,1,14,1,14,1,13,1,13,2,12,2,12,2,11,2,11,3,10,3,9,4,10,4,9,4,9,5,8,5,8,5,8,4,8,4,8,3,8,3,8,3,8,3,8,3,7,2,7,2,7,0,0,0,0,0,0,0,0,0,0,0,0,0,0,0,0,0,0,0,0,0,0,3,15,2,15,1,15,0,16,-1,16,-2,17,-2,16,-4,17,-4,17,-4,16,-4,16,-4,16,-4,15,-4,15,-3,15,-3,15,-2,15,-2,15,-1,15,-1,15,-1,15,0,15,0,15,1,15,1,16,1,15,0,0,-1,28,-2,27,-1,28,-1,25,0,26,0,23,2,23,2,21,3,20,5,19,5,19,6,19,5,18,6,18,7,17,6,17,6,17,7,17,7,16,6,16,6,16,4,16,3,15,3,15,2,13,2,13,1,14,-1,13,0,0,0,0,0,0,0,0,0,0,0,0,0,0,7,27,3,27,1,28,0,28,-1,29,-3,29,-5,31,-6,32,-7,31,-9,32,-10,31,-11,30,-10,30,-11,28,-11,28,-9,26,-8,28,-8,26,-7,28,-7,28,-5,28,-4,29,-3,29,-2,29,-2,29,-2,30,-2,29,-1,30]"
618069624810900,51.173962500,92150,1904616469,-49,-97,6,0,1,7,0,0,256,0,0,"[0,0,13,8,12,7,12,6,12,6,11,6,11,6,11,5,10,4,10,3,10,3,10,2,10,2,10,2,10,1,10,1,10,1,10,1,10,1,9,1,9,1,9,1,8,2,8,2,7,2,7,2,7,2,0,0,0,0,0,0,0,0,0,0,0,0,0,0,0,0,0,0,0,0,0,0,14,5,14,7,13,7,13,8,14,9,13,10,13,11,12,11,12,12,11,12,11,12,11,11,11,12,10,11,10,10,11,10,11,10,11,9,11,9,12,9,12,8,13,8,13,8,13,8,13,8,13,7,0,0,48,30,47,30,46,29,43,25,43,24,41,21,40,20,38,18,39,16,39,14,39,11,37,11,36,8,37,8,38,6,39,5,37,5,38,7,35,7,35,8,33,8,30,9,29,10,28,9,27,12,27,12,24,11,22,13,0,0,0,0,0,0,0,0,0,0,0,0,0,0,51,13,51,19,51,24,52,27,49,31,51,34,48,37,48,43,49,42,47,45,44,48,40,46,41,48,38,47,37,46,36,43,39,41,39,39,42,39,43,36,43,36,45,34,46,34,48,33,49,31,48,31,48,33,50,31]"
618069643381100,51.192532700,92151,1904636454,-49,-97,6,0,1,7,0,0,256,0,0,"[0,0,13,-7,13,-7,12,-7,12,-7,11,-7,10,-7,10,-7,9,-7,9,-7,9,-7,8,-7,7,-7,7,-8,7,-8,6,-8,6,-8,6,-8,6,-8,6,-8,7,-8,6,-7,6,-7,6,-6,6,-6,6,-5,6,-5,0,0,0,0,0,0,0,0,0,0,0,0,0,0,0,0,0,0,0,0,0,0,13,-8,13,-7,14,-7,14,-6,16,-6,16,-5,17,-4,17,-3,17,-3,17,-2,16,-2,16,-2,16,-2,15,-2,14,-3,15,-4,14,-4,15,-4,14,-5,14,-6,14,-6,14,-6,15,-6,14,-6,14,-6,14,-6,0,0,23,-17,21,-18,20,-18,19,-17,18,-17,16,-17,16,-17,15,-17,14,-16,12,-17,11,-16,10,-17,9,-18,9,-17,9,-17,10,-18,8,-17,9,-17,8,-17,9,-16,9,-15,8,-15,8,-14,8,-13,9,-11,9,-11,9,-11,10,-10,0,0,0,0,0,0,0,0,0,0,0,0,0,0,16,-22,18,-22,20,-20,22,-19,23,-18,25,-18,27,-17,29,-16,29,-14,30,-12,30,-12,29,-12,30,-11,28,-11,28,-10,26,-10,27,-12,26,-12,26,-13,24,-13,24,-15,24,-15,24,-16,24,-17,24,-17,23,-19,23,-18,24,-18]"
618069664480700,51.213632300,92152,1904656455,-49,-98,6,0,1,7,0,0,256,0,0,"[0,0,-4,-15,-4,-15,-4,-14,-4,-14,-4,-13,-5,-13,-5,-12,-5,-12,-5,-11,-5,-10,-5,-10,-6,-10,-6,-10,-6,-9,-7,-9,-7,-9,-7,-9,-6,-9,-6,-9,-6,-8,-6,-8,-5,-9,-4,-8,-4,-8,-4,-8,-3,-7,0,0,0,0,0,0,0,0,0,0,0,0,0,0,0,0,0,0,0,0,0,0,-6,-15,-5,-15,-4,-16,-4,-16,-3,-17,-2,-17,-1,-18,0,-18,0,-18,1,-18,1,-17,1,-17,1,-16,0,-16,0,-16,-1,-16,-1,-16,-1,-16,-2,-16,-3,-16,-3,-16,-3,-16,-3,-16,-4,-16,-4,-16,-3,-16,0,0,-9,-27,-9,-28,-9,-26,-9,-25,-9,-23,-9,-23,-9,-22,-9,-21,-10,-19,-11,-18,-12,-17,-13,-17,-13,-16,-13,-16,-13,-15,-13,-14,-13,-16,-13,-14,-12,-15,-12,-15,-11,-13,-10,-15,-10,-14,-9,-14,-9,-13,-7,-13,-6,-14,-5,-14,0,0,0,0,0,0,0,0,0,0,0,0,0,0,-16,-23,-13,-26,-11,-27,-10,-27,-8,-29,-6,-30,-6,-32,-5,-33,-3,-33,-2,-33,0,-33,-1,-33,-1,-32,0,-30,0,-31,-2,-30,-2,-29,-2,-28,-3,-28,-4,-28,-4,-29,-6,-29,-6,-29,-7,-30,-8,-29,-9,-29,-9,-29,-9,-29]"
618069702048500,51.251200100,92153,1904677859,-49,-97,6,0,1,7,0,0,256,0,0,"[0,0,-12,9,-11,10,-11,9,-11,9,-10,9,-9,9,-8,9,-8,9,-8,9,-7,9,-6,9,-6,8,-5,9,-5,9,-5,9,-5,9,-4,9,-5,9,-5,8,-5,8,-5,8,-4,7,-5,7,-5,6,-5,6,-5,5,0,0,0,0,0,0,0,0,0,0,0,0,0,0,0,0,0,0,0,0,0,0,-11,11,-12,10,-13,10,-13,10,-14,9,-15,8,-16,8,-16,7,-16,7,-16,6,-16,6,-16,6,-15,5,-15,6,-14,6,-14,7,-14,7,-14,7,-13,8,-13,9,-13,9,-13,9,-13,10,-12,10,-12,10,-13,10,0,0,-39,43,-36,42,-34,44,-32,40,-30,40,-29,38,-27,38,-23,39,-22,36,-19,37,-15,38,-13,36,-11,37,-12,37,-11,36,-10,37,-9,35,-10,37,-12,36,-13,33,-14,31,-12,30,-12,28,-12,28,-10,26,-13,24,-14,24,-16,23,0,0,0,0,0,0,0,0,0,0,0,0,0,0,-21,50,-28,48,-32,46,-36,46,-38,46,-42,44,-45,43,-50,42,-53,38,-56,36,-57,33,-54,34,-53,34,-52,33,-52,32,-46,34,-47,34,-45,33,-46,35,-43,35,-43,40,-44,38,-41,40,-42,41,-39,42,-36,45,-36,47,-39,44]"
618069721111300,51.270262900,92154,1904696480,-49,-97,6,0,1,7,0,0,256,0,0,"[0,0,-6,14,-5,14,-5,13,-5,13,-4,12,-4,12,-3,11,-3,11,-2,11,-2,11,-1,10,-1,10,0,10,0,10,0,10,0,10,0,10,0,9,0,9,0,9,-1,9,-1,9,-1,8,-1,8,-1,7,-2,7,0,0,0,0,0,0,0,0,0,0,0,0,0,0,0,0,0,0,0,0,0,0,-4,14,-5,15,-6,15,-6,15,-7,15,-9,15,-9,14,-10,14,-10,14,-10,14,-11,13,-10,13,-10,12,-10,12,-9,13,-8,12,-8,12,-8,13,-7,13,-7,14,-7,14,-7,14,-7,15,-6,14,-5,15,-6,14,0,0,-15,54,-17,54,-14,52,-12,49,-12,48,-8,47,-5,46,-5,44,-3,40,-3,41,-1,38,0,39,2,40,5,38,5,39,4,35,6,40,5,38,5,35,4,34,3,35,2,34,2,33,-1,31,-2,28,-2,25,-4,28,-6,26,0,0,0,0,0,0,0,0,0,0,0,0,0,0,-2,56,-9,55,-14,55,-15,54,-17,59,-20,56,-25,58,-30,57,-29,57,-34,56,-34,53,-37,54,-37,49,-37,48,-36,47,-34,47,-29,48,-27,49,-25,48,-26,51,-25,50,-20,53,-21,53,-16,57,-22,55,-20,56,-19,55,-18,53]"
618069742446000,51.291597600,92155,1904716475,-49,-97,6,0,1,7,0,0,256,0,0,"[0,0,9,10,9,9,9,8,9,8,9,8,8,7,8,7,8,6,8,5,8,5,8,4,8,4,8,4,8,3,8,3,8,3,8,3,8,3,8,3,7,3,7,3,7,4,6,4,6,4,5,4,5,4,0,0,0,0,0,0,0,0,0,0,0,0,0,0,0,0,0,0,0,0,0,0,11,8,11,8,11,9,10,10,10,11,9,11,9,12,8,13,8,13,7,14,7,13,7,13,7,12,7,12,7,11,8,11,8,10,8,11,8,10,9,11,9,10,9,10,10,10,10,10,10,10,10,10,0,0,46,32,47,32,45,28,45,27,40,26,41,23,40,22,38,21,39,17,40,14,39,13,37,11,38,9,35,9,40,6,36,6,37,8,35,8,37,7,35,8,33,10,30,11,29,11,27,12,27,10,24,11,24,15,21,16,0,0,0,0,0,0,0,0,0,0,0,0,0,0,53,15,52,20,51,24,49,26,51,30,47,34,49,38,48,41,49,42,45,46,44,47,41,52,41,48,39,48,38,46,37,43,36,43,42,40,39,38,42,39,41,38,44,35,45,36,47,35,48,36,47,36,49,34,50,32]"
618069757746100,51.306897700,92156,1904737549,-49,-97,6,0,1,7,0,0,256,0,0,"[0,0,-1,-15,-2,-15,-2,-15,-1,-14,-2,-14,-2,-13,-3,-12,-3,-12,-3,-11,-3,-11,-4,-10,-4,-10,-4,-10,-5,-10,-5,-9,-5,-9,-5,-9,-5,-9,-4,-9,-4,-9,-4,-9,-3,-9,-3,-8,-3,-8,-2,-8,-2,-8,0,0,0,0,0,0,0,0,0,0,0,0,0,0,0,0,0,0,0,0,0,0,-3,-15,-2,-16,-2,-16,-1,-16,0,-17,1,-17,2,-17,3,-17,3,-17,4,-17,4,-16,3,-16,4,-16,3,-16,3,-16,2,-15,2,-15,2,-15,1,-16,0,-16,0,-16,-1,-16,0,-16,-1,-16,-1,-16,-1,-16,0,0,-7,-28,-8,-28,-8,-26,-8,-25,-8,-24,-9,-23,-9,-22,-9,-21,-9,-20,-9,-19,-10,-17,-11,-18,-11,-17,-12,-16,-13,-16,-12,-15,-12,-16,-12,-15,-12,-15,-11,-15,-10,-15,-10,-14,-8,-14,-8,-13,-7,-14,-7,-13,-5,-14,-4,-13,0,0,0,0,0,0,0,0,0,0,0,0,0,0,-13,-25,-11,-27,-10,-27,-7,-28,-7,-30,-6,-31,-4,-32,-2,-32,-2,-32,0,-34,1,-32,3,-33,2,-32,2,-30,2,-30,2,-30,1,-29,-1,-29,-2,-28,-2,-29,-3,-29,-4,-29,-4,-29,-6,-30,-6,-30,-7,-30,-7,-29,-7,-29]"
618069767662500,51.316814100,92157,1904758765,-49,-97,6,0,1,7,0,0,256,0,0,"[0,0,14,-4,14,-4,13,-4,13,-4,12,-4,11,-5,11,-5,10,-5,10,-5,9,-6,9,-6,8,-6,8,-6,8,-6,8,-7,8,-7,8,-6,8,-6,8,-6,8,-6,8,-5,7,-5,7,-5,7,-4,7,-4,7,-3,0,0,0,0,0,0,0,0,0,0,0,0,0,0,0,0,0,0,0,0,0,0,14,-7,15,-6,15,-5,15,-5,16,-4,17,-3,17,-2,17,-2,17,0,16,0,16,0,16,0,15,0,15,0,15,-1,15,-1,15,-1,15,-2,14,-3,15,-3,14,-3,15,-4,15,-4,15,-4,15,-4,15,-4,0,0,28,-6,26,-8,25,-8,24,-7,24,-8,22,-7,21,-8,20,-9,20,-9,18,-10,17,-11,16,-11,16,-11,15,-12,16,-12,16,-12,14,-11,15,-11,15,-11,15,-10,14,-10,14,-9,13,-8,13,-8,14,-6,12,-5,13,-5,13,-4,0,0,0,0,0,0,0,0,0,0,0,0,0,0,23,-15,25,-13,26,-10,28,-10,29,-9,28,-8,30,-6,32,-4,32,-3,32,-1,32,-1,31,1,31,1,30,2,30,1,29,0,28,0,27,-1,28,-3,28,-2,28,-3,28,-6,28,-6,28,-7,28,-7,29,-7,29,-7,29,-7]"
618069782172400,51.331324000,92158,1904776642,-49,-97,6,0,1,7,0,0,256,0,0,"[0,0,14,4,14,4,13,3,13,2,13,2,12,2,11,1,11,1,11,0,11,0,10,-1,10,-1,10,-1,10,-2,10,-2,10,-2,9,-2,10,-2,10,-1,9,-1,9,-1,8,-1,8,-1,8,0,8,0,7,0,0,0,0,0,0,0,0,0,0,0,0,0,0,0,0,0,0,0,0,0,0,0,15,1,15,2,15,3,15,4,15,4,16,5,16,6,16,7,15,8,14,8,14,8,14,8,13,7,13,8,14,7,13,6,14,6,14,6,14,5,14,5,14,4,14,4,15,4,15,4,15,3,15,3,0,0,26,11,27,10,25,9,25,10,22,8,22,7,22,6,21,5,21,4,21,3,21,2,19,2,18,1,18,0,20,0,19,0,18,-1,18,0,18,0,17,0,17,1,16,1,16,1,15,2,14,3,13,2,13,3,12,4,0,0,0,0,0,0,0,0,0,0,0,0,0,0,28,2,27,6,26,7,26,9,29,10,27,11,28,14,26,17,28,17,27,20,26,19,26,22,24,20,23,20,21,19,22,18,21,16,24,17,24,15,25,15,23,14,25,12,26,13,26,12,28,13,27,12,28,12,26,11]"
618069803090100,51.352241700,92159,1904796895,-49,-98,6,0,1,7,0,0,256,0,0,"[0,0,8,12,8,11,7,11,8,10,7,10,7,10,7,9,7,8,7,7,7,7,7,6,8,6,8,5,8,5,8,5,8,4,8,5,8,4,7,5,7,5,7,5,6,5,6,5,5,5,5,5,5,5,0,0,0,0,0,0,0,0,0,0,0,0,0,0,0,0,0,0,0,0,0,0,9,11,8,11,8,12,8,13,8,14,7,14,6,15,5,15,5,15,4,15,4,15,4,15,4,15,4,14,4,14,5,13,5,13,6,13,6,13,7,13,7,12,7,13,8,13,8,12,8,13,8,12,0,0,38,42,39,40,37,37,37,35,34,33,35,31,34,29,33,27,34,23,35,22,35,17,35,18,35,16,35,15,36,15,37,13,35,13,35,13,33,13,32,14,29,16,27,15,28,15,26,15,24,13,21,15,22,15,19,18,0,0,0,0,0,0,0,0,0,0,0,0,0,0,49,25,45,32,44,35,43,40,39,42,39,46,39,48,36,52,33,53,30,57,30,55,26,58,29,55,28,54,25,52,26,50,27,49,30,47,30,46,33,46,33,45,34,45,34,45,37,45,41,44,41,44,42,41,42,42]"
618069825530100,51.374681700,92160,1904817644,-49,-98,6,0,1,7,0,0,256,0,0,"[0,0,0,-15,-1,-16,-1,-15,0,-15,-1,-14,-2,-13,-2,-13,-2,-12,-3,-11,-3,-11,-4,-11,-4,-11,-4,-10,-5,-10,-5,-10,-5,-10,-5,-10,-5,-9,-4,-10,-4,-9,-4,-9,-3,-9,-3,-9,-3,-8,-2,-8,-2,-8,0,0,0,0,0,0,0,0,0,0,0,0,0,0,0,0,0,0,0,0,0,0,-2,-16,-1,-16,0,-17,0,-17,1,-18,2,-18,3,-18,4,-18,4,-17,5,-17,5,-17,5,-16,5,-16,4,-16,4,-15,3,-16,3,-15,2,-16,2,-16,1,-16,1,-16,1,-16,0,-17,0,-17,0,-16,0,-16,0,0,-6,-29,-6,-29,-6,-28,-6,-26,-7,-25,-7,-24,-7,-23,-7,-21,-8,-19,-10,-18,-11,-18,-11,-18,-12,-16,-11,-17,-12,-16,-12,-16,-12,-17,-11,-16,-11,-16,-10,-15,-9,-15,-8,-16,-8,-15,-8,-15,-7,-13,-6,-13,-5,-15,-3,-14,0,0,0,0,0,0,0,0,0,0,0,0,0,0,-14,-26,-11,-28,-9,-29,-7,-29,-6,-31,-4,-30,-3,-33,-1,-33,1,-33,3,-34,4,-33,4,-33,3,-32,3,-30,2,-31,2,-30,2,-30,0,-30,1,-29,-1,-29,-2,-30,-2,-30,-3,-30,-4,-31,-5,-30,-6,-31,-6,-30,-6,-30]"
618069841938100,51.391089700,92161,1904836791,-49,-98,6,0,1,7,0,0,256,0,0,"[0,0,13,7,12,6,12,6,12,6,12,5,11,5,11,4,11,3,10,2,10,2,10,2,10,1,10,1,9,1,10,0,10,0,10,0,10,0,9,0,9,0,9,0,8,1,8,1,7,1,7,2,7,2,0,0,0,0,0,0,0,0,0,0,0,0,0,0,0,0,0,0,0,0,0,0,14,5,14,6,14,7,13,8,14,9,14,10,13,10,13,11,13,11,12,12,11,12,10,11,10,11,10,11,11,10,11,10,11,9,11,9,12,9,13,8,13,8,13,8,14,8,13,8,13,7,14,7,0,0,48,30,50,26,49,23,48,23,45,22,44,18,42,18,41,14,40,10,40,11,38,9,39,7,37,5,36,3,40,2,38,1,38,2,38,3,37,2,34,5,35,5,31,5,32,6,28,6,28,6,27,7,26,9,24,11,0,0,0,0,0,0,0,0,0,0,0,0,0,0,54,13,53,19,52,22,50,26,54,26,52,29,52,35,51,41,53,40,49,46,48,44,45,48,44,47,42,47,37,45,38,41,40,40,44,37,44,35,45,38,46,35,47,32,49,33,50,29,52,32,51,30,51,28,53,30]"
618069879477000,51.428628600,92162,1904864866,-49,-98,6,0,1,7,0,0,256,0,0,"[0,0,15,-3,14,-4,13,-4,13,-4,12,-4,12,-5,11,-5,11,-5,10,-5,10,-6,9,-6,8,-6,8,-6,8,-6,8,-7,8,-6,8,-6,8,-6,8,-6,8,-6,8,-5,7,-5,7,-4,7,-4,7,-3,7,-3,0,0,0,0,0,0,0,0,0,0,0,0,0,0,0,0,0,0,0,0,0,0,14,-7,15,-6,15,-6,15,-5,16,-4,17,-3,17,-3,18,-2,17,-1,17,0,17,0,16,0,16,0,16,0,15,-1,15,-1,15,-2,15,-2,15,-3,15,-3,15,-3,15,-4,15,-4,15,-4,15,-4,15,-4,0,0,27,-10,25,-11,24,-10,23,-10,22,-10,20,-10,20,-10,18,-10,18,-11,16,-12,16,-12,14,-13,14,-13,14,-14,14,-13,13,-14,12,-13,14,-13,13,-13,14,-11,13,-11,13,-11,12,-9,12,-9,12,-7,12,-7,12,-6,12,-6,0,0,0,0,0,0,0,0,0,0,0,0,0,0,20,-19,23,-16,24,-15,26,-13,26,-12,28,-11,29,-10,31,-8,31,-6,32,-4,32,-3,31,-3,30,-4,30,-3,29,-4,28,-4,29,-4,27,-5,28,-5,27,-6,28,-7,27,-8,27,-8,27,-8,28,-10,27,-11,27,-11,27,-10]"
618069895674700,51.444826300,92163,1904878882,-49,-98,6,0,1,7,0,0,256,0,0,"[0,0,-15,0,-15,0,-14,0,-14,0,-13,1,-13,1,-12,1,-11,2,-11,2,-11,2,-10,3,-10,3,-10,3,-10,4,-10,4,-10,4,-9,4,-9,4,-9,4,-9,3,-9,3,-9,2,-8,2,-8,2,-8,2,-8,1,0,0,0,0,0,0,0,0,0,0,0,0,0,0,0,0,0,0,0,0,0,0,-15,2,-16,1,-16,0,-17,0,-17,-2,-18,-2,-17,-3,-18,-4,-17,-5,-16,-5,-16,-5,-16,-5,-15,-4,-15,-4,-15,-4,-15,-3,-15,-3,-15,-3,-15,-2,-15,-2,-15,-1,-16,-1,-16,0,-16,0,-16,0,-16,0,0,0,-29,-3,-28,-3,-27,-3,-27,-3,-25,-1,-24,-1,-23,1,-22,1,-22,3,-21,3,-21,3,-20,3,-19,4,-19,5,-19,5,-19,5,-18,5,-19,6,-18,5,-18,6,-17,3,-17,5,-15,3,-16,2,-15,1,-15,1,-14,0,-14,-1,0,0,0,0,0,0,0,0,0,0,0,0,0,0,-29,5,-30,2,-31,-1,-30,-2,-30,-3,-30,-5,-31,-7,-32,-8,-32,-10,-32,-11,-31,-12,-30,-12,-30,-13,-29,-13,-28,-12,-27,-11,-28,-11,-28,-10,-28,-10,-28,-9,-28,-6,-29,-6,-29,-4,-29,-4,-30,-4,-30,-4,-29,-3,-30,-4]"
618069908821900,51.457973500,92164,1904899340,-49,-97,6,0,1,7,0,0,256,0,0,"[0,0,14,2,13,1,12,1,12,0,12,0,11,0,11,0,10,-1,10,-1,10,-2,9,-2,9,-2,9,-3,9,-3,9,-3,9,-3,8,-3,8,-4,8,-3,8,-3,8,-3,7,-2,7,-2,7,-2,7,-1,7,-1,0,0,0,0,0,0,0,0,0,0,0,0,0,0,0,0,0,0,0,0,0,0,14,-1,14,0,14,1,14,2,15,2,15,4,15,4,15,5,15,5,14,6,14,6,13,6,13,6,13,5,13,5,13,4,13,4,13,3,13,3,13,2,14,2,14,2,14,2,14,1,14,2,14,1,0,0,55,9,54,7,51,6,50,5,48,4,45,0,44,2,43,-3,41,-3,40,-5,40,-7,37,-8,37,-8,37,-9,36,-10,37,-9,34,-11,35,-9,35,-10,34,-9,32,-7,31,-6,32,-6,29,-4,28,-2,27,-2,27,0,26,2,0,0,0,0,0,0,0,0,0,0,0,0,0,0,54,-8,55,-3,57,1,58,5,59,5,58,11,61,15,61,17,61,19,61,25,58,24,58,28,55,27,54,27,53,26,50,24,52,22,54,20,53,18,53,19,53,16,54,11,57,12,55,9,58,10,56,8,55,9,58,7]"
618069923913000,51.473064600,92165,1904916457,-49,-97,6,0,1,7,0,0,256,0,0,"[0,0,-12,9,-12,9,-11,8,-11,8,-10,8,-9,8,-8,8,-8,8,-8,8,-7,8,-6,8,-6,8,-6,8,-5,8,-5,9,-5,8,-5,8,-5,8,-6,7,-5,7,-6,7,-5,7,-5,6,-5,6,-6,5,-5,5,0,0,0,0,0,0,0,0,0,0,0,0,0,0,0,0,0,0,0,0,0,0,-10,11,-11,10,-12,10,-12,10,-14,10,-14,9,-15,8,-16,8,-16,7,-16,7,-16,6,-15,6,-15,6,-14,6,-14,6,-14,7,-13,7,-14,7,-13,7,-13,8,-13,8,-13,9,-13,9,-12,9,-12,9,-12,10,0,0,-43,35,-42,34,-41,33,-39,33,-37,35,-34,34,-33,34,-30,33,-28,32,-25,32,-23,33,-20,33,-20,34,-19,34,-18,33,-19,35,-16,35,-17,35,-20,33,-19,30,-19,29,-18,27,-17,24,-20,25,-18,23,-18,20,-19,20,-21,20,0,0,0,0,0,0,0,0,0,0,0,0,0,0,-29,48,-35,47,-37,43,-42,40,-45,43,-49,38,-52,36,-57,36,-58,32,-60,29,-59,26,-58,27,-59,25,-57,24,-55,24,-52,25,-53,25,-51,25,-51,26,-51,28,-49,31,-48,33,-48,32,-46,35,-46,34,-46,39,-45,39,-46,38]"
618069943790800,51.492942400,92166,1904938457,-49,-97,6,0,1,7,0,0,256,0,0,"[0,0,-2,14,-1,14,-1,13,-1,13,0,12,0,12,0,11,1,11,1,10,1,10,2,10,2,9,2,9,3,9,3,9,3,9,3,9,3,8,3,9,2,9,2,8,2,8,1,8,1,8,1,7,0,7,0,0,0,0,0,0,0,0,0,0,0,0,0,0,0,0,0,0,0,0,0,0,1,14,0,15,0,16,-1,15,-2,16,-3,16,-4,16,-5,16,-5,16,-6,16,-6,15,-6,15,-5,15,-5,14,-5,14,-4,14,-4,14,-3,15,-3,14,-2,15,-2,15,-2,15,-2,16,-1,15,-1,15,-1,15,0,0,-1,28,-1,28,-1,26,0,25,1,25,1,23,1,23,1,22,3,21,4,21,5,19,5,18,7,18,6,19,7,17,7,17,7,17,6,17,6,17,6,16,5,16,4,16,3,15,3,14,3,13,2,14,1,14,-1,13,0,0,0,0,0,0,0,0,0,0,0,0,0,0,8,27,4,28,2,28,0,28,0,30,-2,30,-4,33,-5,31,-7,32,-9,32,-10,31,-11,31,-11,29,-11,29,-10,28,-11,28,-9,27,-7,27,-7,26,-6,28,-6,28,-5,29,-4,29,-3,29,-2,30,-2,30,-3,30,-2,28]"
618069964124000,51.513275600,92167,1904956512,-49,-97,6,0,1,7,0,0,256,0,0,"[0,0,6,-14,5,-14,5,-14,5,-13,4,-13,4,-13,3,-13,3,-12,2,-12,1,-11,1,-11,0,-11,0,-11,0,-11,0,-11,0,-11,-1,-11,-1,-10,0,-11,0,-10,0,-10,0,-10,0,-9,0,-9,1,-8,1,-8,0,0,0,0,0,0,0,0,0,0,0,0,0,0,0,0,0,0,0,0,0,0,4,-15,6,-15,6,-15,7,-15,8,-15,10,-15,10,-14,11,-14,11,-13,11,-14,11,-13,10,-13,10,-13,9,-13,9,-13,9,-12,9,-13,8,-13,8,-14,8,-14,7,-14,7,-14,7,-15,6,-15,6,-15,6,-15,0,0,23,-51,22,-53,21,-51,20,-47,17,-46,14,-47,14,-45,10,-43,9,-42,5,-40,5,-39,3,-40,2,-40,0,-39,1,-41,0,-37,-1,-40,-1,-39,-1,-37,-1,-35,1,-34,2,-35,3,-32,4,-31,5,-29,4,-28,7,-28,9,-26,0,0,0,0,0,0,0,0,0,0,0,0,0,0,8,-57,15,-57,18,-54,22,-53,27,-55,28,-52,33,-57,36,-55,37,-54,40,-52,42,-50,44,-49,44,-48,41,-46,40,-45,40,-45,35,-46,35,-46,33,-46,33,-49,31,-49,29,-53,26,-52,27,-54,27,-55,27,-55,25,-55,24,-56]"
618069984064500,51.533216100,92168,1904977090,-49,-97,6,0,1,7,0,0,256,0,0,"[0,0,12,-9,12,-9,11,-9,11,-9,10,-8,9,-9,9,-9,8,-9,8,-8,7,-9,7,-9,6,-9,5,-9,5,-9,5,-9,6,-9,5,-9,5,-9,5,-9,5,-8,5,-8,5,-7,5,-7,5,-7,5,-6,5,-6,0,0,0,0,0,0,0,0,0,0,0,0,0,0,0,0,0,0,0,0,0,0,11,-11,12,-11,12,-10,13,-10,14,-10,15,-9,16,-8,16,-8,16,-7,16,-7,15,-6,15,-6,15,-6,14,-6,14,-6,14,-7,13,-7,14,-7,13,-8,13,-8,13,-9,13,-9,13,-9,12,-9,12,-10,12,-10,0,0,25,-11,24,-14,23,-13,22,-12,21,-13,19,-13,19,-13,17,-12,17,-13,16,-14,14,-14,13,-14,12,-15,14,-15,12,-15,13,-15,11,-15,13,-15,12,-14,12,-13,12,-12,12,-12,12,-12,11,-10,11,-10,12,-9,11,-8,12,-7,0,0,0,0,0,0,0,0,0,0,0,0,0,0,19,-20,22,-19,23,-17,24,-16,26,-15,27,-15,28,-13,30,-11,31,-11,32,-8,32,-7,32,-6,30,-6,30,-5,30,-6,28,-6,29,-7,27,-8,27,-8,27,-9,26,-10,26,-11,27,-11,27,-13,28,-12,27,-15,26,-14,26,-13]"
618070004781400,51.553933000,92169,1904998982,-49,-97,6,0,1,7,0,0,256,0,0,"[0,0,8,11,8,11,8,10,8,10,8,9,8,9,7,8,7,8,8,7,8,6,8,5,8,6,8,5,8,4,8,4,8,4,8,4,8,4,8,4,7,5,7,5,6,5,6,5,5,5,5,5,5,5,0,0,0,0,0,0,0,0,0,0,0,0,0,0,0,0,0,0,0,0,0,0,10,10,10,10,10,11,9,12,9,13,9,14,8,14,7,15,7,15,6,15,6,14,5,14,5,14,5,14,5,13,6,13,6,13,7,12,7,12,8,12,7,12,8,12,8,12,9,12,9,12,9,11,0,0,34,46,32,43,33,43,33,40,29,37,32,34,31,34,31,30,31,28,32,26,33,24,34,22,33,20,33,19,34,18,34,17,32,18,34,17,33,17,31,18,29,18,28,20,25,19,25,18,21,19,23,18,18,19,16,19,0,0,0,0,0,0,0,0,0,0,0,0,0,0,48,32,42,37,40,40,36,44,37,48,35,50,33,53,34,56,30,58,27,61,24,59,22,61,23,58,23,58,21,55,20,54,22,55,24,51,23,52,26,52,27,51,29,49,32,50,32,49,35,49,34,47,36,46,35,46]"
618070024279000,51.573430600,92170,1905017302,-49,-97,6,0,1,7,0,0,256,0,0,"[0,0,14,-4,14,-4,13,-4,13,-4,12,-4,12,-4,11,-5,10,-5,10,-5,10,-6,9,-6,8,-6,8,-6,8,-6,8,-7,8,-7,8,-7,8,-7,8,-6,7,-6,8,-5,7,-5,7,-5,7,-4,7,-4,7,-3,0,0,0,0,0,0,0,0,0,0,0,0,0,0,0,0,0,0,0,0,0,0,14,-6,14,-6,15,-5,15,-4,16,-4,17,-3,17,-2,17,-1,17,-1,17,0,17,0,16,1,15,0,15,0,15,0,15,-1,15,-1,15,-2,15,-2,15,-3,15,-3,15,-4,16,-4,15,-4,15,-4,15,-4,0,0,27,-9,25,-9,25,-10,24,-9,22,-10,22,-10,21,-10,19,-11,19,-11,17,-11,16,-13,15,-13,14,-13,15,-13,15,-13,14,-14,13,-13,13,-13,13,-12,13,-12,13,-11,13,-11,12,-10,12,-9,13,-8,12,-7,12,-7,12,-5,0,0,0,0,0,0,0,0,0,0,0,0,0,0,22,-17,25,-15,26,-13,27,-10,28,-10,29,-9,31,-8,32,-6,33,-4,32,-3,32,-1,32,-2,31,-2,30,0,30,-1,29,-2,29,-2,28,-3,28,-3,28,-5,28,-6,28,-6,28,-7,27,-8,29,-9,28,-10,28,-10,29,-10]"
618070049461300,51.598612900,92171,1905040751,-49,-97,6,0,1,7,0,0,256,0,0,"[0,0,-13,-7,-13,-7,-12,-6,-11,-6,-12,-5,-11,-5,-11,-4,-11,-4,-10,-3,-10,-3,-10,-2,-10,-2,-10,-2,-10,-2,-10,-1,-10,-1,-9,-1,-10,-1,-10,-1,-9,-1,-9,-1,-8,-2,-8,-2,-8,-2,-7,-2,-7,-2,0,0,0,0,0,0,0,0,0,0,0,0,0,0,0,0,0,0,0,0,0,0,-14,-5,-14,-6,-14,-7,-14,-7,-14,-8,-14,-10,-14,-10,-13,-11,-13,-11,-12,-11,-12,-11,-12,-11,-11,-11,-11,-10,-12,-10,-11,-9,-12,-9,-12,-9,-12,-9,-13,-8,-13,-8,-13,-8,-13,-7,-13,-7,-13,-7,-13,-7,0,0,-50,-31,-47,-29,-46,-29,-46,-24,-45,-26,-41,-21,-43,-21,-41,-18,-41,-16,-40,-13,-40,-12,-39,-10,-38,-9,-40,-8,-39,-6,-39,-5,-38,-3,-38,-5,-37,-6,-37,-6,-35,-8,-33,-8,-31,-8,-30,-8,-29,-11,-28,-10,-25,-11,-24,-12,0,0,0,0,0,0,0,0,0,0,0,0,0,0,-54,-17,-53,-23,-53,-27,-53,-31,-50,-33,-50,-37,-49,-39,-51,-44,-50,-47,-47,-49,-43,-50,-43,-49,-42,-48,-40,-50,-39,-47,-39,-46,-41,-45,-40,-42,-42,-42,-41,-40,-44,-37,-44,-37,-47,-33,-48,-35,-49,-33,-49,-33,-48,-32,-51,-33]"
618070064319400,51.613471000,92172,1905056567,-49,-97,6,0,1,7,0,0,256,0,0,"[0,0,2,-15,1,-15,1,-14,1,-14,0,-14,0,-13,-1,-13,-1,-12,-1,-12,-2,-12,-2,-11,-3,-11,-3,-10,-3,-10,-4,-10,-3,-10,-4,-10,-4,-10,-3,-10,-3,-9,-3,-10,-2,-9,-2,-9,-2,-8,-2,-8,-1,-8,0,0,0,0,0,0,0,0,0,0,0,0,0,0,0,0,0,0,0,0,0,0,-1,-16,0,-16,1,-17,2,-17,3,-17,4,-17,5,-18,6,-17,6,-17,6,-17,6,-16,6,-15,6,-16,5,-15,5,-15,4,-15,4,-15,4,-16,3,-16,2,-16,2,-16,2,-16,2,-16,1,-16,1,-16,1,-16,0,0,1,-28,0,-30,0,-28,1,-25,-1,-25,-2,-25,-2,-23,-3,-23,-4,-20,-5,-21,-5,-20,-6,-19,-6,-19,-7,-19,-7,-18,-8,-19,-7,-18,-7,-18,-7,-18,-7,-17,-5,-16,-4,-16,-4,-16,-3,-16,-3,-14,-3,-14,-1,-14,0,-14,0,0,0,0,0,0,0,0,0,0,0,0,0,0,-7,-29,-5,-29,-3,-28,-1,-30,0,-31,1,-32,4,-32,5,-33,6,-32,8,-33,9,-32,10,-32,11,-31,11,-29,10,-29,9,-28,9,-29,6,-28,6,-29,6,-29,5,-29,3,-30,2,-31,3,-30,2,-30,2,-30,1,-31,1,-30]"
618070082498900,51.631650500,92173,1905076604,-49,-97,6,0,1,7,0,0,256,0,0,"[0,0,-16,3,-15,3,-14,3,-14,3,-13,3,-13,3,-12,3,-11,4,-11,4,-11,4,-10,4,-10,5,-9,5,-9,5,-9,5,-9,5,-9,5,-9,5,-9,5,-9,4,-8,4,-8,4,-8,3,-8,3,-8,2,-8,2,0,0,0,0,0,0,0,0,0,0,0,0,0,0,0,0,0,0,0,0,0,0,-15,5,-16,4,-16,4,-17,3,-17,2,-18,1,-18,1,-18,0,-18,-1,-18,-2,-18,-2,-17,-2,-17,-2,-16,-1,-16,-1,-16,0,-16,0,-16,0,-16,1,-16,1,-16,2,-16,2,-16,2,-16,2,-16,3,-16,3,0,0,-29,5,-29,5,-27,5,-26,5,-24,6,-23,6,-23,6,-21,7,-22,7,-20,8,-19,8,-18,9,-17,10,-17,10,-17,10,-17,9,-16,10,-16,9,-16,9,-16,8,-15,7,-15,7,-14,7,-14,6,-14,4,-13,3,-13,4,-13,2,0,0,0,0,0,0,0,0,0,0,0,0,0,0,-25,14,-26,11,-28,9,-29,8,-30,6,-30,5,-32,4,-34,2,-33,1,-34,-2,-32,-2,-33,-2,-32,-3,-31,-4,-30,-3,-29,-2,-29,-2,-30,-1,-29,-1,-28,0,-29,1,-29,3,-30,4,-30,4,-31,4,-30,5,-29,5,-31,5]"
618070105879700,51.655031300,92174,1905096829,-49,-97,6,0,1,7,0,0,256,0,0,"[0,0,-9,-13,-9,-13,-9,-12,-8,-11,-8,-11,-8,-11,-8,-10,-8,-9,-8,-8,-9,-8,-9,-7,-9,-7,-9,-6,-9,-6,-9,-6,-9,-6,-9,-5,-9,-6,-9,-6,-8,-6,-8,-6,-7,-6,-7,-6,-7,-5,-7,-5,-6,-5,0,0,0,0,0,0,0,0,0,0,0,0,0,0,0,0,0,0,0,0,0,0,-10,-12,-10,-13,-9,-14,-9,-15,-9,-15,-8,-16,-7,-17,-6,-17,-6,-17,-5,-17,-6,-16,-5,-16,-6,-16,-5,-16,-5,-16,-6,-15,-6,-14,-7,-14,-7,-15,-7,-14,-8,-14,-8,-14,-9,-14,-9,-13,-9,-13,-9,-14,0,0,-18,-23,-16,-24,-15,-22,-17,-21,-16,-20,-15,-19,-16,-18,-16,-17,-16,-15,-16,-14,-16,-13,-16,-13,-17,-12,-17,-12,-17,-10,-16,-10,-17,-10,-17,-9,-16,-9,-16,-10,-14,-10,-13,-10,-12,-10,-11,-10,-12,-10,-11,-10,-10,-11,-8,-11,0,0,0,0,0,0,0,0,0,0,0,0,0,0,-21,-19,-20,-21,-19,-23,-19,-24,-17,-26,-16,-26,-17,-29,-14,-30,-14,-31,-13,-31,-10,-32,-10,-31,-10,-31,-10,-29,-9,-29,-10,-28,-11,-28,-11,-27,-12,-26,-13,-26,-13,-26,-14,-26,-14,-26,-16,-26,-16,-25,-17,-25,-17,-25,-17,-25]"
618070123362200,51.672513800,92175,1905116369,-49,-97,6,0,1,7,0,0,256,0,0,"[0,0,8,-13,7,-13,7,-13,7,-12,6,-12,5,-12,5,-12,4,-11,4,-11,3,-11,3,-11,2,-11,2,-11,2,-11,1,-11,2,-10,1,-10,2,-10,2,-10,2,-9,2,-9,2,-9,2,-9,2,-8,2,-7,3,-7,0,0,0,0,0,0,0,0,0,0,0,0,0,0,0,0,0,0,0,0,0,0,6,-15,6,-15,7,-15,8,-14,9,-15,10,-14,11,-14,12,-13,12,-13,12,-12,12,-12,12,-12,11,-12,11,-12,11,-12,10,-11,10,-12,10,-12,9,-13,9,-13,8,-13,8,-14,9,-14,8,-14,7,-14,8,-14,0,0,29,-50,27,-53,25,-50,23,-43,22,-45,19,-44,19,-42,15,-44,12,-40,11,-39,10,-39,7,-40,5,-41,5,-39,5,-38,4,-38,3,-37,5,-36,4,-36,5,-34,8,-33,8,-32,8,-31,10,-28,8,-29,9,-26,12,-26,12,-24,0,0,0,0,0,0,0,0,0,0,0,0,0,0,9,-56,14,-57,19,-54,23,-54,26,-55,27,-56,32,-56,38,-53,37,-52,43,-52,43,-48,45,-46,43,-45,44,-44,42,-43,40,-42,39,-43,37,-43,36,-45,34,-46,34,-47,31,-48,32,-50,29,-51,32,-52,30,-53,31,-52,28,-52]"
618070142539500,51.691691100,92176,1905136586,-49,-97,6,0,1,7,0,0,256,0,0,"[0,0,15,0,14,-1,13,-1,14,-1,12,-1,12,-1,12,-2,11,-2,10,-3,11,-3,10,-4,10,-4,9,-4,9,-4,9,-5,9,-5,9,-5,9,-5,9,-5,9,-4,8,-4,8,-3,7,-3,7,-3,7,-2,7,-2,0,0,0,0,0,0,0,0,0,0,0,0,0,0,0,0,0,0,0,0,0,0,15,-2,15,-2,16,-1,16,0,16,1,17,2,17,3,17,4,16,3,16,4,16,5,15,5,15,4,15,4,14,3,15,3,14,2,15,2,15,1,15,1,15,1,15,0,16,0,15,0,15,0,15,0,0,0,28,1,27,-1,26,-1,26,-1,24,-2,23,-3,22,-3,21,-4,20,-4,19,-6,19,-7,17,-8,18,-8,17,-8,17,-9,18,-8,17,-8,18,-8,16,-7,17,-6,16,-6,15,-5,14,-5,14,-5,12,-5,14,-2,13,-2,13,-1,0,0,0,0,0,0,0,0,0,0,0,0,0,0,26,-10,28,-7,28,-5,29,-2,30,-2,29,1,31,2,33,5,32,6,32,8,31,9,31,8,31,9,29,8,28,8,27,6,28,6,27,6,28,6,28,4,28,3,29,3,28,3,28,1,29,-1,29,-1,30,0,31,-2]"
618070162430100,51.711581700,92177,1905156437,-49,-97,6,0,1,7,0,0,256,0,0,"[0,0,-1,15,-1,14,-1,14,-1,13,0,13,0,12,0,12,1,11,1,11,1,10,2,10,2,10,3,10,3,9,3,9,3,9,3,9,3,9,2,9,2,9,2,9,1,8,1,8,1,7,1,7,0,7,0,0,0,0,0,0,0,0,0,0,0,0,0,0,0,0,0,0,0,0,0,0,1,15,0,15,0,16,-1,16,-2,17,-3,17,-4,17,-5,17,-5,17,-6,16,-6,16,-6,15,-5,15,-5,15,-5,15,-4,14,-4,14,-3,14,-3,15,-3,15,-2,15,-2,15,-2,15,-1,15,-1,15,-1,15,0,0,1,28,0,27,1,26,1,25,1,25,2,23,3,22,3,21,5,20,5,19,5,19,6,19,7,18,7,18,7,17,7,17,8,16,7,17,6,15,6,16,6,16,6,16,4,15,3,14,3,14,2,13,1,13,0,14,0,0,0,0,0,0,0,0,0,0,0,0,0,0,9,27,5,28,3,28,2,28,0,31,-1,30,-3,31,-4,32,-5,32,-6,33,-9,32,-7,32,-9,30,-9,29,-8,29,-8,28,-7,28,-6,27,-6,27,-4,28,-4,28,-2,28,0,29,0,29,1,30,-1,29,0,29,0,28]"
618070183021300,51.732172900,92178,1905176532,-49,-97,6,0,1,7,0,0,256,0,0,"[0,0,3,-15,3,-15,3,-14,3,-13,2,-14,1,-12,1,-12,0,-12,0,-11,0,-11,0,-11,-1,-11,-2,-11,-2,-11,-2,-10,-2,-10,-2,-10,-2,-10,-2,-10,-1,-10,-1,-9,-1,-9,-1,-9,-1,-8,0,-8,0,-8,0,0,0,0,0,0,0,0,0,0,0,0,0,0,0,0,0,0,0,0,0,0,2,-15,3,-16,3,-16,4,-16,5,-16,6,-17,7,-16,7,-16,8,-16,8,-15,8,-14,8,-14,8,-14,7,-14,7,-14,6,-14,6,-14,5,-14,5,-15,5,-15,4,-15,4,-15,4,-15,4,-15,3,-16,4,-15,0,0,9,-27,9,-28,7,-27,6,-26,6,-25,7,-24,4,-24,3,-24,3,-21,1,-21,0,-21,-1,-21,-2,-20,-1,-19,-2,-20,-2,-19,-2,-20,-2,-18,-2,-19,-2,-17,0,-17,-1,-17,-1,-17,0,-16,0,-14,1,-14,2,-14,3,-13,0,0,0,0,0,0,0,0,0,0,0,0,0,0,3,-29,5,-29,6,-29,9,-28,10,-30,11,-28,14,-30,15,-28,16,-29,18,-28,19,-27,19,-28,19,-26,18,-25,17,-24,17,-24,17,-25,15,-25,14,-24,14,-26,12,-25,12,-27,12,-27,11,-28,11,-28,9,-29,9,-29,10,-28]"
618070206279100,51.755430700,92179,1905197826,-49,-97,6,0,1,7,0,0,256,0,0,"[0,0,7,-13,7,-13,7,-13,7,-12,6,-12,5,-12,5,-12,4,-11,3,-11,3,-11,3,-11,2,-11,1,-11,1,-11,1,-11,1,-10,1,-10,1,-10,1,-10,2,-9,2,-9,2,-9,2,-9,2,-8,2,-7,2,-7,0,0,0,0,0,0,0,0,0,0,0,0,0,0,0,0,0,0,0,0,0,0,5,-14,6,-14,7,-14,8,-14,9,-14,10,-14,11,-13,11,-13,12,-13,11,-12,11,-12,11,-11,11,-11,11,-11,10,-11,10,-11,9,-12,10,-12,9,-12,8,-13,8,-13,8,-13,8,-14,8,-14,7,-14,8,-14,0,0,37,-42,37,-45,33,-44,33,-41,31,-39,28,-41,26,-39,22,-39,21,-37,17,-37,17,-38,15,-37,14,-38,12,-37,12,-37,12,-36,12,-38,11,-35,12,-34,13,-35,12,-32,12,-31,13,-31,14,-28,14,-26,15,-24,16,-23,19,-21,0,0,0,0,0,0,0,0,0,0,0,0,0,0,18,-55,26,-52,31,-49,33,-48,37,-48,38,-45,44,-47,48,-45,49,-44,50,-43,52,-39,53,-39,53,-35,52,-34,48,-34,49,-35,46,-34,46,-35,44,-35,45,-38,42,-39,40,-42,40,-44,39,-46,40,-45,40,-46,38,-47,38,-46]"
618070223125700,51.772277300,92180,1905220606,-49,-97,6,0,1,7,0,0,256,0,0,"[0,0,-15,5,-14,5,-13,5,-13,4,-12,5,-11,4,-11,5,-10,5,-10,5,-10,5,-9,6,-8,6,-8,6,-8,6,-8,6,-8,6,-7,6,-8,6,-8,5,-8,5,-8,5,-8,5,-7,4,-7,4,-7,3,-7,3,0,0,0,0,0,0,0,0,0,0,0,0,0,0,0,0,0,0,0,0,0,0,-13,7,-14,7,-14,6,-15,5,-16,5,-17,4,-17,3,-17,3,-17,2,-17,2,-17,1,-16,1,-16,2,-15,1,-16,2,-15,2,-15,2,-15,3,-15,3,-14,4,-15,4,-15,4,-15,5,-15,5,-15,5,-15,5,0,0,-27,11,-26,12,-25,11,-24,11,-23,11,-22,12,-21,11,-19,11,-19,11,-18,11,-17,13,-15,12,-15,13,-15,14,-14,13,-14,12,-14,14,-15,14,-14,13,-15,12,-14,10,-13,10,-13,9,-13,9,-12,7,-13,7,-13,6,-13,6,0,0,0,0,0,0,0,0,0,0,0,0,0,0,-22,18,-24,17,-25,14,-27,13,-28,13,-28,11,-30,10,-33,8,-33,7,-34,5,-32,4,-32,3,-33,3,-31,3,-30,3,-29,4,-30,4,-29,5,-29,6,-29,6,-29,8,-28,9,-28,9,-29,9,-29,9,-29,11,-28,11,-29,10]"
618070243340200,51.792491800,92181,1905236422,-49,-97,6,0,1,7,0,0,256,0,0,"[0,0,-10,-12,-10,-12,-10,-11,-9,-11,-10,-11,-9,-10,-9,-9,-9,-8,-9,-7,-9,-7,-9,-6,-9,-6,-9,-6,-9,-6,-9,-5,-10,-5,-9,-5,-9,-5,-9,-5,-9,-6,-8,-5,-8,-5,-7,-6,-7,-6,-6,-5,-6,-5,0,0,0,0,0,0,0,0,0,0,0,0,0,0,0,0,0,0,0,0,0,0,-12,-10,-12,-11,-11,-12,-11,-13,-10,-14,-10,-15,-10,-15,-9,-16,-8,-16,-8,-16,-8,-16,-7,-15,-7,-15,-7,-15,-7,-14,-8,-14,-8,-14,-9,-13,-9,-14,-10,-13,-10,-13,-10,-13,-10,-13,-11,-13,-11,-12,-11,-12,0,0,-38,-43,-38,-43,-35,-41,-37,-37,-35,-36,-33,-35,-35,-32,-35,-30,-33,-26,-35,-23,-35,-22,-35,-20,-34,-19,-35,-19,-35,-16,-36,-17,-33,-17,-34,-17,-33,-16,-32,-17,-30,-17,-29,-16,-26,-18,-25,-18,-24,-18,-21,-18,-20,-19,-18,-20,0,0,0,0,0,0,0,0,0,0,0,0,0,0,-48,-28,-45,-35,-43,-40,-40,-42,-42,-43,-39,-46,-38,-51,-36,-54,-35,-55,-33,-57,-31,-58,-27,-60,-27,-56,-25,-57,-25,-55,-25,-53,-26,-51,-30,-50,-30,-50,-31,-50,-30,-48,-34,-46,-35,-46,-38,-46,-39,-46,-38,-46,-38,-47,-39,-43]"
618070262830200,51.811981800,92182,1905256533,-49,-97,6,0,1,7,0,0,256,0,0,"[0,0,10,11,10,10,10,10,10,9,9,9,9,8,9,7,9,7,9,6,9,5,9,5,9,4,9,4,9,4,9,4,9,3,9,3,9,3,8,3,9,3,8,3,7,3,7,4,6,4,6,4,6,4,0,0,0,0,0,0,0,0,0,0,0,0,0,0,0,0,0,0,0,0,0,0,11,9,11,10,11,11,11,11,10,12,10,13,9,14,9,14,8,15,8,15,7,15,7,14,7,14,7,14,7,13,8,12,8,12,8,12,9,12,9,11,10,11,10,11,11,12,10,11,11,11,11,11,0,0,40,38,44,37,40,36,40,32,38,30,38,28,36,27,37,25,36,21,36,19,35,18,34,15,36,13,35,14,37,10,36,11,34,11,34,11,35,11,33,13,31,13,30,13,27,16,25,13,25,14,23,16,23,15,20,17,0,0,0,0,0,0,0,0,0,0,0,0,0,0,47,24,47,29,46,34,44,37,45,39,41,41,42,46,42,48,39,51,37,54,34,54,33,55,31,53,31,53,29,52,29,50,30,46,33,46,35,44,35,45,38,43,38,41,39,42,42,40,43,41,43,39,41,41,44,40]"
618070283383600,51.832535200,92183,1905277268,-49,-97,6,0,1,7,0,0,256,0,0,"[0,0,4,-15,3,-15,3,-14,3,-13,3,-13,2,-13,1,-12,1,-12,1,-11,0,-11,-1,-11,-1,-11,-1,-11,-2,-11,-2,-10,-2,-10,-2,-10,-2,-10,-1,-10,-1,-10,-1,-10,-1,-9,-1,-9,0,-9,0,-8,0,-8,0,0,0,0,0,0,0,0,0,0,0,0,0,0,0,0,0,0,0,0,0,0,2,-15,3,-15,4,-16,5,-16,6,-16,6,-16,8,-15,8,-15,9,-15,9,-15,9,-14,8,-14,8,-14,8,-14,7,-14,6,-13,7,-13,6,-14,5,-14,5,-14,5,-15,5,-15,5,-15,4,-15,4,-16,4,-15,0,0,24,-50,23,-51,24,-50,19,-49,21,-48,17,-45,16,-45,14,-44,10,-42,7,-40,5,-40,4,-39,2,-40,2,-39,2,-38,2,-39,0,-39,1,-39,2,-36,3,-35,5,-35,5,-35,4,-31,6,-30,6,-29,7,-27,10,-27,12,-26,0,0,0,0,0,0,0,0,0,0,0,0,0,0,9,-55,16,-56,19,-54,24,-54,23,-54,28,-55,32,-53,37,-54,37,-53,41,-50,42,-49,43,-47,42,-46,42,-44,41,-43,39,-42,39,-45,34,-44,33,-45,32,-47,32,-48,29,-50,29,-51,28,-53,28,-51,26,-55,26,-54,27,-55]"
618070309542000,51.858693600,92184,1905300294,-49,-97,6,0,1,7,0,0,256,0,0,"[0,0,-4,-15,-5,-15,-5,-14,-4,-14,-5,-14,-5,-13,-5,-12,-6,-12,-5,-11,-6,-10,-6,-10,-6,-10,-7,-9,-7,-9,-7,-8,-7,-8,-7,-9,-7,-9,-6,-8,-6,-8,-6,-8,-5,-8,-5,-8,-4,-8,-4,-7,-4,-8,0,0,0,0,0,0,0,0,0,0,0,0,0,0,0,0,0,0,0,0,0,0,-7,-14,-6,-15,-5,-16,-4,-16,-4,-17,-3,-17,-2,-18,-1,-18,-1,-18,0,-18,0,-17,0,-17,0,-17,-1,-16,-1,-16,-2,-15,-2,-15,-2,-16,-3,-16,-3,-16,-3,-16,-4,-16,-4,-16,-5,-16,-5,-16,-4,-16,0,0,-10,-27,-9,-28,-10,-26,-10,-24,-10,-24,-10,-23,-10,-22,-10,-21,-11,-19,-13,-18,-13,-16,-13,-16,-13,-15,-13,-15,-15,-14,-13,-14,-14,-14,-13,-14,-13,-14,-13,-14,-12,-14,-10,-14,-10,-13,-9,-13,-9,-12,-8,-13,-6,-13,-5,-13,0,0,0,0,0,0,0,0,0,0,0,0,0,0,-16,-24,-14,-26,-12,-26,-10,-27,-10,-29,-8,-29,-8,-32,-7,-33,-3,-33,-3,-33,-1,-33,-2,-34,-2,-32,-1,-31,-1,-31,-2,-30,-3,-29,-4,-29,-4,-29,-5,-28,-5,-29,-6,-30,-7,-29,-8,-29,-9,-29,-10,-30,-10,-29,-10,-28]"
618070324255300,51.873406900,92185,1905318451,-49,-97,6,0,1,7,0,0,256,0,0,"[0,0,15,0,14,0,13,0,13,0,13,-1,12,-1,12,-1,11,-2,11,-2,10,-3,10,-3,9,-4,10,-4,9,-4,9,-4,9,-4,8,-4,9,-4,9,-4,9,-4,8,-3,8,-3,8,-3,7,-2,7,-2,7,-1,0,0,0,0,0,0,0,0,0,0,0,0,0,0,0,0,0,0,0,0,0,0,14,-2,15,-1,15,0,15,0,15,1,16,2,16,3,16,4,16,5,15,5,15,5,15,4,15,5,14,4,14,4,14,3,15,3,14,2,14,2,14,1,15,1,15,1,15,1,15,0,15,0,15,0,0,0,28,-1,27,-2,27,-2,26,-2,25,-3,23,-4,23,-3,21,-5,21,-5,20,-6,19,-8,18,-9,18,-8,17,-8,17,-9,18,-9,17,-9,17,-9,17,-9,17,-7,16,-6,15,-6,15,-6,14,-5,14,-4,13,-4,14,-3,13,-2,0,0,0,0,0,0,0,0,0,0,0,0,0,0,26,-10,28,-7,28,-5,29,-3,29,-2,30,-1,30,1,32,3,32,4,32,7,31,8,31,8,30,7,30,8,29,7,27,6,28,6,28,4,28,3,28,4,29,2,28,1,29,1,29,0,31,0,30,-2,30,-2,31,-2]"
618070357150700,51.906302300,92186,1905337276,-49,-97,6,0,1,7,0,0,256,0,0,"[0,0,-5,14,-4,14,-4,13,-4,13,-3,13,-3,12,-2,12,-2,12,-1,11,-1,11,-1,10,0,11,0,10,1,10,1,10,1,10,1,10,1,10,0,9,0,9,0,9,0,9,0,8,-1,8,-1,7,-1,7,0,0,0,0,0,0,0,0,0,0,0,0,0,0,0,0,0,0,0,0,0,0,-3,15,-3,15,-4,15,-5,15,-6,16,-7,16,-8,16,-9,15,-9,15,-9,15,-9,14,-9,14,-9,13,-9,13,-8,13,-8,13,-7,13,-7,14,-6,14,-5,14,-5,14,-5,15,-5,15,-5,15,-5,15,-4,15,0,0,-9,27,-10,26,-8,25,-8,24,-7,24,-7,22,-5,22,-4,22,-3,20,-2,20,-1,19,-1,20,1,18,1,19,1,19,1,18,1,18,0,19,1,17,0,17,-1,16,0,16,-2,15,-2,15,-3,14,-2,12,-4,13,-5,12,0,0,0,0,0,0,0,0,0,0,0,0,0,0,-2,26,-6,27,-8,26,-9,26,-10,27,-11,28,-13,28,-15,28,-16,27,-18,27,-18,26,-19,25,-19,24,-19,23,-18,22,-18,23,-16,23,-15,23,-15,24,-14,24,-14,25,-12,25,-12,26,-11,27,-12,26,-11,27,-11,28,-11,26]"
618070382549000,51.931700600,92187,1905356908,-49,-97,6,0,1,7,0,0,256,0,0,"[0,0,3,15,3,14,3,14,3,13,3,13,3,12,4,12,4,11,4,10,4,10,4,10,5,9,5,9,5,9,5,8,5,8,5,9,5,8,4,8,4,8,4,8,4,8,3,7,2,8,2,7,2,7,0,0,0,0,0,0,0,0,0,0,0,0,0,0,0,0,0,0,0,0,0,0,6,13,5,14,4,15,4,16,3,16,2,17,1,17,1,17,0,17,0,17,-1,16,-1,16,-1,16,-1,15,0,16,0,15,0,15,1,15,1,15,2,15,2,15,3,15,3,16,3,16,3,15,4,15,0,0,5,29,5,27,4,26,6,25,5,25,5,23,5,22,6,21,7,20,8,19,9,18,10,18,10,17,10,17,11,15,10,16,10,15,10,15,9,15,8,16,7,15,7,15,6,14,6,14,5,14,4,13,3,13,2,13,0,0,0,0,0,0,0,0,0,0,0,0,0,0,13,25,11,26,9,27,7,28,6,29,4,29,3,31,1,32,-2,32,-2,32,-4,32,-3,32,-3,31,-2,31,-4,30,-2,29,-3,29,-1,28,-1,29,1,28,2,28,1,30,2,29,3,30,5,29,6,30,6,29,5,29]"
618070402839800,51.951991400,92188,1905376565,-49,-97,6,0,1,7,0,0,256,0,0,"[0,0,14,3,14,3,13,2,13,2,13,2,12,2,11,1,11,1,11,0,11,-1,11,-1,10,-1,10,-2,10,-2,10,-2,10,-2,10,-2,10,-2,9,-2,9,-1,9,-1,8,0,8,-1,7,0,8,0,7,0,0,0,0,0,0,0,0,0,0,0,0,0,0,0,0,0,0,0,0,0,0,0,15,0,15,1,15,2,15,2,16,3,16,4,16,5,16,6,15,7,15,7,15,7,14,7,14,6,14,6,13,6,14,5,14,5,14,5,14,4,14,4,14,4,14,4,15,3,15,3,15,3,15,2,0,0,28,8,25,7,27,7,25,5,25,6,22,4,23,5,21,3,23,3,20,1,21,-1,20,-1,19,-2,20,-2,18,-2,20,-2,18,-3,20,-2,19,-2,18,-1,17,0,16,0,15,0,14,1,15,2,15,2,12,2,13,3,0,0,0,0,0,0,0,0,0,0,0,0,0,0,27,-2,28,1,29,3,30,5,27,6,29,8,29,10,30,12,28,14,28,16,28,18,26,16,27,15,27,16,26,15,25,14,26,14,24,14,26,12,25,11,27,11,27,10,26,10,28,10,28,8,28,7,29,8,30,7]"
618070416883300,51.966034900,92189,1905396600,-49,-97,6,0,1,7,0,0,256,0,0,"[0,0,1,-16,1,-16,0,-15,0,-14,0,-14,0,-14,-1,-13,-1,-13,-1,-12,-2,-12,-2,-11,-3,-11,-3,-11,-4,-11,-3,-10,-3,-11,-4,-10,-3,-10,-3,-10,-3,-10,-2,-10,-2,-10,-2,-9,-2,-9,-2,-8,-1,-8,0,0,0,0,0,0,0,0,0,0,0,0,0,0,0,0,0,0,0,0,0,0,-1,-16,0,-16,0,-16,1,-17,2,-17,3,-18,4,-17,5,-17,5,-17,6,-17,6,-16,5,-16,5,-16,5,-16,5,-16,4,-15,4,-15,3,-15,3,-16,2,-16,2,-16,2,-16,2,-16,1,-17,1,-17,1,-17,0,0,8,-28,7,-30,7,-27,5,-26,5,-25,4,-24,3,-24,2,-23,2,-22,0,-21,-1,-21,-1,-21,-2,-21,-2,-21,-3,-20,-3,-19,-3,-20,-4,-19,-3,-19,-2,-19,-2,-18,0,-18,0,-17,0,-15,0,-16,1,-14,2,-15,3,-14,0,0,0,0,0,0,0,0,0,0,0,0,0,0,0,-29,2,-29,5,-29,6,-29,8,-31,9,-29,12,-31,12,-30,14,-29,16,-29,18,-28,18,-28,16,-27,17,-26,17,-26,15,-26,14,-26,14,-26,12,-26,12,-27,11,-26,10,-28,9,-27,9,-30,8,-30,9,-29,8,-30,9,-29]"
618070431706600,51.980858200,92190,1905421704,-49,-97,6,0,1,7,0,0,256,0,0,"[0,0,-16,0,-15,0,-14,0,-14,0,-13,0,-13,1,-13,1,-12,1,-12,2,-12,2,-11,3,-10,3,-10,3,-10,4,-10,4,-10,4,-9,4,-10,4,-10,3,-10,3,-9,3,-8,2,-8,2,-8,2,-8,1,-8,1,0,0,0,0,0,0,0,0,0,0,0,0,0,0,0,0,0,0,0,0,0,0,-15,2,-16,1,-16,0,-16,-1,-17,-2,-17,-3,-18,-3,-18,-4,-17,-5,-17,-5,-16,-5,-16,-5,-16,-5,-15,-4,-15,-4,-16,-3,-15,-3,-16,-3,-15,-2,-15,-1,-16,-2,-16,-1,-17,-1,-16,0,-16,0,-16,0,0,0,-30,0,-30,1,-27,1,-27,1,-24,2,-25,2,-24,3,-23,4,-22,4,-21,6,-20,6,-19,6,-19,8,-19,7,-19,7,-18,8,-18,8,-18,7,-18,6,-18,6,-17,6,-17,5,-16,5,-15,4,-15,2,-15,2,-14,1,-14,0,0,0,0,0,0,0,0,0,0,0,0,0,0,0,-27,9,-28,6,-29,4,-29,1,-31,0,-30,-1,-32,-3,-32,-4,-33,-5,-33,-7,-32,-8,-32,-9,-31,-8,-31,-8,-29,-9,-28,-8,-28,-7,-30,-6,-28,-5,-30,-5,-29,-3,-29,-3,-29,-1,-30,-1,-31,0,-30,1,-31,1,-30,0]"
618070446887500,51.996039100,92191,1905436521,-49,-97,6,0,1,7,0,0,256,0,0,"[0,0,-9,-13,-9,-13,-9,-12,-9,-11,-9,-11,-8,-10,-9,-10,-8,-9,-9,-8,-9,-8,-9,-7,-9,-7,-9,-7,-9,-7,-9,-6,-9,-6,-9,-6,-9,-6,-9,-6,-8,-6,-8,-6,-7,-6,-7,-6,-6,-6,-6,-6,-5,-6,0,0,0,0,0,0,0,0,0,0,0,0,0,0,0,0,0,0,0,0,0,0,-11,-12,-11,-12,-10,-13,-10,-14,-9,-15,-9,-15,-8,-16,-8,-16,-7,-16,-6,-16,-6,-16,-6,-16,-6,-16,-6,-15,-6,-15,-7,-14,-7,-14,-7,-14,-8,-14,-8,-13,-9,-14,-9,-14,-10,-14,-10,-13,-9,-13,-10,-13,0,0,-30,-49,-32,-51,-30,-47,-28,-45,-27,-42,-28,-40,-27,-38,-29,-36,-30,-32,-29,-30,-31,-30,-31,-29,-31,-27,-30,-25,-32,-25,-32,-24,-31,-24,-29,-22,-31,-22,-29,-23,-28,-23,-24,-23,-24,-23,-21,-23,-20,-24,-19,-22,-16,-24,-14,-24,0,0,0,0,0,0,0,0,0,0,0,0,0,0,-43,-37,-39,-43,-36,-47,-36,-47,-35,-51,-30,-53,-31,-58,-28,-59,-27,-61,-24,-63,-20,-63,-18,-63,-16,-62,-15,-61,-14,-59,-15,-57,-16,-54,-21,-56,-21,-52,-22,-56,-22,-51,-26,-51,-27,-52,-30,-53,-31,-52,-30,-52,-29,-53,-31,-51]"
618070462019000,52.011170600,92192,1905456602,-49,-97,6,0,1,7,0,0,256,0,0,"[0,0,3,15,3,14,3,14,3,13,3,13,4,12,4,11,4,11,4,10,5,9,5,9,5,9,6,9,6,8,6,8,6,8,6,8,6,8,5,7,5,7,4,7,4,7,3,7,4,7,3,7,3,7,0,0,0,0,0,0,0,0,0,0,0,0,0,0,0,0,0,0,0,0,0,0,4,14,4,15,3,15,3,16,2,16,1,17,0,17,-1,17,-1,17,-2,17,-2,16,-2,16,-2,16,-2,15,-1,15,0,15,0,15,1,15,1,15,2,15,2,15,3,15,3,15,3,15,3,15,3,15,0,0,5,28,4,27,5,26,5,25,5,24,7,23,7,22,6,21,8,19,8,19,8,18,9,17,9,17,9,15,11,15,11,15,10,16,10,15,10,15,9,16,8,14,8,14,6,15,6,14,6,12,4,12,4,13,2,13,0,0,0,0,0,0,0,0,0,0,0,0,0,0,11,25,9,27,6,27,5,26,5,30,3,29,1,33,0,31,0,32,-3,32,-2,31,-5,32,-5,31,-5,31,-6,29,-5,29,-3,27,-2,29,-1,28,-1,29,1,28,3,29,3,29,4,28,3,30,3,29,4,28,5,29]"
618070487574100,52.036725700,92193,1905480096,-49,-97,6,0,1,7,0,0,256,0,0,"[0,0,-8,-13,-8,-13,-7,-13,-7,-12,-8,-11,-8,-11,-8,-11,-8,-10,-8,-9,-8,-8,-8,-8,-8,-8,-8,-8,-8,-7,-9,-7,-8,-6,-9,-7,-8,-6,-8,-6,-8,-6,-8,-6,-7,-6,-6,-6,-6,-6,-5,-6,-5,-6,0,0,0,0,0,0,0,0,0,0,0,0,0,0,0,0,0,0,0,0,0,0,-9,-13,-8,-13,-8,-14,-7,-14,-7,-16,-6,-16,-6,-16,-5,-17,-5,-17,-4,-17,-3,-16,-3,-16,-4,-16,-3,-15,-4,-15,-5,-15,-5,-14,-6,-15,-6,-14,-7,-14,-7,-14,-8,-14,-8,-14,-7,-14,-8,-14,-8,-14,0,0,-12,-25,-13,-27,-11,-25,-12,-24,-12,-23,-13,-21,-13,-19,-13,-20,-13,-18,-14,-17,-14,-16,-14,-16,-14,-14,-14,-14,-16,-14,-15,-13,-14,-14,-15,-13,-15,-13,-13,-13,-13,-12,-11,-12,-11,-13,-10,-13,-9,-12,-8,-12,-8,-12,-6,-13,0,0,0,0,0,0,0,0,0,0,0,0,0,0,-17,-22,-14,-24,-14,-25,-12,-26,-13,-28,-11,-28,-9,-31,-9,-31,-8,-32,-6,-32,-5,-32,-4,-33,-3,-31,-3,-31,-3,-30,-3,-29,-4,-28,-6,-29,-6,-28,-7,-28,-8,-28,-10,-28,-11,-28,-12,-29,-12,-29,-11,-29,-11,-28,-12,-28]"
618070506029700,52.055181300,92194,1905496646,-49,-97,6,0,1,7,0,0,256,0,0,"[0,0,-4,-15,-4,-15,-4,-14,-4,-14,-4,-14,-4,-13,-5,-12,-5,-12,-5,-11,-5,-11,-6,-10,-6,-10,-6,-10,-6,-9,-7,-9,-6,-9,-6,-9,-6,-9,-6,-9,-5,-9,-5,-9,-5,-8,-4,-8,-4,-8,-4,-8,-3,-8,0,0,0,0,0,0,0,0,0,0,0,0,0,0,0,0,0,0,0,0,0,0,-6,-14,-6,-15,-5,-15,-4,-16,-4,-17,-3,-17,-2,-18,-1,-18,-1,-18,0,-18,0,-17,0,-17,0,-17,0,-16,0,-16,-1,-16,-1,-15,-2,-16,-3,-16,-3,-16,-3,-16,-4,-16,-3,-16,-4,-16,-4,-16,-4,-15,0,0,-12,-25,-11,-26,-11,-25,-10,-24,-11,-23,-11,-22,-11,-21,-11,-21,-12,-18,-12,-17,-13,-16,-13,-16,-14,-16,-14,-15,-14,-14,-14,-14,-14,-14,-13,-14,-13,-13,-13,-14,-12,-13,-10,-14,-9,-13,-8,-12,-9,-13,-8,-12,-6,-13,-5,-13,0,0,0,0,0,0,0,0,0,0,0,0,0,0,-18,-21,-16,-24,-14,-25,-13,-26,-12,-28,-11,-28,-10,-31,-9,-31,-8,-32,-6,-33,-5,-32,-4,-32,-4,-31,-3,-31,-3,-30,-4,-30,-4,-29,-6,-28,-5,-28,-6,-28,-8,-28,-9,-28,-9,-28,-10,-28,-11,-28,-11,-27,-11,-27,-11,-28]"
618070527096700,52.076248300,92195,1905519738,-49,-97,6,0,1,7,0,0,256,0,0,"[0,0,-13,8,-12,8,-12,8,-12,8,-11,8,-10,7,-10,7,-9,7,-9,8,-8,8,-7,8,-7,8,-6,8,-6,8,-6,8,-6,8,-6,8,-6,8,-6,8,-6,7,-6,7,-6,6,-6,6,-5,6,-6,5,-6,5,0,0,0,0,0,0,0,0,0,0,0,0,0,0,0,0,0,0,0,0,0,0,-12,9,-13,9,-13,8,-14,8,-15,8,-16,7,-16,6,-17,5,-17,5,-16,5,-16,4,-16,4,-15,4,-15,4,-15,5,-14,5,-14,5,-14,6,-14,6,-14,7,-14,7,-14,7,-14,8,-13,9,-13,9,-13,8,0,0,-26,11,-26,12,-25,11,-24,11,-22,11,-21,12,-20,12,-18,12,-18,13,-17,13,-16,13,-16,13,-15,14,-14,14,-14,14,-14,13,-13,14,-13,14,-13,13,-14,12,-13,11,-12,11,-13,10,-12,9,-13,8,-13,7,-12,6,-12,5,0,0,0,0,0,0,0,0,0,0,0,0,0,0,-22,17,-24,15,-25,14,-26,13,-28,12,-28,10,-30,10,-32,8,-33,8,-33,6,-32,4,-33,4,-31,3,-31,3,-31,3,-29,3,-29,5,-28,5,-28,6,-28,6,-29,8,-28,9,-28,10,-28,11,-28,11,-28,11,-28,11,-29,12]"
618070542767800,52.091919400,92196,1905536721,-49,-97,6,0,1,7,0,0,256,0,0,"[0,0,9,12,9,12,8,11,8,10,8,10,8,9,8,9,8,8,8,7,8,7,8,6,8,6,8,6,8,5,8,5,8,5,8,5,8,5,8,5,7,5,7,5,6,5,6,5,6,5,5,5,5,5,0,0,0,0,0,0,0,0,0,0,0,0,0,0,0,0,0,0,0,0,0,0,11,10,10,11,10,12,10,12,9,13,9,14,8,14,7,15,7,15,6,15,6,15,5,15,6,15,6,14,6,14,6,14,6,13,7,13,7,13,8,12,8,13,9,13,9,13,9,12,9,13,9,12,0,0,34,47,31,44,32,44,34,41,29,40,31,36,30,34,30,32,31,28,31,26,32,26,30,25,31,23,32,22,31,20,34,20,32,19,33,19,31,18,29,20,28,21,26,20,23,21,22,19,19,20,21,20,17,21,14,22,0,0,0,0,0,0,0,0,0,0,0,0,0,0,43,32,40,41,39,41,37,45,36,47,34,50,32,53,32,56,29,58,26,60,24,61,22,62,19,62,17,59,18,59,18,54,21,54,23,52,25,52,26,50,27,52,29,49,30,49,33,48,35,49,33,50,33,50,35,49]"
618070564816100,52.113967700,92197,1905556862,-49,-97,6,0,1,7,0,0,256,0,0,"[0,0,-15,-6,-14,-6,-13,-6,-13,-5,-13,-5,-12,-4,-12,-4,-12,-3,-11,-3,-11,-2,-11,-2,-11,-1,-11,-1,-11,-1,-11,-1,-11,0,-10,0,-10,0,-10,-1,-10,-1,-9,-1,-9,-1,-9,-1,-8,-2,-8,-2,-8,-2,0,0,0,0,0,0,0,0,0,0,0,0,0,0,0,0,0,0,0,0,0,0,-15,-4,-15,-5,-15,-6,-15,-7,-15,-8,-15,-9,-15,-10,-15,-10,-14,-11,-13,-11,-13,-11,-13,-10,-13,-10,-13,-10,-12,-10,-13,-9,-13,-9,-13,-8,-14,-8,-14,-8,-14,-7,-14,-7,-15,-7,-15,-6,-15,-6,-15,-6,0,0,-53,-28,-48,-26,-49,-26,-46,-22,-46,-21,-44,-19,-42,-17,-42,-15,-40,-12,-40,-11,-40,-8,-40,-6,-38,-5,-38,-5,-38,-3,-38,-3,-38,-5,-39,-2,-39,-5,-37,-6,-35,-7,-30,-6,-30,-8,-29,-7,-29,-8,-26,-9,-25,-10,-25,-12,0,0,0,0,0,0,0,0,0,0,0,0,0,0,-55,-10,-54,-16,-54,-21,-54,-25,-53,-26,-53,-30,-54,-34,-54,-39,-52,-41,-50,-43,-48,-43,-46,-45,-47,-45,-45,-43,-42,-44,-43,-39,-42,-39,-44,-35,-46,-36,-46,-34,-47,-33,-50,-33,-48,-32,-51,-28,-51,-28,-52,-29,-53,-29,-54,-27]"
618070584094300,52.133245900,92198,1905578587,-49,-97,6,0,1,7,0,0,256,0,0,"[0,0,0,15,0,14,0,14,0,13,0,13,1,12,1,12,1,11,1,10,2,10,2,9,3,10,3,9,3,9,3,9,3,9,3,9,3,8,3,8,3,8,2,8,2,8,1,8,1,7,1,7,1,7,0,0,0,0,0,0,0,0,0,0,0,0,0,0,0,0,0,0,0,0,0,0,2,14,1,15,0,15,-1,15,-2,16,-2,16,-4,16,-4,16,-5,16,-5,16,-5,16,-5,15,-5,15,-4,15,-4,15,-4,14,-3,14,-3,14,-2,15,-2,14,-1,15,-1,15,-1,15,0,16,0,15,0,15,0,0,-1,28,-2,29,-1,26,-1,26,0,24,1,24,2,23,2,22,3,20,4,21,4,19,4,19,5,18,5,17,7,18,6,17,7,18,6,16,6,17,5,17,5,16,4,15,4,16,2,14,2,14,1,13,1,14,-2,13,0,0,0,0,0,0,0,0,0,0,0,0,0,0,5,28,2,28,0,28,-1,27,-2,31,-4,29,-6,32,-7,31,-7,32,-10,32,-10,30,-13,31,-13,29,-12,29,-13,28,-11,27,-10,27,-9,29,-7,26,-8,28,-6,27,-4,29,-4,29,-3,29,-3,30,-4,30,-2,30,-2,29]"
618070606413000,52.155564600,92199,1905597685,-49,-97,6,0,1,7,0,0,256,0,0,"[0,0,-3,-15,-3,-14,-3,-14,-3,-13,-3,-13,-4,-12,-4,-12,-4,-11,-4,-11,-4,-10,-5,-10,-5,-9,-5,-9,-5,-9,-6,-9,-6,-9,-6,-8,-5,-8,-5,-8,-5,-8,-4,-8,-4,-8,-4,-8,-3,-8,-3,-7,-3,-7,0,0,0,0,0,0,0,0,0,0,0,0,0,0,0,0,0,0,0,0,0,0,-5,-14,-5,-15,-4,-16,-4,-16,-3,-16,-2,-17,-1,-17,0,-17,0,-17,1,-17,1,-16,1,-16,1,-16,1,-16,0,-16,0,-15,-1,-15,-1,-15,-2,-15,-2,-15,-2,-15,-3,-16,-3,-15,-3,-15,-3,-15,-3,-15,0,0,-9,-27,-10,-28,-8,-26,-9,-24,-8,-24,-8,-22,-9,-21,-10,-21,-10,-19,-12,-17,-11,-17,-12,-16,-13,-16,-12,-15,-13,-16,-13,-14,-12,-15,-12,-14,-11,-14,-11,-13,-10,-13,-8,-14,-9,-14,-8,-14,-7,-13,-7,-12,-5,-13,-5,-12,0,0,0,0,0,0,0,0,0,0,0,0,0,0,-16,-24,-14,-26,-11,-26,-10,-28,-9,-30,-7,-29,-7,-31,-4,-31,-4,-32,-2,-33,-1,-32,0,-33,0,-31,0,-30,0,-30,0,-29,-1,-28,-2,-29,-3,-28,-3,-28,-6,-28,-6,-28,-7,-28,-8,-29,-8,-28,-8,-29,-8,-30,-8,-29]"
618070627986800,52.177138400,92200,1905622156,-49,-97,6,0,1,7,0,0,256,0,0,"[0,0,-10,12,-9,12,-8,11,-9,11,-8,10,-8,10,-7,10,-6,10,-6,9,-5,9,-5,9,-4,9,-4,10,-3,9,-4,9,-3,9,-3,9,-3,9,-4,9,-4,8,-4,8,-4,8,-4,7,-4,7,-4,6,-4,6,0,0,0,0,0,0,0,0,0,0,0,0,0,0,0,0,0,0,0,0,0,0,-8,13,-9,13,-9,12,-10,12,-11,13,-13,12,-13,12,-14,11,-14,10,-14,10,-14,10,-13,9,-13,9,-13,9,-12,9,-12,10,-12,10,-12,10,-11,10,-11,11,-11,11,-11,11,-11,12,-10,12,-9,12,-10,12,0,0,-34,47,-31,45,-30,46,-29,42,-27,42,-25,40,-22,40,-20,39,-19,38,-17,37,-13,39,-11,38,-10,37,-10,35,-8,38,-9,37,-9,38,-9,36,-9,35,-10,34,-10,31,-11,31,-10,29,-11,27,-11,26,-12,23,-14,23,-15,21,0,0,0,0,0,0,0,0,0,0,0,0,0,0,-19,52,-24,51,-27,49,-33,48,-35,48,-38,48,-41,49,-46,47,-48,44,-50,42,-50,41,-51,39,-51,39,-51,36,-48,36,-45,37,-45,37,-42,36,-40,37,-41,39,-39,42,-39,46,-38,43,-37,45,-37,47,-35,48,-33,49,-35,46]"
618070643505600,52.192657200,92201,1905636645,-49,-97,6,0,1,7,0,0,256,0,0,"[0,0,-16,1,-15,1,-14,1,-14,1,-14,1,-13,1,-12,2,-12,2,-11,3,-11,3,-11,3,-10,3,-10,3,-9,4,-10,4,-9,4,-9,4,-9,4,-9,4,-9,3,-9,3,-8,3,-8,2,-8,2,-8,1,-8,1,0,0,0,0,0,0,0,0,0,0,0,0,0,0,0,0,0,0,0,0,0,0,-15,3,-16,2,-16,1,-16,1,-17,-1,-17,-1,-18,-2,-18,-3,-18,-3,-18,-4,-17,-4,-17,-4,-16,-4,-16,-4,-16,-3,-16,-2,-16,-2,-16,-2,-15,-1,-16,0,-16,0,-16,0,-17,0,-16,0,-16,0,-16,1,0,0,-29,5,-28,5,-27,5,-26,5,-24,5,-23,5,-22,6,-21,7,-21,7,-19,8,-19,9,-18,9,-17,9,-17,9,-17,9,-17,9,-16,9,-16,9,-16,9,-15,9,-15,7,-15,7,-15,7,-13,6,-14,5,-14,4,-13,3,-13,3,0,0,0,0,0,0,0,0,0,0,0,0,0,0,-25,13,-27,10,-28,8,-29,7,-29,5,-30,3,-32,2,-33,1,-34,0,-33,-2,-33,-4,-32,-3,-31,-4,-31,-4,-30,-4,-29,-3,-30,-3,-28,-3,-29,-1,-29,-1,-29,1,-30,2,-29,3,-30,4,-28,4,-30,5,-29,5,-30,6]"
618070663731900,52.212883500,92202,1905659158,-49,-97,6,0,1,7,0,0,256,0,0,"[0,0,10,-13,9,-12,9,-12,8,-11,8,-12,7,-11,6,-11,6,-11,5,-11,5,-11,4,-11,3,-10,3,-10,2,-11,3,-10,3,-11,2,-10,2,-10,3,-10,3,-9,3,-9,3,-9,3,-8,2,-8,3,-7,3,-7,0,0,0,0,0,0,0,0,0,0,0,0,0,0,0,0,0,0,0,0,0,0,8,-13,10,-13,10,-13,11,-13,12,-12,13,-12,14,-11,14,-11,14,-10,14,-10,14,-10,14,-9,13,-9,13,-9,13,-10,12,-10,12,-10,11,-10,11,-11,11,-12,10,-12,11,-13,10,-13,10,-13,10,-13,10,-12,0,0,37,-44,34,-46,31,-44,30,-41,28,-41,26,-40,24,-40,22,-39,21,-38,20,-36,17,-37,14,-38,14,-38,12,-39,12,-36,11,-39,8,-38,10,-36,10,-35,11,-34,11,-32,11,-32,12,-29,12,-26,12,-26,12,-26,15,-24,15,-21,0,0,0,0,0,0,0,0,0,0,0,0,0,0,24,-51,31,-50,35,-46,38,-46,38,-47,42,-44,45,-45,51,-42,50,-41,54,-39,54,-38,55,-36,54,-32,53,-30,51,-31,50,-33,48,-33,45,-34,45,-35,45,-38,41,-38,40,-43,38,-43,40,-46,40,-46,39,-45,40,-47,39,-46]"
618070682099500,52.231251100,92203,1905682030,-49,-97,6,0,1,7,0,0,256,0,0,"[0,0,7,13,7,12,7,12,7,11,7,11,6,11,6,10,7,9,7,8,7,8,7,7,7,7,7,6,8,7,7,6,8,6,7,6,7,6,7,6,6,6,6,6,5,6,5,6,5,6,4,6,4,6,0,0,0,0,0,0,0,0,0,0,0,0,0,0,0,0,0,0,0,0,0,0,9,11,9,12,9,13,8,14,7,15,7,15,6,16,5,16,5,16,4,16,4,16,4,15,4,15,4,15,4,15,4,14,5,14,5,14,6,14,6,14,6,14,7,14,7,14,7,14,8,13,7,13,0,0,14,25,15,24,14,22,14,20,13,20,13,19,13,19,13,18,13,15,14,15,15,13,14,12,15,12,14,11,15,11,15,11,14,11,14,10,14,11,13,12,11,11,11,11,10,10,9,10,9,10,7,11,8,11,6,11,0,0,0,0,0,0,0,0,0,0,0,0,0,0,22,17,20,19,19,20,18,23,18,24,16,25,16,27,14,28,13,29,11,32,10,30,9,31,10,30,9,29,8,28,8,27,8,26,11,26,11,25,11,25,12,26,12,25,13,26,14,25,15,25,16,25,16,24,16,24]"
618070707985300,52.257136900,92204,1905700451,-49,-97,6,0,1,7,0,0,256,0,0,"[0,0,-5,-15,-5,-14,-5,-14,-4,-14,-5,-13,-5,-12,-5,-12,-5,-11,-5,-11,-6,-10,-6,-9,-6,-9,-6,-9,-7,-9,-7,-8,-6,-8,-7,-8,-6,-8,-6,-8,-6,-8,-5,-8,-5,-8,-5,-8,-4,-8,-4,-7,-3,-7,0,0,0,0,0,0,0,0,0,0,0,0,0,0,0,0,0,0,0,0,0,0,-7,-15,-7,-15,-6,-16,-5,-16,-4,-17,-4,-18,-3,-17,-2,-18,-1,-18,-1,-18,-1,-17,-1,-17,-1,-16,-1,-16,-1,-16,-1,-15,-2,-15,-3,-15,-3,-15,-4,-15,-4,-16,-4,-16,-5,-16,-5,-16,-5,-16,-5,-16,0,0,-6,-27,-6,-28,-7,-27,-7,-26,-7,-24,-7,-23,-8,-22,-8,-21,-9,-19,-9,-18,-11,-18,-10,-17,-11,-17,-11,-15,-12,-16,-11,-15,-11,-16,-11,-15,-11,-15,-10,-15,-9,-15,-8,-15,-8,-14,-7,-14,-6,-13,-6,-13,-5,-14,-4,-13,0,0,0,0,0,0,0,0,0,0,0,0,0,0,-14,-25,-10,-26,-9,-28,-9,-28,-7,-30,-6,-30,-4,-32,-2,-32,-3,-32,0,-33,1,-32,3,-33,3,-32,3,-31,3,-30,2,-29,0,-29,-1,-28,-2,-29,-2,-29,-2,-29,-4,-30,-5,-30,-6,-29,-5,-29,-6,-29,-5,-30,-5,-29]"
618070723603500,52.272755100,92205,1905716461,-49,-97,6,0,1,7,0,0,256,0,0,"[0,0,-10,11,-9,11,-9,11,-9,11,-8,11,-7,10,-7,10,-6,10,-6,10,-5,10,-4,9,-4,9,-4,10,-3,9,-3,9,-3,9,-3,9,-3,9,-3,8,-4,8,-4,8,-4,8,-4,7,-3,7,-4,6,-4,6,0,0,0,0,0,0,0,0,0,0,0,0,0,0,0,0,0,0,0,0,0,0,-8,13,-10,13,-10,13,-11,12,-12,12,-13,12,-14,11,-15,11,-15,10,-14,10,-14,10,-14,9,-13,9,-13,10,-13,9,-12,9,-12,10,-12,10,-11,11,-11,11,-11,11,-11,11,-11,12,-10,12,-10,12,-10,12,0,0,-39,45,-37,41,-37,42,-33,39,-29,38,-28,39,-25,39,-23,37,-22,37,-19,34,-16,36,-16,35,-15,36,-14,37,-13,34,-13,35,-10,34,-13,34,-11,32,-13,31,-12,29,-14,30,-14,27,-15,25,-15,22,-15,22,-15,20,-17,19,0,0,0,0,0,0,0,0,0,0,0,0,0,0,-23,52,-29,49,-33,47,-37,46,-39,45,-42,44,-45,44,-49,42,-52,40,-54,39,-56,36,-55,35,-53,32,-54,32,-51,31,-50,33,-49,34,-46,33,-45,34,-45,36,-43,37,-41,39,-41,41,-42,42,-41,42,-38,44,-39,45,-40,45]"
618070741440700,52.290592300,92206,1905736505,-49,-97,6,0,1,7,0,0,256,0,0,"[0,0,15,3,14,3,13,3,13,2,13,2,12,2,11,1,11,1,11,0,11,0,10,-1,10,-1,10,-1,9,-2,10,-2,9,-2,9,-2,9,-2,9,-2,9,-2,8,-1,8,-1,8,0,7,0,7,0,7,0,0,0,0,0,0,0,0,0,0,0,0,0,0,0,0,0,0,0,0,0,0,0,15,1,15,2,15,2,15,3,16,4,16,5,16,6,16,7,16,7,15,8,14,8,14,8,13,7,13,7,13,7,14,6,14,5,14,5,14,5,14,4,14,4,15,3,15,4,15,4,15,3,15,3,0,0,27,5,26,5,25,3,24,4,23,3,23,2,22,2,21,0,21,-1,20,-1,20,-2,18,-2,18,-3,17,-4,19,-4,17,-5,17,-4,17,-3,16,-4,16,-4,16,-4,15,-3,14,-2,13,-1,13,0,11,-1,13,0,12,1,0,0,0,0,0,0,0,0,0,0,0,0,0,0,28,-3,28,0,28,2,27,3,29,5,28,6,30,8,30,10,31,11,29,13,29,13,28,14,28,15,26,16,25,13,25,14,24,12,26,11,25,9,27,10,26,8,27,7,28,7,28,5,29,6,28,5,28,6,28,6]"
618070764992300,52.314143900,92207,1905757349,-50,-97,6,0,1,7,0,0,256,0,0,"[0,0,-10,12,-9,12,-9,11,-8,11,-7,11,-7,11,-6,10,-6,10,-5,10,-5,10,-4,10,-4,10,-3,10,-3,9,-3,10,-3,9,-3,9,-3,9,-3,9,-3,8,-3,8,-3,8,-3,7,-3,6,-4,6,-4,6,0,0,0,0,0,0,0,0,0,0,0,0,0,0,0,0,0,0,0,0,0,0,-8,14,-9,13,-9,13,-10,13,-11,13,-13,13,-13,12,-14,12,-14,11,-14,11,-14,10,-13,10,-13,10,-13,10,-12,10,-12,10,-12,10,-11,11,-11,11,-10,12,-10,12,-10,13,-10,13,-10,13,-10,13,-10,13,0,0,-37,45,-32,44,-31,43,-30,42,-27,38,-23,41,-24,39,-22,38,-19,38,-17,37,-15,36,-13,36,-11,37,-11,37,-9,36,-10,33,-10,36,-8,34,-11,32,-11,33,-12,29,-11,30,-12,27,-13,26,-13,24,-12,21,-14,22,-15,20,0,0,0,0,0,0,0,0,0,0,0,0,0,0,-19,52,-26,52,-28,50,-32,48,-34,49,-37,46,-41,49,-43,44,-47,44,-50,43,-51,39,-51,39,-49,36,-50,34,-49,35,-47,36,-45,38,-43,36,-41,37,-41,40,-38,41,-37,41,-38,44,-40,45,-36,45,-33,46,-35,47,-36,45]"
618070783187700,52.332339300,92208,1905782481,-50,-97,6,0,1,7,0,0,256,0,0,"[0,0,14,-3,14,-4,13,-4,13,-4,12,-4,12,-5,11,-5,10,-4,10,-5,10,-5,9,-5,9,-6,8,-6,8,-6,8,-6,8,-6,7,-6,7,-6,8,-6,7,-6,7,-5,6,-5,7,-5,6,-4,6,-3,6,-3,0,0,0,0,0,0,0,0,0,0,0,0,0,0,0,0,0,0,0,0,0,0,14,-5,15,-5,15,-4,15,-3,16,-2,17,-2,17,-1,18,0,17,1,16,1,17,1,16,1,16,1,15,0,15,0,15,0,15,-1,15,-1,15,-2,15,-3,15,-3,15,-3,16,-4,15,-4,15,-4,15,-4,0,0,27,-7,24,-7,26,-8,24,-7,23,-8,21,-7,21,-8,19,-9,19,-10,17,-10,16,-10,16,-11,15,-12,15,-12,14,-11,15,-12,14,-12,14,-12,14,-11,14,-10,14,-9,13,-9,12,-8,13,-7,11,-7,12,-6,11,-5,12,-4,0,0,0,0,0,0,0,0,0,0,0,0,0,0,24,-13,25,-13,26,-11,28,-9,27,-7,29,-6,29,-5,33,-3,33,-1,32,0,32,2,31,1,31,0,30,1,28,0,28,0,29,0,26,0,29,-1,28,-3,28,-3,28,-4,29,-5,29,-6,28,-7,28,-8,27,-7,28,-9]"
618070803383200,52.352534800,92209,1905796469,-49,-97,6,0,1,7,0,0,256,0,0,"[0,0,-15,-6,-15,-5,-14,-5,-13,-4,-13,-4,-13,-4,-12,-4,-12,-3,-12,-2,-11,-2,-11,-1,-11,-1,-11,0,-10,0,-11,0,-10,0,-10,0,-10,0,-10,-1,-10,-1,-10,-1,-9,-1,-8,-1,-8,-1,-8,-2,-7,-2,0,0,0,0,0,0,0,0,0,0,0,0,0,0,0,0,0,0,0,0,0,0,-16,-2,-16,-3,-16,-4,-16,-5,-16,-6,-16,-7,-16,-8,-16,-9,-15,-10,-15,-10,-15,-9,-15,-9,-14,-9,-14,-9,-14,-9,-14,-8,-14,-8,-14,-7,-14,-7,-15,-7,-15,-7,-15,-6,-16,-6,-15,-5,-15,-5,-16,-5,0,0,-56,-24,-51,-24,-52,-24,-48,-21,-47,-20,-44,-17,-43,-14,-43,-14,-43,-10,-41,-8,-41,-7,-41,-6,-39,-5,-42,-4,-39,-2,-41,-1,-35,0,-38,-3,-36,-4,-36,-4,-35,-6,-33,-5,-29,-5,-29,-7,-30,-8,-26,-9,-23,-9,-23,-12,0,0,0,0,0,0,0,0,0,0,0,0,0,0,-56,-7,-58,-12,-59,-18,-60,-21,-56,-24,-58,-26,-56,-28,-60,-36,-56,-40,-56,-42,-52,-43,-51,-43,-51,-42,-50,-43,-47,-40,-45,-39,-49,-39,-47,-34,-49,-35,-48,-32,-52,-30,-51,-30,-53,-28,-55,-30,-55,-26,-54,-27,-55,-26,-60,-27]"
618070825122200,52.374273800,92210,1905816677,-49,-97,6,0,1,7,0,0,256,0,0,"[0,0,5,-15,4,-15,4,-14,4,-14,3,-14,3,-13,2,-13,1,-12,1,-12,1,-12,1,-11,0,-11,-1,-11,-1,-11,-1,-11,-1,-10,-1,-11,-1,-10,0,-10,0,-10,0,-10,0,-9,0,-9,0,-9,1,-8,1,-8,0,0,0,0,0,0,0,0,0,0,0,0,0,0,0,0,0,0,0,0,0,0,3,-16,4,-16,4,-16,5,-16,7,-17,7,-16,8,-16,9,-16,9,-16,10,-15,10,-14,10,-14,9,-14,9,-14,8,-14,8,-14,7,-14,7,-14,7,-15,6,-15,6,-15,5,-16,5,-16,5,-16,5,-16,5,-15,0,0,4,-28,4,-28,4,-27,5,-26,3,-24,1,-24,1,-24,0,-23,-1,-21,-1,-21,-2,-19,-3,-21,-3,-19,-4,-18,-5,-19,-5,-17,-5,-19,-4,-18,-4,-17,-4,-17,-3,-17,-2,-16,-2,-17,-1,-15,-1,-13,-1,-13,1,-14,2,-13,0,0,0,0,0,0,0,0,0,0,0,0,0,0,-2,-30,1,-29,3,-28,4,-29,6,-31,6,-30,9,-32,11,-30,12,-31,13,-30,14,-29,16,-30,16,-28,16,-27,15,-26,13,-26,12,-26,11,-27,11,-26,10,-27,9,-28,7,-28,8,-29,6,-29,7,-31,6,-29,6,-29,6,-28]"
618070843777900,52.392929500,92211,1905836581,-49,-97,6,0,1,7,0,0,256,0,0,"[0,0,13,-9,12,-9,11,-8,11,-8,11,-8,9,-8,9,-8,8,-8,8,-8,8,-8,7,-8,6,-8,6,-9,5,-8,5,-9,6,-9,5,-9,6,-8,6,-8,6,-8,6,-7,5,-7,5,-6,5,-6,5,-5,5,-5,0,0,0,0,0,0,0,0,0,0,0,0,0,0,0,0,0,0,0,0,0,0,11,-11,12,-10,12,-10,13,-10,14,-9,15,-8,16,-8,16,-7,16,-7,16,-6,16,-5,15,-5,15,-5,15,-5,14,-6,14,-6,13,-7,14,-7,13,-8,13,-8,13,-8,13,-9,13,-9,13,-9,12,-9,13,-9,0,0,20,-19,19,-20,19,-20,18,-17,16,-18,16,-18,15,-17,14,-17,12,-16,11,-18,10,-18,9,-18,7,-17,8,-17,9,-17,7,-17,7,-17,8,-17,8,-16,8,-15,8,-14,7,-14,7,-13,7,-13,8,-11,7,-9,9,-11,9,-9,0,0,0,0,0,0,0,0,0,0,0,0,0,0,13,-25,15,-24,18,-22,19,-21,21,-22,21,-20,25,-21,27,-19,28,-19,28,-16,28,-15,29,-16,28,-15,27,-15,26,-15,25,-13,25,-13,25,-15,24,-15,24,-16,22,-17,22,-19,23,-18,21,-19,22,-20,21,-21,21,-21,22,-21]"
618070864506200,52.413657800,92212,1905856869,-49,-97,6,0,1,7,0,0,256,0,0,"[0,0,11,-11,10,-11,10,-10,10,-11,9,-10,8,-10,8,-10,7,-10,7,-9,6,-10,5,-10,5,-10,4,-10,4,-10,4,-10,4,-10,3,-10,4,-10,4,-9,4,-9,4,-8,4,-8,4,-8,4,-7,4,-6,4,-6,0,0,0,0,0,0,0,0,0,0,0,0,0,0,0,0,0,0,0,0,0,0,10,-13,11,-12,11,-12,12,-11,13,-11,14,-10,15,-10,16,-10,16,-9,15,-8,15,-8,15,-7,14,-7,14,-7,13,-8,13,-8,13,-9,13,-9,12,-10,12,-10,12,-10,12,-11,12,-11,11,-11,11,-11,11,-11,0,0,20,-21,19,-20,19,-19,17,-18,16,-19,15,-18,14,-18,12,-18,12,-17,10,-17,9,-17,8,-18,8,-19,6,-18,6,-17,7,-17,6,-17,7,-18,6,-16,7,-17,6,-15,6,-15,6,-14,7,-13,7,-12,8,-11,8,-11,8,-10,0,0,0,0,0,0,0,0,0,0,0,0,0,0,15,-24,17,-23,19,-22,21,-22,21,-20,23,-20,24,-19,27,-19,27,-17,28,-17,29,-15,27,-15,27,-14,27,-14,26,-13,26,-14,26,-15,24,-14,24,-15,23,-16,23,-18,22,-19,20,-19,22,-21,22,-20,21,-20,22,-21,21,-21]"
618070881913100,52.431064700,92213,1905877031,-49,-97,6,0,1,7,0,0,256,0,0,"[0,0,0,14,0,13,0,13,0,12,1,11,1,11,1,11,1,10,2,10,2,9,3,9,3,8,3,8,3,8,3,8,3,7,3,8,3,7,3,7,2,7,2,7,2,7,2,7,1,6,1,6,1,6,0,0,0,0,0,0,0,0,0,0,0,0,0,0,0,0,0,0,0,0,0,0,2,13,1,14,1,14,0,15,-1,15,-1,16,-2,15,-3,15,-4,15,-4,15,-4,15,-4,14,-3,14,-3,14,-3,14,-3,13,-2,13,-2,14,-1,13,-1,14,-1,14,0,14,0,14,1,14,1,14,1,14,0,0,2,28,1,27,2,26,1,24,2,24,3,23,3,22,3,21,4,20,6,18,6,17,7,18,8,17,8,17,8,17,7,16,7,16,8,15,7,15,6,15,6,15,4,15,5,14,4,13,4,13,2,13,2,12,0,12,0,0,0,0,0,0,0,0,0,0,0,0,0,0,8,26,6,27,4,28,2,28,1,29,-1,30,-1,32,-4,32,-5,32,-6,32,-8,31,-8,30,-8,29,-7,29,-8,29,-7,28,-6,29,-5,27,-5,27,-3,28,-2,28,-2,28,-1,28,0,29,1,29,1,29,1,28,1,29]"
618070903723700,52.452875300,92214,1905896486,-49,-97,6,0,1,7,0,0,256,0,0,"[0,0,-10,-13,-9,-12,-9,-12,-9,-11,-9,-11,-9,-10,-9,-10,-9,-9,-9,-8,-9,-8,-9,-7,-9,-7,-9,-6,-9,-6,-9,-5,-9,-6,-9,-5,-9,-5,-8,-6,-8,-6,-8,-6,-7,-6,-6,-6,-6,-6,-6,-5,-6,-6,0,0,0,0,0,0,0,0,0,0,0,0,0,0,0,0,0,0,0,0,0,0,-11,-12,-11,-13,-11,-13,-10,-14,-10,-15,-9,-16,-8,-16,-8,-17,-7,-17,-6,-17,-6,-16,-6,-16,-6,-16,-6,-15,-7,-15,-7,-14,-7,-14,-8,-14,-8,-14,-9,-14,-9,-14,-9,-14,-10,-13,-10,-13,-10,-13,-10,-13,0,0,-17,-24,-15,-24,-15,-23,-15,-20,-15,-21,-14,-19,-14,-18,-15,-18,-15,-15,-15,-14,-15,-14,-15,-13,-16,-13,-16,-12,-17,-10,-17,-11,-16,-10,-16,-11,-15,-10,-14,-11,-14,-11,-13,-11,-11,-10,-11,-10,-11,-11,-10,-11,-8,-10,-8,-10,0,0,0,0,0,0,0,0,0,0,0,0,0,0,-21,-19,-19,-22,-19,-23,-18,-26,-16,-25,-16,-27,-15,-28,-14,-30,-12,-30,-11,-32,-10,-32,-8,-31,-9,-31,-8,-30,-8,-30,-8,-29,-9,-29,-10,-26,-12,-27,-12,-26,-13,-27,-14,-26,-15,-26,-16,-27,-14,-25,-15,-26,-16,-26,-16,-26]"
618070922907300,52.472058900,92215,1905916847,-49,-97,6,0,1,7,0,0,256,0,0,"[0,0,-15,5,-14,5,-14,5,-13,5,-12,5,-12,5,-11,5,-10,5,-10,6,-9,6,-9,6,-9,6,-8,6,-8,6,-8,6,-8,6,-7,7,-8,6,-8,6,-8,6,-7,6,-7,5,-7,4,-7,4,-7,4,-7,3,0,0,0,0,0,0,0,0,0,0,0,0,0,0,0,0,0,0,0,0,0,0,-14,8,-15,7,-16,6,-16,5,-17,5,-17,4,-18,4,-18,3,-18,3,-18,2,-18,2,-17,1,-16,1,-16,1,-16,2,-16,2,-16,3,-16,3,-15,3,-15,4,-15,5,-15,5,-16,5,-16,5,-15,6,-15,6,0,0,-26,8,-26,9,-25,9,-25,9,-23,9,-23,8,-21,8,-20,9,-20,9,-18,11,-17,12,-14,12,-15,12,-13,12,-14,13,-14,12,-13,13,-14,12,-14,10,-14,9,-13,9,-14,9,-13,8,-12,8,-11,7,-11,6,-13,6,-12,5,0,0,0,0,0,0,0,0,0,0,0,0,0,0,-23,16,-25,15,-26,13,-26,10,-29,11,-29,9,-32,8,-32,5,-33,3,-33,1,-33,1,-33,2,-32,2,-31,2,-30,2,-28,2,-29,2,-29,3,-28,4,-29,5,-29,5,-28,6,-29,7,-28,7,-29,9,-29,10,-27,11,-27,8]"
618070944054400,52.493206000,92216,1905936781,-49,-97,6,0,1,7,0,0,256,0,0,"[0,0,-16,1,-15,1,-14,1,-14,1,-13,1,-12,1,-12,2,-11,2,-11,3,-10,3,-10,4,-10,4,-9,4,-9,4,-9,5,-9,4,-8,4,-8,4,-9,4,-9,4,-8,3,-8,3,-8,3,-7,2,-7,2,-7,1,0,0,0,0,0,0,0,0,0,0,0,0,0,0,0,0,0,0,0,0,0,0,-15,3,-16,2,-16,1,-16,1,-17,0,-18,-1,-18,-2,-18,-3,-17,-3,-17,-4,-17,-3,-17,-3,-16,-3,-16,-3,-16,-3,-15,-2,-15,-2,-16,-1,-15,-1,-15,0,-16,0,-16,0,-16,1,-16,1,-16,1,-16,1,0,0,-30,2,-29,2,-27,2,-26,3,-25,4,-23,4,-22,5,-22,5,-21,6,-20,6,-19,7,-18,7,-18,8,-17,9,-17,8,-17,9,-16,8,-16,8,-16,7,-15,7,-15,6,-15,6,-14,6,-13,4,-13,4,-14,4,-13,3,-12,2,0,0,0,0,0,0,0,0,0,0,0,0,0,0,-26,11,-28,8,-29,5,-31,4,-30,3,-31,1,-32,0,-33,-1,-33,-3,-34,-5,-33,-6,-33,-6,-31,-6,-31,-6,-30,-5,-30,-5,-30,-5,-29,-4,-29,-4,-30,-2,-28,-1,-30,-1,-29,1,-30,1,-30,2,-30,2,-30,3,-31,3]"
618070961766500,52.510918100,92217,1905956535,-49,-97,6,0,1,7,0,0,256,0,0,"[0,0,14,6,13,5,13,5,12,4,12,4,12,3,11,3,11,2,11,2,10,1,10,1,10,1,10,1,10,0,10,0,10,0,9,0,9,0,9,0,9,0,9,1,8,1,7,1,7,1,7,1,6,2,0,0,0,0,0,0,0,0,0,0,0,0,0,0,0,0,0,0,0,0,0,0,15,4,15,4,15,5,15,6,15,7,15,8,14,9,15,9,14,10,13,10,13,10,13,10,12,10,12,10,13,9,12,8,13,8,13,7,13,7,13,7,14,6,14,6,14,6,14,6,14,6,15,5,0,0,50,25,50,26,47,24,48,22,43,20,43,17,41,16,42,13,42,12,40,10,40,8,37,7,36,5,36,5,39,3,37,4,36,3,37,3,35,2,34,4,33,4,32,5,29,5,26,5,25,7,25,8,24,9,23,10,0,0,0,0,0,0,0,0,0,0,0,0,0,0,56,11,54,17,52,22,52,23,55,26,52,28,54,33,52,38,53,39,51,42,49,43,47,46,44,45,43,43,39,42,41,41,40,38,44,35,46,34,47,34,44,33,48,27,49,28,50,27,54,29,52,27,51,29,51,27]"
618070981197000,52.530348600,92218,1905976441,-49,-97,6,0,1,7,0,0,256,0,0,"[0,0,7,13,6,13,6,12,6,11,6,11,6,10,7,10,7,9,6,8,7,8,7,7,7,7,8,7,8,7,7,6,7,6,7,6,7,6,7,6,6,6,6,6,5,6,5,5,5,6,4,5,4,5,0,0,0,0,0,0,0,0,0,0,0,0,0,0,0,0,0,0,0,0,0,0,8,12,8,13,7,14,7,15,7,15,6,16,5,16,4,17,4,17,3,17,3,16,3,16,3,16,3,15,3,15,4,14,4,14,5,14,5,14,5,14,6,14,7,14,7,14,7,14,7,14,7,13,0,0,9,27,8,27,7,25,9,23,7,23,8,21,8,21,8,19,9,18,10,16,12,16,11,16,12,15,11,15,12,13,12,14,11,14,12,13,11,13,10,13,9,13,8,12,7,11,8,11,7,10,5,11,5,11,3,11,0,0,0,0,0,0,0,0,0,0,0,0,0,0,15,24,14,26,12,26,9,27,8,29,6,29,5,31,5,32,3,33,1,33,0,32,-1,32,0,31,0,31,0,30,1,29,1,28,1,28,2,27,3,28,4,28,5,29,6,28,6,29,7,28,9,28,9,27,9,27]"
618071003833000,52.552984600,92219,1905996531,-49,-97,6,0,1,7,0,0,256,0,0,"[0,0,0,-16,-1,-15,-1,-15,-1,-14,-1,-14,-1,-13,-1,-13,-2,-12,-2,-12,-3,-11,-3,-10,-4,-11,-4,-10,-4,-10,-4,-10,-4,-10,-4,-10,-4,-10,-4,-9,-3,-9,-3,-9,-2,-9,-2,-9,-2,-8,-2,-8,-1,-7,0,0,0,0,0,0,0,0,0,0,0,0,0,0,0,0,0,0,0,0,0,0,-3,-16,-2,-17,-1,-17,0,-18,1,-18,2,-18,3,-18,3,-18,4,-18,4,-17,4,-17,4,-17,4,-17,4,-16,3,-16,3,-16,2,-16,2,-16,2,-16,1,-16,1,-16,0,-17,0,-16,-1,-17,-1,-16,0,-16,0,0,0,-29,0,-27,-1,-29,-1,-26,-1,-25,-1,-23,-2,-23,-3,-22,-3,-22,-5,-20,-5,-19,-6,-19,-7,-19,-7,-19,-7,-17,-6,-18,-7,-17,-7,-18,-6,-17,-6,-17,-6,-16,-4,-17,-4,-15,-3,-15,-3,-14,-2,-14,-2,-14,0,-13,0,0,0,0,0,0,0,0,0,0,0,0,0,0,-8,-28,-5,-29,-3,-30,-2,-31,0,-30,2,-31,3,-32,5,-33,5,-33,7,-33,9,-33,10,-31,9,-30,9,-30,8,-29,8,-29,8,-30,6,-27,6,-29,4,-29,4,-30,3,-29,2,-30,2,-31,1,-30,0,-30,0,-30,1,-31]"
618071026256500,52.575408100,92220,1906017287,-49,-97,6,0,1,7,0,0,256,0,0,"[0,0,-13,9,-12,9,-12,8,-11,8,-11,8,-10,8,-9,8,-9,8,-9,8,-8,8,-7,8,-7,8,-6,8,-6,8,-6,8,-6,8,-6,8,-6,8,-6,8,-6,7,-6,7,-5,6,-6,6,-6,5,-6,5,-6,4,0,0,0,0,0,0,0,0,0,0,0,0,0,0,0,0,0,0,0,0,0,0,-11,11,-12,10,-13,10,-13,10,-15,9,-16,9,-16,8,-17,7,-17,6,-17,7,-16,6,-16,6,-15,6,-15,6,-15,6,-14,6,-15,6,-14,7,-14,8,-14,8,-13,9,-13,9,-14,9,-13,9,-13,10,-13,10,0,0,-25,16,-22,17,-22,17,-20,15,-20,16,-19,15,-17,15,-17,15,-15,15,-14,16,-12,15,-11,15,-11,16,-12,15,-10,15,-11,16,-10,15,-11,16,-10,14,-10,15,-10,13,-10,13,-10,11,-10,10,-10,9,-10,9,-9,9,-11,7,0,0,0,0,0,0,0,0,0,0,0,0,0,0,-16,23,-19,22,-20,21,-23,21,-23,17,-26,18,-26,17,-29,16,-30,14,-30,13,-31,11,-29,12,-30,12,-29,11,-28,11,-28,11,-27,12,-26,12,-26,12,-26,12,-25,15,-25,15,-24,15,-25,16,-24,17,-24,18,-23,18,-25,19]"
618071042465400,52.591617000,92221,1906038012,-49,-97,6,0,1,7,0,0,256,0,0,"[0,0,11,9,11,8,10,8,10,7,9,7,9,6,9,6,9,5,9,5,9,4,9,3,9,3,9,3,9,3,9,2,9,2,8,2,8,2,8,2,8,3,7,3,7,3,6,3,6,3,6,3,5,3,0,0,0,0,0,0,0,0,0,0,0,0,0,0,0,0,0,0,0,0,0,0,12,7,12,8,12,9,11,9,11,10,11,11,11,12,10,13,10,13,9,13,9,13,9,12,9,12,8,11,9,11,9,11,9,10,10,10,10,10,10,10,10,10,11,9,11,9,12,9,11,9,12,9,0,0,48,33,44,32,44,31,43,29,41,26,39,23,39,22,37,19,38,17,39,15,38,13,37,12,36,11,35,9,37,7,35,6,35,8,36,5,33,7,33,9,33,8,30,9,29,9,25,10,26,10,23,12,20,13,20,14,0,0,0,0,0,0,0,0,0,0,0,0,0,0,52,19,52,27,50,29,49,32,49,36,46,37,46,43,45,45,46,48,43,51,41,52,39,53,36,53,35,50,35,49,34,46,36,44,39,42,38,42,40,42,42,40,42,38,44,39,45,37,47,38,46,35,48,36,46,35]"
618071064042100,52.613193700,92222,1906056534,-49,-97,6,0,1,7,0,0,256,0,0,"[0,0,-7,13,-6,13,-6,13,-6,12,-5,12,-5,12,-4,11,-3,11,-3,10,-3,10,-2,10,-2,10,-2,10,-1,9,-1,10,-1,9,-1,9,-1,9,-1,9,-1,9,-1,8,-2,8,-2,8,-2,7,-2,7,-2,6,0,0,0,0,0,0,0,0,0,0,0,0,0,0,0,0,0,0,0,0,0,0,-5,14,-6,14,-7,15,-8,14,-9,15,-10,14,-11,15,-12,14,-12,13,-12,13,-12,12,-12,12,-11,12,-11,12,-10,12,-10,12,-9,12,-9,13,-9,13,-8,13,-8,13,-7,14,-8,14,-7,14,-7,14,-7,14,0,0,-25,52,-23,49,-23,49,-21,45,-17,45,-16,44,-14,43,-13,41,-11,40,-8,38,-7,37,-4,39,-3,39,-3,38,-2,35,-2,36,-1,37,-2,37,-2,34,-3,32,-4,30,-3,31,-5,29,-7,27,-5,26,-7,25,-8,24,-11,22,0,0,0,0,0,0,0,0,0,0,0,0,0,0,-9,55,-15,57,-20,55,-22,56,-26,53,-30,55,-31,56,-38,56,-38,53,-40,53,-44,49,-42,48,-41,46,-40,46,-40,45,-38,45,-37,46,-35,43,-33,46,-32,46,-31,47,-29,50,-27,52,-28,53,-27,52,-25,54,-24,54,-27,54]"
618071083623300,52.632774900,92223,1906076418,-49,-97,6,0,1,7,0,0,256,0,0,"[0,0,-16,1,-15,1,-14,0,-14,1,-13,1,-13,1,-12,1,-11,2,-11,2,-11,3,-11,3,-10,3,-9,4,-9,4,-10,4,-9,4,-9,3,-9,3,-9,3,-9,3,-9,2,-8,2,-8,2,-7,2,-7,2,-8,1,0,0,0,0,0,0,0,0,0,0,0,0,0,0,0,0,0,0,0,0,0,0,-15,3,-16,2,-16,1,-16,1,-17,0,-18,-1,-17,-2,-17,-3,-18,-3,-17,-3,-17,-3,-16,-4,-16,-3,-15,-3,-15,-3,-15,-2,-15,-2,-15,-2,-16,-1,-15,-1,-15,-1,-16,0,-16,0,-16,1,-16,1,-16,1,0,0,-28,5,-28,6,-26,5,-26,6,-24,6,-23,6,-22,7,-20,7,-20,8,-20,8,-19,8,-18,9,-17,9,-15,9,-16,10,-16,10,-15,10,-16,10,-16,9,-15,8,-14,8,-14,8,-14,7,-13,5,-13,4,-13,3,-13,4,-12,3,0,0,0,0,0,0,0,0,0,0,0,0,0,0,-26,12,-27,9,-27,8,-29,6,-30,7,-29,5,-32,3,-33,1,-34,1,-34,-1,-33,-2,-33,-2,-33,-4,-31,-4,-29,-4,-30,-3,-28,-3,-30,-1,-29,-1,-31,1,-28,1,-29,4,-29,3,-29,5,-30,4,-31,4,-29,5,-29,4]"
618071103594500,52.652746100,92224,1906096582,-49,-97,6,0,1,7,0,0,256,0,0,"[0,0,8,-14,7,-13,7,-13,7,-12,6,-12,5,-12,4,-12,4,-12,4,-11,3,-11,2,-11,2,-10,2,-10,1,-11,1,-10,1,-10,1,-10,1,-10,2,-10,2,-9,1,-9,2,-9,2,-8,2,-8,2,-7,2,-7,0,0,0,0,0,0,0,0,0,0,0,0,0,0,0,0,0,0,0,0,0,0,7,-14,8,-15,8,-14,9,-14,10,-14,11,-14,11,-13,12,-13,13,-13,12,-12,12,-11,12,-11,12,-11,11,-11,11,-11,10,-11,10,-12,10,-12,10,-12,9,-13,9,-13,9,-13,9,-14,8,-14,8,-14,8,-14,0,0,30,-47,28,-48,28,-46,26,-44,24,-41,20,-42,20,-41,17,-41,16,-39,14,-39,12,-38,10,-38,8,-39,8,-38,6,-37,7,-37,6,-38,7,-35,7,-33,8,-34,8,-32,8,-33,9,-30,9,-28,9,-26,10,-23,12,-24,11,-21,0,0,0,0,0,0,0,0,0,0,0,0,0,0,15,-54,23,-53,26,-53,30,-50,34,-53,34,-50,41,-50,42,-46,44,-45,49,-46,48,-45,51,-42,50,-39,49,-39,46,-37,44,-38,44,-39,41,-41,40,-40,39,-43,36,-43,36,-46,36,-43,32,-50,36,-50,32,-50,32,-48,32,-49]"
618071125648200,52.674799800,92225,1906119592,-49,-97,6,0,1,7,0,0,256,0,0,"[0,0,7,-14,6,-15,5,-13,6,-14,5,-13,4,-12,4,-12,4,-12,3,-11,2,-12,1,-11,1,-11,0,-11,0,-11,0,-11,1,-11,0,-11,0,-10,1,-10,1,-10,1,-9,1,-9,1,-9,1,-8,1,-8,1,-7,0,0,0,0,0,0,0,0,0,0,0,0,0,0,0,0,0,0,0,0,0,0,5,-16,6,-15,7,-16,7,-15,9,-16,10,-15,11,-15,11,-14,12,-14,12,-14,12,-14,12,-13,11,-13,10,-13,10,-12,10,-13,9,-13,9,-14,8,-13,8,-14,8,-14,8,-15,8,-15,6,-15,7,-15,7,-15,0,0,21,-51,23,-52,20,-50,19,-47,18,-45,13,-47,14,-44,12,-43,10,-40,8,-39,3,-38,1,-38,1,-39,-1,-38,1,-39,0,-35,-2,-38,1,-37,0,-36,1,-34,1,-32,4,-33,2,-31,3,-30,4,-27,5,-25,6,-25,8,-24,0,0,0,0,0,0,0,0,0,0,0,0,0,0,9,-57,16,-57,19,-55,23,-52,27,-55,28,-53,33,-56,36,-53,40,-55,41,-51,42,-48,44,-49,42,-48,42,-46,39,-46,37,-42,36,-43,37,-45,32,-44,33,-48,30,-49,27,-52,28,-51,25,-54,26,-55,24,-55,25,-54,26,-56]"
618071143097100,52.692248700,92226,1906137196,-49,-97,6,0,1,7,0,0,256,0,0,"[0,0,2,-15,1,-15,1,-15,1,-14,0,-14,0,-13,0,-13,-1,-12,-1,-12,-1,-12,-2,-11,-2,-11,-3,-10,-3,-11,-3,-10,-3,-10,-3,-10,-3,-10,-3,-10,-2,-9,-2,-9,-2,-9,-1,-9,-1,-8,0,-8,0,-8,0,0,0,0,0,0,0,0,0,0,0,0,0,0,0,0,0,0,0,0,0,0,0,-16,0,-16,1,-17,2,-17,3,-18,4,-17,4,-18,5,-17,6,-17,6,-17,7,-16,6,-15,6,-16,6,-15,5,-15,4,-15,4,-15,4,-15,3,-16,3,-16,2,-16,2,-16,2,-16,2,-16,2,-16,2,-16,0,0,6,-27,6,-29,6,-27,5,-25,4,-25,3,-23,1,-24,2,-23,1,-21,-1,-21,-1,-20,-2,-20,-2,-20,-3,-19,-4,-19,-4,-19,-4,-19,-3,-19,-3,-18,-2,-18,-3,-16,-1,-16,-1,-16,-1,-15,-1,-14,0,-14,1,-13,2,-13,0,0,0,0,0,0,0,0,0,0,0,0,0,0,-1,-29,1,-29,4,-29,6,-30,7,-29,9,-30,10,-31,11,-30,13,-29,15,-31,16,-28,16,-28,15,-27,15,-27,15,-25,13,-27,13,-26,12,-26,12,-26,11,-27,9,-27,9,-28,8,-28,8,-29,7,-29,6,-29,7,-30,7,-28]"
618071163959800,52.713111400,92227,1906156617,-49,-98,6,0,1,7,0,0,256,0,0,"[0,0,-10,11,-9,11,-9,11,-9,11,-8,11,-7,10,-7,10,-6,10,-6,9,-5,9,-5,9,-4,9,-4,9,-3,9,-3,9,-3,9,-3,9,-3,9,-3,9,-3,8,-3,8,-3,7,-3,7,-4,7,-4,6,-4,5,0,0,0,0,0,0,0,0,0,0,0,0,0,0,0,0,0,0,0,0,0,0,-9,13,-9,13,-10,13,-11,12,-12,12,-12,12,-14,12,-14,11,-14,10,-14,10,-14,10,-14,9,-14,9,-13,9,-13,9,-12,10,-12,9,-12,10,-11,11,-10,11,-11,11,-10,12,-10,12,-10,12,-10,12,-10,12,0,0,-31,44,-31,45,-28,45,-30,41,-28,40,-25,40,-23,40,-22,39,-18,36,-17,38,-15,37,-13,37,-10,35,-10,36,-9,37,-9,36,-9,34,-8,33,-11,34,-12,31,-9,30,-11,30,-11,27,-12,25,-12,24,-13,21,-14,23,-16,21,0,0,0,0,0,0,0,0,0,0,0,0,0,0,-18,53,-23,52,-28,48,-30,47,-34,51,-35,49,-43,50,-45,45,-47,45,-51,41,-49,40,-54,40,-51,38,-50,36,-47,34,-45,36,-43,37,-42,39,-40,39,-42,40,-40,42,-37,43,-39,44,-37,46,-38,47,-35,47,-34,49,-34,46]"
618071184664900,52.733816500,92228,1906178772,-49,-98,6,0,1,7,0,0,256,0,0,"[0,0,7,-14,7,-14,6,-13,6,-13,6,-12,4,-12,4,-12,3,-12,3,-11,2,-11,2,-11,1,-11,1,-11,0,-10,1,-11,1,-10,0,-10,1,-10,1,-10,1,-9,1,-9,1,-9,1,-9,1,-8,2,-8,2,-7,0,0,0,0,0,0,0,0,0,0,0,0,0,0,0,0,0,0,0,0,0,0,6,-15,6,-15,7,-15,8,-15,9,-15,10,-14,10,-14,12,-14,12,-14,12,-13,12,-12,12,-12,11,-12,11,-12,10,-12,10,-12,9,-12,9,-13,8,-13,8,-13,8,-14,8,-14,8,-14,7,-14,8,-14,7,-14,0,0,25,-52,22,-50,22,-49,20,-47,17,-46,15,-45,16,-44,12,-43,12,-40,6,-39,5,-40,4,-39,3,-38,2,-38,3,-38,2,-37,0,-36,2,-35,2,-35,3,-34,5,-32,5,-32,4,-30,6,-29,4,-27,5,-26,9,-24,10,-22,0,0,0,0,0,0,0,0,0,0,0,0,0,0,5,-57,14,-57,17,-56,21,-53,25,-54,27,-52,32,-55,36,-56,40,-51,41,-52,45,-49,42,-50,41,-47,42,-45,40,-45,38,-47,37,-47,34,-44,33,-45,31,-47,31,-48,30,-51,28,-49,29,-53,27,-53,25,-55,23,-55,26,-56]"
618071203207100,52.752358700,92229,1906196661,-49,-98,6,0,1,7,0,0,256,0,0,"[0,0,14,-5,14,-5,13,-5,13,-5,12,-5,11,-6,10,-6,10,-6,9,-6,9,-6,9,-6,8,-6,8,-7,7,-7,7,-8,7,-7,7,-7,7,-7,7,-6,7,-6,7,-6,7,-6,7,-5,6,-4,6,-4,6,-4,0,0,0,0,0,0,0,0,0,0,0,0,0,0,0,0,0,0,0,0,0,0,14,-7,14,-6,15,-6,15,-5,16,-5,17,-4,17,-3,17,-2,17,-2,17,-1,17,0,16,0,16,-1,15,-1,15,-1,15,-2,14,-2,15,-3,15,-3,14,-4,15,-4,15,-5,15,-5,15,-5,15,-4,15,-5,0,0,26,-12,25,-12,23,-12,23,-11,21,-12,20,-12,19,-12,18,-11,17,-11,16,-13,15,-12,14,-13,12,-14,13,-14,13,-14,13,-14,11,-14,12,-14,13,-13,12,-12,12,-12,11,-11,11,-11,11,-9,12,-8,11,-7,11,-7,11,-6,0,0,0,0,0,0,0,0,0,0,0,0,0,0,21,-20,23,-18,25,-16,25,-14,27,-13,27,-12,29,-11,31,-10,31,-7,32,-6,31,-4,32,-6,31,-5,30,-4,29,-4,29,-4,28,-5,27,-6,27,-7,28,-8,27,-9,26,-10,26,-11,27,-12,28,-12,27,-13,27,-12,26,-13]"
618071221894300,52.771045900,92230,1906216782,-49,-98,6,0,1,7,0,0,256,0,0,"[0,0,-16,2,-15,2,-15,2,-14,2,-13,2,-13,3,-12,3,-12,3,-11,3,-11,4,-10,4,-9,4,-9,4,-9,5,-10,5,-9,5,-9,5,-9,4,-9,4,-9,4,-9,3,-8,3,-8,3,-7,2,-8,2,-7,2,0,0,0,0,0,0,0,0,0,0,0,0,0,0,0,0,0,0,0,0,0,0,-15,5,-16,4,-16,3,-16,2,-18,2,-18,1,-18,-1,-18,-1,-18,-2,-18,-2,-18,-2,-17,-2,-17,-2,-16,-1,-16,-1,-16,-1,-16,-1,-16,0,-16,1,-16,1,-16,1,-16,1,-17,2,-16,3,-16,3,-16,3,0,0,-29,5,-27,6,-26,5,-25,5,-23,5,-23,6,-21,8,-21,8,-21,8,-19,8,-18,8,-18,8,-17,9,-17,10,-16,10,-17,9,-15,10,-16,10,-15,10,-15,9,-15,7,-15,7,-14,6,-14,5,-13,5,-13,4,-13,4,-13,2,0,0,0,0,0,0,0,0,0,0,0,0,0,0,-24,14,-26,11,-28,9,-29,8,-28,7,-30,5,-33,4,-32,3,-33,2,-34,0,-33,-1,-33,-1,-31,-3,-31,-3,-30,-3,-29,-2,-30,-1,-29,-1,-29,0,-28,1,-28,3,-28,4,-28,5,-29,6,-30,6,-29,6,-29,6,-29,6]"
618071245984000,52.795135600,92231,1906240899,-49,-98,6,0,1,7,0,0,256,0,0,"[0,0,5,13,4,13,4,12,5,12,5,11,5,10,5,10,5,9,5,9,5,8,5,8,6,8,6,7,6,7,6,7,6,6,6,6,6,6,6,6,5,6,5,6,4,6,4,6,3,6,3,6,3,5,0,0,0,0,0,0,0,0,0,0,0,0,0,0,0,0,0,0,0,0,0,0,7,12,7,13,6,13,5,14,5,15,4,15,3,16,3,16,2,16,1,16,1,15,1,15,1,15,1,15,2,15,2,14,2,14,3,14,3,14,4,14,4,14,5,14,5,14,5,14,5,14,5,14,0,0,12,27,11,25,11,25,10,22,11,22,10,21,11,20,11,19,12,18,12,15,12,15,12,15,13,14,13,14,14,13,13,13,12,13,13,13,12,13,11,12,11,12,10,12,8,12,7,11,8,11,8,12,5,11,4,12,0,0,0,0,0,0,0,0,0,0,0,0,0,0,19,20,17,22,15,25,15,26,13,27,12,29,11,29,11,32,9,31,9,31,6,33,6,32,5,31,5,31,4,29,4,29,5,29,5,27,6,29,7,26,8,28,9,27,10,26,11,27,12,27,12,26,12,27,13,27]"
618071262382600,52.811534200,92232,1906256563,-49,-98,6,0,1,7,0,0,256,0,0,"[0,0,10,-12,9,-12,8,-12,8,-11,8,-11,7,-11,6,-11,6,-10,5,-10,5,-11,4,-10,4,-10,3,-10,3,-10,3,-11,3,-10,2,-10,3,-10,3,-10,3,-9,4,-9,3,-8,3,-8,3,-8,4,-7,4,-7,0,0,0,0,0,0,0,0,0,0,0,0,0,0,0,0,0,0,0,0,0,0,8,-14,9,-14,9,-14,10,-13,11,-13,12,-13,13,-12,14,-11,14,-11,14,-11,13,-10,13,-10,13,-10,12,-10,12,-10,12,-10,11,-10,11,-11,11,-11,11,-12,10,-12,10,-12,10,-13,10,-13,9,-12,9,-13,0,0,40,-41,34,-43,36,-43,31,-39,31,-40,30,-38,28,-37,27,-38,23,-35,19,-36,16,-37,16,-36,13,-37,13,-38,11,-36,12,-35,11,-36,12,-36,14,-34,18,-35,15,-31,13,-29,14,-28,15,-24,11,-25,14,-24,14,-24,17,-26,0,0,0,0,0,0,0,0,0,0,0,0,0,0,22,-53,26,-51,32,-49,37,-46,39,-46,41,-45,45,-43,52,-45,54,-38,57,-36,56,-32,54,-35,53,-35,51,-30,48,-35,47,-34,49,-32,45,-32,46,-34,43,-34,43,-42,44,-39,44,-40,42,-41,40,-42,38,-46,36,-45,40,-43]"
618071283908900,52.833060500,92233,1906276894,-49,-98,6,0,1,7,0,0,256,0,0,"[0,0,-2,-14,-2,-14,-2,-14,-2,-13,-2,-13,-3,-12,-3,-11,-3,-11,-3,-10,-4,-11,-4,-10,-4,-10,-4,-10,-5,-9,-5,-9,-5,-8,-5,-9,-4,-8,-5,-8,-4,-8,-3,-8,-3,-8,-3,-8,-3,-8,-2,-7,-2,-7,0,0,0,0,0,0,0,0,0,0,0,0,0,0,0,0,0,0,0,0,0,0,-4,-14,-3,-15,-3,-15,-2,-15,-1,-17,-1,-17,0,-17,1,-17,1,-17,2,-16,3,-16,2,-15,2,-15,2,-15,1,-15,1,-15,0,-14,0,-15,-1,-15,-1,-15,-1,-15,-2,-15,-1,-15,-2,-15,-2,-15,-2,-15,0,0,-7,-27,-8,-28,-7,-27,-7,-25,-8,-24,-8,-22,-8,-23,-9,-21,-9,-19,-11,-19,-10,-18,-11,-17,-12,-17,-12,-16,-12,-15,-12,-16,-11,-16,-12,-15,-12,-15,-10,-15,-10,-15,-8,-14,-7,-14,-7,-14,-6,-13,-6,-13,-5,-13,-4,-13,0,0,0,0,0,0,0,0,0,0,0,0,0,0,-15,-25,-12,-26,-10,-28,-9,-29,-9,-31,-6,-30,-6,-33,-4,-33,-4,-33,-2,-34,-1,-33,1,-33,2,-32,1,-32,1,-30,1,-29,0,-29,-2,-29,-2,-29,-2,-29,-4,-29,-6,-28,-6,-30,-7,-30,-7,-30,-7,-29,-8,-30,-7,-29]"
618071304875100,52.854026700,92234,1906296473,-49,-98,6,0,1,7,0,0,256,0,0,"[0,0,8,-14,7,-14,7,-13,7,-12,6,-12,5,-12,5,-12,4,-11,4,-11,4,-11,3,-11,2,-11,2,-11,1,-11,2,-11,2,-11,1,-11,2,-10,2,-10,2,-9,2,-10,2,-9,2,-8,2,-8,3,-7,2,-7,0,0,0,0,0,0,0,0,0,0,0,0,0,0,0,0,0,0,0,0,0,0,6,-15,7,-15,8,-15,8,-14,10,-15,11,-14,11,-14,12,-14,12,-13,12,-12,12,-12,12,-12,12,-12,11,-12,11,-12,10,-12,10,-12,10,-13,9,-13,9,-13,8,-14,8,-14,8,-14,8,-14,8,-14,8,-14,0,0,30,-49,29,-50,28,-48,25,-43,25,-44,21,-44,21,-42,17,-40,15,-39,11,-38,10,-39,9,-38,7,-38,7,-38,6,-39,7,-37,4,-38,6,-36,7,-35,7,-34,7,-33,7,-34,9,-31,8,-29,10,-27,9,-25,13,-25,15,-23,0,0,0,0,0,0,0,0,0,0,0,0,0,0,14,-56,22,-56,24,-52,28,-51,31,-53,34,-49,39,-53,42,-50,45,-50,48,-48,48,-45,49,-44,49,-43,48,-39,46,-42,44,-40,41,-42,39,-41,38,-42,39,-43,36,-46,34,-48,33,-48,33,-50,34,-51,32,-52,32,-50,31,-51]"
618071324281600,52.873433200,92235,1906317193,-49,-98,6,0,1,7,0,0,256,0,0,"[0,0,-12,-10,-13,-10,-12,-10,-11,-9,-11,-9,-11,-8,-11,-7,-11,-6,-10,-6,-11,-5,-10,-5,-10,-5,-10,-5,-10,-4,-11,-4,-11,-4,-10,-4,-10,-3,-10,-4,-10,-4,-9,-4,-9,-4,-8,-4,-8,-4,-7,-4,-7,-5,0,0,0,0,0,0,0,0,0,0,0,0,0,0,0,0,0,0,0,0,0,0,-14,-9,-14,-9,-13,-10,-13,-11,-13,-12,-13,-13,-12,-13,-12,-14,-12,-15,-11,-15,-10,-14,-10,-14,-10,-14,-10,-14,-10,-13,-10,-12,-11,-12,-11,-12,-11,-12,-12,-11,-12,-11,-13,-11,-13,-11,-13,-11,-13,-11,-13,-11,0,0,-43,-38,-43,-39,-42,-36,-42,-33,-39,-31,-38,-29,-38,-26,-37,-25,-37,-21,-38,-20,-37,-19,-36,-19,-36,-16,-38,-15,-37,-13,-37,-12,-36,-12,-36,-14,-36,-13,-35,-15,-33,-14,-28,-16,-27,-16,-26,-16,-24,-17,-24,-16,-22,-16,-19,-18,0,0,0,0,0,0,0,0,0,0,0,0,0,0,-53,-23,-50,-29,-47,-34,-48,-36,-47,-40,-45,-40,-46,-46,-46,-50,-44,-50,-42,-54,-39,-54,-35,-54,-34,-55,-32,-54,-31,-51,-32,-49,-33,-48,-38,-47,-37,-45,-36,-45,-38,-44,-43,-42,-41,-41,-45,-40,-45,-42,-43,-41,-45,-42,-44,-39]"
618071343864000,52.893015600,92236,1906342037,-49,-98,6,0,1,7,0,0,256,0,0,"[0,0,4,14,4,14,4,14,4,12,5,12,4,12,5,11,5,10,5,10,6,9,6,8,6,8,6,8,6,8,6,7,6,7,6,7,6,7,6,7,5,7,5,7,5,7,4,7,4,6,4,6,3,6,0,0,0,0,0,0,0,0,0,0,0,0,0,0,0,0,0,0,0,0,0,0,6,14,5,15,5,15,4,16,3,16,3,17,2,17,1,18,0,17,0,17,0,17,0,17,0,17,1,16,1,16,1,15,2,15,2,15,3,15,3,15,3,15,4,15,4,15,5,15,5,15,5,15,0,0,7,26,6,27,6,25,7,24,7,24,7,21,8,20,8,20,9,19,10,17,10,16,11,16,10,16,10,14,11,15,11,14,11,14,11,14,11,13,10,13,9,12,8,14,8,13,6,12,6,12,6,12,4,12,3,12,0,0,0,0,0,0,0,0,0,0,0,0,0,0,14,23,12,25,11,26,9,27,7,28,7,29,5,31,4,31,2,32,1,32,0,32,-2,32,-2,31,-1,30,0,29,-1,28,0,28,0,28,1,27,2,28,3,28,5,28,6,27,5,28,7,28,7,28,8,28,8,28]"
618071366279200,52.915430800,92237,1906358443,-49,-98,6,0,1,7,0,0,256,0,0,"[0,0,-6,-14,-7,-13,-7,-13,-6,-13,-6,-12,-6,-12,-6,-11,-7,-10,-7,-10,-7,-9,-7,-9,-7,-8,-8,-8,-8,-8,-8,-7,-8,-7,-8,-7,-7,-7,-7,-7,-7,-7,-7,-7,-6,-7,-6,-7,-5,-7,-5,-7,-4,-7,0,0,0,0,0,0,0,0,0,0,0,0,0,0,0,0,0,0,0,0,0,0,-9,-13,-8,-14,-7,-15,-7,-16,-6,-16,-6,-17,-5,-17,-4,-18,-3,-17,-3,-18,-3,-17,-3,-16,-3,-16,-3,-16,-3,-16,-4,-15,-4,-15,-4,-15,-5,-15,-6,-15,-6,-15,-6,-15,-7,-15,-7,-15,-7,-14,-7,-15,0,0,-13,-25,-12,-26,-13,-25,-12,-23,-12,-23,-13,-21,-12,-20,-13,-19,-14,-17,-14,-17,-14,-16,-14,-15,-13,-13,-14,-13,-14,-13,-15,-13,-14,-13,-14,-13,-14,-12,-13,-12,-13,-12,-11,-13,-10,-12,-10,-13,-9,-12,-9,-11,-7,-12,-6,-12,0,0,0,0,0,0,0,0,0,0,0,0,0,0,-19,-22,-16,-25,-14,-26,-14,-26,-13,-28,-12,-29,-10,-31,-10,-32,-9,-32,-7,-33,-6,-31,-5,-33,-4,-32,-4,-31,-4,-30,-4,-28,-5,-29,-7,-27,-7,-28,-7,-28,-8,-28,-10,-28,-11,-28,-11,-27,-11,-27,-12,-28,-12,-28,-12,-27]"
618071384194100,52.933345700,92238,1906376588,-49,-98,6,0,1,7,0,0,256,0,0,"[0,0,15,3,14,3,13,3,14,2,13,2,12,1,12,1,12,1,11,0,11,0,11,-1,10,-1,10,-2,10,-2,10,-2,10,-2,10,-2,10,-2,10,-2,9,-2,9,-1,8,-1,8,-1,7,0,8,0,7,0,0,0,0,0,0,0,0,0,0,0,0,0,0,0,0,0,0,0,0,0,0,0,15,1,16,2,16,3,16,4,16,5,16,6,16,6,16,7,16,8,15,8,14,8,14,8,14,8,14,8,14,7,14,6,14,6,14,5,14,5,15,4,15,4,15,3,16,4,15,4,16,3,15,3,0,0,28,7,26,6,25,5,24,5,23,4,22,3,21,4,21,2,20,0,20,-1,20,-1,18,-2,19,-2,19,-4,18,-4,18,-4,18,-4,18,-4,18,-3,16,-3,17,-2,15,-2,14,-1,13,-1,14,0,13,1,12,2,12,2,0,0,0,0,0,0,0,0,0,0,0,0,0,0,27,-1,28,2,28,4,28,6,28,7,28,9,28,11,28,12,28,13,30,14,28,16,27,16,25,17,25,16,24,15,24,14,25,13,25,12,24,11,25,11,26,9,27,9,27,7,28,8,28,7,27,7,27,8,28,8]"
618071403499400,52.952651000,92239,1906397227,-49,-98,6,0,1,7,0,0,256,0,0,"[0,0,14,2,13,1,13,1,13,1,12,1,12,0,11,0,11,0,11,-1,10,-2,10,-2,9,-2,9,-2,9,-3,9,-3,9,-3,9,-3,8,-3,9,-3,9,-2,8,-2,8,-2,7,-1,7,-1,7,-1,7,-1,0,0,0,0,0,0,0,0,0,0,0,0,0,0,0,0,0,0,0,0,0,0,15,0,15,1,15,1,15,2,16,3,16,4,15,5,16,6,15,6,15,6,14,6,14,6,13,6,13,6,14,5,13,4,13,4,14,4,14,3,14,3,14,3,15,3,15,2,14,2,14,2,15,2,0,0,27,8,26,6,26,6,25,6,23,4,22,3,21,3,21,2,21,1,20,-1,19,-1,19,-1,18,-2,19,-3,18,-3,20,-3,17,-3,18,-3,18,-2,18,-1,17,-1,15,-1,14,-1,14,0,14,0,14,2,12,2,13,2,0,0,0,0,0,0,0,0,0,0,0,0,0,0,27,-3,28,1,28,3,29,6,28,6,29,7,29,10,30,12,29,14,28,16,28,16,27,17,26,16,26,16,25,15,24,15,25,14,24,12,26,12,25,10,26,10,26,9,26,9,27,8,28,8,28,7,28,7,29,7]"
618071422360500,52.971512100,92240,1906416431,-49,-98,6,0,1,7,0,0,256,0,0,"[0,0,-2,14,-2,14,-2,13,-2,13,-1,13,-1,12,-1,12,0,11,0,10,0,10,1,10,2,10,2,10,2,10,2,9,2,9,2,9,2,9,2,9,1,9,1,8,1,8,0,8,0,7,0,7,-1,7,0,0,0,0,0,0,0,0,0,0,0,0,0,0,0,0,0,0,0,0,0,0,0,15,-1,15,-2,15,-3,16,-4,16,-5,16,-5,16,-6,16,-7,16,-7,16,-7,15,-7,14,-7,14,-6,14,-6,14,-5,14,-5,14,-4,14,-4,14,-3,14,-3,15,-3,15,-3,15,-2,15,-2,16,-2,15,0,0,-6,27,-7,26,-6,26,-6,24,-5,25,-4,23,-3,23,-3,21,-1,20,-1,19,0,19,0,19,1,19,1,19,3,18,3,18,2,18,2,18,2,17,2,17,1,16,0,16,0,14,-1,14,-2,13,-2,13,-3,12,-4,12,0,0,0,0,0,0,0,0,0,0,0,0,0,0,1,27,-2,29,-4,28,-5,29,-7,28,-9,29,-10,28,-13,30,-12,29,-14,29,-15,29,-16,27,-16,27,-17,25,-15,25,-15,25,-14,26,-12,24,-12,26,-11,25,-10,27,-9,27,-8,27,-8,27,-7,27,-9,28,-8,29,-7,29]"
618071448036800,52.997188400,92241,1906441534,-49,-98,6,0,1,7,0,0,256,0,0,"[0,0,12,8,12,8,11,7,12,7,11,7,11,6,10,5,10,5,10,4,10,3,10,3,9,3,10,2,9,2,10,1,10,1,10,2,9,1,9,1,9,2,8,2,8,2,8,2,7,3,7,2,6,3,0,0,0,0,0,0,0,0,0,0,0,0,0,0,0,0,0,0,0,0,0,0,13,8,13,8,13,9,12,10,12,11,12,12,12,12,11,13,11,13,10,14,10,14,9,13,9,13,9,12,9,12,10,11,10,10,11,10,11,10,11,9,11,10,12,9,13,9,12,9,12,9,12,9,0,0,48,31,47,28,46,28,44,26,43,24,40,22,40,20,39,19,39,17,40,13,40,9,37,7,38,6,38,6,38,5,38,5,37,4,38,5,36,7,35,8,34,9,31,10,30,8,28,7,27,8,25,10,25,12,22,13,0,0,0,0,0,0,0,0,0,0,0,0,0,0,52,16,53,20,51,24,50,29,50,33,48,35,49,40,47,44,44,47,45,49,41,49,40,49,42,49,43,50,39,44,38,43,37,42,41,40,41,39,42,37,43,38,45,37,45,35,46,35,50,33,50,30,50,29,49,30]"
618071462705200,53.011856800,92242,1906456506,-49,-98,6,0,1,7,0,0,256,0,0,"[0,0,8,-13,7,-13,7,-12,7,-12,6,-12,6,-11,5,-11,5,-11,4,-11,4,-11,3,-11,2,-11,2,-11,2,-10,2,-11,2,-10,1,-10,2,-10,2,-10,2,-9,2,-9,2,-9,2,-8,2,-8,3,-7,3,-7,0,0,0,0,0,0,0,0,0,0,0,0,0,0,0,0,0,0,0,0,0,0,6,-14,8,-14,8,-14,9,-14,10,-14,11,-14,12,-13,12,-12,13,-12,13,-12,12,-11,12,-11,11,-11,11,-11,11,-11,11,-11,10,-11,10,-12,9,-12,9,-12,9,-13,9,-13,9,-13,8,-13,8,-13,8,-13,0,0,31,-46,29,-48,29,-49,25,-43,24,-45,22,-43,19,-43,17,-42,14,-38,12,-37,11,-39,9,-40,6,-38,7,-39,7,-38,6,-37,6,-37,6,-38,7,-36,8,-36,8,-31,9,-33,8,-30,9,-29,9,-27,10,-26,13,-23,14,-23,0,0,0,0,0,0,0,0,0,0,0,0,0,0,13,-55,19,-54,24,-51,28,-53,29,-50,35,-50,38,-49,43,-51,45,-48,46,-47,46,-43,47,-43,46,-42,46,-41,45,-39,43,-39,42,-40,39,-40,40,-42,37,-42,38,-45,33,-47,35,-46,32,-49,32,-48,32,-51,32,-51,31,-52]"
618071486961700,53.036113300,92243,1906478573,-49,-98,6,0,1,7,0,0,256,0,0,"[0,0,-12,-10,-12,-10,-12,-10,-11,-9,-11,-9,-11,-8,-11,-7,-10,-7,-11,-6,-10,-5,-10,-5,-10,-4,-11,-4,-11,-4,-10,-3,-11,-4,-10,-3,-10,-3,-10,-4,-9,-4,-9,-4,-8,-4,-8,-4,-8,-4,-8,-4,-7,-4,0,0,0,0,0,0,0,0,0,0,0,0,0,0,0,0,0,0,0,0,0,0,-13,-9,-13,-10,-13,-11,-13,-12,-12,-12,-12,-14,-11,-14,-11,-15,-10,-15,-10,-15,-10,-14,-10,-14,-9,-14,-9,-14,-9,-14,-10,-12,-10,-12,-10,-12,-11,-12,-11,-12,-12,-12,-12,-12,-12,-11,-13,-11,-12,-11,-12,-11,0,0,-39,-40,-41,-43,-39,-39,-37,-38,-35,-34,-38,-32,-34,-28,-36,-27,-36,-23,-36,-24,-36,-22,-36,-21,-34,-19,-34,-16,-37,-16,-35,-16,-35,-15,-35,-15,-34,-15,-32,-16,-31,-16,-28,-16,-27,-18,-25,-17,-25,-17,-22,-17,-21,-18,-18,-20,0,0,0,0,0,0,0,0,0,0,0,0,0,0,-49,-31,-47,-35,-44,-38,-40,-41,-43,-46,-39,-46,-38,-53,-38,-55,-38,-55,-34,-57,-32,-57,-30,-61,-25,-57,-26,-57,-27,-54,-24,-52,-26,-50,-30,-51,-31,-48,-33,-49,-32,-46,-36,-46,-38,-45,-39,-43,-41,-46,-38,-45,-38,-45,-40,-44]"
618071508634100,53.057785700,92244,1906500951,-49,-98,6,0,1,7,0,0,256,0,0,"[0,0,-15,3,-14,3,-14,3,-14,3,-13,3,-12,3,-11,3,-11,3,-11,4,-10,4,-10,5,-9,4,-9,5,-8,5,-9,5,-9,5,-8,5,-8,5,-9,5,-9,4,-8,4,-8,3,-8,3,-8,3,-8,2,-7,2,0,0,0,0,0,0,0,0,0,0,0,0,0,0,0,0,0,0,0,0,0,0,-14,5,-15,5,-15,4,-15,3,-17,3,-17,1,-17,1,-18,0,-18,0,-17,-1,-17,-1,-16,-1,-16,-1,-15,-1,-15,-1,-15,0,-15,0,-15,1,-15,1,-15,2,-15,2,-15,2,-16,3,-15,3,-15,3,-15,3,0,0,-29,5,-28,6,-27,6,-25,5,-24,6,-23,5,-22,6,-22,7,-21,7,-20,8,-18,9,-17,10,-17,11,-17,10,-16,10,-16,11,-15,10,-16,10,-16,8,-16,7,-16,7,-15,6,-14,7,-13,6,-14,6,-14,4,-13,4,-13,3,0,0,0,0,0,0,0,0,0,0,0,0,0,0,-25,13,-26,11,-28,9,-29,7,-29,5,-31,5,-32,4,-33,1,-33,0,-33,-2,-33,-3,-33,-3,-32,-4,-31,-4,-31,-3,-30,-2,-29,-3,-28,-1,-29,-1,-29,1,-28,1,-29,2,-29,3,-30,3,-29,3,-29,6,-30,6,-30,4]"
618071524001000,53.073152600,92245,1906517591,-49,-98,6,0,1,7,0,0,256,0,0,"[0,0,-4,14,-3,14,-3,13,-3,13,-3,12,-2,12,-2,12,-2,11,-1,10,-1,10,0,10,0,10,1,10,1,10,1,9,1,10,1,9,1,9,0,8,0,9,0,9,0,8,-1,8,-1,8,-1,7,-1,7,0,0,0,0,0,0,0,0,0,0,0,0,0,0,0,0,0,0,0,0,0,0,-1,15,-2,15,-3,15,-4,15,-5,16,-6,16,-7,15,-8,15,-8,15,-8,15,-8,14,-8,14,-7,14,-7,14,-7,13,-7,13,-6,13,-6,14,-5,14,-5,14,-5,14,-4,15,-4,15,-4,15,-4,15,-4,15,0,0,-8,26,-7,27,-6,26,-5,24,-5,23,-3,22,-3,22,-2,21,-2,20,0,20,1,20,1,19,2,19,2,19,2,18,3,18,2,18,2,18,1,17,1,17,1,16,0,16,-1,15,-1,15,-1,14,-1,13,-3,13,-4,12,0,0,0,0,0,0,0,0,0,0,0,0,0,0,3,27,1,29,-2,28,-3,28,-6,29,-7,29,-9,30,-10,30,-12,30,-13,29,-16,28,-15,28,-15,27,-14,26,-14,26,-13,26,-14,25,-12,24,-11,26,-11,26,-11,27,-9,26,-8,27,-8,29,-7,28,-6,28,-7,29,-6,28]"
618071543966200,53.093117800,92246,1906536459,-49,-98,6,0,1,7,0,0,256,0,0,"[0,0,-15,-3,-15,-2,-14,-2,-14,-2,-13,-2,-13,-2,-13,-1,-12,-1,-12,0,-12,0,-11,1,-11,1,-11,1,-10,2,-11,2,-10,2,-10,2,-10,2,-10,2,-10,1,-10,1,-9,1,-9,0,-8,0,-8,0,-8,-1,0,0,0,0,0,0,0,0,0,0,0,0,0,0,0,0,0,0,0,0,0,0,-16,-1,-16,-2,-16,-2,-16,-4,-17,-4,-17,-5,-17,-6,-17,-7,-17,-7,-16,-8,-16,-8,-15,-8,-15,-8,-15,-7,-15,-7,-15,-6,-15,-5,-15,-5,-15,-5,-15,-4,-16,-4,-16,-3,-16,-3,-16,-3,-16,-3,-16,-3,0,0,-29,-5,-29,-4,-27,-3,-26,-3,-25,-2,-24,-3,-23,-2,-22,-1,-22,0,-23,1,-21,3,-19,3,-19,5,-19,4,-19,4,-19,5,-18,5,-19,4,-19,4,-19,4,-18,2,-16,2,-15,2,-15,1,-15,1,-14,0,-13,-1,-13,-2,0,0,0,0,0,0,0,0,0,0,0,0,0,0,-28,4,-29,1,-30,0,-30,-3,-30,-3,-30,-6,-32,-7,-31,-9,-31,-11,-32,-13,-30,-14,-30,-14,-30,-13,-29,-13,-27,-12,-27,-12,-27,-11,-27,-10,-28,-10,-28,-8,-28,-8,-28,-8,-28,-7,-29,-6,-30,-5,-29,-4,-30,-4,-30,-4]"
618071560669900,53.109821500,92247,1906556584,-49,-98,6,0,1,7,0,0,256,0,0,"[0,0,15,1,15,1,14,1,14,0,13,0,12,0,12,0,12,-1,11,-1,11,-2,10,-3,10,-3,10,-3,10,-4,10,-4,10,-3,9,-3,9,-4,10,-3,9,-3,9,-2,8,-2,8,-2,8,-2,8,-1,7,-1,0,0,0,0,0,0,0,0,0,0,0,0,0,0,0,0,0,0,0,0,0,0,15,-1,16,0,16,1,16,2,17,2,17,3,16,5,17,5,16,6,16,6,16,5,15,5,15,5,15,5,15,5,14,4,14,4,15,3,15,3,15,3,15,3,15,2,16,1,16,1,16,0,16,0,0,0,29,4,27,1,27,2,27,2,26,1,24,0,23,-1,22,-2,22,-2,21,-4,21,-5,19,-5,18,-5,18,-5,19,-6,18,-5,17,-6,18,-6,18,-6,18,-5,16,-5,16,-4,15,-3,15,-2,15,0,14,-1,13,0,13,1,0,0,0,0,0,0,0,0,0,0,0,0,0,0,28,-7,28,-4,29,-2,29,1,30,2,29,5,31,5,31,7,31,8,31,10,31,11,29,11,29,12,29,11,28,10,27,10,27,9,27,9,27,8,28,7,28,6,28,5,29,3,29,3,30,3,29,2,29,3,30,2]"
618071583909700,53.133061300,92248,1906576642,-49,-98,6,0,1,7,0,0,256,0,0,"[0,0,-3,-14,-4,-14,-4,-14,-4,-13,-4,-13,-4,-12,-4,-12,-5,-11,-5,-10,-5,-10,-5,-9,-6,-9,-6,-9,-7,-9,-6,-8,-6,-8,-6,-8,-6,-8,-5,-8,-5,-8,-5,-8,-5,-8,-5,-7,-4,-7,-4,-7,-3,-7,0,0,0,0,0,0,0,0,0,0,0,0,0,0,0,0,0,0,0,0,0,0,-5,-14,-4,-15,-4,-15,-3,-16,-2,-17,-2,-17,-1,-17,0,-17,1,-17,1,-17,1,-16,1,-16,1,-16,0,-15,0,-15,0,-15,-1,-15,-1,-15,-2,-15,-2,-15,-3,-15,-3,-15,-4,-15,-4,-15,-4,-15,-3,-15,0,0,-6,-28,-5,-27,-5,-27,-5,-25,-5,-25,-5,-24,-7,-22,-8,-21,-8,-21,-9,-19,-9,-19,-9,-18,-9,-17,-10,-18,-11,-17,-11,-16,-10,-17,-10,-17,-11,-15,-10,-16,-10,-15,-8,-15,-7,-15,-5,-14,-5,-14,-5,-13,-3,-14,-3,-13,0,0,0,0,0,0,0,0,0,0,0,0,0,0,-12,-26,-8,-28,-7,-29,-6,-29,-4,-30,-3,-31,-1,-32,0,-33,1,-33,2,-33,4,-32,5,-32,5,-31,5,-30,5,-30,5,-29,3,-30,2,-28,1,-29,1,-29,0,-29,-2,-29,-3,-30,-4,-31,-4,-29,-4,-29,-4,-29,-5,-28]"
618071607220000,53.156371600,92249,1906601914,-49,-98,6,0,1,7,0,0,256,0,0,"[0,0,15,-1,15,-2,14,-2,14,-2,13,-2,12,-2,12,-3,11,-3,11,-3,10,-4,10,-5,9,-5,9,-5,9,-5,9,-5,8,-6,8,-5,9,-5,9,-5,9,-4,9,-4,8,-4,7,-3,7,-3,7,-3,7,-2,0,0,0,0,0,0,0,0,0,0,0,0,0,0,0,0,0,0,0,0,0,0,15,-4,16,-3,16,-2,16,-1,17,-1,17,0,17,1,18,3,17,2,17,3,16,3,16,3,15,3,15,3,15,2,15,1,15,1,15,1,15,0,15,0,15,0,15,-1,16,-1,15,-1,16,-1,16,-2,0,0,28,-4,27,-5,25,-4,25,-4,23,-4,23,-6,22,-6,21,-6,21,-6,19,-8,18,-9,17,-9,16,-10,17,-10,17,-9,17,-10,15,-10,16,-10,16,-10,16,-8,16,-8,14,-7,13,-6,14,-6,14,-6,13,-5,13,-4,12,-3,0,0,0,0,0,0,0,0,0,0,0,0,0,0,26,-13,27,-10,28,-8,28,-5,30,-4,30,-3,31,-2,32,1,33,2,33,4,32,5,32,5,32,5,31,4,29,3,29,4,28,2,28,2,28,3,29,1,28,-1,28,-2,29,-1,29,-2,29,-3,29,-4,29,-4,30,-3]"
618071623020600,53.172172200,92250,1906622857,-49,-98,6,0,1,7,0,0,256,0,0,"[0,0,13,5,13,5,12,5,12,4,12,4,12,4,11,3,11,3,10,2,11,1,10,0,10,0,10,0,10,0,10,0,10,-1,9,0,9,-1,9,0,9,0,9,0,8,1,8,1,7,1,7,1,7,1,0,0,0,0,0,0,0,0,0,0,0,0,0,0,0,0,0,0,0,0,0,0,14,4,14,5,14,6,14,7,14,8,14,9,14,9,14,10,13,11,12,11,12,10,12,10,11,10,12,9,12,9,12,8,12,8,13,8,12,7,13,7,13,7,14,6,14,6,14,6,14,6,14,6,0,0,52,28,50,23,48,22,48,21,46,19,43,18,44,16,40,16,41,13,40,7,40,5,40,3,39,3,40,3,40,2,38,3,38,0,38,1,38,1,35,5,34,4,33,5,29,4,30,6,28,7,28,9,26,8,23,11,0,0,0,0,0,0,0,0,0,0,0,0,0,0,56,8,56,14,57,17,56,23,55,27,54,30,54,34,55,37,53,42,51,45,47,47,47,44,49,40,46,41,46,40,44,36,44,39,45,36,47,36,48,33,49,31,49,31,49,31,50,30,54,27,54,25,55,24,56,25]"
618071642955300,53.192106900,92251,1906636598,-49,-98,6,0,1,7,0,0,256,0,0,"[0,0,-16,0,-16,1,-15,1,-15,1,-14,1,-13,1,-13,2,-12,2,-12,2,-11,3,-11,3,-10,3,-10,3,-10,4,-10,4,-10,4,-10,4,-10,4,-10,4,-10,3,-10,3,-9,2,-9,2,-8,2,-8,1,-8,1,0,0,0,0,0,0,0,0,0,0,0,0,0,0,0,0,0,0,0,0,0,0,-16,3,-16,2,-17,1,-17,0,-18,-1,-18,-2,-19,-2,-18,-4,-18,-4,-18,-4,-18,-5,-17,-4,-17,-4,-16,-4,-16,-4,-16,-3,-16,-2,-16,-2,-16,-2,-16,-1,-16,-1,-16,0,-17,0,-17,0,-16,1,-17,1,0,0,-29,3,-28,4,-26,4,-26,4,-24,5,-23,5,-22,4,-21,5,-21,6,-20,7,-19,8,-18,8,-17,9,-16,9,-17,10,-16,8,-16,9,-17,9,-17,9,-16,7,-16,7,-15,6,-15,6,-14,5,-14,4,-14,4,-14,3,-13,1,0,0,0,0,0,0,0,0,0,0,0,0,0,0,-26,12,-27,9,-28,7,-28,6,-31,5,-30,4,-32,1,-32,-1,-33,-2,-33,-4,-32,-5,-33,-6,-32,-5,-31,-6,-29,-5,-28,-3,-28,-4,-29,-2,-28,-2,-30,-2,-28,0,-28,1,-29,2,-29,2,-30,2,-29,4,-28,4,-30,4]"
618071663306700,53.212458300,92252,1906656425,-49,-98,6,0,1,7,0,0,256,0,0,"[0,0,10,-11,9,-11,9,-11,9,-10,8,-10,7,-10,7,-10,7,-10,6,-10,5,-10,5,-10,4,-10,4,-10,4,-10,4,-10,4,-10,3,-10,4,-9,4,-9,4,-9,4,-9,4,-8,4,-8,4,-7,4,-7,4,-6,0,0,0,0,0,0,0,0,0,0,0,0,0,0,0,0,0,0,0,0,0,0,8,-13,10,-13,10,-13,10,-12,11,-12,13,-12,13,-11,14,-11,14,-10,14,-9,14,-9,13,-9,13,-9,13,-9,13,-9,12,-9,12,-9,12,-10,11,-10,11,-11,11,-11,11,-11,11,-11,10,-12,10,-12,10,-12,0,0,40,-39,39,-41,36,-37,36,-38,30,-35,30,-37,28,-36,26,-36,23,-34,24,-36,21,-33,20,-35,17,-35,15,-34,17,-36,15,-34,15,-37,15,-33,16,-33,16,-31,16,-31,17,-28,16,-29,17,-25,18,-23,17,-21,20,-22,19,-20,0,0,0,0,0,0,0,0,0,0,0,0,0,0,26,-52,31,-46,36,-43,39,-40,41,-44,41,-41,49,-39,52,-36,51,-38,56,-34,53,-33,59,-31,56,-27,55,-24,53,-24,49,-27,48,-25,49,-31,45,-30,46,-32,45,-34,43,-37,43,-38,43,-40,46,-40,44,-40,45,-38,44,-37]"
618071682413100,53.231564700,92253,1906678690,-49,-98,6,0,1,7,0,0,256,0,0,"[0,0,14,5,14,4,13,4,14,4,12,3,12,3,12,2,11,2,11,1,11,1,10,0,10,0,10,0,10,-1,10,-1,10,-1,10,-1,10,-1,10,-1,9,0,9,0,8,0,8,1,8,1,8,1,7,1,0,0,0,0,0,0,0,0,0,0,0,0,0,0,0,0,0,0,0,0,0,0,15,2,15,3,16,5,15,5,16,6,15,7,15,8,15,9,15,10,14,10,14,9,13,9,13,9,13,8,13,8,13,8,13,7,13,7,13,6,14,6,14,6,14,5,15,6,15,5,15,5,15,4,0,0,27,7,25,7,26,7,23,6,23,6,22,4,22,3,21,2,21,1,19,0,19,0,19,0,19,-1,19,-2,17,-2,18,-2,17,-2,18,-2,18,-3,18,-2,17,-2,16,-1,15,-1,15,0,15,2,14,1,12,2,12,3,0,0,0,0,0,0,0,0,0,0,0,0,0,0,27,1,28,3,28,6,29,6,26,8,28,11,28,11,30,13,28,14,28,15,28,18,25,17,25,18,24,16,24,17,24,16,25,15,23,13,25,13,24,12,25,11,26,10,26,9,28,9,26,8,26,8,27,8,29,9]"
618071703932300,53.253083900,92254,1906696426,-49,-98,6,0,1,7,0,0,256,0,0,"[0,0,-10,-12,-10,-12,-10,-12,-9,-11,-9,-11,-9,-10,-9,-9,-9,-9,-9,-8,-9,-7,-9,-6,-9,-6,-9,-6,-9,-6,-10,-5,-9,-5,-9,-5,-9,-5,-9,-5,-8,-5,-8,-5,-8,-6,-7,-5,-7,-5,-7,-5,-6,-5,0,0,0,0,0,0,0,0,0,0,0,0,0,0,0,0,0,0,0,0,0,0,-11,-12,-11,-13,-10,-13,-10,-14,-9,-15,-9,-16,-8,-16,-7,-17,-6,-17,-6,-16,-6,-16,-7,-15,-6,-15,-6,-15,-6,-15,-7,-14,-7,-14,-8,-14,-8,-14,-8,-14,-9,-13,-9,-14,-10,-13,-10,-13,-10,-13,-10,-12,0,0,-20,-22,-19,-21,-18,-21,-18,-19,-19,-18,-18,-16,-18,-16,-17,-14,-18,-13,-18,-12,-17,-11,-18,-10,-18,-10,-18,-8,-19,-9,-18,-8,-18,-8,-19,-8,-18,-7,-18,-8,-17,-9,-14,-9,-14,-9,-13,-9,-12,-9,-12,-8,-10,-9,-10,-10,0,0,0,0,0,0,0,0,0,0,0,0,0,0,-24,-17,-22,-19,-22,-21,-21,-22,-20,-24,-19,-24,-18,-27,-19,-29,-18,-29,-16,-31,-16,-30,-14,-29,-13,-30,-12,-29,-12,-29,-12,-27,-13,-27,-14,-26,-14,-26,-16,-25,-17,-25,-17,-23,-19,-24,-20,-23,-20,-23,-19,-24,-20,-23,-20,-24]"
618071723391100,53.272542700,92255,1906716465,-49,-98,6,0,1,7,0,0,256,0,0,"[0,0,-13,9,-12,8,-12,8,-11,8,-10,7,-10,8,-9,8,-9,8,-8,7,-8,8,-7,8,-6,8,-6,8,-6,8,-6,8,-6,8,-5,8,-6,8,-6,8,-6,7,-6,7,-6,7,-6,6,-5,6,-6,5,-6,5,0,0,0,0,0,0,0,0,0,0,0,0,0,0,0,0,0,0,0,0,0,0,-12,10,-13,10,-13,9,-14,9,-15,8,-16,8,-16,7,-17,6,-17,6,-17,5,-16,5,-16,5,-15,5,-15,5,-15,5,-14,5,-14,6,-14,6,-14,7,-14,7,-13,8,-14,8,-14,8,-13,9,-13,9,-13,9,0,0,-24,10,-26,11,-25,11,-24,11,-22,10,-21,12,-19,11,-19,12,-18,12,-17,11,-17,11,-16,12,-14,12,-13,13,-14,13,-13,13,-14,14,-13,13,-13,12,-14,11,-14,11,-13,10,-13,9,-13,9,-13,7,-11,7,-12,6,-13,5,0,0,0,0,0,0,0,0,0,0,0,0,0,0,-23,18,-25,15,-26,12,-26,12,-28,13,-28,10,-32,9,-32,8,-32,9,-32,6,-32,5,-33,3,-32,1,-31,1,-30,2,-29,2,-29,4,-29,4,-28,5,-28,7,-28,7,-28,9,-27,10,-27,11,-28,10,-28,10,-27,11,-28,10]"
618071743782000,53.292933600,92256,1906736994,-49,-98,6,0,1,7,0,0,256,0,0,"[0,0,-1,-15,-2,-15,-2,-14,-2,-14,-2,-14,-2,-13,-3,-13,-3,-12,-3,-11,-4,-11,-4,-10,-4,-10,-5,-10,-5,-10,-5,-10,-5,-9,-5,-10,-5,-9,-4,-9,-4,-9,-4,-9,-4,-9,-3,-9,-3,-8,-2,-8,-2,-8,0,0,0,0,0,0,0,0,0,0,0,0,0,0,0,0,0,0,0,0,0,0,-3,-16,-2,-16,-2,-16,-1,-16,0,-18,1,-18,2,-17,2,-18,3,-17,3,-17,3,-16,3,-16,3,-16,3,-16,3,-16,2,-15,1,-15,1,-15,0,-16,0,-16,-1,-16,-1,-16,-1,-16,-1,-16,-2,-16,-1,-15,0,0,-4,-28,-4,-30,-4,-28,-4,-26,-5,-25,-6,-25,-6,-23,-7,-23,-7,-21,-7,-20,-9,-19,-9,-19,-9,-19,-10,-17,-10,-17,-10,-17,-10,-17,-9,-17,-10,-16,-9,-17,-9,-16,-7,-16,-7,-16,-5,-16,-5,-14,-5,-13,-4,-15,-3,-14,0,0,0,0,0,0,0,0,0,0,0,0,0,0,-11,-28,-7,-29,-5,-29,-5,-28,-3,-32,-1,-31,1,-33,2,-33,3,-33,4,-33,5,-32,6,-32,7,-31,7,-31,7,-29,6,-29,4,-29,3,-29,3,-28,3,-30,2,-29,-1,-30,-1,-30,-2,-31,-2,-31,-3,-30,-3,-30,-2,-29]"
618071762577000,53.311728600,92257,1906756553,-49,-98,6,0,1,7,0,0,256,0,0,"[0,0,13,-7,12,-7,11,-7,12,-7,10,-7,10,-7,9,-7,9,-7,8,-8,8,-8,7,-8,7,-8,6,-8,6,-8,6,-9,6,-8,6,-8,6,-8,6,-8,6,-7,6,-7,6,-7,6,-6,5,-6,5,-5,6,-5,0,0,0,0,0,0,0,0,0,0,0,0,0,0,0,0,0,0,0,0,0,0,12,-9,13,-8,14,-8,14,-7,15,-7,15,-6,16,-5,16,-5,17,-4,16,-4,16,-3,16,-3,15,-3,14,-3,14,-4,14,-4,14,-5,14,-5,13,-6,14,-6,13,-6,14,-7,14,-7,13,-7,13,-7,13,-7,0,0,24,-13,24,-13,23,-13,22,-12,21,-13,20,-13,18,-13,18,-14,16,-13,15,-13,15,-14,13,-15,13,-15,12,-16,12,-16,11,-15,11,-15,11,-14,11,-15,11,-14,11,-13,11,-13,11,-12,11,-11,11,-10,11,-9,11,-9,11,-8,0,0,0,0,0,0,0,0,0,0,0,0,0,0,21,-19,24,-17,25,-16,27,-14,27,-12,27,-11,30,-11,32,-10,32,-8,32,-6,32,-6,32,-5,32,-6,31,-4,29,-5,29,-6,28,-6,27,-6,27,-6,28,-7,27,-10,27,-11,27,-11,27,-13,28,-11,26,-13,25,-13,27,-14]"
618071783870500,53.333022100,92258,1906776694,-49,-98,6,0,1,7,0,0,256,0,0,"[0,0,-10,12,-9,12,-8,11,-9,11,-7,10,-7,11,-7,10,-6,10,-6,10,-5,10,-4,10,-3,10,-3,10,-3,10,-3,10,-3,9,-3,10,-3,9,-3,9,-3,9,-4,8,-3,8,-4,8,-4,7,-4,7,-4,6,0,0,0,0,0,0,0,0,0,0,0,0,0,0,0,0,0,0,0,0,0,0,-8,14,-9,13,-10,14,-10,13,-12,13,-12,12,-13,12,-14,11,-14,11,-15,11,-14,10,-14,10,-13,10,-13,10,-12,10,-12,10,-11,10,-12,11,-11,11,-11,12,-10,11,-10,12,-11,13,-10,13,-9,13,-10,13,0,0,-30,48,-30,48,-30,45,-28,45,-24,43,-23,44,-20,43,-16,42,-17,38,-14,37,-12,39,-10,38,-7,39,-8,38,-6,38,-5,38,-5,38,-7,36,-7,33,-7,34,-8,32,-8,33,-10,29,-11,28,-11,26,-12,25,-13,23,-14,22,0,0,0,0,0,0,0,0,0,0,0,0,0,0,-16,56,-24,53,-28,53,-30,50,-36,49,-36,48,-40,49,-43,48,-47,46,-49,48,-49,43,-50,42,-49,38,-50,38,-45,39,-44,38,-43,39,-42,39,-43,39,-39,43,-36,44,-37,45,-34,46,-37,48,-34,50,-33,50,-34,49,-34,49]"
618071801949400,53.351101000,92259,1906796339,-49,-98,6,0,1,7,0,0,256,0,0,"[0,0,-2,15,-1,15,-2,14,-1,14,0,13,0,13,0,12,1,11,1,11,2,11,2,10,3,10,3,10,3,9,3,10,3,9,3,9,3,9,3,9,2,9,2,8,2,8,1,8,1,8,0,7,0,7,0,0,0,0,0,0,0,0,0,0,0,0,0,0,0,0,0,0,0,0,0,0,0,15,0,16,-1,16,-2,16,-3,17,-4,17,-5,17,-6,17,-6,16,-6,16,-7,16,-7,15,-6,15,-6,15,-6,14,-5,14,-5,14,-4,15,-3,15,-3,15,-3,15,-2,16,-2,16,-2,16,-2,15,-1,15,0,0,-1,29,2,27,1,26,2,26,2,25,3,23,3,22,5,21,5,20,6,19,6,19,6,18,7,19,7,18,7,16,8,17,8,18,7,17,8,16,7,16,6,15,5,16,4,14,4,14,3,14,2,13,1,14,0,13,0,0,0,0,0,0,0,0,0,0,0,0,0,0,9,26,7,28,5,28,4,28,3,31,1,30,-1,32,-3,32,-3,31,-6,33,-6,32,-7,32,-9,31,-8,31,-8,28,-8,28,-6,28,-5,28,-3,28,-5,28,-3,29,0,29,-1,28,1,29,0,30,1,30,-1,30,1,29]"
618071825386000,53.374537600,92260,1906816497,-49,-98,6,0,1,7,0,0,256,0,0,"[0,0,-9,-12,-9,-12,-9,-12,-9,-11,-9,-11,-9,-10,-9,-9,-9,-9,-9,-8,-9,-7,-9,-7,-9,-7,-9,-6,-9,-6,-10,-6,-9,-5,-9,-5,-9,-5,-9,-5,-9,-5,-8,-5,-8,-5,-7,-6,-7,-6,-6,-6,-6,-5,0,0,0,0,0,0,0,0,0,0,0,0,0,0,0,0,0,0,0,0,0,0,-10,-12,-9,-13,-10,-14,-9,-14,-9,-16,-8,-16,-7,-16,-6,-17,-6,-17,-5,-17,-5,-16,-5,-16,-5,-16,-5,-15,-5,-15,-6,-14,-6,-14,-7,-14,-7,-14,-8,-14,-8,-13,-9,-13,-9,-14,-9,-13,-9,-13,-9,-13,0,0,-17,-23,-17,-24,-16,-23,-16,-20,-16,-21,-15,-20,-15,-18,-15,-17,-16,-16,-17,-14,-17,-12,-18,-12,-16,-12,-17,-11,-17,-9,-17,-10,-17,-10,-17,-10,-16,-10,-16,-10,-16,-10,-13,-10,-13,-10,-13,-10,-13,-9,-11,-10,-10,-10,-9,-11,0,0,0,0,0,0,0,0,0,0,0,0,0,0,-21,-19,-21,-21,-19,-23,-18,-24,-17,-26,-16,-26,-15,-29,-14,-30,-12,-32,-11,-32,-10,-33,-9,-32,-10,-30,-10,-30,-10,-30,-10,-28,-11,-28,-11,-27,-12,-27,-12,-27,-13,-27,-14,-26,-13,-26,-15,-26,-16,-25,-17,-25,-18,-24,-18,-25]"
618071844691700,53.393843300,92261,1906836774,-49,-98,6,0,1,7,0,0,256,0,0,"[0,0,-2,-16,-3,-15,-3,-15,-2,-14,-3,-14,-4,-13,-4,-13,-4,-12,-4,-11,-4,-11,-5,-11,-6,-10,-6,-10,-6,-9,-6,-9,-6,-9,-6,-9,-5,-9,-6,-9,-5,-9,-4,-9,-4,-9,-4,-8,-4,-8,-3,-8,-3,-8,0,0,0,0,0,0,0,0,0,0,0,0,0,0,0,0,0,0,0,0,0,0,-4,-16,-3,-16,-2,-17,-2,-17,0,-18,0,-18,1,-18,2,-18,2,-18,3,-18,3,-17,3,-17,3,-17,2,-16,2,-16,1,-16,1,-16,0,-16,0,-16,-1,-16,-1,-16,-2,-16,-2,-16,-2,-16,-2,-17,-2,-16,0,0,-3,-28,-3,-27,-3,-27,-4,-26,-3,-25,-5,-25,-6,-23,-6,-22,-7,-21,-7,-21,-8,-19,-9,-19,-9,-18,-9,-18,-9,-17,-10,-17,-9,-17,-10,-16,-9,-16,-8,-17,-8,-16,-8,-15,-6,-15,-5,-15,-4,-15,-5,-15,-3,-13,-2,-14,0,0,0,0,0,0,0,0,0,0,0,0,0,0,-12,-27,-9,-28,-7,-29,-6,-30,-3,-30,-2,-31,-1,-33,1,-33,1,-33,2,-33,4,-32,5,-33,6,-31,6,-31,6,-30,5,-29,4,-29,3,-29,2,-29,1,-29,0,-29,0,-29,-3,-29,-3,-30,-4,-30,-3,-29,-3,-31,-4,-31]"
618071864205000,53.413356600,92262,1906856494,-49,-98,6,0,1,7,0,0,256,0,0,"[0,0,-14,6,-13,6,-12,6,-12,6,-11,6,-10,6,-10,6,-9,6,-9,6,-8,7,-8,7,-7,7,-7,7,-6,7,-7,8,-6,7,-6,7,-6,7,-7,7,-6,7,-6,6,-6,6,-6,5,-6,5,-6,4,-6,4,0,0,0,0,0,0,0,0,0,0,0,0,0,0,0,0,0,0,0,0,0,0,-13,7,-14,6,-14,6,-15,5,-16,5,-17,4,-17,3,-17,3,-17,2,-17,2,-17,1,-16,1,-16,2,-15,2,-15,2,-15,3,-14,3,-14,3,-15,4,-14,5,-14,5,-14,6,-14,6,-14,6,-14,6,-14,6,0,0,-25,12,-25,15,-23,13,-23,12,-20,12,-21,12,-18,13,-18,14,-17,13,-16,15,-14,13,-12,14,-12,15,-12,14,-13,15,-11,15,-11,15,-11,14,-11,15,-11,13,-12,13,-12,12,-12,12,-12,11,-11,10,-11,8,-11,9,-13,8,0,0,0,0,0,0,0,0,0,0,0,0,0,0,-21,20,-23,17,-24,15,-25,14,-28,15,-27,13,-31,12,-31,9,-32,10,-33,8,-32,7,-34,6,-32,5,-31,5,-30,5,-28,5,-28,6,-29,8,-27,8,-29,9,-26,10,-26,11,-27,11,-26,13,-28,13,-27,14,-26,15,-26,14]"
618071881510100,53.430661700,92263,1906876521,-49,-98,6,0,1,7,0,0,256,0,0,"[0,0,5,14,5,13,5,13,5,12,5,12,5,11,5,11,5,10,5,9,6,9,6,8,6,8,7,7,7,7,7,7,7,7,7,7,6,7,6,7,6,7,5,7,5,7,4,7,4,6,4,6,3,6,0,0,0,0,0,0,0,0,0,0,0,0,0,0,0,0,0,0,0,0,0,0,8,13,7,14,7,14,6,15,6,16,5,17,3,17,3,17,2,17,2,17,2,16,2,16,2,16,2,16,2,15,2,15,2,15,3,15,4,15,4,15,4,14,5,15,5,15,6,14,6,14,6,14,0,0,8,27,7,27,7,25,8,23,8,23,7,21,8,21,9,20,9,18,10,17,11,16,11,16,11,14,12,15,12,14,12,13,11,14,12,14,11,14,10,14,9,13,8,14,7,13,7,12,6,13,5,12,4,12,3,12,0,0,0,0,0,0,0,0,0,0,0,0,0,0,15,24,14,25,11,26,10,27,9,28,8,29,5,31,5,31,2,31,2,32,1,32,0,32,-1,31,-1,31,-1,30,-1,29,0,28,2,27,2,29,2,28,4,28,5,28,6,29,6,28,7,28,7,28,8,27,7,27]"
618071904671000,53.453822600,92264,1906897892,-49,-98,6,0,1,7,0,0,256,0,0,"[0,0,15,-2,14,-2,13,-2,13,-2,12,-3,12,-3,12,-3,11,-3,10,-4,10,-4,10,-4,9,-5,9,-5,8,-5,9,-6,8,-6,8,-5,8,-5,8,-5,9,-5,8,-4,7,-4,7,-4,7,-3,7,-3,7,-3,0,0,0,0,0,0,0,0,0,0,0,0,0,0,0,0,0,0,0,0,0,0,15,-4,15,-3,15,-3,16,-2,17,-1,17,0,17,1,17,2,17,3,16,3,16,3,16,3,15,3,15,3,15,2,15,1,15,1,15,0,15,0,15,0,15,0,15,-1,16,-1,15,-1,15,-2,15,-2,0,0,27,-4,26,-5,25,-5,25,-5,23,-6,22,-6,22,-6,20,-6,19,-8,19,-9,18,-9,17,-10,16,-10,15,-10,16,-11,15,-11,15,-11,16,-10,15,-10,16,-9,15,-8,14,-8,13,-7,13,-6,13,-6,13,-5,12,-6,12,-5,0,0,0,0,0,0,0,0,0,0,0,0,0,0,23,-17,25,-13,28,-8,28,-7,29,-6,29,-4,32,-3,32,-1,33,0,33,3,33,3,31,4,31,5,30,5,29,4,28,3,28,3,28,1,27,1,29,0,28,-2,28,-2,27,-2,28,-3,30,-4,29,-4,29,-5,29,-4]"
618071924778400,53.473930000,92265,1906916903,-49,-98,6,0,1,7,0,0,256,0,0,"[0,0,2,-15,1,-15,1,-15,1,-14,1,-14,0,-13,0,-13,-1,-12,-1,-12,-2,-11,-2,-11,-3,-11,-3,-11,-3,-11,-3,-10,-3,-10,-4,-10,-3,-10,-2,-10,-3,-10,-2,-10,-2,-10,-2,-9,-1,-9,-1,-8,-1,-8,0,0,0,0,0,0,0,0,0,0,0,0,0,0,0,0,0,0,0,0,0,0,-1,-16,0,-17,1,-17,2,-17,3,-17,4,-17,5,-17,6,-17,6,-17,6,-17,6,-16,7,-16,6,-16,6,-15,5,-15,5,-15,5,-15,4,-15,3,-15,3,-16,3,-16,2,-16,2,-16,2,-16,1,-16,1,-16,0,0,1,-28,0,-29,1,-27,1,-26,-1,-26,-1,-24,-2,-24,-3,-22,-4,-21,-4,-19,-5,-19,-5,-20,-6,-19,-7,-19,-7,-17,-7,-18,-7,-19,-7,-18,-7,-17,-6,-17,-5,-16,-5,-16,-4,-16,-3,-16,-3,-15,-1,-15,-1,-14,0,-14,0,0,0,0,0,0,0,0,0,0,0,0,0,0,-6,-29,-3,-30,0,-29,0,-30,1,-31,4,-31,6,-32,6,-32,8,-32,8,-32,11,-31,11,-31,11,-28,11,-28,11,-28,11,-28,10,-27,8,-27,8,-28,7,-28,6,-29,3,-29,4,-29,3,-30,2,-29,3,-30,1,-29,2,-29]"
618071946456100,53.495607700,92266,1906938699,-49,-98,6,0,1,7,0,0,256,0,0,"[0,0,-10,12,-10,11,-9,11,-8,11,-8,11,-7,11,-7,10,-6,10,-6,10,-5,10,-5,9,-4,10,-3,9,-3,10,-3,10,-3,10,-3,10,-3,10,-3,9,-4,9,-4,8,-3,8,-4,8,-4,7,-4,6,-4,6,0,0,0,0,0,0,0,0,0,0,0,0,0,0,0,0,0,0,0,0,0,0,-9,14,-9,13,-10,14,-11,13,-12,13,-13,12,-14,12,-15,11,-14,11,-15,11,-15,10,-14,9,-14,9,-13,9,-13,10,-12,10,-12,10,-12,11,-11,11,-11,11,-11,11,-11,12,-11,13,-11,13,-10,12,-10,12,0,0,-40,41,-36,42,-36,41,-32,36,-29,38,-28,35,-28,36,-22,34,-22,36,-16,35,-15,36,-14,37,-12,35,-10,37,-12,34,-13,37,-10,37,-12,37,-12,32,-14,33,-14,30,-14,30,-12,28,-12,27,-14,24,-14,22,-16,22,-17,21,0,0,0,0,0,0,0,0,0,0,0,0,0,0,-23,50,-30,50,-34,49,-39,45,-39,44,-42,45,-47,41,-52,42,-53,39,-56,35,-56,34,-54,34,-55,34,-54,31,-52,31,-49,32,-49,33,-45,32,-46,30,-44,34,-43,37,-45,38,-41,40,-42,40,-40,41,-40,45,-39,46,-38,41]"
618071963946800,53.513098400,92267,1906957770,-50,-98,6,0,1,7,0,0,256,0,0,"[0,0,14,-3,13,-4,13,-4,13,-4,12,-4,11,-4,11,-4,10,-5,10,-5,9,-5,9,-5,8,-6,8,-6,8,-6,8,-6,8,-6,7,-6,7,-6,8,-6,7,-6,8,-5,7,-5,7,-4,7,-4,7,-3,7,-3,0,0,0,0,0,0,0,0,0,0,0,0,0,0,0,0,0,0,0,0,0,0,14,-6,15,-6,15,-5,15,-4,16,-4,17,-3,17,-2,17,-1,17,-1,17,0,16,1,16,0,15,0,15,0,15,0,15,-1,15,-1,15,-2,14,-2,15,-3,15,-3,15,-4,15,-4,15,-4,15,-4,15,-4,0,0,26,-8,27,-7,24,-8,25,-7,23,-7,21,-8,21,-8,19,-9,18,-9,18,-11,17,-10,16,-10,16,-11,13,-11,15,-12,14,-12,13,-12,14,-12,14,-11,13,-10,15,-10,13,-9,13,-8,13,-8,12,-7,12,-6,13,-6,12,-4,0,0,0,0,0,0,0,0,0,0,0,0,0,0,24,-15,26,-12,27,-10,27,-9,29,-8,29,-6,31,-6,31,-3,32,-4,32,-2,31,0,32,1,31,3,31,3,29,3,27,2,27,0,28,-1,27,-2,29,-2,27,-4,27,-6,27,-6,28,-7,29,-7,28,-7,28,-7,28,-7]"
618071983532200,53.532683800,92268,1906976577,-49,-98,6,0,1,7,0,0,256,0,0,"[0,0,-11,11,-10,11,-10,11,-9,10,-8,10,-8,10,-7,10,-7,9,-6,9,-5,9,-5,10,-4,9,-4,9,-4,10,-3,9,-3,9,-3,9,-3,9,-4,9,-4,9,-4,8,-4,8,-4,7,-3,7,-4,7,-4,7,0,0,0,0,0,0,0,0,0,0,0,0,0,0,0,0,0,0,0,0,0,0,-9,13,-11,12,-11,12,-12,12,-13,12,-14,11,-15,10,-16,10,-16,10,-15,9,-15,9,-14,9,-14,8,-14,9,-14,9,-13,8,-13,9,-13,9,-12,10,-12,10,-12,11,-11,11,-12,11,-11,12,-11,12,-11,12,0,0,-40,40,-39,39,-37,37,-34,37,-30,37,-30,37,-29,36,-25,36,-25,35,-21,32,-18,34,-17,35,-15,35,-13,35,-14,34,-13,33,-13,35,-13,33,-13,31,-13,32,-13,29,-15,30,-17,29,-16,26,-16,23,-18,22,-17,22,-17,19,0,0,0,0,0,0,0,0,0,0,0,0,0,0,-27,51,-33,47,-38,45,-42,44,-43,43,-44,39,-49,42,-54,38,-54,37,-56,35,-57,32,-56,33,-55,28,-54,28,-54,29,-51,28,-50,30,-48,28,-49,30,-46,33,-44,35,-45,37,-42,39,-45,38,-41,40,-42,40,-43,41,-42,41]"
618072003123800,53.552275400,92269,1906996328,-49,-98,6,0,1,7,0,0,256,0,0,"[0,0,14,-6,13,-6,13,-6,12,-6,12,-6,11,-6,11,-6,10,-6,9,-6,9,-6,8,-7,8,-7,8,-7,7,-7,7,-8,7,-7,7,-7,7,-7,7,-7,7,-7,7,-6,6,-6,7,-6,6,-5,6,-4,6,-4,0,0,0,0,0,0,0,0,0,0,0,0,0,0,0,0,0,0,0,0,0,0,13,-8,14,-8,14,-7,15,-6,16,-6,17,-6,17,-4,17,-4,17,-3,17,-2,17,-1,17,-1,16,-2,15,-2,15,-2,15,-3,15,-3,15,-4,15,-4,14,-5,14,-5,14,-6,15,-6,15,-5,14,-6,15,-6,0,0,25,-12,24,-13,23,-12,22,-12,21,-11,20,-13,19,-13,17,-13,16,-13,15,-13,14,-13,13,-14,13,-14,12,-14,12,-15,12,-14,11,-14,12,-13,11,-14,12,-13,12,-12,11,-12,11,-11,11,-10,11,-9,11,-8,11,-8,11,-7,0,0,0,0,0,0,0,0,0,0,0,0,0,0,20,-20,24,-17,25,-15,25,-14,27,-14,27,-12,29,-12,30,-9,31,-10,31,-7,31,-7,32,-5,31,-4,30,-4,30,-3,28,-4,27,-5,28,-6,27,-7,28,-7,27,-8,26,-11,27,-11,26,-13,27,-12,27,-12,26,-13,27,-12]"
618072025180400,53.574332000,92270,1907018468,-50,-98,6,0,1,7,0,0,256,0,0,"[0,0,-15,2,-15,2,-14,2,-14,2,-13,2,-12,2,-12,2,-11,3,-11,3,-10,3,-10,4,-10,4,-9,5,-9,5,-9,5,-9,5,-8,5,-9,5,-9,4,-9,4,-9,4,-8,3,-8,3,-8,3,-8,3,-8,2,0,0,0,0,0,0,0,0,0,0,0,0,0,0,0,0,0,0,0,0,0,0,-15,5,-16,4,-16,2,-17,2,-17,1,-18,0,-18,-1,-18,-1,-18,-2,-18,-2,-17,-2,-17,-2,-16,-2,-16,-2,-16,-2,-15,-1,-16,-1,-16,0,-16,0,-16,0,-16,1,-16,1,-16,1,-16,2,-16,2,-16,2,0,0,-29,1,-29,2,-28,2,-25,2,-24,3,-23,2,-23,3,-22,4,-21,4,-20,6,-20,7,-18,7,-18,9,-17,9,-17,9,-17,9,-16,9,-18,9,-17,7,-17,7,-16,5,-15,5,-15,5,-15,5,-14,4,-14,3,-14,3,-14,2,0,0,0,0,0,0,0,0,0,0,0,0,0,0,-26,10,-29,7,-29,5,-30,3,-31,2,-31,1,-33,-1,-34,-3,-34,-5,-34,-6,-33,-7,-32,-8,-32,-7,-31,-7,-30,-6,-29,-5,-29,-5,-28,-5,-29,-4,-30,-4,-29,-2,-30,-1,-28,-2,-29,-1,-31,1,-30,2,-30,2,-31,2]"
618072042910300,53.592061900,92271,1907036663,-49,-98,6,0,1,7,0,0,256,0,0,"[0,0,-7,-13,-7,-13,-7,-13,-6,-12,-7,-11,-7,-11,-6,-11,-7,-9,-7,-9,-7,-8,-7,-8,-8,-8,-7,-7,-8,-7,-8,-7,-8,-6,-8,-6,-7,-7,-8,-7,-7,-7,-6,-6,-6,-7,-6,-7,-6,-6,-5,-6,-5,-6,0,0,0,0,0,0,0,0,0,0,0,0,0,0,0,0,0,0,0,0,0,0,-9,-12,-8,-13,-8,-15,-7,-15,-6,-16,-6,-16,-5,-16,-4,-17,-4,-17,-3,-17,-3,-17,-3,-16,-3,-16,-4,-15,-3,-15,-4,-15,-4,-14,-4,-14,-5,-15,-6,-14,-6,-14,-6,-14,-6,-14,-7,-14,-7,-14,-7,-14,0,0,-9,-26,-10,-28,-11,-25,-9,-24,-11,-23,-10,-23,-12,-21,-10,-21,-12,-18,-13,-16,-12,-16,-13,-16,-14,-15,-13,-14,-14,-14,-14,-14,-13,-15,-14,-13,-14,-14,-13,-13,-11,-14,-11,-14,-10,-13,-9,-13,-9,-11,-8,-12,-7,-12,-6,-12,0,0,0,0,0,0,0,0,0,0,0,0,0,0,-17,-25,-16,-26,-15,-28,-12,-29,-10,-29,-9,-30,-8,-33,-6,-33,-4,-34,-3,-34,-1,-33,-2,-34,-2,-31,-2,-32,-2,-31,-2,-30,-2,-30,-3,-29,-3,-28,-5,-28,-6,-29,-6,-29,-7,-29,-8,-28,-10,-29,-10,-27,-10,-28,-9,-28]"
618072066436300,53.615587900,92272,1907059682,-50,-98,6,0,1,7,0,0,256,0,0,"[0,0,-7,-13,-7,-13,-7,-12,-6,-12,-7,-11,-7,-11,-7,-10,-7,-9,-7,-8,-7,-8,-8,-7,-8,-7,-7,-7,-8,-6,-8,-6,-8,-6,-8,-6,-7,-6,-7,-6,-7,-6,-7,-6,-6,-6,-6,-6,-6,-6,-5,-6,-5,-6,0,0,0,0,0,0,0,0,0,0,0,0,0,0,0,0,0,0,0,0,0,0,-9,-12,-8,-13,-8,-14,-8,-15,-7,-16,-6,-16,-5,-17,-5,-17,-4,-17,-4,-17,-4,-16,-4,-16,-4,-15,-4,-15,-3,-15,-4,-15,-5,-14,-5,-14,-5,-14,-6,-14,-6,-14,-7,-14,-7,-14,-7,-14,-7,-14,-7,-13,0,0,-16,-26,-15,-25,-16,-22,-15,-22,-14,-20,-14,-18,-15,-18,-15,-18,-15,-15,-16,-15,-16,-14,-16,-13,-15,-12,-15,-11,-17,-10,-16,-10,-16,-12,-15,-9,-15,-10,-15,-10,-14,-10,-13,-10,-12,-10,-11,-11,-11,-10,-9,-10,-10,-11,-8,-11,0,0,0,0,0,0,0,0,0,0,0,0,0,0,-22,-20,-21,-22,-20,-25,-19,-26,-16,-26,-16,-27,-16,-29,-14,-30,-13,-32,-13,-31,-11,-33,-10,-33,-9,-31,-9,-31,-8,-30,-8,-30,-9,-30,-10,-27,-11,-27,-11,-26,-13,-26,-13,-27,-14,-27,-15,-27,-16,-26,-15,-26,-16,-26,-17,-26]"
618072085737400,53.634889000,92273,1907077610,-50,-98,6,0,1,7,0,0,256,0,0,"[0,0,-10,-12,-10,-12,-10,-11,-10,-11,-9,-10,-9,-10,-9,-9,-9,-9,-9,-8,-9,-7,-9,-6,-9,-6,-9,-6,-9,-5,-10,-5,-10,-5,-9,-5,-9,-5,-9,-5,-8,-5,-8,-5,-8,-5,-7,-5,-7,-5,-6,-5,-6,-5,0,0,0,0,0,0,0,0,0,0,0,0,0,0,0,0,0,0,0,0,0,0,-12,-11,-11,-12,-12,-13,-11,-13,-11,-15,-10,-15,-9,-16,-8,-17,-8,-16,-8,-17,-8,-16,-7,-16,-7,-15,-7,-15,-7,-15,-8,-14,-8,-14,-9,-14,-9,-13,-9,-14,-9,-13,-10,-13,-11,-13,-10,-13,-11,-13,-10,-12,0,0,-19,-23,-19,-21,-18,-21,-17,-19,-17,-18,-17,-17,-17,-16,-18,-15,-17,-13,-16,-12,-17,-12,-16,-11,-16,-10,-17,-10,-17,-8,-18,-10,-16,-9,-17,-9,-17,-8,-16,-8,-15,-9,-14,-9,-12,-9,-12,-9,-11,-10,-12,-10,-10,-9,-9,-11,0,0,0,0,0,0,0,0,0,0,0,0,0,0,-25,-16,-24,-19,-22,-21,-22,-22,-20,-23,-20,-25,-20,-26,-20,-28,-18,-29,-17,-30,-16,-29,-14,-29,-12,-30,-13,-29,-13,-28,-12,-26,-14,-27,-14,-26,-15,-26,-15,-25,-16,-24,-16,-24,-18,-24,-19,-23,-19,-23,-18,-23,-19,-24,-21,-21]"
618072103576700,53.652728300,92274,1907097181,-50,-98,6,0,1,7,0,0,256,0,0,"[0,0,3,-15,3,-15,2,-14,3,-14,2,-13,1,-13,1,-13,0,-12,0,-12,-1,-11,-1,-11,-2,-11,-2,-11,-2,-10,-2,-11,-2,-10,-3,-11,-2,-10,-2,-10,-2,-9,-2,-9,-2,-9,-1,-9,-1,-9,0,-8,0,-8,0,0,0,0,0,0,0,0,0,0,0,0,0,0,0,0,0,0,0,0,0,0,1,-16,2,-16,3,-17,4,-17,5,-17,5,-17,6,-17,7,-17,8,-16,8,-16,8,-15,7,-15,7,-15,7,-15,7,-14,6,-14,6,-14,6,-15,4,-15,4,-15,4,-15,3,-16,4,-16,3,-16,3,-16,3,-15,0,0,2,-28,3,-30,2,-26,4,-26,2,-24,1,-24,0,-23,-1,-23,-2,-21,-3,-20,-4,-20,-5,-20,-6,-20,-5,-18,-6,-18,-6,-18,-6,-18,-6,-17,-6,-17,-5,-17,-4,-16,-3,-16,-3,-17,-3,-15,-2,-15,-3,-14,0,-15,0,-14,0,0,0,0,0,0,0,0,0,0,0,0,0,0,-4,-30,-1,-30,1,-30,2,-29,4,-32,6,-30,8,-33,10,-31,11,-31,12,-32,14,-30,14,-30,14,-29,13,-28,13,-27,12,-27,11,-27,10,-28,8,-27,9,-28,7,-27,7,-28,6,-29,4,-29,4,-30,5,-30,3,-29,4,-28]"
618072123345200,53.672496800,92275,1907116516,-50,-98,6,0,1,7,0,0,256,0,0,"[0,0,-10,-10,-11,-10,-10,-10,-10,-9,-9,-9,-9,-8,-9,-8,-9,-7,-9,-7,-9,-6,-9,-5,-9,-5,-10,-4,-9,-4,-9,-4,-9,-4,-9,-4,-9,-4,-9,-4,-8,-4,-8,-4,-7,-4,-7,-4,-7,-4,-7,-4,-6,-4,0,0,0,0,0,0,0,0,0,0,0,0,0,0,0,0,0,0,0,0,0,0,-13,-9,-12,-10,-12,-11,-11,-12,-11,-13,-11,-14,-10,-14,-9,-15,-9,-15,-8,-15,-8,-14,-8,-14,-8,-14,-8,-13,-8,-13,-9,-13,-8,-12,-9,-12,-9,-12,-10,-12,-10,-11,-11,-12,-11,-11,-11,-11,-11,-11,-11,-11,0,0,-39,-41,-41,-41,-38,-40,-38,-35,-38,-32,-37,-28,-37,-29,-37,-26,-35,-23,-38,-21,-34,-20,-35,-19,-37,-16,-36,-14,-36,-15,-36,-14,-36,-12,-33,-13,-35,-13,-34,-15,-32,-14,-28,-16,-26,-16,-27,-14,-25,-15,-26,-15,-22,-16,-19,-17,0,0,0,0,0,0,0,0,0,0,0,0,0,0,-53,-26,-50,-34,-48,-36,-48,-41,-46,-44,-43,-46,-43,-49,-44,-54,-40,-56,-38,-57,-34,-57,-32,-58,-30,-59,-31,-55,-29,-55,-27,-51,-29,-51,-32,-48,-34,-49,-33,-49,-37,-44,-37,-45,-38,-46,-41,-45,-42,-46,-40,-43,-41,-43,-41,-42]"
618072144446400,53.693598000,92276,1907136547,-50,-98,6,0,1,7,0,0,256,0,0,"[0,0,-13,9,-13,9,-12,8,-11,8,-10,8,-10,8,-9,8,-8,8,-8,8,-7,8,-7,8,-6,8,-6,8,-5,8,-6,8,-5,9,-5,8,-5,8,-5,8,-5,7,-5,7,-5,7,-5,7,-5,6,-5,5,-5,5,0,0,0,0,0,0,0,0,0,0,0,0,0,0,0,0,0,0,0,0,0,0,-13,10,-14,10,-14,9,-15,9,-16,8,-17,7,-17,7,-17,7,-18,6,-17,5,-17,5,-17,5,-16,5,-16,5,-15,5,-15,6,-15,6,-15,6,-14,7,-14,8,-14,8,-14,8,-14,9,-14,9,-13,9,-13,9,0,0,-24,15,-23,16,-22,15,-22,14,-20,14,-17,14,-17,15,-15,15,-15,14,-14,15,-14,14,-12,15,-11,14,-10,14,-10,15,-11,15,-9,16,-10,15,-10,14,-8,12,-10,13,-9,13,-9,12,-10,11,-10,10,-10,8,-10,9,-10,8,0,0,0,0,0,0,0,0,0,0,0,0,0,0,-20,22,-23,19,-24,17,-25,17,-26,17,-27,15,-30,14,-31,12,-31,12,-32,10,-31,10,-32,9,-31,7,-30,7,-29,7,-28,8,-28,8,-28,9,-27,10,-27,10,-25,12,-26,12,-25,14,-26,15,-25,15,-25,15,-26,15,-25,15]"
618072166166300,53.715317900,92277,1907160673,-50,-98,6,0,1,7,0,0,256,0,0,"[0,0,13,7,12,7,12,7,11,6,11,6,11,5,10,4,10,4,10,3,10,2,10,2,10,2,9,1,10,1,10,1,10,0,9,0,9,1,9,0,9,0,8,1,8,1,7,1,7,2,7,2,7,2,0,0,0,0,0,0,0,0,0,0,0,0,0,0,0,0,0,0,0,0,0,0,14,7,14,7,14,8,14,9,13,10,14,11,13,11,13,12,12,12,11,12,11,12,11,12,10,12,10,12,10,11,10,10,11,10,11,9,12,9,12,9,12,8,13,8,13,8,13,8,13,8,13,8,0,0,48,29,49,26,44,26,45,24,43,24,42,18,43,17,38,15,38,11,39,13,37,9,37,6,35,5,36,5,37,6,35,3,38,2,37,4,37,3,35,5,35,2,31,6,30,6,30,5,28,7,26,7,24,9,24,12,0,0,0,0,0,0,0,0,0,0,0,0,0,0,53,15,55,21,55,25,53,27,54,32,50,33,52,38,51,43,52,44,49,46,47,48,43,49,42,48,40,49,41,45,39,45,42,41,42,39,41,36,45,39,44,37,48,34,48,33,49,33,50,32,51,33,51,31,52,29]"
618072185661700,53.734813300,92278,1907178799,-50,-98,6,0,1,7,0,0,256,0,0,"[0,0,-16,0,-16,0,-14,-1,-14,0,-13,0,-13,1,-12,1,-12,1,-12,2,-11,2,-10,3,-10,3,-10,3,-9,4,-10,4,-9,4,-9,4,-9,3,-9,3,-9,3,-9,3,-8,2,-8,2,-8,2,-8,2,-8,1,0,0,0,0,0,0,0,0,0,0,0,0,0,0,0,0,0,0,0,0,0,0,-17,1,-17,0,-17,0,-17,-1,-18,-2,-18,-3,-18,-4,-18,-5,-18,-5,-17,-6,-17,-6,-17,-5,-16,-5,-16,-5,-15,-5,-16,-4,-15,-4,-16,-3,-15,-3,-16,-2,-16,-2,-16,-1,-17,-1,-16,-1,-16,-1,-16,-1,0,0,-28,1,-29,1,-27,2,-25,1,-25,2,-24,3,-22,3,-22,5,-21,5,-20,6,-20,6,-19,7,-17,7,-16,7,-18,8,-18,8,-16,8,-16,8,-17,8,-16,7,-16,7,-15,5,-15,5,-14,5,-14,3,-13,3,-13,3,-14,2,0,0,0,0,0,0,0,0,0,0,0,0,0,0,-28,9,-30,6,-30,3,-30,2,-32,1,-32,-1,-33,-3,-34,-4,-34,-5,-34,-7,-33,-8,-33,-8,-32,-9,-32,-9,-29,-9,-30,-8,-29,-6,-29,-7,-30,-5,-30,-5,-29,-3,-29,-2,-30,0,-30,-1,-30,0,-31,0,-30,2,-31,1]"
618072201248500,53.750400100,92279,1907197502,-50,-98,6,0,1,7,0,0,256,0,0,"[0,0,5,12,4,12,4,11,5,11,5,10,5,10,5,9,5,8,5,8,6,7,6,6,6,6,6,6,6,6,6,5,6,5,6,5,6,5,6,5,5,5,5,5,5,5,4,5,4,5,4,4,3,4,0,0,0,0,0,0,0,0,0,0,0,0,0,0,0,0,0,0,0,0,0,0,6,12,5,13,5,13,4,14,4,15,3,15,2,16,1,16,1,15,1,16,1,15,0,14,0,14,1,14,1,14,2,13,2,13,3,13,3,13,4,13,4,13,4,13,5,13,5,13,5,13,5,12,0,0,11,26,13,24,11,23,11,21,10,21,11,20,11,18,11,17,12,16,13,14,14,14,14,13,14,13,13,12,13,10,14,11,12,10,15,11,13,10,12,11,13,10,12,10,10,10,10,10,9,9,8,11,8,11,7,11,0,0,0,0,0,0,0,0,0,0,0,0,0,0,19,21,18,24,16,25,15,26,13,27,12,29,11,31,9,33,9,32,6,33,6,33,5,32,5,31,5,32,3,31,4,29,5,29,6,27,8,28,7,27,9,27,10,26,10,27,11,28,12,27,12,26,13,26,13,26]"
618072223100200,53.772251800,92280,1907216740,-50,-98,6,0,1,7,0,0,256,0,0,"[0,0,-4,14,-3,14,-4,14,-3,12,-3,12,-2,12,-1,11,-1,11,-1,10,0,10,0,10,1,9,1,10,1,9,1,9,1,9,1,9,1,9,1,9,1,8,1,8,0,8,0,7,0,7,-1,7,0,7,0,0,0,0,0,0,0,0,0,0,0,0,0,0,0,0,0,0,0,0,0,0,-2,15,-3,16,-4,16,-4,16,-5,16,-6,16,-7,16,-8,16,-9,16,-8,15,-9,14,-8,14,-8,14,-8,14,-7,14,-7,13,-7,14,-6,13,-6,14,-5,14,-4,15,-4,15,-4,15,-4,15,-4,15,-3,15,0,0,-9,26,-9,26,-8,25,-8,23,-6,24,-5,22,-4,22,-4,21,-3,19,-2,19,-1,19,0,18,-1,19,2,18,1,18,2,17,2,18,2,17,2,16,1,17,1,16,0,16,0,15,-1,14,-2,13,-2,12,-3,13,-4,13,0,0,0,0,0,0,0,0,0,0,0,0,0,0,0,28,-3,30,-5,29,-7,28,-8,30,-10,30,-13,29,-14,30,-15,29,-17,29,-16,28,-18,28,-19,27,-18,25,-18,25,-17,24,-17,24,-14,25,-15,25,-14,25,-12,26,-11,26,-11,27,-10,28,-10,27,-10,28,-10,27,-9,27]"
618072244049400,53.793201000,92281,1907236615,-50,-98,6,0,1,7,0,0,256,0,0,"[0,0,-16,-4,-15,-4,-14,-4,-14,-4,-14,-3,-13,-3,-12,-2,-12,-2,-12,-1,-12,-1,-11,0,-11,0,-11,1,-10,1,-11,1,-10,2,-11,1,-10,1,-10,1,-10,1,-10,1,-9,0,-8,0,-8,0,-9,-1,-8,-1,0,0,0,0,0,0,0,0,0,0,0,0,0,0,0,0,0,0,0,0,0,0,-17,-3,-17,-4,-17,-5,-17,-6,-18,-7,-17,-8,-17,-9,-17,-10,-17,-10,-16,-11,-15,-10,-15,-10,-14,-10,-14,-10,-14,-9,-15,-8,-15,-7,-15,-7,-15,-6,-15,-6,-15,-6,-16,-5,-16,-6,-16,-5,-16,-5,-16,-5,0,0,-30,1,-27,0,-28,1,-26,1,-24,2,-23,3,-22,3,-22,3,-20,4,-19,6,-19,6,-18,6,-17,7,-16,7,-17,8,-17,8,-16,8,-17,8,-16,8,-16,7,-16,6,-14,6,-14,5,-14,5,-14,4,-13,4,-12,3,-13,2,0,0,0,0,0,0,0,0,0,0,0,0,0,0,-28,8,-29,5,-31,2,-31,1,-32,0,-31,-1,-33,-4,-34,-5,-34,-6,-34,-9,-32,-10,-32,-10,-32,-11,-31,-10,-29,-10,-28,-8,-29,-7,-28,-6,-29,-6,-29,-5,-29,-4,-29,-2,-29,-2,-29,-1,-30,-1,-29,0,-29,0,-29,1]"
618072262018900,53.811170500,92282,1907256492,-50,-98,6,0,1,7,0,0,256,0,0,"[0,0,3,-15,3,-15,2,-14,2,-13,2,-14,1,-13,1,-12,0,-12,0,-11,-1,-11,-1,-11,-2,-11,-2,-10,-2,-11,-2,-10,-2,-10,-2,-10,-2,-10,-2,-9,-2,-10,-2,-9,-2,-9,-1,-9,-1,-8,-1,-8,-1,-7,0,0,0,0,0,0,0,0,0,0,0,0,0,0,0,0,0,0,0,0,0,0,2,-16,3,-17,4,-16,5,-17,5,-17,7,-17,8,-17,9,-17,9,-16,9,-15,9,-15,9,-14,8,-15,8,-14,7,-14,7,-14,6,-14,6,-14,5,-15,5,-15,5,-15,4,-15,4,-15,4,-16,3,-16,4,-15,0,0,5,-27,5,-27,6,-26,4,-25,4,-24,2,-24,1,-23,0,-22,0,-21,-2,-20,-1,-19,-3,-20,-3,-19,-3,-19,-5,-18,-5,-18,-5,-18,-5,-18,-4,-17,-4,-17,-4,-16,-3,-16,-2,-15,-2,-15,-1,-14,-1,-13,-1,-13,1,-13,0,0,0,0,0,0,0,0,0,0,0,0,0,0,-1,-30,2,-30,4,-30,6,-31,8,-30,9,-31,11,-31,13,-32,13,-31,14,-31,16,-29,17,-30,17,-28,17,-27,16,-26,15,-25,14,-26,13,-26,12,-26,11,-26,10,-28,8,-28,7,-28,8,-29,6,-29,8,-30,7,-28,7,-29]"
618072284522300,53.833673900,92283,1907276940,-50,-98,6,0,1,7,0,0,256,0,0,"[0,0,-8,12,-8,12,-7,12,-7,11,-6,11,-5,11,-5,10,-5,10,-4,10,-3,10,-3,9,-2,10,-2,10,-1,9,-2,9,-2,9,-1,9,-1,9,-2,9,-2,8,-2,8,-2,8,-2,8,-2,7,-2,7,-3,7,0,0,0,0,0,0,0,0,0,0,0,0,0,0,0,0,0,0,0,0,0,0,-7,14,-8,14,-9,14,-10,14,-11,14,-12,13,-13,12,-14,12,-14,12,-13,12,-13,11,-13,11,-12,10,-12,10,-12,11,-11,10,-11,11,-10,11,-10,11,-9,12,-9,12,-9,13,-9,13,-9,13,-9,13,-8,13,0,0,-41,40,-38,37,-37,38,-33,34,-31,38,-28,38,-27,37,-25,35,-21,34,-19,32,-18,34,-15,35,-14,35,-15,33,-11,32,-12,34,-11,33,-12,33,-12,32,-13,30,-11,29,-13,29,-13,28,-14,25,-16,22,-13,22,-13,19,-14,18,0,0,0,0,0,0,0,0,0,0,0,0,0,0,-27,52,-36,49,-38,45,-42,44,-45,44,-48,42,-50,40,-53,41,-56,37,-59,35,-57,31,-58,31,-57,29,-56,28,-54,28,-52,28,-53,29,-47,29,-48,32,-46,31,-45,36,-44,38,-43,39,-44,40,-42,41,-42,42,-41,42,-41,40]"
618072308373900,53.857525500,92284,1907299215,-50,-98,6,0,1,7,0,0,256,0,0,"[0,0,-14,5,-14,5,-13,5,-13,5,-11,5,-11,5,-10,5,-10,6,-9,6,-9,6,-8,6,-8,6,-8,6,-7,6,-7,7,-7,6,-7,6,-7,7,-7,6,-7,6,-7,5,-7,5,-6,4,-7,4,-6,3,-6,3,0,0,0,0,0,0,0,0,0,0,0,0,0,0,0,0,0,0,0,0,0,0,-14,8,-15,7,-15,7,-15,6,-17,6,-17,5,-17,4,-18,3,-17,3,-18,2,-17,1,-17,1,-16,1,-16,1,-15,2,-16,3,-15,3,-16,3,-15,4,-15,5,-14,5,-15,5,-15,6,-15,6,-15,5,-14,5,0,0,-26,11,-26,13,-23,11,-24,12,-21,11,-20,11,-18,11,-19,11,-17,11,-16,13,-16,12,-14,13,-12,12,-12,12,-13,15,-12,14,-12,13,-12,13,-13,12,-12,13,-11,10,-10,11,-12,10,-12,9,-11,9,-11,8,-11,7,-12,5,0,0,0,0,0,0,0,0,0,0,0,0,0,0,-23,20,-25,17,-26,15,-27,13,-29,14,-29,12,-31,11,-33,9,-33,8,-34,6,-33,6,-34,5,-34,4,-32,3,-31,3,-29,5,-28,4,-30,6,-29,6,-30,7,-27,8,-27,10,-28,11,-27,9,-29,11,-29,12,-26,12,-26,11]"
618072325016100,53.874167700,92285,1907318831,-50,-98,6,0,1,7,0,0,256,0,0,"[0,0,-15,4,-14,4,-14,4,-13,4,-13,4,-12,4,-11,4,-11,4,-10,4,-10,5,-9,6,-9,6,-8,6,-8,6,-8,6,-8,6,-7,6,-8,6,-8,5,-8,5,-7,5,-7,4,-7,4,-7,4,-7,3,-7,3,0,0,0,0,0,0,0,0,0,0,0,0,0,0,0,0,0,0,0,0,0,0,-15,7,-16,6,-16,5,-17,4,-17,4,-19,3,-18,1,-19,1,-18,0,-18,0,-18,0,-17,0,-17,0,-17,1,-16,1,-16,1,-16,1,-16,2,-16,2,-16,3,-16,3,-16,3,-16,4,-16,5,-15,5,-16,5,0,0,-29,5,-28,3,-27,5,-25,4,-25,4,-22,5,-22,6,-21,6,-20,6,-19,7,-19,8,-18,8,-17,9,-16,9,-16,10,-15,9,-14,9,-15,9,-14,8,-16,8,-15,6,-13,8,-15,7,-14,6,-14,5,-12,4,-13,4,-13,3,0,0,0,0,0,0,0,0,0,0,0,0,0,0,-25,13,-30,8,-30,7,-31,5,-33,4,-32,2,-33,1,-34,-2,-34,-3,-35,-5,-33,-5,-33,-6,-32,-7,-32,-7,-30,-7,-30,-5,-31,-4,-29,-3,-29,-2,-31,-2,-30,0,-29,1,-29,1,-29,3,-31,3,-29,2,-30,3,-30,3]"
618072344368600,53.893520200,92286,1907338083,-50,-98,6,0,1,7,0,0,256,0,0,"[0,0,-15,-5,-14,-5,-14,-5,-14,-4,-13,-4,-12,-4,-12,-3,-12,-3,-11,-2,-11,-1,-11,-1,-10,-1,-10,0,-10,0,-11,0,-10,1,-10,0,-10,0,-10,0,-10,0,-9,0,-9,-1,-9,-1,-8,-1,-8,-1,-8,-1,0,0,0,0,0,0,0,0,0,0,0,0,0,0,0,0,0,0,0,0,0,0,-16,-3,-16,-4,-16,-5,-16,-6,-17,-7,-17,-8,-16,-9,-16,-11,-15,-10,-15,-11,-15,-10,-14,-10,-14,-10,-13,-10,-13,-9,-14,-8,-14,-8,-15,-8,-14,-7,-15,-7,-15,-7,-15,-7,-16,-6,-15,-6,-15,-5,-15,-5,0,0,-26,-11,-27,-8,-26,-10,-25,-8,-24,-8,-22,-7,-22,-5,-21,-6,-21,-3,-20,-2,-21,-2,-19,-1,-18,1,-18,1,-19,0,-19,1,-18,2,-19,1,-18,1,-18,0,-17,0,-16,-1,-16,-1,-14,0,-14,-1,-13,-2,-13,-3,-12,-3,0,0,0,0,0,0,0,0,0,0,0,0,0,0,-30,-2,-30,-6,-28,-8,-30,-10,-30,-11,-30,-12,-29,-15,-31,-16,-29,-19,-28,-20,-28,-20,-26,-21,-27,-21,-25,-20,-24,-19,-24,-18,-23,-17,-25,-16,-24,-15,-25,-15,-26,-14,-26,-13,-26,-13,-27,-12,-28,-12,-29,-11,-27,-11,-28,-11]"
618072362565300,53.911716900,92287,1907356743,-50,-98,6,0,1,7,0,0,256,0,0,"[0,0,-13,6,-13,6,-12,6,-12,5,-11,5,-10,5,-10,6,-9,6,-9,6,-9,6,-7,6,-7,6,-7,6,-6,6,-6,6,-6,6,-6,7,-6,6,-6,6,-6,6,-6,5,-6,5,-6,5,-6,4,-6,4,-6,3,0,0,0,0,0,0,0,0,0,0,0,0,0,0,0,0,0,0,0,0,0,0,-13,7,-14,7,-15,6,-15,6,-16,5,-16,4,-16,3,-17,3,-17,2,-17,2,-16,2,-16,1,-16,2,-15,2,-15,2,-15,3,-14,3,-15,3,-14,4,-14,4,-14,5,-14,5,-15,6,-14,6,-14,6,-14,6,0,0,-26,14,-24,14,-23,12,-23,13,-21,12,-19,13,-18,12,-17,13,-16,13,-15,13,-14,13,-12,14,-12,14,-11,15,-11,15,-11,14,-11,15,-11,13,-11,12,-12,13,-11,11,-10,11,-10,10,-11,10,-11,9,-11,8,-11,8,-11,6,0,0,0,0,0,0,0,0,0,0,0,0,0,0,-21,20,-25,18,-27,17,-26,15,-28,15,-28,15,-31,13,-32,10,-33,10,-34,9,-33,8,-34,7,-33,5,-31,5,-30,6,-30,5,-28,6,-28,8,-27,8,-29,9,-26,10,-27,11,-27,12,-27,13,-28,13,-26,14,-26,13,-26,13]"
618072383714100,53.932865700,92288,1907378204,-50,-98,6,0,1,7,0,0,256,0,0,"[0,0,14,-6,13,-5,12,-5,12,-6,11,-5,11,-5,10,-5,10,-6,9,-6,9,-7,8,-7,8,-6,7,-7,7,-7,7,-7,7,-7,6,-7,6,-7,6,-7,6,-6,6,-6,6,-6,6,-5,6,-5,6,-4,6,-4,0,0,0,0,0,0,0,0,0,0,0,0,0,0,0,0,0,0,0,0,0,0,14,-7,15,-7,15,-6,15,-6,17,-5,17,-4,17,-3,18,-2,18,-2,17,-1,17,-1,16,-1,16,-1,16,-1,15,-1,15,-2,15,-3,15,-3,14,-4,15,-4,14,-4,15,-5,15,-5,14,-5,15,-5,15,-5,0,0,26,-8,25,-10,25,-9,23,-9,22,-9,21,-10,19,-9,19,-10,18,-10,17,-10,15,-11,15,-13,13,-12,13,-12,14,-13,13,-13,12,-13,13,-12,12,-12,13,-12,12,-10,12,-11,12,-10,11,-9,12,-8,11,-7,11,-6,11,-5,0,0,0,0,0,0,0,0,0,0,0,0,0,0,23,-18,26,-15,27,-14,28,-12,29,-11,30,-9,32,-9,32,-6,34,-5,34,-4,33,-2,33,-1,32,-1,31,-1,30,-1,29,-2,29,-3,28,-3,28,-4,28,-5,29,-6,28,-7,27,-7,28,-8,29,-9,28,-9,28,-10,28,-10]"
618072402910600,53.952062200,92289,1907396624,-50,-98,6,0,1,7,0,0,256,0,0,"[0,0,-16,-1,-15,-1,-15,-1,-14,-1,-13,-1,-13,0,-13,0,-12,1,-12,1,-11,1,-11,2,-10,2,-10,2,-10,3,-10,3,-10,3,-9,3,-9,3,-10,3,-9,2,-9,2,-8,1,-8,1,-8,1,-8,1,-8,0,0,0,0,0,0,0,0,0,0,0,0,0,0,0,0,0,0,0,0,0,0,0,-16,2,-17,1,-17,0,-17,-1,-18,-2,-19,-3,-18,-4,-19,-4,-18,-5,-17,-5,-17,-5,-17,-5,-17,-5,-16,-5,-16,-5,-16,-4,-16,-4,-16,-3,-16,-3,-16,-2,-16,-2,-16,-2,-16,-1,-16,-1,-16,0,-16,0,0,0,-27,-7,-27,-6,-26,-7,-25,-6,-24,-4,-23,-3,-22,-2,-21,-3,-21,0,-21,0,-21,0,-19,1,-18,3,-19,3,-19,3,-18,4,-18,4,-19,2,-18,4,-17,3,-17,1,-15,1,-15,1,-15,1,-13,-2,-14,-1,-13,-2,-13,-2,0,0,0,0,0,0,0,0,0,0,0,0,0,0,-30,2,-31,-1,-30,-3,-31,-6,-31,-7,-31,-8,-32,-10,-32,-12,-32,-13,-32,-15,-30,-15,-30,-16,-28,-18,-28,-16,-27,-16,-26,-14,-26,-14,-27,-12,-27,-13,-27,-12,-28,-10,-28,-9,-28,-8,-29,-8,-29,-9,-29,-8,-29,-7,-30,-8]"
618072429727100,53.978878700,92290,1907421257,-50,-98,6,0,1,7,0,0,256,0,0,"[0,0,-7,-14,-7,-14,-7,-13,-6,-12,-7,-12,-7,-11,-7,-11,-7,-10,-7,-9,-7,-9,-7,-8,-7,-8,-7,-8,-8,-7,-8,-7,-8,-7,-8,-7,-8,-6,-7,-7,-7,-7,-7,-6,-6,-7,-6,-7,-5,-6,-5,-6,-4,-6,0,0,0,0,0,0,0,0,0,0,0,0,0,0,0,0,0,0,0,0,0,0,-10,-14,-9,-14,-9,-15,-8,-16,-8,-17,-7,-17,-6,-17,-5,-18,-5,-18,-4,-18,-4,-17,-3,-17,-4,-17,-4,-16,-4,-16,-4,-15,-5,-16,-5,-15,-6,-15,-6,-15,-6,-15,-7,-15,-7,-15,-7,-15,-7,-15,-7,-14,0,0,-14,-25,-14,-26,-13,-24,-13,-23,-13,-22,-12,-21,-13,-19,-13,-18,-13,-16,-14,-15,-15,-14,-15,-13,-14,-13,-14,-12,-16,-11,-15,-12,-14,-13,-14,-11,-14,-12,-13,-11,-13,-10,-12,-11,-11,-11,-11,-10,-10,-10,-10,-10,-8,-11,-7,-10,0,0,0,0,0,0,0,0,0,0,0,0,0,0,-22,-24,-18,-25,-17,-25,-15,-26,-15,-29,-14,-29,-12,-32,-11,-32,-10,-34,-8,-34,-6,-33,-6,-33,-6,-32,-6,-32,-6,-31,-6,-30,-6,-28,-8,-29,-9,-28,-10,-29,-10,-27,-11,-27,-11,-29,-12,-27,-13,-28,-14,-27,-14,-27,-14,-27]"
618072448020700,53.997172300,92291,1907438510,-50,-98,6,0,1,7,0,0,256,0,0,"[0,0,-9,-13,-9,-13,-9,-12,-8,-12,-8,-11,-9,-10,-8,-10,-8,-9,-8,-8,-9,-8,-8,-7,-9,-7,-9,-6,-9,-6,-9,-5,-9,-5,-9,-5,-8,-5,-8,-5,-8,-5,-8,-5,-7,-6,-7,-6,-6,-6,-6,-5,-6,-6,0,0,0,0,0,0,0,0,0,0,0,0,0,0,0,0,0,0,0,0,0,0,-11,-12,-11,-13,-11,-15,-10,-15,-10,-16,-9,-17,-8,-17,-7,-18,-6,-18,-6,-18,-6,-17,-6,-16,-6,-17,-6,-16,-6,-16,-6,-15,-7,-14,-7,-15,-8,-15,-8,-14,-9,-14,-9,-14,-9,-14,-10,-13,-9,-14,-9,-13,0,0,-18,-20,-19,-23,-18,-20,-17,-19,-17,-18,-17,-17,-17,-16,-16,-15,-17,-13,-18,-12,-17,-10,-17,-10,-17,-9,-17,-9,-17,-8,-17,-8,-17,-8,-16,-8,-16,-7,-16,-7,-15,-7,-13,-8,-14,-8,-11,-8,-12,-8,-11,-8,-11,-9,-9,-10,0,0,0,0,0,0,0,0,0,0,0,0,0,0,-24,-18,-23,-21,-22,-24,-21,-23,-21,-25,-19,-25,-19,-27,-17,-29,-17,-30,-16,-32,-15,-31,-14,-32,-13,-30,-13,-29,-12,-29,-12,-29,-13,-27,-14,-27,-14,-26,-15,-26,-16,-24,-17,-24,-18,-24,-19,-24,-20,-24,-19,-24,-19,-23,-19,-23]"
618072463590300,54.012741900,92292,1907458513,-50,-98,6,0,1,7,0,0,256,0,0,"[0,0,-14,-5,-14,-5,-14,-5,-13,-4,-13,-4,-12,-4,-12,-3,-12,-3,-11,-2,-11,-2,-11,-1,-10,-1,-10,0,-11,0,-10,0,-10,0,-10,0,-10,0,-10,0,-9,-1,-9,-1,-9,-1,-8,-1,-8,-1,-8,-1,-8,-2,0,0,0,0,0,0,0,0,0,0,0,0,0,0,0,0,0,0,0,0,0,0,-16,-3,-17,-4,-16,-5,-16,-6,-17,-7,-17,-8,-16,-9,-16,-10,-16,-10,-15,-10,-15,-10,-14,-10,-14,-10,-14,-9,-14,-9,-14,-8,-14,-8,-14,-8,-14,-7,-14,-7,-14,-7,-15,-6,-15,-6,-15,-6,-15,-5,-15,-5,0,0,-27,-12,-25,-11,-25,-11,-24,-9,-23,-10,-21,-8,-21,-7,-21,-6,-21,-5,-20,-4,-19,-3,-19,-2,-20,-2,-18,-1,-19,0,-17,0,-18,1,-19,0,-18,0,-18,-1,-17,0,-16,-2,-16,-2,-15,-2,-15,-3,-14,-3,-12,-3,-12,-5,0,0,0,0,0,0,0,0,0,0,0,0,0,0,-30,-5,-29,-8,-30,-10,-30,-13,-29,-14,-27,-14,-29,-17,-28,-18,-28,-20,-28,-21,-27,-23,-26,-23,-24,-22,-24,-22,-23,-21,-23,-20,-24,-19,-24,-18,-24,-18,-24,-17,-24,-16,-26,-15,-26,-15,-26,-14,-27,-14,-27,-13,-27,-11,-27,-13]"
618072482164400,54.031316000,92293,1907476503,-50,-98,6,0,1,7,0,0,256,0,0,"[0,0,-12,10,-12,10,-11,9,-11,9,-10,9,-9,9,-9,8,-8,8,-8,8,-7,8,-6,9,-6,8,-5,8,-5,8,-5,9,-5,8,-5,9,-5,8,-5,8,-5,7,-5,7,-5,7,-5,6,-5,6,-5,5,-5,5,0,0,0,0,0,0,0,0,0,0,0,0,0,0,0,0,0,0,0,0,0,0,-11,13,-12,12,-12,12,-13,11,-14,11,-16,11,-16,10,-17,9,-17,8,-16,8,-16,8,-16,8,-15,7,-15,7,-15,7,-15,8,-14,8,-14,8,-14,9,-13,9,-13,9,-13,10,-13,10,-12,11,-12,10,-12,10,0,0,-23,17,-23,17,-21,16,-20,16,-18,15,-17,15,-16,15,-14,15,-14,14,-14,15,-12,15,-12,16,-11,16,-10,15,-10,15,-9,15,-8,16,-9,14,-8,14,-8,13,-8,13,-9,13,-9,11,-9,11,-9,9,-9,9,-10,9,-9,9,0,0,0,0,0,0,0,0,0,0,0,0,0,0,-17,24,-20,22,-22,21,-23,20,-25,20,-26,19,-28,19,-29,16,-29,15,-30,15,-30,14,-32,12,-30,11,-31,10,-28,11,-27,11,-28,11,-27,12,-25,12,-26,14,-25,15,-24,16,-23,16,-25,18,-24,17,-24,17,-24,18,-24,17]"
618072507657400,54.056809000,92294,1907498727,-50,-98,6,0,1,7,0,0,256,0,0,"[0,0,-8,-13,-8,-13,-8,-12,-8,-12,-8,-11,-8,-10,-8,-10,-8,-9,-8,-8,-8,-8,-8,-7,-8,-7,-8,-6,-8,-6,-9,-5,-8,-5,-8,-6,-8,-5,-8,-5,-7,-5,-7,-5,-7,-6,-7,-5,-6,-6,-6,-5,-6,-5,0,0,0,0,0,0,0,0,0,0,0,0,0,0,0,0,0,0,0,0,0,0,-10,-14,-9,-14,-9,-15,-8,-15,-8,-17,-7,-17,-6,-17,-6,-17,-5,-18,-5,-18,-4,-17,-4,-16,-4,-16,-4,-16,-5,-16,-6,-15,-6,-14,-6,-15,-7,-14,-7,-15,-7,-14,-8,-14,-8,-14,-8,-14,-8,-14,-8,-13,0,0,-17,-22,-15,-23,-15,-23,-16,-20,-15,-20,-15,-19,-14,-17,-14,-17,-14,-15,-15,-13,-15,-12,-15,-11,-16,-11,-16,-11,-17,-10,-16,-9,-15,-9,-16,-9,-14,-9,-15,-9,-14,-9,-12,-10,-12,-9,-11,-9,-11,-9,-10,-9,-9,-9,-8,-9,0,0,0,0,0,0,0,0,0,0,0,0,0,0,-22,-19,-21,-23,-20,-24,-18,-25,-17,-27,-15,-28,-15,-30,-14,-31,-12,-32,-11,-32,-9,-32,-10,-32,-10,-30,-9,-30,-9,-29,-9,-29,-9,-29,-10,-28,-11,-26,-12,-28,-12,-27,-13,-27,-15,-26,-15,-27,-15,-25,-17,-25,-16,-25,-17,-24]"
618072535268600,54.084420200,92295,1907526445,-50,-98,6,0,1,7,0,0,256,0,0,"[0,0,8,-13,7,-13,7,-13,7,-12,6,-12,5,-12,4,-11,4,-11,4,-11,3,-11,3,-10,2,-10,1,-10,1,-10,1,-10,1,-11,0,-10,1,-10,1,-10,1,-9,1,-9,1,-9,1,-8,2,-8,2,-7,2,-7,0,0,0,0,0,0,0,0,0,0,0,0,0,0,0,0,0,0,0,0,0,0,7,-15,8,-15,9,-14,10,-15,10,-14,12,-15,12,-13,13,-13,13,-13,13,-12,13,-11,13,-11,12,-11,12,-11,11,-11,11,-11,11,-11,10,-12,10,-13,9,-13,9,-13,9,-14,9,-13,8,-14,8,-14,8,-14,0,0,32,-46,29,-50,30,-43,28,-43,24,-41,21,-42,19,-40,16,-41,17,-37,12,-38,12,-36,9,-37,8,-37,6,-36,6,-37,5,-35,6,-36,5,-36,4,-36,5,-34,7,-32,7,-31,9,-28,8,-28,10,-26,9,-25,10,-25,11,-22,0,0,0,0,0,0,0,0,0,0,0,0,0,0,18,-59,24,-56,30,-54,30,-52,36,-53,37,-49,43,-50,42,-51,47,-50,49,-48,51,-44,52,-43,50,-40,50,-40,48,-37,47,-38,44,-38,42,-40,40,-38,40,-43,37,-42,36,-45,34,-48,35,-50,35,-49,34,-49,33,-50,32,-49]"
618072549504400,54.098656000,92296,1907536770,-50,-98,6,0,1,7,0,0,256,0,0,"[0,0,-13,7,-13,7,-12,7,-12,6,-11,7,-11,6,-10,6,-9,7,-9,6,-8,7,-8,7,-7,7,-7,7,-6,7,-6,7,-6,7,-6,7,-6,7,-6,6,-6,6,-6,6,-6,6,-6,5,-6,5,-6,5,-6,4,0,0,0,0,0,0,0,0,0,0,0,0,0,0,0,0,0,0,0,0,0,0,-13,9,-14,8,-15,8,-15,7,-16,7,-17,6,-18,5,-18,4,-18,4,-18,3,-17,4,-17,3,-16,3,-16,4,-15,3,-15,4,-15,4,-15,5,-14,5,-14,6,-14,6,-14,6,-15,7,-14,8,-13,8,-14,8,0,0,-26,14,-24,13,-23,13,-22,12,-21,13,-19,14,-19,14,-17,12,-17,13,-15,13,-14,12,-12,13,-13,12,-12,14,-12,13,-11,14,-11,14,-11,14,-11,13,-11,13,-10,11,-11,11,-11,10,-11,9,-10,9,-10,8,-10,8,-11,6,0,0,0,0,0,0,0,0,0,0,0,0,0,0,-21,20,-23,18,-26,17,-26,17,-27,16,-28,14,-30,12,-31,11,-31,11,-33,9,-33,7,-32,6,-32,5,-30,6,-31,6,-29,6,-28,8,-28,7,-28,8,-26,9,-28,10,-26,11,-26,13,-27,14,-26,13,-25,14,-26,14,-26,14]"
618072565020000,54.114171600,92297,1907557803,-50,-98,6,0,1,7,0,0,256,0,0,"[0,0,-13,8,-12,7,-12,7,-11,7,-11,7,-10,7,-10,7,-9,7,-8,7,-7,7,-7,7,-6,7,-6,7,-6,8,-6,7,-6,7,-5,8,-5,7,-6,7,-6,6,-5,6,-5,6,-5,5,-5,6,-5,5,-5,5,0,0,0,0,0,0,0,0,0,0,0,0,0,0,0,0,0,0,0,0,0,0,-13,9,-14,9,-14,8,-15,8,-16,7,-17,7,-17,6,-18,6,-18,4,-17,4,-17,4,-16,4,-16,4,-15,4,-15,4,-15,4,-15,5,-15,6,-14,6,-14,6,-14,7,-13,7,-14,8,-13,8,-13,8,-13,8,0,0,-26,15,-23,13,-24,14,-23,12,-21,13,-18,13,-19,13,-17,13,-16,13,-15,12,-14,12,-14,14,-13,14,-12,15,-11,14,-11,14,-10,14,-11,13,-10,13,-10,13,-11,12,-11,12,-10,11,-11,9,-10,9,-10,9,-10,8,-11,6,0,0,0,0,0,0,0,0,0,0,0,0,0,0,-22,20,-24,18,-26,17,-29,16,-27,14,-29,13,-30,13,-33,11,-32,10,-33,10,-34,7,-32,6,-33,6,-32,5,-30,5,-29,6,-30,7,-29,7,-29,8,-28,9,-28,11,-27,11,-27,12,-28,13,-28,13,-27,13,-27,14,-28,14]"
618072580751900,54.129903500,92298,1907576507,-50,-98,6,0,1,7,0,0,256,0,0,"[0,0,6,14,7,12,6,12,6,11,6,11,6,10,6,10,7,9,6,8,7,8,7,7,7,7,7,6,7,6,7,6,7,5,7,6,7,5,6,5,6,5,6,5,6,5,5,5,5,5,5,5,4,5,0,0,0,0,0,0,0,0,0,0,0,0,0,0,0,0,0,0,0,0,0,0,9,13,8,14,8,15,7,15,7,16,6,16,5,17,4,17,4,17,3,17,3,17,3,16,3,16,3,15,3,15,4,15,4,14,4,14,5,14,6,14,5,14,6,14,7,15,7,14,7,14,7,13,0,0,17,22,17,20,17,20,17,18,15,18,16,16,15,16,15,15,15,13,15,11,15,10,14,10,15,9,16,9,16,7,16,7,15,7,15,7,15,7,15,8,14,8,13,7,12,8,10,7,11,8,10,7,8,8,8,8,0,0,0,0,0,0,0,0,0,0,0,0,0,0,25,16,23,19,21,20,21,23,20,24,19,25,19,26,19,28,16,29,15,30,14,31,12,30,13,30,12,29,11,28,11,27,12,27,13,25,14,25,14,25,15,25,15,24,16,23,17,24,19,23,19,23,20,23,19,22]"
618072603374600,54.152526200,92299,1907596606,-50,-98,6,0,1,7,0,0,256,0,0,"[0,0,2,-15,2,-15,2,-14,2,-13,1,-13,1,-13,0,-12,0,-12,-1,-11,-1,-11,-1,-11,-2,-10,-2,-10,-3,-10,-3,-10,-3,-9,-3,-9,-3,-9,-2,-9,-2,-9,-2,-9,-2,-8,-2,-8,-1,-7,-1,-7,-1,-7,0,0,0,0,0,0,0,0,0,0,0,0,0,0,0,0,0,0,0,0,0,0,1,-16,2,-17,3,-17,4,-17,4,-17,5,-17,6,-17,7,-17,7,-16,8,-16,8,-15,8,-15,7,-15,7,-14,6,-14,6,-14,5,-14,5,-14,4,-15,4,-15,3,-15,3,-15,3,-16,2,-15,3,-16,3,-15,0,0,5,-27,3,-28,3,-28,3,-26,0,-25,0,-24,0,-24,-2,-22,-1,-22,-4,-20,-5,-19,-5,-19,-5,-19,-6,-18,-5,-17,-6,-17,-5,-17,-7,-16,-5,-16,-5,-17,-5,-16,-4,-16,-3,-15,-3,-13,-3,-14,-2,-14,-1,-13,-1,-13,0,0,0,0,0,0,0,0,0,0,0,0,0,0,-5,-31,-2,-32,0,-31,2,-31,4,-32,6,-32,7,-33,9,-32,11,-32,12,-32,15,-31,13,-32,13,-30,12,-29,12,-29,11,-28,11,-28,9,-28,9,-27,8,-28,7,-28,7,-30,6,-30,5,-31,4,-29,3,-31,3,-31,4,-30]"
618072623551300,54.172702900,92300,1907616728,-50,-98,6,0,1,7,0,0,256,0,0,"[0,0,-8,13,-7,13,-6,12,-6,12,-6,11,-5,11,-5,10,-4,10,-4,10,-3,9,-3,9,-2,10,-1,9,-1,9,-1,9,-1,9,0,9,-1,9,-1,8,-1,8,-1,8,-1,8,-1,7,-2,7,-2,7,-2,6,0,0,0,0,0,0,0,0,0,0,0,0,0,0,0,0,0,0,0,0,0,0,-6,15,-7,15,-8,14,-9,15,-9,15,-11,15,-12,14,-13,13,-13,13,-13,13,-12,12,-12,12,-12,12,-11,12,-11,12,-10,11,-10,12,-9,12,-9,13,-8,12,-9,13,-8,13,-8,13,-7,14,-7,14,-7,13,0,0,-27,52,-24,48,-22,47,-21,45,-18,44,-16,42,-15,42,-15,40,-9,39,-8,37,-5,38,-4,37,-3,36,-3,37,-3,36,-1,33,-1,34,0,33,-2,30,-3,30,-2,30,-4,30,-5,29,-5,28,-4,24,-6,24,-7,23,-9,23,0,0,0,0,0,0,0,0,0,0,0,0,0,0,-9,60,-17,60,-21,56,-24,55,-26,57,-28,55,-33,58,-40,54,-40,54,-44,52,-45,50,-47,50,-44,47,-46,44,-42,43,-40,45,-39,46,-37,47,-36,44,-34,46,-33,48,-30,50,-30,49,-30,52,-28,51,-26,52,-26,53,-25,50]"
618072646036700,54.195188300,92301,1907640539,-50,-98,6,0,1,7,0,0,256,0,0,"[0,0,13,-8,12,-8,11,-8,11,-8,10,-8,9,-8,9,-8,8,-8,8,-8,7,-8,6,-8,6,-8,5,-9,5,-9,5,-8,5,-8,4,-9,5,-8,4,-8,5,-8,4,-8,4,-7,4,-6,4,-6,4,-6,4,-5,0,0,0,0,0,0,0,0,0,0,0,0,0,0,0,0,0,0,0,0,0,0,12,-10,13,-10,14,-9,14,-8,15,-8,16,-7,16,-6,17,-6,17,-5,17,-5,16,-4,16,-5,15,-4,15,-5,14,-5,15,-6,14,-6,14,-6,14,-7,13,-7,13,-8,13,-8,13,-9,13,-8,13,-9,13,-8,0,0,24,-15,22,-14,21,-14,21,-14,21,-14,18,-15,17,-15,16,-15,15,-15,14,-15,12,-15,12,-15,11,-15,10,-15,10,-15,10,-15,8,-16,10,-14,9,-15,9,-14,9,-14,8,-13,9,-12,8,-11,9,-10,9,-9,8,-8,9,-7,0,0,0,0,0,0,0,0,0,0,0,0,0,0,21,-20,23,-18,25,-18,26,-17,26,-16,28,-15,29,-14,32,-12,32,-11,33,-10,32,-9,32,-8,31,-7,31,-7,30,-7,28,-8,28,-8,28,-9,27,-10,27,-10,26,-12,26,-13,25,-13,26,-15,26,-15,25,-15,26,-15,25,-15]"
618072662846800,54.211998400,92302,1907657179,-50,-98,6,0,1,7,0,0,256,0,0,"[0,0,2,-15,1,-14,1,-14,1,-13,1,-13,0,-12,0,-12,-1,-11,-1,-10,-2,-10,-2,-10,-3,-10,-3,-10,-3,-9,-3,-9,-3,-9,-3,-9,-3,-9,-3,-9,-2,-8,-2,-8,-2,-8,-2,-8,-2,-8,-1,-7,-1,-7,0,0,0,0,0,0,0,0,0,0,0,0,0,0,0,0,0,0,0,0,0,0,0,-16,1,-16,2,-16,3,-17,4,-17,4,-17,5,-16,6,-16,7,-16,6,-16,6,-15,7,-15,6,-15,6,-14,6,-14,5,-14,4,-14,4,-15,4,-15,3,-15,3,-15,2,-15,2,-15,2,-16,2,-15,2,-15,0,0,1,-29,1,-29,1,-27,1,-25,-1,-25,-1,-24,-2,-22,-2,-22,-3,-20,-4,-19,-5,-19,-5,-18,-6,-18,-7,-18,-7,-18,-7,-17,-7,-18,-7,-17,-7,-17,-6,-15,-5,-15,-5,-16,-4,-14,-3,-15,-3,-13,-3,-12,-2,-13,-1,-13,0,0,0,0,0,0,0,0,0,0,0,0,0,0,-5,-30,-2,-30,0,-31,2,-31,2,-31,4,-32,6,-33,8,-33,8,-33,10,-33,11,-32,12,-32,13,-30,13,-29,12,-29,12,-28,10,-29,8,-27,7,-28,7,-29,6,-29,4,-30,4,-29,3,-30,4,-30,3,-31,2,-31,3,-30]"
618072680791500,54.229943100,92303,1907676656,-50,-98,6,0,1,7,0,0,256,0,0,"[0,0,3,13,3,12,3,12,3,11,3,11,3,10,3,10,4,10,4,8,4,8,4,7,4,7,4,7,5,7,5,7,5,6,5,6,4,6,5,6,4,6,4,6,3,6,3,6,3,5,3,5,3,5,0,0,0,0,0,0,0,0,0,0,0,0,0,0,0,0,0,0,0,0,0,0,6,13,5,14,4,14,4,15,3,15,2,16,2,16,1,16,0,16,-1,16,0,15,-1,15,0,15,-1,14,0,14,0,13,1,14,1,13,2,14,2,13,2,14,3,14,3,14,3,14,4,14,4,13,0,0,7,28,5,25,6,25,6,23,7,22,6,21,7,21,7,19,8,18,8,17,9,15,9,15,9,15,10,14,11,13,10,13,10,13,10,13,8,12,9,11,8,13,7,12,7,12,5,11,5,10,4,10,4,10,3,10,0,0,0,0,0,0,0,0,0,0,0,0,0,0,16,24,13,26,11,27,9,28,9,28,6,30,4,31,3,33,3,31,2,32,-1,33,1,32,-1,31,-1,31,-1,29,0,29,0,29,1,27,0,26,2,28,3,28,3,27,5,28,5,29,6,27,8,28,8,29,8,26]"
618072703883100,54.253034700,92304,1907696441,-50,-98,6,0,1,7,0,0,256,0,0,"[0,0,-4,-15,-4,-15,-4,-14,-3,-14,-4,-13,-4,-12,-4,-12,-4,-11,-5,-11,-5,-10,-5,-9,-6,-9,-6,-9,-6,-8,-6,-8,-6,-8,-6,-8,-6,-8,-6,-8,-6,-8,-5,-8,-5,-8,-4,-7,-4,-7,-4,-7,-3,-7,0,0,0,0,0,0,0,0,0,0,0,0,0,0,0,0,0,0,0,0,0,0,-5,-16,-5,-16,-5,-17,-4,-18,-3,-18,-2,-19,-1,-19,0,-19,0,-19,1,-18,1,-18,1,-17,1,-17,1,-17,0,-16,-1,-16,-1,-16,-1,-16,-2,-16,-2,-16,-3,-16,-3,-16,-3,-16,-3,-16,-4,-16,-4,-16,0,0,-7,-27,-5,-28,-6,-27,-6,-25,-6,-23,-7,-23,-9,-21,-8,-21,-9,-18,-9,-18,-8,-17,-10,-18,-9,-17,-10,-16,-10,-16,-11,-16,-11,-15,-10,-13,-11,-13,-11,-13,-9,-13,-8,-12,-7,-14,-6,-12,-6,-12,-6,-12,-4,-12,-3,-12,0,0,0,0,0,0,0,0,0,0,0,0,0,0,-13,-28,-9,-30,-7,-31,-7,-30,-6,-32,-4,-32,-2,-34,-2,-34,-1,-35,0,-35,2,-34,3,-33,5,-33,4,-32,5,-32,4,-30,2,-30,0,-30,0,-30,0,-30,-2,-29,-3,-30,-4,-30,-5,-30,-5,-29,-3,-29,-4,-30,-5,-29]"
618072723497700,54.272649300,92305,1907716833,-50,-98,6,0,1,7,0,0,256,0,0,"[0,0,-15,6,-14,6,-13,6,-13,5,-12,6,-11,6,-11,6,-10,6,-9,6,-9,6,-8,6,-7,7,-7,7,-7,7,-7,7,-7,7,-6,7,-6,7,-7,6,-7,6,-6,6,-6,5,-6,5,-6,5,-6,4,-6,4,0,0,0,0,0,0,0,0,0,0,0,0,0,0,0,0,0,0,0,0,0,0,-15,8,-16,7,-16,6,-17,5,-17,5,-18,4,-19,3,-19,3,-19,2,-18,1,-18,2,-18,2,-17,2,-17,2,-16,2,-16,2,-16,3,-16,3,-15,4,-15,5,-15,5,-15,5,-15,6,-15,6,-15,7,-15,6,0,0,-27,10,-26,10,-25,10,-24,10,-22,9,-21,10,-19,10,-18,10,-18,11,-16,12,-17,12,-15,11,-14,11,-14,12,-13,13,-13,12,-12,13,-12,12,-13,12,-12,11,-12,10,-12,10,-11,9,-11,8,-11,7,-11,6,-11,7,-12,5,0,0,0,0,0,0,0,0,0,0,0,0,0,0,-25,16,-27,14,-28,12,-29,10,-30,11,-31,9,-33,9,-34,5,-34,5,-35,3,-34,2,-34,1,-33,0,-32,-1,-31,-1,-31,1,-29,3,-30,3,-29,3,-29,5,-29,6,-29,8,-29,8,-28,8,-29,9,-28,8,-28,9,-27,9]"
618072743677200,54.292828800,92306,1907736806,-50,-98,6,0,1,7,0,0,256,0,0,"[0,0,-12,9,-12,9,-11,8,-11,8,-10,8,-10,8,-8,8,-8,8,-8,8,-7,8,-6,8,-6,8,-5,8,-5,8,-5,8,-5,8,-4,7,-5,8,-5,8,-5,7,-5,7,-5,6,-5,6,-4,5,-5,5,-5,5,0,0,0,0,0,0,0,0,0,0,0,0,0,0,0,0,0,0,0,0,0,0,-12,11,-13,10,-13,10,-14,9,-15,9,-16,8,-17,8,-17,7,-17,7,-17,6,-17,6,-16,5,-16,5,-15,5,-15,6,-15,6,-14,6,-14,7,-13,7,-13,8,-13,8,-13,9,-14,10,-13,9,-12,9,-12,9,0,0,-22,18,-21,18,-21,17,-20,16,-18,16,-16,15,-15,15,-15,15,-13,15,-11,15,-11,15,-10,16,-9,16,-9,16,-9,16,-8,16,-7,15,-8,15,-7,14,-9,14,-7,14,-9,12,-7,12,-8,11,-8,11,-9,10,-7,10,-8,9,0,0,0,0,0,0,0,0,0,0,0,0,0,0,-18,24,-20,22,-23,21,-24,19,-26,19,-27,18,-28,17,-30,16,-30,14,-31,14,-32,12,-32,12,-30,11,-31,11,-29,11,-28,12,-27,11,-27,13,-27,13,-25,13,-25,15,-25,16,-24,16,-25,17,-24,19,-24,19,-24,20,-22,18]"
618072763893600,54.313045200,92307,1907757829,-50,-98,6,0,1,7,0,0,256,0,0,"[0,0,-6,14,-6,13,-5,13,-5,13,-5,12,-4,12,-3,11,-3,11,-2,10,-2,10,-1,10,-1,10,0,10,0,9,0,9,0,9,0,9,0,9,0,9,0,9,0,8,0,8,0,8,-1,7,0,6,-1,6,0,0,0,0,0,0,0,0,0,0,0,0,0,0,0,0,0,0,0,0,0,0,-5,16,-6,16,-7,16,-8,15,-9,16,-10,15,-10,15,-12,14,-12,14,-12,14,-12,13,-11,13,-11,13,-10,13,-10,13,-9,13,-9,12,-9,13,-8,13,-8,14,-8,14,-6,15,-7,15,-7,15,-6,14,-6,14,0,0,-7,27,-7,26,-6,26,-5,23,-5,24,-5,23,-4,21,-3,20,-2,19,-1,18,0,19,3,19,1,19,2,17,3,16,3,17,3,16,2,16,2,16,3,16,2,14,1,15,1,14,1,14,1,13,-1,12,-1,12,-1,11,0,0,0,0,0,0,0,0,0,0,0,0,0,0,-2,30,-5,29,-7,29,-9,29,-10,30,-12,29,-14,30,-16,29,-17,29,-19,29,-19,28,-19,26,-19,26,-19,25,-18,25,-17,25,-17,24,-15,23,-14,25,-13,25,-13,26,-12,26,-11,27,-11,28,-10,27,-8,29,-8,28,-9,27]"
618072784447600,54.333599200,92308,1907777697,-50,-98,6,0,1,7,0,0,256,0,0,"[0,0,-13,-10,-13,-9,-12,-9,-12,-8,-11,-8,-11,-7,-11,-7,-11,-6,-11,-5,-10,-4,-10,-4,-10,-4,-10,-3,-10,-3,-10,-3,-10,-2,-10,-2,-10,-2,-10,-3,-9,-3,-9,-3,-8,-3,-8,-3,-8,-3,-7,-3,-7,-3,0,0,0,0,0,0,0,0,0,0,0,0,0,0,0,0,0,0,0,0,0,0,-15,-8,-15,-9,-15,-10,-15,-11,-15,-12,-14,-13,-14,-14,-13,-14,-13,-15,-12,-15,-12,-14,-12,-14,-11,-14,-11,-13,-11,-13,-12,-12,-11,-12,-12,-12,-12,-11,-12,-11,-13,-11,-13,-11,-14,-10,-14,-10,-14,-10,-13,-9,0,0,-48,-27,-45,-27,-47,-30,-45,-26,-41,-24,-43,-18,-41,-19,-41,-16,-40,-12,-40,-9,-37,-9,-38,-8,-37,-8,-36,-7,-39,-3,-36,-4,-34,-4,-34,-4,-34,-4,-33,-4,-32,-5,-29,-6,-28,-5,-27,-9,-25,-7,-26,-7,-22,-9,-22,-10,0,0,0,0,0,0,0,0,0,0,0,0,0,0,-57,-17,-55,-23,-55,-28,-53,-29,-53,-34,-50,-37,-53,-41,-52,-44,-50,-45,-51,-46,-46,-49,-45,-50,-41,-51,-41,-49,-40,-47,-40,-45,-41,-42,-41,-41,-43,-38,-45,-40,-45,-35,-46,-34,-50,-32,-49,-34,-51,-32,-50,-35,-51,-33,-50,-29]"
618072802150300,54.351301900,92309,1907796412,-50,-98,6,0,1,7,0,0,256,0,0,"[0,0,-4,14,-3,14,-3,13,-3,13,-3,13,-2,12,-2,12,-1,11,-1,10,0,10,0,10,1,10,1,10,1,9,2,9,1,8,2,9,1,8,1,8,1,8,1,8,1,8,0,8,0,7,0,6,0,6,0,0,0,0,0,0,0,0,0,0,0,0,0,0,0,0,0,0,0,0,0,0,-3,16,-4,16,-5,16,-6,16,-7,17,-8,16,-9,16,-10,16,-10,16,-10,15,-10,14,-10,14,-10,14,-9,14,-8,14,-8,14,-8,14,-7,14,-6,14,-6,15,-6,15,-5,15,-5,16,-5,15,-5,15,-5,15,0,0,-3,27,-3,27,-1,25,-3,24,-1,23,-1,22,0,21,0,20,1,19,3,18,3,18,5,17,5,18,5,15,5,16,5,15,6,15,6,15,4,15,4,15,4,14,3,13,3,13,3,13,2,12,1,11,1,11,0,12,0,0,0,0,0,0,0,0,0,0,0,0,0,0,5,29,2,30,0,29,-3,29,-4,30,-5,30,-7,32,-8,32,-11,32,-13,31,-14,30,-14,30,-13,30,-13,28,-13,27,-11,27,-11,27,-10,26,-9,26,-8,27,-7,28,-7,28,-7,28,-6,28,-4,28,-3,29,-3,28,-3,29]"
618072821694200,54.370845800,92310,1907816488,-50,-98,6,0,1,7,0,0,256,0,0,"[0,0,15,-3,14,-3,13,-3,13,-3,12,-3,11,-4,11,-4,10,-4,10,-4,9,-5,8,-5,8,-5,8,-5,7,-6,8,-6,8,-6,7,-6,7,-6,7,-6,7,-5,7,-5,6,-5,6,-5,6,-4,6,-3,6,-3,0,0,0,0,0,0,0,0,0,0,0,0,0,0,0,0,0,0,0,0,0,0,16,-6,16,-5,16,-4,17,-3,17,-2,18,-1,18,-1,19,0,18,1,17,1,17,1,17,1,17,1,16,1,16,1,16,0,15,-1,15,-1,16,-1,15,-2,15,-2,15,-2,16,-3,15,-3,15,-4,16,-4,0,0,26,-3,26,-4,25,-4,25,-4,22,-6,22,-5,21,-5,19,-5,19,-5,18,-7,18,-7,15,-9,15,-9,15,-10,15,-10,14,-9,14,-10,15,-9,13,-9,13,-7,13,-7,12,-7,12,-7,12,-5,11,-5,11,-5,11,-4,11,-3,0,0,0,0,0,0,0,0,0,0,0,0,0,0,26,-14,29,-10,29,-8,29,-6,30,-4,30,-4,33,-1,35,0,33,1,33,4,33,5,32,5,30,5,31,5,29,5,29,4,29,3,29,2,28,2,28,1,28,-1,28,-1,27,-1,30,-3,29,-4,28,-3,28,-3,28,-4]"
618072844303600,54.393455200,92311,1907836548,-50,-98,6,0,1,7,0,0,256,0,0,"[0,0,-5,-15,-5,-15,-5,-14,-5,-13,-5,-13,-5,-12,-5,-12,-6,-11,-6,-10,-6,-10,-6,-9,-6,-9,-6,-9,-7,-8,-7,-8,-7,-7,-7,-7,-7,-7,-6,-7,-6,-7,-5,-7,-5,-7,-5,-7,-5,-7,-4,-7,-4,-7,0,0,0,0,0,0,0,0,0,0,0,0,0,0,0,0,0,0,0,0,0,0,-8,-15,-7,-16,-6,-17,-6,-17,-5,-18,-4,-19,-4,-19,-3,-19,-2,-19,-1,-19,-1,-18,-1,-18,-1,-17,-1,-17,-2,-17,-2,-16,-3,-16,-3,-16,-4,-17,-4,-16,-4,-16,-5,-16,-5,-16,-5,-16,-5,-16,-6,-15,0,0,-11,-26,-11,-28,-9,-24,-10,-25,-10,-22,-13,-22,-11,-20,-12,-19,-12,-18,-12,-17,-12,-16,-13,-14,-12,-14,-12,-15,-14,-13,-13,-13,-13,-12,-12,-12,-12,-13,-13,-11,-12,-11,-10,-12,-10,-11,-8,-11,-8,-11,-8,-11,-7,-13,-5,-12,0,0,0,0,0,0,0,0,0,0,0,0,0,0,-18,-25,-15,-28,-14,-28,-13,-28,-13,-31,-10,-31,-9,-33,-8,-33,-8,-33,-6,-35,-6,-33,-3,-36,-1,-33,-3,-32,-1,-31,-2,-30,-3,-30,-5,-30,-6,-28,-6,-29,-8,-29,-10,-28,-9,-28,-11,-29,-11,-29,-10,-30,-10,-29,-11,-28]"
618072863652100,54.412803700,92312,1907860021,-50,-98,6,0,1,7,0,0,256,0,0,"[0,0,-11,10,-11,10,-10,10,-10,10,-9,9,-8,9,-8,9,-7,9,-7,9,-6,9,-5,9,-4,9,-4,9,-3,9,-4,9,-4,9,-3,8,-4,8,-4,8,-3,8,-4,8,-3,7,-4,7,-3,6,-4,6,-4,5,0,0,0,0,0,0,0,0,0,0,0,0,0,0,0,0,0,0,0,0,0,0,-12,12,-13,12,-13,11,-14,11,-15,10,-16,10,-17,9,-17,9,-17,8,-17,8,-17,7,-16,7,-16,7,-15,7,-15,8,-14,7,-14,8,-14,8,-13,9,-13,10,-13,10,-13,10,-13,11,-12,11,-12,11,-12,10,0,0,-21,17,-22,19,-19,17,-19,16,-17,15,-17,16,-15,16,-14,15,-13,15,-13,15,-10,15,-11,15,-9,16,-8,15,-8,16,-7,15,-7,15,-6,14,-8,15,-8,14,-8,12,-8,13,-7,13,-7,11,-7,10,-7,9,-8,9,-9,8,0,0,0,0,0,0,0,0,0,0,0,0,0,0,-19,22,-22,21,-23,19,-25,18,-26,19,-26,17,-29,17,-29,14,-30,14,-31,12,-32,12,-33,11,-31,10,-30,9,-29,10,-28,10,-27,10,-27,12,-25,12,-26,14,-25,14,-25,15,-25,15,-24,17,-26,17,-24,17,-24,17,-23,17]"
618072884487200,54.433638800,92313,1907876458,-50,-98,6,0,1,7,0,0,256,0,0,"[0,0,6,-14,5,-14,5,-14,5,-13,4,-13,3,-13,3,-12,2,-12,2,-11,2,-11,1,-11,0,-10,0,-10,0,-10,0,-10,-1,-10,-1,-10,0,-10,-1,-10,0,-9,0,-9,0,-9,0,-9,0,-8,1,-7,1,-7,0,0,0,0,0,0,0,0,0,0,0,0,0,0,0,0,0,0,0,0,0,0,5,-16,6,-16,7,-16,8,-16,9,-16,10,-16,11,-16,12,-15,12,-15,12,-14,12,-14,12,-13,11,-13,11,-13,10,-13,9,-13,9,-13,9,-14,8,-14,7,-14,7,-15,7,-15,7,-15,7,-15,6,-15,7,-15,0,0,24,-49,23,-48,24,-49,22,-45,18,-44,15,-44,14,-42,12,-41,11,-38,6,-38,5,-37,3,-37,1,-36,0,-37,2,-34,0,-34,-1,-34,-1,-34,0,-32,0,-31,2,-31,1,-30,1,-29,4,-28,3,-26,4,-24,7,-24,7,-23,0,0,0,0,0,0,0,0,0,0,0,0,0,0,12,-59,20,-59,23,-58,26,-56,28,-56,33,-55,36,-55,41,-56,42,-53,44,-52,47,-47,45,-48,45,-46,43,-46,43,-43,40,-44,39,-46,37,-45,37,-46,35,-44,32,-49,29,-52,32,-51,29,-53,30,-51,26,-52,27,-54,26,-53]"
618072901321500,54.450473100,92314,1907896618,-50,-98,6,0,1,7,0,0,256,0,0,"[0,0,0,15,0,14,0,14,1,13,1,13,1,12,1,11,2,11,2,10,2,10,3,9,3,9,3,9,3,8,3,8,3,8,3,8,3,8,3,7,2,7,3,8,2,8,2,7,2,7,1,6,1,6,0,0,0,0,0,0,0,0,0,0,0,0,0,0,0,0,0,0,0,0,0,0,3,15,2,16,2,16,1,17,0,18,-1,18,-2,18,-3,18,-4,17,-4,17,-4,17,-3,17,-3,16,-3,16,-3,15,-3,15,-2,15,-2,15,-2,15,-1,16,-1,15,0,15,0,15,0,15,1,16,1,15,0,0,10,26,10,26,9,23,10,23,10,21,10,20,10,20,10,18,11,16,12,17,11,15,11,14,12,13,12,12,12,14,12,12,12,12,11,13,11,12,11,12,10,11,10,11,9,11,7,10,7,11,6,11,6,10,5,10,0,0,0,0,0,0,0,0,0,0,0,0,0,0,18,22,16,24,14,25,13,26,12,28,11,29,9,31,8,31,7,32,5,33,4,32,3,33,2,32,2,31,2,30,3,29,3,29,5,29,5,27,5,28,6,27,8,28,9,27,10,27,10,28,9,27,11,27,10,27]"
618072924253600,54.473405200,92315,1907916541,-50,-98,6,0,1,7,0,0,256,0,0,"[0,0,-9,10,-9,10,-9,9,-8,9,-8,9,-7,9,-6,9,-6,8,-5,8,-5,8,-5,8,-4,7,-3,8,-4,8,-3,8,-3,8,-3,8,-3,8,-3,7,-3,7,-3,7,-3,6,-3,6,-3,6,-3,5,-4,5,0,0,0,0,0,0,0,0,0,0,0,0,0,0,0,0,0,0,0,0,0,0,-9,12,-9,12,-10,12,-11,11,-12,11,-13,11,-13,11,-14,10,-14,10,-14,9,-14,8,-14,8,-13,8,-13,8,-12,8,-12,8,-12,8,-11,9,-11,9,-10,10,-10,10,-10,10,-10,11,-10,10,-10,11,-10,11,0,0,-35,41,-35,45,-33,40,-29,40,-28,36,-26,37,-25,36,-22,36,-20,35,-17,34,-16,31,-15,36,-12,33,-8,34,-9,34,-8,30,-9,35,-10,29,-8,30,-10,28,-12,26,-10,27,-11,26,-12,24,-10,22,-11,21,-13,20,-12,19,0,0,0,0,0,0,0,0,0,0,0,0,0,0,-24,54,-30,51,-35,50,-37,46,-40,49,-43,46,-47,48,-51,42,-52,42,-56,40,-57,40,-56,36,-56,34,-56,32,-52,31,-50,33,-47,34,-47,34,-43,35,-45,38,-41,37,-40,41,-40,41,-40,44,-40,46,-40,45,-38,45,-40,43]"
618072942604400,54.491756000,92316,1907936352,-51,-98,6,0,1,7,0,0,256,0,0,"[0,0,5,-15,3,-15,4,-15,4,-13,3,-14,2,-13,2,-12,1,-12,1,-11,0,-11,0,-11,-1,-11,-1,-10,-2,-11,-1,-10,-1,-10,-2,-10,-1,-10,-1,-9,-1,-9,-1,-8,-1,-8,-1,-8,-1,-8,0,-7,0,-7,0,0,0,0,0,0,0,0,0,0,0,0,0,0,0,0,0,0,0,0,0,0,3,-17,4,-18,4,-17,5,-18,6,-17,8,-18,9,-17,9,-16,10,-16,10,-15,10,-15,9,-15,9,-15,9,-14,8,-15,7,-14,8,-15,7,-14,6,-16,6,-15,5,-15,5,-16,5,-15,5,-16,4,-16,5,-16,0,0,-2,-28,-3,-27,-3,-27,-3,-25,-3,-25,-3,-23,-3,-23,-4,-21,-5,-20,-6,-19,-8,-18,-8,-18,-8,-17,-9,-17,-9,-16,-8,-16,-9,-15,-9,-16,-8,-15,-7,-15,-7,-15,-6,-14,-6,-13,-5,-13,-5,-13,-4,-13,-3,-12,-2,-12,0,0,0,0,0,0,0,0,0,0,0,0,0,0,-11,-28,-9,-30,-6,-30,-4,-31,-3,-31,-1,-33,0,-33,2,-34,4,-34,6,-34,8,-33,6,-32,6,-32,6,-31,6,-30,5,-29,5,-30,4,-29,3,-30,2,-29,1,-30,1,-29,1,-30,0,-30,-1,-29,-3,-30,-3,-30,-3,-30]"
618072962018000,54.511169600,92317,1907956595,-50,-98,6,0,1,7,0,0,256,0,0,"[0,0,15,0,14,0,14,0,14,-1,13,0,12,-1,11,-2,11,-2,10,-2,10,-3,9,-3,9,-4,9,-4,8,-4,9,-4,9,-4,8,-4,8,-5,8,-4,8,-4,8,-3,7,-3,7,-3,6,-2,6,-3,6,-2,0,0,0,0,0,0,0,0,0,0,0,0,0,0,0,0,0,0,0,0,0,0,16,-1,17,0,17,1,17,2,17,2,18,3,18,4,18,6,17,6,17,6,16,5,16,6,16,5,15,5,15,5,15,4,15,4,15,3,15,2,15,2,15,1,16,1,16,1,15,0,16,0,16,0,0,0,27,-8,25,-8,26,-8,23,-8,22,-8,22,-9,20,-8,19,-9,18,-10,17,-11,16,-11,15,-11,15,-11,14,-12,14,-13,14,-13,13,-11,13,-11,12,-11,12,-11,12,-9,12,-9,11,-8,11,-8,11,-7,10,-7,10,-6,10,-5,0,0,0,0,0,0,0,0,0,0,0,0,0,0,25,-14,27,-11,28,-9,29,-8,29,-7,30,-6,32,-5,33,-3,33,-1,33,0,33,1,32,2,31,2,31,2,30,2,29,1,29,0,28,-1,28,-2,28,-3,28,-4,29,-5,28,-5,28,-6,28,-6,28,-7,29,-8,29,-8]"
618072981304500,54.530456100,92318,1907976511,-51,-98,6,0,1,7,0,0,256,0,0,"[0,0,8,12,8,12,7,11,7,11,7,10,7,10,7,9,7,8,7,7,7,6,7,6,7,6,7,5,7,5,7,5,7,4,7,5,7,5,7,4,6,4,6,4,6,4,5,4,5,4,5,4,4,4,0,0,0,0,0,0,0,0,0,0,0,0,0,0,0,0,0,0,0,0,0,0,10,12,9,13,8,14,8,15,7,16,7,16,6,16,6,17,5,17,4,17,4,17,3,16,3,15,4,15,4,15,5,14,5,14,5,14,5,14,7,13,7,13,8,13,8,13,7,13,7,13,8,12,0,0,15,23,14,23,14,21,16,20,13,19,13,19,14,16,13,16,14,13,14,12,14,11,13,11,14,10,15,8,15,8,14,9,14,9,14,7,13,8,12,8,12,7,13,7,10,7,10,7,10,8,9,7,6,8,7,9,0,0,0,0,0,0,0,0,0,0,0,0,0,0,21,20,19,22,18,24,17,25,16,26,14,28,14,29,12,31,10,32,10,33,9,32,9,32,8,30,7,30,8,30,7,29,8,28,9,27,10,26,10,26,11,26,13,24,12,25,14,26,16,24,15,24,15,24,15,24]"
618073002948000,54.552099600,92319,1907996534,-50,-98,6,0,1,7,0,0,256,0,0,"[0,0,15,-4,14,-4,13,-4,13,-4,12,-4,12,-4,11,-5,10,-5,10,-5,9,-5,9,-5,8,-6,7,-6,7,-6,8,-6,7,-6,7,-7,8,-6,7,-6,7,-5,7,-5,6,-4,7,-4,6,-4,6,-4,6,-3,0,0,0,0,0,0,0,0,0,0,0,0,0,0,0,0,0,0,0,0,0,0,15,-7,16,-6,16,-5,17,-4,18,-3,18,-3,18,-2,18,-1,18,0,18,0,17,1,17,1,16,0,16,0,16,0,16,-1,16,-1,16,-2,15,-2,15,-3,15,-3,15,-4,16,-3,16,-4,15,-4,15,-4,0,0,27,-5,26,-7,24,-6,25,-7,23,-7,22,-7,20,-6,19,-8,19,-8,17,-9,15,-10,15,-9,14,-10,13,-11,14,-11,12,-11,12,-11,13,-11,13,-11,14,-10,13,-9,12,-8,11,-9,10,-8,10,-6,10,-6,12,-5,10,-4,0,0,0,0,0,0,0,0,0,0,0,0,0,0,27,-15,27,-13,28,-10,28,-8,32,-9,30,-6,33,-4,32,-2,34,-1,35,2,33,2,34,3,33,2,31,2,30,3,28,1,28,1,29,0,27,-1,30,-1,28,-3,28,-4,28,-3,28,-5,30,-6,28,-6,28,-7,27,-6]"
618073023866900,54.573018500,92320,1908016521,-50,-98,6,0,1,7,0,0,256,0,0,"[0,0,13,-9,11,-8,11,-8,11,-8,10,-8,9,-8,8,-8,8,-8,8,-8,7,-8,6,-8,6,-8,5,-8,5,-9,5,-8,5,-8,4,-8,5,-8,5,-8,4,-8,4,-7,4,-7,4,-7,4,-6,4,-6,4,-5,0,0,0,0,0,0,0,0,0,0,0,0,0,0,0,0,0,0,0,0,0,0,12,-10,14,-10,14,-10,14,-9,16,-8,16,-8,17,-7,18,-6,17,-6,17,-5,17,-5,16,-5,16,-5,15,-5,15,-5,14,-6,14,-6,14,-6,14,-7,13,-8,13,-8,13,-9,14,-8,14,-8,13,-9,13,-9,0,0,25,-17,22,-15,22,-16,20,-15,19,-15,17,-16,16,-16,14,-15,14,-15,12,-14,12,-15,11,-16,10,-15,10,-16,9,-14,10,-15,8,-15,9,-15,8,-14,9,-14,8,-13,8,-13,8,-12,8,-11,8,-9,8,-10,8,-9,8,-8,0,0,0,0,0,0,0,0,0,0,0,0,0,0,19,-23,22,-21,24,-20,25,-20,25,-16,28,-17,27,-16,32,-16,31,-13,32,-13,31,-11,30,-10,31,-8,30,-9,28,-9,27,-10,29,-11,26,-10,28,-11,25,-12,26,-14,25,-15,24,-16,25,-16,24,-16,25,-17,24,-16,25,-17]"
618073043539100,54.592690700,92321,1908037895,-50,-98,6,0,1,7,0,0,256,0,0,"[0,0,-5,-15,-5,-14,-5,-14,-5,-14,-6,-13,-5,-12,-5,-12,-6,-11,-6,-10,-6,-9,-6,-9,-6,-9,-7,-9,-7,-8,-7,-8,-7,-7,-7,-7,-7,-7,-6,-7,-6,-8,-6,-7,-5,-7,-4,-7,-5,-7,-4,-6,-4,-6,0,0,0,0,0,0,0,0,0,0,0,0,0,0,0,0,0,0,0,0,0,0,-8,-16,-7,-16,-6,-17,-5,-17,-5,-18,-4,-19,-3,-19,-2,-19,-2,-19,-1,-19,-1,-18,-1,-18,0,-17,-1,-17,-1,-17,-2,-16,-3,-16,-3,-16,-3,-16,-4,-16,-4,-16,-5,-16,-5,-16,-5,-16,-5,-16,-5,-15,0,0,-9,-27,-9,-25,-10,-26,-8,-22,-8,-23,-10,-22,-10,-21,-10,-20,-11,-18,-10,-17,-12,-15,-13,-16,-12,-14,-12,-15,-12,-13,-12,-14,-12,-14,-12,-14,-12,-12,-10,-13,-10,-13,-10,-13,-9,-12,-8,-11,-8,-11,-8,-12,-6,-12,-6,-12,0,0,0,0,0,0,0,0,0,0,0,0,0,0,-16,-27,-14,-28,-13,-29,-11,-31,-9,-30,-8,-32,-6,-32,-5,-35,-3,-35,-2,-35,0,-34,0,-34,0,-34,1,-33,0,-32,-1,-30,-2,-31,-2,-30,-2,-29,-4,-29,-5,-30,-6,-29,-7,-30,-8,-30,-7,-28,-9,-29,-9,-28,-8,-30]"
618073062512300,54.611663900,92322,1908056566,-50,-98,6,0,1,7,0,0,256,0,0,"[0,0,-16,-2,-15,-2,-14,-2,-14,-2,-13,-2,-13,-1,-12,-1,-12,0,-11,1,-11,1,-11,1,-10,1,-10,2,-10,2,-10,3,-10,3,-9,2,-10,2,-9,2,-9,2,-9,2,-8,1,-8,1,-8,1,-8,1,-8,0,0,0,0,0,0,0,0,0,0,0,0,0,0,0,0,0,0,0,0,0,0,0,-17,-1,-17,-2,-18,-3,-17,-4,-18,-5,-18,-6,-18,-6,-18,-7,-18,-8,-17,-8,-17,-8,-16,-8,-15,-8,-15,-7,-15,-7,-16,-6,-15,-5,-16,-5,-16,-5,-16,-4,-16,-3,-16,-3,-16,-3,-16,-3,-16,-3,-16,-3,0,0,-29,-3,-28,-3,-27,-2,-26,-1,-24,-2,-24,0,-22,1,-21,2,-20,1,-20,3,-19,3,-18,3,-17,5,-17,5,-18,6,-17,6,-16,6,-17,5,-16,5,-17,5,-15,5,-15,4,-14,3,-13,3,-14,3,-12,2,-12,1,-12,1,0,0,0,0,0,0,0,0,0,0,0,0,0,0,-29,3,-31,-1,-31,-2,-31,-4,-33,-5,-31,-6,-32,-8,-35,-10,-33,-11,-32,-12,-32,-14,-30,-14,-31,-15,-30,-15,-28,-15,-28,-14,-27,-11,-28,-9,-27,-10,-28,-9,-28,-8,-29,-5,-29,-5,-30,-4,-30,-5,-29,-5,-29,-4,-30,-5]"
618073084180300,54.633331900,92323,1908076538,-50,-98,6,0,1,7,0,0,256,0,0,"[0,0,-16,-1,-16,-1,-14,-1,-15,-1,-13,0,-13,0,-12,0,-12,1,-11,1,-12,2,-11,2,-10,2,-10,2,-9,3,-10,3,-9,3,-9,3,-9,3,-9,3,-9,3,-9,2,-8,2,-8,2,-8,1,-8,1,-7,1,0,0,0,0,0,0,0,0,0,0,0,0,0,0,0,0,0,0,0,0,0,0,-17,-1,-17,-1,-18,-2,-17,-3,-18,-4,-18,-5,-19,-6,-18,-6,-18,-7,-17,-8,-17,-8,-16,-8,-16,-7,-15,-7,-16,-6,-16,-5,-16,-5,-16,-4,-16,-4,-16,-3,-16,-3,-16,-2,-17,-2,-17,-2,-16,-2,-16,-2,0,0,-29,-1,-28,-1,-26,-1,-25,0,-24,0,-23,1,-21,2,-21,2,-21,3,-19,5,-19,5,-18,5,-17,6,-17,6,-17,7,-17,7,-16,7,-16,7,-15,6,-16,5,-15,4,-14,4,-14,5,-13,4,-14,3,-12,3,-13,2,-12,1,0,0,0,0,0,0,0,0,0,0,0,0,0,0,-29,5,-30,2,-30,0,-31,-2,-31,-3,-30,-5,-33,-7,-33,-8,-32,-10,-33,-11,-30,-13,-31,-13,-31,-13,-30,-12,-29,-11,-28,-9,-28,-10,-28,-8,-27,-9,-28,-7,-28,-6,-29,-5,-28,-4,-29,-3,-29,-2,-29,-1,-28,-1,-30,-2]"
618073102946100,54.652097700,92324,1908096522,-50,-98,6,0,1,7,0,0,256,0,0,"[0,0,-15,4,-14,4,-14,4,-14,4,-12,5,-12,4,-12,5,-11,5,-10,5,-10,5,-9,5,-8,6,-8,6,-8,6,-8,6,-7,7,-7,6,-7,6,-7,6,-7,5,-7,5,-7,5,-7,5,-6,4,-6,3,-6,3,0,0,0,0,0,0,0,0,0,0,0,0,0,0,0,0,0,0,0,0,0,0,-16,6,-17,6,-17,5,-17,4,-18,3,-19,2,-19,1,-19,0,-19,0,-19,0,-18,0,-18,0,-17,0,-17,0,-17,0,-17,1,-16,1,-17,2,-16,2,-16,3,-16,3,-16,3,-16,5,-16,4,-15,5,-16,5,0,0,-27,9,-25,8,-24,9,-23,7,-23,9,-20,9,-19,9,-19,10,-19,9,-18,11,-16,11,-14,11,-14,12,-14,12,-12,13,-12,12,-13,13,-13,12,-12,9,-13,10,-12,8,-12,10,-11,8,-12,9,-11,7,-10,6,-10,6,-12,5,0,0,0,0,0,0,0,0,0,0,0,0,0,0,-24,17,-28,14,-28,13,-29,10,-30,10,-30,8,-33,7,-34,5,-34,4,-35,2,-34,1,-34,0,-32,0,-31,0,-30,0,-30,1,-29,1,-30,2,-28,2,-29,5,-28,6,-28,6,-28,6,-28,8,-29,8,-29,8,-27,9,-29,10]"
618073126623000,54.675774600,92325,1908116754,-50,-98,6,0,1,7,0,0,256,0,0,"[0,0,-12,-11,-11,-10,-11,-10,-10,-9,-11,-9,-11,-8,-10,-7,-10,-7,-10,-6,-10,-6,-10,-5,-10,-5,-10,-4,-9,-4,-10,-3,-9,-3,-10,-4,-9,-4,-9,-3,-9,-3,-8,-3,-8,-4,-7,-3,-7,-4,-7,-3,-6,-4,0,0,0,0,0,0,0,0,0,0,0,0,0,0,0,0,0,0,0,0,0,0,-14,-10,-13,-11,-13,-12,-12,-13,-12,-14,-12,-14,-11,-15,-10,-16,-10,-16,-9,-16,-9,-15,-9,-15,-9,-15,-8,-14,-9,-14,-9,-13,-9,-13,-10,-13,-10,-13,-11,-12,-11,-12,-11,-12,-12,-12,-12,-12,-12,-11,-12,-11,0,0,-42,-39,-40,-39,-39,-36,-40,-38,-35,-31,-34,-31,-35,-28,-35,-25,-33,-22,-35,-22,-36,-15,-32,-17,-32,-16,-32,-12,-36,-11,-35,-11,-32,-12,-33,-12,-31,-11,-30,-11,-29,-13,-28,-14,-27,-12,-25,-14,-25,-13,-23,-12,-21,-14,-21,-16,0,0,0,0,0,0,0,0,0,0,0,0,0,0,-52,-33,-47,-37,-46,-41,-43,-41,-45,-47,-41,-47,-41,-52,-39,-54,-37,-56,-36,-58,-33,-58,-31,-62,-29,-60,-28,-57,-27,-55,-27,-53,-28,-51,-33,-51,-33,-47,-36,-49,-35,-47,-38,-43,-41,-45,-41,-42,-41,-44,-39,-42,-39,-43,-41,-43]"
618073144391100,54.693542700,92326,1908139560,-50,-98,6,0,1,7,0,0,256,0,0,"[0,0,6,13,6,13,5,12,6,12,6,11,6,10,6,10,6,9,6,8,6,8,7,8,7,7,6,7,7,6,7,6,7,6,7,6,6,6,6,5,6,5,6,5,5,5,4,6,4,6,4,5,4,5,0,0,0,0,0,0,0,0,0,0,0,0,0,0,0,0,0,0,0,0,0,0,8,13,7,14,7,15,6,15,6,17,5,16,4,17,3,18,3,17,2,18,2,17,2,16,2,16,2,15,3,15,3,15,3,14,4,15,4,14,5,14,5,15,6,14,6,15,6,14,6,14,6,13,0,0,13,25,13,25,13,23,14,21,12,20,13,19,12,18,12,16,13,16,13,14,15,13,13,12,15,10,14,12,14,11,14,10,15,11,13,10,13,9,12,10,12,9,11,10,10,10,9,9,9,8,8,9,7,10,6,10,0,0,0,0,0,0,0,0,0,0,0,0,0,0,20,20,19,22,17,23,17,25,17,26,14,28,13,30,12,30,11,31,8,32,7,32,8,32,7,31,7,30,6,30,7,29,7,29,9,28,8,26,10,27,11,27,11,25,11,27,13,26,13,27,14,26,15,25,15,25]"
618073161514800,54.710666400,92327,1908156469,-50,-98,6,0,1,7,0,0,256,0,0,"[0,0,5,14,6,13,5,13,5,12,5,12,5,11,6,10,5,10,6,8,6,8,5,8,7,7,6,7,7,6,7,6,7,6,7,6,6,6,7,6,5,6,5,6,5,6,5,6,4,6,4,6,4,5,0,0,0,0,0,0,0,0,0,0,0,0,0,0,0,0,0,0,0,0,0,0,7,14,7,15,6,16,6,16,5,17,4,17,4,17,2,18,2,18,1,18,1,17,1,17,1,16,1,16,1,15,2,15,3,15,3,15,4,15,5,14,4,15,5,15,5,15,5,15,5,15,6,14,0,0,13,24,14,21,13,21,13,20,13,19,13,18,12,17,13,16,13,14,13,13,13,12,13,11,15,11,14,10,15,10,15,9,14,11,14,9,13,9,12,9,11,8,11,9,12,9,10,8,10,8,8,9,8,9,6,10,0,0,0,0,0,0,0,0,0,0,0,0,0,0,21,19,20,21,19,22,17,24,17,25,15,27,13,29,12,31,11,31,9,33,8,32,7,32,8,31,8,31,7,29,9,27,7,27,9,26,9,26,10,26,10,26,12,26,12,25,13,25,15,25,16,25,16,24,14,25]"
618073183051600,54.732203200,92328,1908177411,-50,-98,6,0,1,7,0,0,256,0,0,"[0,0,-5,14,-5,14,-4,13,-4,12,-3,12,-3,12,-2,11,-2,11,-2,11,-1,10,-1,10,0,10,1,9,1,10,1,9,1,9,1,9,1,9,0,8,0,9,0,8,0,8,0,8,0,7,0,7,-1,6,0,0,0,0,0,0,0,0,0,0,0,0,0,0,0,0,0,0,0,0,0,0,-3,15,-5,16,-6,16,-6,16,-7,16,-8,15,-10,15,-11,15,-11,14,-11,14,-10,14,-10,14,-10,14,-10,13,-9,13,-8,13,-9,13,-8,13,-7,14,-7,14,-7,14,-6,14,-6,15,-5,15,-5,15,-5,14,0,0,-10,26,-9,26,-9,23,-8,24,-8,23,-7,22,-5,22,-6,20,-2,19,-2,18,-1,19,0,19,0,18,1,18,2,18,2,17,2,18,1,17,0,16,0,16,-1,15,0,15,-1,15,-2,13,-1,13,-2,13,-2,12,-5,11,0,0,0,0,0,0,0,0,0,0,0,0,0,0,-3,29,-6,29,-7,28,-9,29,-11,30,-13,28,-15,30,-17,28,-18,27,-20,28,-20,26,-20,26,-20,26,-20,24,-19,24,-18,24,-16,24,-16,24,-15,24,-15,24,-13,26,-13,27,-12,27,-13,27,-11,28,-10,27,-9,28,-9,26]"
618073203333600,54.752485200,92329,1908196509,-50,-98,6,0,1,7,0,0,256,0,0,"[0,0,5,-14,5,-15,4,-13,4,-13,3,-13,3,-13,3,-12,2,-12,2,-11,1,-11,1,-11,0,-11,-1,-11,-1,-10,-1,-11,-1,-10,-1,-10,-1,-10,0,-10,-1,-10,0,-9,0,-9,0,-9,0,-8,0,-7,1,-7,0,0,0,0,0,0,0,0,0,0,0,0,0,0,0,0,0,0,0,0,0,0,4,-16,5,-16,5,-16,6,-16,7,-16,9,-16,9,-16,11,-15,11,-15,11,-14,11,-14,11,-13,10,-13,9,-13,9,-14,8,-13,8,-14,8,-14,7,-14,7,-14,6,-15,6,-15,6,-15,6,-16,5,-15,6,-15,0,0,11,-53,10,-53,10,-53,8,-47,8,-49,8,-46,4,-43,2,-42,2,-39,-2,-40,-4,-38,-5,-38,-5,-37,-7,-37,-8,-35,-8,-35,-8,-35,-6,-33,-6,-34,-5,-33,-3,-32,-3,-31,-3,-32,-1,-29,-2,-27,-1,-24,1,-26,3,-25,0,0,0,0,0,0,0,0,0,0,0,0,0,0,-4,-57,5,-61,9,-59,12,-58,12,-60,17,-63,21,-62,23,-62,26,-61,29,-60,29,-60,33,-55,33,-56,31,-54,31,-51,28,-49,24,-51,22,-52,22,-51,23,-53,19,-54,16,-53,16,-57,13,-58,15,-57,14,-58,15,-57,14,-56]"
618073223194300,54.772345900,92330,1908219775,-50,-98,6,0,1,7,0,0,256,0,0,"[0,0,13,-3,13,-3,12,-3,12,-3,11,-3,11,-3,10,-4,10,-4,9,-4,9,-4,8,-5,8,-5,7,-5,7,-6,7,-5,7,-5,7,-5,7,-5,7,-5,7,-5,7,-4,6,-4,6,-4,6,-3,6,-3,6,-3,0,0,0,0,0,0,0,0,0,0,0,0,0,0,0,0,0,0,0,0,0,0,14,-4,15,-4,15,-3,15,-2,16,-1,16,0,16,1,16,2,16,2,15,2,15,2,15,3,14,2,14,2,14,1,14,0,14,0,14,0,14,-1,14,-1,14,-1,14,-2,14,-2,14,-3,14,-2,14,-2,0,0,26,-6,27,-8,25,-8,24,-8,22,-8,22,-7,21,-8,20,-8,19,-8,18,-11,17,-12,15,-12,15,-12,14,-12,16,-12,14,-12,13,-12,14,-11,13,-10,13,-9,14,-10,12,-9,11,-8,11,-8,11,-8,11,-7,11,-6,12,-6,0,0,0,0,0,0,0,0,0,0,0,0,0,0,24,-15,27,-13,29,-11,29,-9,31,-9,30,-6,32,-6,32,-3,34,-1,35,1,33,2,33,1,32,1,30,1,30,1,29,1,29,0,29,-1,28,-2,30,-2,27,-4,28,-5,28,-5,28,-6,30,-7,28,-7,29,-9,28,-8]"
618073246501900,54.795653500,92331,1908240434,-50,-98,6,0,1,7,0,0,256,0,0,"[0,0,11,-11,10,-11,9,-10,10,-10,8,-10,7,-10,7,-9,6,-9,6,-9,6,-10,4,-10,4,-9,4,-10,3,-9,3,-10,3,-9,2,-10,3,-9,3,-9,4,-8,3,-8,3,-8,3,-7,3,-7,4,-7,4,-6,0,0,0,0,0,0,0,0,0,0,0,0,0,0,0,0,0,0,0,0,0,0,10,-13,11,-12,12,-12,12,-12,14,-11,15,-10,15,-10,16,-9,16,-8,16,-9,15,-8,15,-7,15,-8,14,-8,14,-8,13,-8,13,-8,13,-9,12,-10,12,-10,12,-10,12,-11,12,-11,11,-12,11,-11,11,-11,0,0,20,-21,19,-21,18,-20,18,-18,16,-18,15,-18,14,-18,12,-17,12,-17,10,-17,8,-18,7,-18,6,-18,6,-17,6,-17,6,-17,6,-17,6,-17,6,-16,7,-16,7,-15,6,-15,6,-14,6,-14,6,-12,6,-12,7,-11,7,-9,0,0,0,0,0,0,0,0,0,0,0,0,0,0,14,-27,17,-26,18,-24,21,-23,22,-22,24,-20,25,-21,27,-20,28,-18,30,-16,30,-15,30,-16,27,-16,27,-16,26,-15,26,-15,25,-16,24,-15,23,-16,23,-16,23,-18,22,-17,23,-19,22,-19,22,-21,20,-22,20,-21,21,-22]"
618073266629800,54.815781400,92332,1908259076,-50,-98,6,0,1,7,0,0,256,0,0,"[0,0,-1,-16,-1,-15,-1,-15,-1,-14,-2,-14,-2,-13,-3,-13,-3,-12,-3,-12,-4,-11,-4,-10,-4,-10,-5,-10,-5,-10,-5,-9,-5,-9,-5,-9,-5,-9,-5,-9,-4,-9,-4,-8,-4,-9,-3,-8,-3,-8,-3,-7,-2,-7,0,0,0,0,0,0,0,0,0,0,0,0,0,0,0,0,0,0,0,0,0,0,-2,-16,-1,-17,0,-17,0,-18,2,-18,3,-19,3,-18,4,-18,4,-18,5,-18,5,-17,5,-16,5,-17,4,-16,4,-16,3,-15,3,-16,2,-16,1,-16,1,-16,0,-16,0,-17,0,-17,-1,-17,0,-16,-1,-16,0,0,2,-28,2,-29,0,-27,0,-26,0,-25,-2,-24,-2,-23,-3,-23,-4,-21,-5,-20,-5,-19,-5,-19,-7,-19,-6,-18,-6,-18,-8,-16,-8,-17,-7,-17,-7,-17,-7,-16,-5,-16,-5,-16,-4,-15,-4,-15,-3,-14,-3,-13,-2,-14,-2,-13,0,0,0,0,0,0,0,0,0,0,0,0,0,0,-5,-30,-2,-31,0,-31,2,-31,3,-33,5,-30,6,-34,8,-32,9,-32,10,-33,12,-31,13,-32,11,-30,12,-29,11,-28,10,-28,10,-27,8,-29,8,-28,6,-28,6,-28,5,-29,4,-30,3,-30,3,-30,2,-30,2,-30,3,-29]"
618073282767500,54.831919100,92333,1908276774,-50,-98,6,0,1,7,0,0,256,0,0,"[0,0,-16,3,-15,3,-14,4,-14,4,-13,4,-12,4,-12,4,-11,4,-11,4,-10,5,-10,5,-9,5,-9,5,-8,6,-8,6,-8,6,-8,6,-8,6,-8,6,-8,5,-8,5,-7,4,-7,4,-7,4,-7,3,-7,3,0,0,0,0,0,0,0,0,0,0,0,0,0,0,0,0,0,0,0,0,0,0,-16,5,-17,4,-17,4,-17,3,-18,2,-19,1,-19,0,-19,-1,-19,-1,-18,-2,-18,-1,-17,-2,-17,-1,-16,-1,-16,-1,-16,0,-16,0,-16,1,-16,1,-16,2,-16,2,-16,2,-16,3,-16,3,-16,4,-16,3,0,0,-26,7,-25,9,-25,10,-23,8,-23,9,-21,9,-20,9,-19,9,-18,10,-17,10,-16,11,-15,11,-13,12,-14,11,-13,12,-13,13,-12,13,-13,12,-13,11,-13,10,-13,10,-12,9,-11,9,-11,8,-11,7,-11,6,-10,5,-11,6,0,0,0,0,0,0,0,0,0,0,0,0,0,0,-24,15,-26,13,-26,12,-29,10,-29,10,-31,9,-31,6,-33,6,-33,3,-34,1,-33,0,-32,1,-32,0,-32,1,-30,0,-29,1,-29,1,-28,3,-29,3,-28,4,-29,6,-28,6,-29,7,-28,8,-28,9,-27,10,-28,10,-28,9]"
618073303625500,54.852777100,92334,1908296347,-50,-98,6,0,1,7,0,0,256,0,0,"[0,0,-14,-7,-13,-7,-13,-7,-13,-6,-12,-6,-12,-6,-12,-5,-12,-4,-11,-4,-11,-2,-11,-2,-10,-2,-10,-1,-11,-1,-10,-1,-11,-1,-10,0,-10,0,-10,-1,-9,-1,-10,-1,-9,-2,-8,-2,-8,-1,-8,-2,-8,-2,0,0,0,0,0,0,0,0,0,0,0,0,0,0,0,0,0,0,0,0,0,0,-16,-7,-16,-8,-15,-8,-15,-10,-15,-10,-16,-12,-14,-12,-14,-13,-14,-13,-13,-13,-13,-13,-13,-12,-12,-12,-12,-12,-12,-12,-12,-10,-13,-10,-12,-10,-14,-10,-13,-9,-14,-9,-14,-9,-14,-8,-15,-8,-15,-7,-15,-7,0,0,-50,-24,-49,-24,-47,-25,-47,-22,-44,-21,-43,-17,-41,-17,-41,-13,-42,-11,-42,-9,-40,-6,-39,-6,-40,-5,-35,-3,-38,-3,-37,-2,-36,-2,-35,0,-38,-1,-34,-1,-34,-3,-31,-4,-30,-3,-28,-6,-29,-7,-26,-7,-24,-9,-21,-9,0,0,0,0,0,0,0,0,0,0,0,0,0,0,-57,-16,-57,-23,-55,-26,-53,-28,-57,-32,-53,-33,-54,-38,-54,-41,-52,-44,-51,-46,-48,-47,-49,-49,-46,-49,-45,-47,-43,-45,-41,-42,-40,-41,-43,-40,-44,-38,-46,-36,-47,-34,-51,-32,-50,-31,-52,-30,-53,-30,-52,-29,-52,-28,-51,-29]"
618073325568100,54.874719700,92335,1908318908,-50,-98,6,0,1,7,0,0,256,0,0,"[0,0,8,-13,7,-13,6,-12,7,-12,6,-12,5,-12,5,-11,4,-11,4,-11,3,-11,2,-11,2,-10,1,-10,1,-10,1,-10,1,-10,1,-10,1,-10,1,-9,1,-9,1,-9,1,-9,2,-8,2,-8,2,-7,2,-7,0,0,0,0,0,0,0,0,0,0,0,0,0,0,0,0,0,0,0,0,0,0,7,-15,8,-15,8,-15,9,-14,10,-15,11,-14,12,-13,12,-13,13,-13,13,-12,13,-11,12,-11,12,-11,11,-11,11,-11,10,-11,10,-12,10,-12,9,-13,9,-13,9,-13,9,-14,9,-14,8,-14,8,-14,8,-13,0,0,30,-50,26,-49,26,-47,24,-45,23,-45,20,-43,18,-41,17,-41,15,-38,13,-39,10,-39,7,-39,5,-38,4,-37,4,-36,4,-37,3,-37,4,-37,4,-34,5,-35,6,-31,6,-31,7,-30,7,-29,7,-27,9,-25,10,-25,11,-23,0,0,0,0,0,0,0,0,0,0,0,0,0,0,15,-58,20,-58,27,-55,31,-54,32,-55,35,-53,38,-54,42,-54,47,-50,48,-47,49,-46,49,-45,49,-44,47,-43,46,-42,44,-41,44,-43,39,-42,38,-43,39,-45,36,-47,35,-48,34,-48,33,-50,32,-51,30,-52,30,-53,33,-50]"
618073352631300,54.901782900,92336,1908344966,-50,-98,6,0,1,7,0,0,256,0,0,"[0,0,0,-16,-1,-16,0,-15,0,-14,-1,-14,-1,-13,-1,-13,-2,-12,-2,-11,-3,-12,-2,-10,-3,-11,-3,-11,-4,-10,-3,-9,-4,-10,-4,-10,-4,-9,-3,-9,-3,-9,-3,-9,-2,-9,-2,-8,-2,-8,-2,-8,-1,-7,0,0,0,0,0,0,0,0,0,0,0,0,0,0,0,0,0,0,0,0,0,0,-2,-17,-2,-18,-1,-18,0,-18,1,-19,2,-19,3,-18,4,-19,4,-18,5,-18,5,-18,5,-17,5,-16,4,-16,4,-16,3,-16,3,-16,3,-16,2,-16,1,-17,1,-16,0,-17,1,-17,0,-17,0,-17,0,-17,0,0,-2,-27,-3,-28,-3,-27,-2,-25,-3,-25,-3,-24,-4,-22,-5,-21,-5,-20,-6,-19,-7,-19,-8,-19,-8,-17,-8,-17,-9,-17,-9,-16,-8,-17,-9,-16,-7,-16,-7,-16,-7,-15,-6,-16,-6,-14,-5,-14,-4,-13,-4,-12,-3,-14,-2,-13,0,0,0,0,0,0,0,0,0,0,0,0,0,0,-12,-27,-8,-30,-5,-30,-4,-30,-2,-32,-1,-32,0,-33,2,-34,4,-33,5,-34,5,-32,7,-33,8,-32,7,-31,7,-30,6,-29,6,-29,4,-30,3,-29,3,-28,2,-30,-1,-30,1,-31,-1,-31,0,-30,-1,-30,-2,-30,-2,-29]"
618073366721600,54.915873200,92337,1908356744,-50,-98,6,0,1,7,0,0,256,0,0,"[0,0,12,-8,12,-9,11,-8,11,-8,10,-8,10,-8,9,-8,8,-8,8,-8,7,-8,7,-8,6,-8,5,-8,5,-8,6,-9,5,-9,5,-8,5,-8,5,-8,5,-7,5,-7,4,-7,5,-6,4,-6,5,-5,5,-5,0,0,0,0,0,0,0,0,0,0,0,0,0,0,0,0,0,0,0,0,0,0,12,-11,13,-11,13,-10,14,-9,15,-9,16,-8,16,-8,17,-7,17,-6,17,-5,16,-5,16,-5,15,-5,15,-5,14,-5,14,-6,14,-6,14,-7,13,-7,13,-8,13,-8,13,-8,14,-9,13,-9,13,-9,13,-9,0,0,21,-17,21,-19,19,-18,18,-17,16,-17,16,-17,14,-17,14,-16,13,-15,11,-15,10,-17,9,-17,9,-17,9,-17,8,-17,8,-17,7,-16,7,-17,8,-15,8,-15,8,-15,8,-13,7,-13,7,-13,8,-12,8,-10,8,-10,8,-8,0,0,0,0,0,0,0,0,0,0,0,0,0,0,16,-25,18,-25,21,-22,22,-21,24,-21,25,-19,27,-19,28,-18,30,-16,30,-15,31,-14,30,-14,29,-13,28,-13,28,-13,26,-13,25,-12,26,-14,24,-14,24,-15,23,-16,23,-17,23,-18,23,-18,23,-20,23,-20,22,-19,23,-20]"
618073383787700,54.932939300,92338,1908376706,-50,-98,6,0,1,7,0,0,256,0,0,"[0,0,13,-7,12,-8,12,-7,12,-7,11,-7,10,-7,9,-7,9,-7,8,-7,8,-7,7,-8,7,-8,6,-8,6,-8,6,-8,6,-8,5,-8,6,-8,6,-8,6,-7,6,-7,5,-6,5,-6,5,-6,5,-5,5,-4,0,0,0,0,0,0,0,0,0,0,0,0,0,0,0,0,0,0,0,0,0,0,13,-9,14,-8,15,-8,15,-7,16,-7,16,-6,17,-5,18,-5,18,-4,17,-4,16,-3,16,-3,15,-3,15,-3,15,-3,15,-4,14,-4,15,-5,14,-5,14,-6,14,-6,14,-7,14,-7,13,-7,14,-7,14,-7,0,0,24,-12,24,-14,23,-12,22,-11,21,-11,19,-12,18,-13,17,-13,16,-13,14,-13,15,-14,12,-14,12,-15,12,-14,12,-14,11,-14,11,-14,11,-14,11,-13,11,-12,11,-11,11,-11,10,-11,11,-11,11,-9,10,-9,10,-8,11,-7,0,0,0,0,0,0,0,0,0,0,0,0,0,0,20,-20,24,-18,25,-16,26,-15,28,-14,28,-13,30,-12,31,-11,32,-8,33,-9,33,-6,32,-7,32,-4,30,-4,30,-6,28,-6,29,-6,27,-7,27,-7,27,-7,27,-10,27,-10,26,-11,26,-13,27,-13,26,-13,26,-14,27,-13]"
618073404339300,54.953490900,92339,1908397726,-50,-98,6,0,1,7,0,0,256,0,0,"[0,0,-1,-16,-2,-15,-2,-14,-1,-14,-2,-14,-2,-13,-3,-12,-3,-12,-3,-11,-4,-10,-4,-10,-4,-10,-4,-10,-5,-9,-5,-9,-5,-9,-5,-9,-5,-9,-5,-9,-4,-9,-4,-8,-4,-8,-3,-8,-3,-8,-3,-7,-2,-7,0,0,0,0,0,0,0,0,0,0,0,0,0,0,0,0,0,0,0,0,0,0,-3,-16,-1,-17,-1,-18,0,-17,1,-18,2,-18,3,-18,4,-18,4,-18,4,-18,4,-17,4,-16,4,-16,4,-16,3,-16,2,-15,2,-16,2,-16,1,-16,0,-16,0,-16,0,-16,0,-16,-1,-16,-1,-16,-1,-16,0,0,-1,-28,0,-28,0,-27,-1,-24,0,-24,-3,-24,-3,-23,-4,-22,-5,-21,-6,-19,-6,-18,-7,-18,-8,-18,-7,-18,-7,-17,-7,-16,-7,-17,-8,-16,-7,-16,-8,-16,-7,-16,-5,-16,-6,-15,-4,-13,-4,-14,-4,-13,-2,-13,0,-13,0,0,0,0,0,0,0,0,0,0,0,0,0,0,-7,-29,-5,-30,-2,-31,0,-31,2,-32,3,-32,4,-33,5,-33,8,-33,10,-34,10,-32,10,-32,10,-30,10,-30,10,-30,9,-29,8,-28,7,-28,6,-27,4,-29,5,-29,3,-29,2,-30,2,-31,0,-30,0,-30,0,-30,0,-29]"
618073421960400,54.971112000,92340,1908416549,-50,-98,6,0,1,7,0,0,256,0,0,"[0,0,14,6,13,6,12,5,12,5,12,5,11,4,11,4,11,3,11,2,10,2,10,1,10,1,10,0,9,0,10,0,10,0,9,0,9,0,9,0,9,0,8,0,8,1,7,1,7,1,7,1,6,1,0,0,0,0,0,0,0,0,0,0,0,0,0,0,0,0,0,0,0,0,0,0,16,5,15,6,15,7,15,7,15,9,15,9,15,10,14,11,14,12,13,12,13,11,13,11,12,11,12,10,12,10,12,9,12,9,13,9,13,8,13,8,14,8,14,7,14,7,15,7,14,6,15,6,0,0,24,12,24,10,24,10,22,9,23,10,21,8,21,7,19,6,19,4,18,3,19,2,18,2,18,1,18,0,17,0,17,0,17,0,17,0,17,0,17,1,15,1,14,1,13,1,13,2,13,2,12,2,11,2,11,4,0,0,0,0,0,0,0,0,0,0,0,0,0,0,28,3,28,6,28,9,28,11,27,12,27,14,27,15,28,18,27,19,26,21,25,22,23,20,24,20,22,20,22,20,22,19,21,18,22,18,23,17,22,15,24,15,24,14,25,14,26,14,26,13,27,13,26,12,28,12]"
618073445068500,54.994220100,92341,1908436622,-50,-98,6,0,1,7,0,0,256,0,0,"[0,0,-4,-15,-5,-14,-4,-14,-4,-14,-5,-13,-5,-12,-5,-12,-5,-11,-5,-10,-6,-10,-6,-9,-6,-9,-7,-8,-6,-8,-6,-8,-6,-8,-7,-8,-6,-8,-6,-8,-6,-8,-5,-8,-5,-8,-4,-8,-4,-7,-4,-7,-3,-7,0,0,0,0,0,0,0,0,0,0,0,0,0,0,0,0,0,0,0,0,0,0,-7,-15,-6,-16,-5,-17,-5,-16,-4,-18,-3,-18,-2,-18,-1,-18,-1,-18,0,-18,0,-17,0,-17,0,-17,0,-16,-1,-16,-1,-16,-2,-15,-2,-16,-3,-15,-3,-16,-4,-16,-4,-16,-4,-16,-4,-15,-4,-15,-4,-15,0,0,-10,-25,-11,-26,-11,-25,-10,-23,-9,-23,-10,-21,-11,-20,-12,-19,-12,-17,-12,-16,-13,-16,-12,-15,-13,-14,-13,-14,-14,-12,-13,-12,-13,-13,-14,-13,-12,-12,-12,-12,-11,-12,-11,-12,-10,-12,-8,-12,-8,-11,-8,-11,-7,-11,-5,-12,0,0,0,0,0,0,0,0,0,0,0,0,0,0,-18,-24,-16,-26,-14,-28,-14,-29,-12,-29,-11,-30,-8,-32,-8,-33,-7,-33,-5,-33,-4,-34,-3,-33,-2,-32,-2,-31,-2,-31,-3,-30,-3,-30,-5,-28,-5,-28,-7,-28,-7,-28,-8,-28,-9,-28,-9,-29,-10,-28,-10,-28,-11,-26,-11,-27]"
618073461803100,55.010954700,92342,1908456452,-50,-98,6,0,1,7,0,0,256,0,0,"[0,0,15,4,14,3,14,3,13,2,13,2,12,2,11,2,11,1,11,0,11,0,10,-1,10,-1,9,-2,9,-2,9,-2,9,-2,9,-2,9,-2,9,-2,9,-1,8,-1,7,-1,7,-1,7,-1,7,-1,7,0,0,0,0,0,0,0,0,0,0,0,0,0,0,0,0,0,0,0,0,0,0,0,16,2,17,3,16,4,16,5,16,6,17,7,16,8,16,9,15,9,15,9,15,9,14,8,14,8,14,8,14,7,14,7,14,7,14,6,14,5,15,5,14,5,15,5,15,4,15,4,15,4,16,3,0,0,27,6,26,7,24,6,24,5,22,4,21,3,21,3,20,1,21,0,20,0,18,-2,18,-2,17,-3,16,-3,18,-3,17,-3,16,-4,16,-3,16,-3,16,-3,16,-4,14,-2,14,-2,13,-2,12,-1,13,1,11,1,12,1,0,0,0,0,0,0,0,0,0,0,0,0,0,0,29,0,29,4,29,6,28,7,30,8,28,9,30,13,29,14,29,15,29,17,28,17,27,18,26,17,25,18,24,16,24,16,23,14,25,13,24,12,26,12,25,10,27,9,26,9,27,8,29,8,27,8,27,9,28,8]"
618073484068400,55.033220000,92343,1908476509,-50,-98,6,0,1,7,0,0,256,0,0,"[0,0,0,-16,0,-16,0,-15,0,-14,0,-14,-1,-13,-1,-13,-2,-12,-2,-11,-3,-11,-3,-11,-3,-11,-4,-10,-4,-10,-4,-10,-4,-10,-4,-9,-4,-9,-3,-9,-3,-9,-3,-9,-2,-9,-2,-8,-2,-8,-2,-8,-1,-7,0,0,0,0,0,0,0,0,0,0,0,0,0,0,0,0,0,0,0,0,0,0,-2,-17,-2,-17,-1,-18,0,-18,1,-18,3,-19,3,-18,4,-19,5,-18,5,-18,4,-18,4,-17,4,-17,4,-17,4,-16,3,-16,3,-16,2,-16,2,-17,1,-16,1,-17,1,-17,0,-17,-1,-17,-1,-17,0,-17,0,0,1,-27,0,-27,1,-28,0,-25,0,-25,0,-23,-1,-23,-2,-21,-3,-20,-5,-19,-5,-19,-6,-19,-6,-18,-6,-18,-7,-17,-7,-17,-6,-16,-6,-16,-6,-16,-6,-16,-4,-15,-5,-15,-4,-14,-3,-14,-3,-13,-2,-13,-1,-13,0,-12,0,0,0,0,0,0,0,0,0,0,0,0,0,0,-7,-29,-4,-31,-2,-30,0,-31,1,-31,2,-33,5,-32,6,-34,8,-33,10,-33,10,-31,11,-32,10,-30,10,-30,10,-29,9,-28,9,-29,6,-27,6,-28,6,-28,5,-29,3,-30,3,-29,2,-30,2,-29,2,-30,2,-29,2,-30]"
618073502544100,55.051695700,92344,1908496544,-50,-98,6,0,1,7,0,0,256,0,0,"[0,0,-15,-4,-15,-4,-14,-3,-14,-3,-13,-3,-13,-3,-13,-1,-12,-1,-12,-1,-12,0,-11,0,-11,0,-10,1,-10,1,-10,2,-10,2,-10,2,-10,2,-10,2,-9,1,-9,1,-9,1,-9,1,-8,0,-8,0,-8,0,0,0,0,0,0,0,0,0,0,0,0,0,0,0,0,0,0,0,0,0,0,0,-17,-4,-17,-5,-17,-6,-17,-7,-17,-8,-17,-9,-17,-9,-17,-10,-16,-11,-16,-11,-15,-11,-15,-10,-14,-10,-14,-9,-14,-9,-15,-8,-14,-8,-15,-7,-15,-6,-15,-6,-15,-6,-16,-5,-17,-5,-16,-5,-15,-5,-16,-5,0,0,-28,-5,-28,-5,-25,-5,-25,-4,-24,-3,-24,-2,-22,-2,-22,0,-21,0,-20,1,-20,3,-19,3,-18,4,-17,5,-18,4,-17,5,-17,4,-17,5,-16,4,-17,4,-17,3,-15,4,-13,2,-13,2,-14,1,-13,0,-13,0,-12,-1,0,0,0,0,0,0,0,0,0,0,0,0,0,0,-31,1,-30,-3,-31,-5,-30,-8,-31,-8,-30,-10,-32,-12,-31,-14,-31,-15,-31,-16,-29,-18,-29,-17,-29,-17,-27,-16,-26,-15,-26,-14,-26,-14,-27,-13,-26,-11,-27,-11,-27,-10,-27,-9,-28,-8,-28,-8,-29,-6,-29,-7,-28,-7,-28,-6]"
618073523017000,55.072168600,92345,1908516621,-50,-98,6,0,1,7,0,0,256,0,0,"[0,0,8,11,8,11,8,10,8,10,7,10,7,9,7,9,7,8,7,7,7,6,8,6,7,6,8,5,7,5,8,4,7,4,8,4,7,4,7,4,7,5,6,4,6,5,5,4,5,4,5,4,4,4,0,0,0,0,0,0,0,0,0,0,0,0,0,0,0,0,0,0,0,0,0,0,11,11,10,11,10,13,9,13,9,15,8,15,7,16,6,16,6,16,5,16,6,16,5,15,5,15,5,15,5,14,6,14,6,13,6,13,7,13,7,13,7,13,8,13,8,13,9,13,8,12,9,11,0,0,16,23,15,21,15,21,14,20,13,19,14,16,14,17,14,15,15,14,14,13,15,11,14,11,15,11,14,9,15,9,14,9,15,10,15,9,14,9,13,9,12,8,12,8,10,8,10,9,9,9,9,9,7,8,6,9,0,0,0,0,0,0,0,0,0,0,0,0,0,0,23,16,21,20,20,22,19,23,17,25,16,26,15,28,15,29,14,30,14,31,11,32,10,29,10,29,10,29,9,29,10,28,10,28,10,26,11,25,12,26,13,25,14,24,14,24,14,25,16,25,16,24,17,23,18,23]"
618073544016500,55.093168100,92346,1908538024,-50,-98,6,0,1,7,0,0,256,0,0,"[0,0,11,-11,10,-11,9,-10,10,-10,9,-10,8,-10,7,-10,7,-9,6,-9,6,-9,5,-10,5,-9,4,-9,3,-9,4,-10,3,-9,3,-9,3,-9,3,-9,3,-9,3,-8,3,-8,3,-8,3,-7,4,-6,4,-6,0,0,0,0,0,0,0,0,0,0,0,0,0,0,0,0,0,0,0,0,0,0,11,-12,11,-12,12,-12,12,-11,14,-11,15,-10,15,-10,16,-9,16,-9,16,-8,16,-7,15,-7,14,-7,14,-7,13,-7,13,-8,13,-8,13,-9,12,-9,12,-10,11,-10,12,-10,12,-11,12,-11,12,-11,12,-11,0,0,17,-22,16,-23,16,-22,14,-20,15,-20,12,-20,11,-20,10,-19,10,-18,8,-18,6,-18,6,-19,5,-18,4,-19,5,-18,5,-18,2,-17,4,-18,4,-16,4,-17,5,-16,5,-15,5,-15,4,-13,5,-12,5,-12,5,-12,7,-10,0,0,0,0,0,0,0,0,0,0,0,0,0,0,11,-28,13,-27,16,-26,17,-25,20,-25,21,-25,22,-24,25,-23,26,-22,26,-21,27,-19,26,-20,26,-18,26,-17,25,-18,24,-18,24,-18,23,-17,22,-19,21,-19,20,-22,21,-21,19,-21,20,-23,19,-22,19,-24,18,-23,18,-24]"
618073561689600,55.110841200,92347,1908556526,-50,-98,6,0,1,7,0,0,256,0,0,"[0,0,7,12,8,12,7,11,7,11,7,10,7,10,7,9,7,8,7,7,7,7,7,6,7,6,8,6,7,5,8,5,7,5,7,5,7,5,7,5,7,5,6,5,6,5,6,5,5,5,5,4,4,5,0,0,0,0,0,0,0,0,0,0,0,0,0,0,0,0,0,0,0,0,0,0,10,12,10,12,9,14,8,14,8,16,7,15,7,16,6,16,5,17,5,17,4,16,5,16,4,15,4,15,5,14,5,14,5,13,6,14,6,13,7,14,7,13,7,13,8,13,8,13,8,13,8,12,0,0,14,24,14,23,15,23,14,20,14,20,13,18,13,18,13,16,14,15,14,13,15,11,14,12,14,11,14,10,15,9,15,10,14,10,14,9,13,9,13,10,13,9,12,10,10,10,9,9,9,9,8,10,7,9,7,9,0,0,0,0,0,0,0,0,0,0,0,0,0,0,22,19,21,21,20,22,18,25,17,25,16,27,15,28,14,30,12,31,10,32,9,31,9,31,10,31,8,30,7,29,8,28,8,28,9,26,10,27,11,26,12,27,13,25,14,25,13,26,15,24,16,25,16,25,16,24]"
618073583285900,55.132437500,92348,1908577171,-50,-98,6,0,1,7,0,0,256,0,0,"[0,0,8,11,9,11,8,10,8,10,8,9,8,9,8,8,8,7,7,6,8,6,8,5,8,5,8,5,8,4,8,4,8,3,8,4,8,4,7,4,7,4,7,4,6,4,6,4,5,4,5,4,5,4,0,0,0,0,0,0,0,0,0,0,0,0,0,0,0,0,0,0,0,0,0,0,11,11,11,11,10,12,9,13,9,14,8,15,8,15,7,16,7,16,6,16,6,15,6,15,5,15,6,14,6,14,6,13,6,13,7,13,7,13,8,13,8,13,8,12,9,13,9,12,9,12,9,12,0,0,17,21,16,20,17,20,16,17,16,18,16,16,16,15,15,13,15,12,15,10,16,10,15,9,16,9,15,8,15,7,16,8,15,7,16,7,14,8,14,8,13,8,12,7,11,7,11,7,10,8,10,8,8,9,8,9,0,0,0,0,0,0,0,0,0,0,0,0,0,0,24,15,23,18,22,20,21,21,19,23,20,24,18,25,19,28,16,28,15,29,14,29,13,29,12,29,11,28,12,27,12,25,12,26,13,24,13,24,14,24,15,23,16,23,16,23,17,23,18,23,18,23,19,22,19,22]"
618073605684500,55.154836100,92349,1908597333,-50,-98,6,0,1,7,0,0,256,0,0,"[0,0,-15,-5,-14,-5,-13,-4,-14,-4,-12,-3,-12,-3,-12,-3,-11,-2,-11,-2,-11,-1,-11,-1,-10,-1,-10,0,-10,0,-10,1,-10,1,-10,0,-9,0,-10,1,-9,0,-9,0,-9,-1,-8,-1,-8,-1,-8,-1,-7,-1,0,0,0,0,0,0,0,0,0,0,0,0,0,0,0,0,0,0,0,0,0,0,-16,-4,-16,-5,-16,-6,-16,-7,-16,-8,-16,-8,-16,-9,-16,-10,-15,-10,-14,-10,-14,-10,-14,-10,-13,-10,-13,-10,-13,-9,-13,-8,-14,-8,-14,-7,-14,-7,-14,-7,-15,-7,-15,-6,-16,-6,-15,-5,-15,-5,-15,-5,0,0,-56,-15,-55,-17,-51,-12,-49,-12,-48,-13,-46,-9,-45,-6,-41,-5,-41,-2,-41,-1,-42,1,-37,3,-36,4,-38,5,-37,6,-35,5,-36,4,-36,5,-36,5,-33,4,-35,3,-32,2,-29,0,-29,1,-27,0,-26,-3,-26,-3,-25,-5,0,0,0,0,0,0,0,0,0,0,0,0,0,0,-61,-4,-60,-12,-59,-14,-58,-18,-60,-21,-56,-22,-58,-29,-60,-33,-59,-35,-60,-37,-54,-37,-55,-40,-55,-40,-52,-38,-50,-35,-49,-35,-49,-33,-51,-30,-50,-30,-51,-25,-54,-27,-54,-22,-55,-23,-57,-21,-56,-21,-58,-20,-55,-17,-57,-18]"
618073623472400,55.172624000,92350,1908616989,-50,-98,6,0,1,7,0,0,256,0,0,"[0,0,-14,7,-14,7,-12,6,-12,7,-11,6,-10,6,-10,6,-9,7,-9,6,-9,7,-8,7,-7,7,-7,7,-7,7,-7,8,-7,7,-6,7,-6,7,-6,7,-7,7,-6,6,-6,6,-6,5,-6,5,-6,4,-6,4,0,0,0,0,0,0,0,0,0,0,0,0,0,0,0,0,0,0,0,0,0,0,-14,8,-14,7,-16,7,-16,6,-17,6,-18,5,-18,4,-19,4,-19,3,-18,3,-18,3,-17,2,-17,2,-16,2,-16,3,-16,3,-15,3,-16,4,-15,4,-15,5,-15,6,-14,6,-16,6,-14,7,-14,7,-14,7,0,0,-26,12,-25,11,-22,11,-23,12,-20,12,-20,12,-18,12,-18,11,-18,11,-15,11,-15,13,-13,14,-12,13,-13,13,-12,12,-11,14,-12,14,-12,12,-12,13,-12,12,-10,11,-12,11,-10,10,-12,9,-11,8,-11,7,-12,7,-11,6,0,0,0,0,0,0,0,0,0,0,0,0,0,0,-24,17,-25,15,-27,14,-27,13,-28,12,-29,11,-31,9,-32,8,-32,6,-33,6,-33,4,-34,4,-31,3,-31,2,-30,3,-30,3,-29,4,-28,4,-28,5,-29,7,-27,8,-28,9,-26,9,-28,11,-28,11,-26,10,-26,12,-27,12]"
618073642849500,55.192001100,92351,1908636479,-50,-98,6,0,1,7,0,0,256,0,0,"[0,0,2,-15,1,-15,1,-15,1,-14,1,-14,0,-13,0,-13,0,-12,0,-11,-1,-11,-2,-11,-2,-10,-2,-10,-3,-11,-3,-10,-3,-10,-3,-10,-2,-9,-2,-10,-2,-9,-2,-9,-2,-9,-1,-9,-1,-8,-1,-8,0,-8,0,0,0,0,0,0,0,0,0,0,0,0,0,0,0,0,0,0,0,0,0,0,0,-17,1,-17,1,-17,3,-17,3,-18,4,-17,6,-17,7,-17,7,-17,7,-17,7,-16,7,-16,6,-15,6,-15,5,-15,5,-15,5,-15,5,-15,4,-15,3,-16,3,-16,3,-16,3,-16,3,-16,2,-16,2,-16,0,0,2,-28,2,-28,1,-27,2,-26,1,-25,1,-25,0,-23,-1,-22,-2,-21,-3,-20,-5,-20,-4,-20,-6,-19,-6,-19,-6,-19,-6,-17,-6,-18,-6,-18,-5,-17,-5,-17,-4,-16,-3,-16,-3,-16,-2,-15,-2,-14,-2,-13,-1,-14,0,-13,0,0,0,0,0,0,0,0,0,0,0,0,0,0,-6,-29,-3,-31,-1,-29,2,-30,3,-32,3,-31,6,-33,8,-33,11,-33,12,-32,13,-31,11,-31,11,-29,11,-29,11,-28,9,-29,10,-28,9,-28,8,-27,7,-29,6,-28,5,-28,6,-30,5,-31,4,-29,2,-29,2,-31,3,-29]"
618073663997100,55.213148700,92352,1908656593,-50,-98,6,0,1,7,0,0,256,0,0,"[0,0,-4,14,-4,14,-3,13,-3,13,-3,12,-2,12,-2,11,-1,11,-1,10,-1,10,0,10,0,10,1,9,1,10,1,9,1,9,1,9,1,9,1,9,0,8,0,8,0,8,-1,8,-1,7,-1,7,-1,6,0,0,0,0,0,0,0,0,0,0,0,0,0,0,0,0,0,0,0,0,0,0,-1,15,-2,15,-3,16,-4,16,-5,16,-6,16,-7,16,-8,15,-9,15,-8,15,-8,15,-8,14,-7,14,-7,14,-7,14,-7,13,-6,14,-6,14,-5,14,-5,14,-5,14,-5,14,-4,15,-3,15,-3,15,-3,14,0,0,-12,26,-13,26,-12,24,-10,22,-10,22,-8,21,-9,21,-7,21,-6,20,-5,19,-4,18,-2,19,-2,19,-2,19,-2,18,-1,18,-1,18,-1,18,-1,17,-2,18,-2,16,-3,16,-3,15,-4,14,-3,13,-5,13,-5,12,-6,11,0,0,0,0,0,0,0,0,0,0,0,0,0,0,-3,28,-7,29,-10,28,-11,29,-13,27,-15,27,-16,28,-17,28,-19,27,-20,27,-22,26,-21,25,-21,23,-20,23,-20,23,-20,23,-20,24,-18,22,-18,22,-16,24,-15,24,-16,24,-15,25,-15,27,-13,26,-13,27,-12,27,-13,27]"
618073687732400,55.236884000,92353,1908679835,-50,-98,6,0,1,7,0,0,256,0,0,"[0,0,-13,-8,-13,-8,-12,-8,-12,-7,-12,-7,-12,-6,-11,-5,-11,-5,-11,-4,-11,-4,-11,-3,-10,-3,-10,-3,-10,-2,-10,-2,-10,-2,-10,-2,-10,-2,-10,-2,-9,-2,-9,-2,-9,-2,-8,-2,-7,-3,-7,-3,-7,-3,0,0,0,0,0,0,0,0,0,0,0,0,0,0,0,0,0,0,0,0,0,0,-15,-7,-14,-8,-14,-9,-14,-10,-14,-11,-14,-12,-13,-12,-13,-13,-13,-13,-12,-13,-11,-13,-11,-13,-11,-13,-11,-12,-11,-12,-11,-11,-11,-10,-12,-10,-12,-10,-13,-10,-13,-9,-13,-9,-14,-9,-13,-9,-13,-9,-14,-8,0,0,-50,-26,-50,-27,-49,-24,-48,-22,-44,-20,-43,-16,-43,-17,-41,-14,-40,-12,-41,-9,-40,-8,-38,-7,-39,-6,-38,-5,-37,-2,-38,-3,-36,-3,-36,-1,-34,-2,-35,-4,-34,-4,-32,-4,-30,-4,-27,-8,-28,-9,-26,-8,-23,-10,-23,-11,0,0,0,0,0,0,0,0,0,0,0,0,0,0,-57,-13,-56,-21,-56,-24,-56,-26,-55,-30,-53,-32,-54,-36,-53,-40,-54,-42,-54,-44,-49,-46,-49,-48,-45,-47,-45,-47,-42,-45,-42,-43,-43,-38,-44,-38,-45,-36,-46,-35,-49,-33,-50,-30,-50,-29,-51,-30,-53,-30,-53,-31,-51,-29,-52,-27]"
618073704939900,55.254091500,92354,1908698142,-50,-98,6,0,1,7,0,0,256,0,0,"[0,0,-15,5,-14,5,-13,4,-13,5,-12,5,-12,5,-11,5,-10,5,-10,5,-10,6,-9,6,-9,6,-8,6,-8,6,-8,7,-8,6,-7,6,-7,6,-8,6,-8,5,-7,5,-7,5,-7,4,-6,4,-7,3,-7,3,0,0,0,0,0,0,0,0,0,0,0,0,0,0,0,0,0,0,0,0,0,0,-14,7,-14,7,-15,6,-16,5,-17,5,-17,4,-18,3,-18,3,-18,2,-18,2,-17,1,-17,1,-17,1,-16,1,-16,2,-16,2,-15,3,-16,3,-15,3,-15,4,-15,4,-15,5,-16,5,-15,5,-15,5,-15,5,0,0,-28,11,-26,12,-24,12,-24,11,-21,11,-21,11,-20,12,-19,12,-18,12,-17,11,-16,12,-15,13,-14,14,-13,13,-13,13,-12,13,-12,13,-13,13,-12,12,-13,12,-12,11,-12,10,-11,10,-11,8,-12,8,-12,7,-11,7,-12,5,0,0,0,0,0,0,0,0,0,0,0,0,0,0,-22,20,-24,18,-27,16,-28,14,-29,14,-29,12,-31,11,-32,10,-33,9,-34,7,-33,5,-33,5,-33,4,-32,4,-30,4,-30,5,-30,5,-29,6,-28,6,-29,8,-27,8,-28,9,-27,10,-29,11,-28,11,-27,13,-27,13,-28,12]"
618073721806800,55.270958400,92355,1908716866,-49,-98,6,0,1,7,0,0,256,0,0,"[0,0,13,3,14,2,12,2,13,2,12,2,11,1,11,0,11,0,10,-1,10,0,10,-1,9,-1,9,-1,9,-2,9,-3,9,-2,9,-2,8,-2,8,-3,8,-2,8,-2,7,-1,8,-1,7,0,7,0,6,0,0,0,0,0,0,0,0,0,0,0,0,0,0,0,0,0,0,0,0,0,0,0,15,1,15,2,15,3,15,3,16,4,15,5,16,6,15,7,15,7,14,8,13,8,13,8,12,8,12,7,12,6,13,6,13,5,14,5,13,5,14,4,14,3,14,3,15,3,14,4,14,4,14,3,0,0,28,3,27,2,27,2,25,1,25,1,23,0,23,1,22,-1,21,-2,19,-4,19,-3,18,-4,18,-5,17,-6,18,-6,18,-7,17,-6,18,-5,17,-5,17,-5,17,-4,15,-3,15,-3,14,-2,13,-2,14,-1,12,0,12,0,0,0,0,0,0,0,0,0,0,0,0,0,0,0,29,-5,30,-3,30,1,31,1,30,3,30,5,31,6,33,9,32,10,32,11,30,13,29,13,30,14,29,12,27,12,27,12,27,11,26,9,28,9,27,8,29,7,27,5,28,5,29,5,30,4,29,4,29,4,31,3]"
618073744705100,55.293856700,92356,1908736583,-49,-98,6,0,1,7,0,0,256,0,0,"[0,0,-5,-15,-5,-14,-5,-14,-5,-13,-5,-13,-5,-12,-5,-11,-6,-11,-6,-10,-6,-10,-6,-9,-7,-9,-7,-8,-7,-8,-7,-8,-7,-8,-7,-8,-7,-8,-6,-8,-6,-8,-6,-7,-5,-8,-5,-7,-5,-7,-4,-7,-4,-7,0,0,0,0,0,0,0,0,0,0,0,0,0,0,0,0,0,0,0,0,0,0,-6,-15,-5,-16,-5,-16,-5,-17,-4,-17,-3,-18,-2,-18,-1,-18,-1,-18,0,-18,0,-17,0,-17,0,-17,0,-16,-1,-16,-1,-16,-2,-16,-3,-16,-3,-16,-4,-16,-4,-16,-4,-16,-4,-16,-4,-16,-5,-15,-5,-15,0,0,-9,-27,-9,-27,-8,-26,-8,-23,-9,-24,-9,-21,-10,-20,-10,-20,-11,-18,-11,-17,-12,-16,-12,-16,-11,-15,-13,-15,-13,-13,-13,-13,-13,-13,-14,-13,-12,-13,-12,-12,-11,-13,-11,-12,-9,-13,-9,-13,-8,-12,-7,-12,-7,-12,-5,-12,0,0,0,0,0,0,0,0,0,0,0,0,0,0,-15,-26,-13,-27,-11,-28,-10,-29,-8,-30,-7,-31,-5,-32,-4,-33,-3,-33,-1,-34,0,-33,0,-34,1,-32,1,-32,1,-30,1,-30,-1,-30,-2,-27,-3,-29,-4,-28,-5,-28,-7,-29,-7,-28,-8,-30,-8,-28,-8,-29,-9,-29,-8,-27]"
618073761616100,55.310767700,92357,1908757027,-49,-98,6,0,1,7,0,0,256,0,0,"[0,0,5,14,5,13,5,13,5,12,5,12,5,11,5,10,6,10,5,9,6,8,6,8,6,7,6,7,6,7,6,7,6,7,6,6,6,7,5,7,5,7,5,6,4,7,4,6,3,6,4,5,3,6,0,0,0,0,0,0,0,0,0,0,0,0,0,0,0,0,0,0,0,0,0,0,8,13,7,14,7,14,6,15,5,16,5,17,4,17,3,17,2,17,2,17,2,16,1,16,2,16,2,15,2,15,2,15,2,15,3,14,4,15,4,14,5,15,5,14,5,14,6,14,5,14,6,13,0,0,6,27,7,26,6,24,6,24,7,22,8,21,8,20,8,19,9,18,9,17,9,16,9,17,10,17,10,14,10,14,11,13,10,14,10,13,10,13,10,13,9,12,8,13,6,12,5,13,5,13,6,12,3,12,2,11,0,0,0,0,0,0,0,0,0,0,0,0,0,0,15,24,11,26,10,27,9,28,7,29,7,29,6,31,4,33,4,32,2,33,1,32,-1,33,-2,31,-3,30,-3,30,-2,29,-1,28,1,28,2,28,1,29,3,27,6,28,6,28,7,28,8,28,7,29,6,28,7,28]"
618073785717800,55.334869400,92358,1908781544,-49,-98,6,0,1,7,0,0,256,0,0,"[0,0,-6,-15,-6,-14,-6,-14,-5,-13,-6,-12,-6,-12,-6,-11,-6,-11,-6,-10,-6,-9,-7,-8,-7,-8,-8,-8,-8,-8,-7,-8,-7,-8,-7,-7,-7,-7,-7,-7,-6,-7,-6,-7,-5,-7,-6,-7,-5,-6,-5,-6,-4,-6,0,0,0,0,0,0,0,0,0,0,0,0,0,0,0,0,0,0,0,0,0,0,-8,-15,-7,-15,-6,-16,-5,-16,-5,-18,-4,-18,-3,-18,-3,-18,-2,-18,-2,-18,-2,-18,-2,-17,-2,-17,-2,-17,-2,-16,-2,-16,-3,-16,-3,-16,-4,-15,-4,-16,-5,-16,-5,-16,-6,-15,-7,-15,-7,-15,-6,-15,0,0,-3,-27,-4,-28,-4,-28,-4,-25,-5,-24,-4,-24,-5,-23,-6,-21,-7,-20,-7,-18,-8,-18,-8,-18,-8,-17,-9,-17,-10,-16,-9,-17,-9,-17,-10,-17,-10,-16,-9,-15,-8,-15,-7,-14,-6,-14,-5,-15,-5,-13,-4,-13,-3,-13,-2,-13,0,0,0,0,0,0,0,0,0,0,0,0,0,0,-12,-28,-8,-30,-6,-30,-5,-30,-2,-31,-1,-31,-1,-33,1,-34,3,-34,5,-34,5,-33,7,-32,6,-32,6,-31,6,-30,5,-29,4,-30,3,-28,3,-30,2,-29,1,-30,0,-29,-1,-29,-2,-30,-2,-29,-2,-29,-3,-30,-3,-30]"
618073804844000,55.353995600,92359,1908800312,-50,-98,6,0,1,7,0,0,256,0,0,"[0,0,6,13,6,12,6,12,6,11,6,12,6,10,6,10,6,9,6,8,6,8,7,7,7,7,7,7,7,6,7,6,7,6,7,6,6,5,6,6,6,5,6,6,5,6,5,6,4,6,4,5,4,5,0,0,0,0,0,0,0,0,0,0,0,0,0,0,0,0,0,0,0,0,0,0,8,13,7,13,7,14,6,15,6,16,5,16,4,16,3,17,3,17,2,17,2,16,2,16,2,16,2,15,2,15,3,14,4,14,4,14,4,14,5,14,5,14,6,14,7,14,6,14,7,13,7,13,0,0,11,25,12,23,12,23,12,21,13,21,12,19,12,19,11,17,13,15,14,14,13,13,13,12,14,11,14,12,14,11,15,10,14,11,14,11,13,9,12,10,12,10,11,9,9,10,9,10,9,9,8,10,7,10,6,11,0,0,0,0,0,0,0,0,0,0,0,0,0,0,20,21,17,23,16,24,14,26,14,27,12,28,11,29,11,30,9,31,7,32,6,31,5,32,5,31,5,30,5,29,5,28,6,29,6,25,8,27,8,27,9,28,9,27,10,26,11,25,12,26,13,25,14,26,13,26]"
618073821862600,55.371014200,92360,1908816587,-49,-98,6,0,1,7,0,0,256,0,0,"[0,0,14,1,14,1,13,1,13,1,12,1,12,0,12,-1,11,-1,11,-2,10,-2,10,-2,9,-2,10,-2,9,-3,10,-3,9,-3,9,-3,9,-3,9,-3,9,-2,9,-2,8,-2,8,-1,7,-1,7,-1,7,0,0,0,0,0,0,0,0,0,0,0,0,0,0,0,0,0,0,0,0,0,0,0,16,-1,16,0,16,1,16,2,17,3,17,4,17,4,17,5,17,5,15,6,15,7,15,6,14,6,14,6,14,5,14,4,14,4,14,4,14,3,15,2,15,2,15,1,16,2,15,2,15,2,15,1,0,0,28,3,27,3,25,3,25,2,24,1,23,0,22,0,21,-1,20,-2,19,-2,19,-3,18,-4,18,-4,17,-6,18,-6,17,-7,17,-5,17,-5,17,-5,16,-5,15,-5,15,-4,15,-3,13,-2,13,-2,13,-1,12,0,12,1,0,0,0,0,0,0,0,0,0,0,0,0,0,0,28,-5,29,-2,29,1,29,2,30,4,29,4,31,6,31,8,31,9,32,11,30,12,29,13,27,14,28,13,26,13,27,11,26,10,27,9,27,9,27,8,27,7,27,5,28,5,28,4,29,4,29,5,28,4,28,4]"
618073841355000,55.390506600,92361,1908836873,-49,-98,6,0,1,7,0,0,256,0,0,"[0,0,15,0,15,0,14,0,13,0,13,-1,12,-1,12,-1,11,-2,11,-2,10,-2,10,-3,9,-3,9,-4,9,-4,9,-4,9,-4,9,-4,9,-4,9,-4,9,-3,8,-3,7,-3,7,-3,7,-3,7,-2,7,-1,0,0,0,0,0,0,0,0,0,0,0,0,0,0,0,0,0,0,0,0,0,0,16,-1,16,0,16,1,16,1,17,2,18,4,17,4,17,6,17,6,16,6,16,6,16,6,15,5,15,5,15,5,14,4,15,3,15,3,15,2,15,2,15,2,15,2,16,1,15,1,16,1,16,0,0,0,28,4,26,2,24,2,24,2,23,1,23,2,23,0,21,0,20,-3,19,-3,19,-3,17,-4,17,-5,17,-6,17,-6,17,-6,17,-6,17,-5,17,-5,15,-4,15,-4,15,-5,14,-2,13,-3,13,-2,14,-1,13,-1,12,0,0,0,0,0,0,0,0,0,0,0,0,0,0,0,28,-4,28,-1,29,1,30,3,29,3,30,5,31,8,31,9,31,10,31,12,30,14,29,12,27,14,28,14,26,14,26,12,27,11,25,9,27,8,26,8,26,6,28,6,27,5,28,5,28,6,30,4,29,5,28,4]"
618073863075300,55.412226900,92362,1908857895,-49,-98,6,0,1,7,0,0,256,0,0,"[0,0,7,-14,6,-14,6,-13,6,-13,5,-12,4,-12,4,-12,3,-12,3,-11,2,-11,2,-11,1,-11,1,-11,1,-11,1,-10,1,-10,0,-10,0,-10,1,-10,1,-10,1,-9,1,-9,1,-9,1,-8,2,-8,2,-7,0,0,0,0,0,0,0,0,0,0,0,0,0,0,0,0,0,0,0,0,0,0,5,-16,6,-16,7,-16,8,-16,9,-16,10,-15,11,-15,11,-15,12,-14,11,-14,12,-13,11,-13,11,-12,11,-12,10,-13,10,-13,9,-13,9,-13,8,-13,8,-14,8,-14,7,-15,8,-15,7,-15,7,-15,7,-15,0,0,31,-48,25,-47,27,-49,24,-44,21,-45,20,-41,18,-41,15,-40,16,-38,11,-38,8,-37,8,-38,4,-37,5,-38,2,-36,3,-38,4,-38,3,-37,3,-37,9,-33,6,-33,9,-29,5,-30,5,-29,6,-24,11,-23,11,-23,9,-23,0,0,0,0,0,0,0,0,0,0,0,0,0,0,14,-56,21,-56,25,-53,27,-53,32,-54,34,-55,38,-52,43,-54,44,-49,47,-47,47,-45,48,-42,49,-42,46,-39,44,-40,42,-39,41,-41,37,-42,37,-44,35,-42,36,-45,35,-46,32,-47,30,-48,32,-48,30,-50,30,-50,32,-50]"
618073883387400,55.432539000,92363,1908876610,-50,-98,6,0,1,7,0,0,256,0,0,"[0,0,-15,1,-14,1,-14,1,-13,1,-13,1,-12,1,-11,2,-11,2,-10,3,-11,3,-10,4,-9,4,-9,4,-8,4,-9,4,-9,4,-8,4,-9,4,-8,3,-8,4,-8,4,-8,3,-7,2,-7,2,-7,2,-7,2,0,0,0,0,0,0,0,0,0,0,0,0,0,0,0,0,0,0,0,0,0,0,-16,3,-16,2,-16,1,-16,0,-17,0,-17,-1,-18,-2,-18,-3,-18,-3,-17,-3,-16,-4,-16,-4,-16,-4,-15,-3,-16,-3,-16,-2,-15,-2,-16,-1,-15,-1,-16,0,-15,0,-15,0,-16,1,-15,1,-16,1,-16,1,0,0,-28,5,-26,4,-26,4,-24,4,-23,3,-22,6,-21,6,-21,6,-19,6,-20,7,-18,7,-17,8,-17,9,-16,10,-17,10,-15,9,-16,10,-16,10,-15,9,-16,7,-14,7,-14,7,-14,6,-12,6,-14,6,-13,4,-12,4,-12,3,0,0,0,0,0,0,0,0,0,0,0,0,0,0,-27,10,-29,7,-29,5,-31,4,-30,3,-31,2,-32,1,-33,-2,-34,-4,-34,-5,-33,-5,-32,-6,-31,-6,-31,-6,-30,-5,-29,-5,-29,-5,-28,-4,-30,-3,-28,-1,-29,0,-30,0,-28,2,-29,2,-31,3,-28,3,-30,3,-29,4]"
618073905123200,55.454274800,92364,1908902412,-50,-98,6,0,1,7,0,0,256,0,0,"[0,0,4,14,5,13,5,13,4,12,5,12,5,11,5,10,5,10,5,9,5,8,6,8,6,8,6,7,6,7,6,7,6,6,6,7,6,7,6,6,6,6,5,6,5,6,4,6,4,6,4,6,3,6,0,0,0,0,0,0,0,0,0,0,0,0,0,0,0,0,0,0,0,0,0,0,6,14,5,15,5,15,4,16,4,17,3,17,2,17,1,18,1,17,0,17,0,17,0,16,0,16,0,16,0,16,1,15,2,15,2,15,3,15,3,15,3,15,4,15,4,15,5,15,5,15,5,14,0,0,11,24,11,23,11,23,11,22,10,22,11,20,11,18,11,17,12,15,13,15,13,13,13,14,13,13,12,12,14,11,14,11,13,12,13,11,13,10,12,11,10,10,10,10,9,11,9,10,8,10,7,10,6,11,5,10,0,0,0,0,0,0,0,0,0,0,0,0,0,0,18,22,16,24,14,25,12,26,12,28,11,28,10,31,8,31,8,32,5,32,5,32,3,33,2,31,3,31,3,29,3,28,4,28,6,28,5,26,6,27,6,28,9,27,10,27,10,26,11,27,11,28,12,27,12,25]"
618073925641000,55.474792600,92365,1908917137,-50,-98,6,0,1,7,0,0,256,0,0,"[0,0,-10,-12,-10,-12,-10,-11,-10,-11,-9,-10,-9,-10,-9,-9,-9,-9,-9,-7,-9,-7,-9,-7,-9,-6,-9,-6,-9,-6,-10,-5,-9,-4,-10,-5,-9,-5,-9,-5,-9,-5,-8,-5,-7,-5,-7,-6,-7,-5,-6,-5,-6,-5,0,0,0,0,0,0,0,0,0,0,0,0,0,0,0,0,0,0,0,0,0,0,-13,-12,-12,-12,-12,-13,-11,-14,-11,-16,-10,-16,-9,-17,-8,-17,-8,-17,-7,-17,-7,-16,-7,-16,-7,-16,-7,-15,-7,-15,-8,-15,-8,-14,-8,-14,-9,-14,-9,-13,-10,-13,-10,-13,-11,-13,-11,-13,-11,-13,-10,-12,0,0,-20,-20,-21,-21,-19,-19,-19,-18,-19,-17,-18,-16,-18,-15,-18,-14,-17,-11,-18,-11,-18,-8,-18,-9,-18,-7,-18,-8,-19,-7,-18,-7,-17,-7,-17,-7,-17,-7,-17,-8,-16,-7,-14,-8,-13,-7,-13,-8,-12,-8,-12,-7,-11,-9,-11,-9,0,0,0,0,0,0,0,0,0,0,0,0,0,0,-26,-15,-25,-18,-24,-19,-23,-21,-23,-23,-21,-23,-21,-27,-20,-28,-19,-30,-17,-30,-16,-29,-16,-31,-17,-29,-15,-29,-14,-29,-14,-26,-14,-26,-16,-25,-16,-23,-17,-25,-17,-24,-19,-23,-18,-23,-20,-23,-20,-23,-21,-22,-21,-21,-21,-21]"
618073942181800,55.491333400,92366,1908936449,-50,-98,6,0,1,7,0,0,256,0,0,"[0,0,-16,-1,-15,-1,-15,-2,-14,-1,-13,-1,-13,0,-12,0,-12,0,-12,1,-11,1,-11,2,-11,2,-10,2,-10,3,-10,3,-10,3,-10,3,-9,3,-10,2,-9,2,-9,2,-9,1,-8,1,-8,1,-8,1,-8,0,0,0,0,0,0,0,0,0,0,0,0,0,0,0,0,0,0,0,0,0,0,0,-17,1,-17,0,-17,-1,-17,-2,-18,-3,-18,-4,-18,-5,-18,-6,-18,-6,-17,-6,-17,-6,-17,-6,-16,-6,-16,-6,-15,-5,-16,-5,-16,-5,-16,-4,-16,-3,-16,-3,-16,-2,-16,-2,-17,-2,-16,-2,-16,-1,-16,-1,0,0,-29,-5,-28,-6,-27,-5,-25,-5,-25,-4,-24,-3,-23,-2,-23,-2,-21,-1,-21,0,-20,1,-20,1,-19,2,-19,3,-19,3,-19,3,-18,3,-18,3,-18,2,-17,2,-17,2,-15,1,-15,1,-15,1,-15,0,-13,0,-14,-1,-13,-2,0,0,0,0,0,0,0,0,0,0,0,0,0,0,-30,2,-30,-1,-32,-3,-31,-5,-30,-6,-31,-8,-32,-10,-32,-13,-32,-13,-33,-15,-31,-16,-30,-17,-29,-16,-28,-16,-27,-15,-26,-14,-27,-13,-27,-13,-27,-12,-27,-11,-28,-10,-28,-9,-29,-8,-29,-8,-29,-8,-29,-7,-30,-7,-30,-7]"
618073966030600,55.515182200,92367,1908957390,-50,-98,6,0,1,7,0,0,256,0,0,"[0,0,-15,-5,-14,-5,-14,-5,-13,-4,-13,-4,-13,-4,-12,-3,-12,-3,-12,-2,-12,-1,-11,0,-11,0,-11,0,-10,0,-10,1,-10,1,-10,1,-10,0,-10,0,-10,0,-9,0,-9,-1,-8,-1,-8,-1,-8,-1,-8,-1,0,0,0,0,0,0,0,0,0,0,0,0,0,0,0,0,0,0,0,0,0,0,-17,-3,-16,-5,-17,-5,-16,-6,-17,-7,-17,-8,-16,-9,-16,-10,-16,-10,-15,-11,-15,-10,-15,-10,-14,-10,-14,-10,-14,-9,-14,-8,-14,-8,-14,-7,-14,-7,-14,-7,-15,-6,-15,-7,-16,-6,-16,-5,-15,-5,-16,-5,0,0,-28,-10,-26,-10,-27,-9,-24,-9,-24,-7,-22,-6,-22,-5,-22,-4,-21,-4,-19,-1,-20,-3,-19,-1,-19,-1,-20,1,-18,0,-19,0,-17,1,-20,1,-17,1,-18,1,-17,0,-16,0,-14,-1,-15,-1,-14,-3,-14,-2,-12,-3,-12,-4,0,0,0,0,0,0,0,0,0,0,0,0,0,0,-29,-2,-30,-5,-30,-8,-32,-9,-29,-11,-30,-14,-29,-13,-32,-16,-30,-17,-30,-18,-28,-19,-27,-19,-26,-20,-26,-20,-24,-18,-24,-18,-26,-18,-24,-16,-25,-17,-25,-15,-26,-13,-27,-12,-27,-10,-29,-12,-27,-11,-27,-12,-28,-11,-28,-10]"
618073983233000,55.532384600,92368,1908976631,-50,-98,6,0,1,7,0,0,256,0,0,"[0,0,-9,-13,-9,-12,-8,-12,-8,-11,-9,-11,-8,-10,-8,-9,-8,-9,-8,-8,-8,-8,-9,-7,-9,-7,-9,-6,-9,-6,-9,-5,-9,-5,-9,-6,-9,-5,-8,-5,-8,-6,-8,-6,-7,-5,-7,-6,-6,-5,-6,-5,-6,-5,0,0,0,0,0,0,0,0,0,0,0,0,0,0,0,0,0,0,0,0,0,0,-11,-12,-10,-13,-10,-14,-10,-15,-9,-16,-8,-16,-8,-17,-7,-18,-6,-17,-6,-17,-6,-17,-6,-16,-6,-16,-5,-16,-6,-16,-6,-15,-6,-14,-7,-14,-7,-14,-8,-14,-8,-14,-8,-14,-9,-14,-9,-13,-10,-13,-9,-13,0,0,-19,-21,-20,-21,-18,-20,-19,-18,-16,-18,-16,-17,-17,-16,-16,-15,-17,-13,-18,-11,-18,-10,-17,-10,-18,-8,-17,-8,-17,-7,-18,-8,-17,-7,-17,-8,-16,-8,-16,-7,-15,-9,-13,-8,-13,-8,-13,-8,-12,-8,-12,-9,-10,-9,-10,-9,0,0,0,0,0,0,0,0,0,0,0,0,0,0,-26,-15,-24,-19,-23,-21,-22,-22,-22,-23,-21,-25,-20,-26,-20,-28,-18,-29,-16,-31,-15,-30,-13,-31,-15,-29,-15,-28,-13,-28,-14,-26,-14,-27,-15,-25,-15,-24,-16,-23,-17,-25,-18,-23,-17,-23,-18,-23,-18,-23,-19,-23,-20,-22,-20,-22]"
618074003598200,55.552749800,92369,1908996644,-50,-98,6,0,1,7,0,0,256,0,0,"[0,0,-16,0,-15,1,-14,1,-14,1,-13,1,-13,1,-12,1,-12,2,-11,2,-11,3,-11,3,-10,3,-9,3,-9,4,-10,4,-9,4,-9,4,-9,4,-9,3,-9,3,-9,3,-8,3,-8,2,-8,2,-8,2,-8,1,0,0,0,0,0,0,0,0,0,0,0,0,0,0,0,0,0,0,0,0,0,0,-17,3,-17,2,-17,1,-17,0,-18,0,-19,-1,-19,-2,-19,-3,-19,-4,-18,-4,-18,-4,-17,-4,-17,-4,-16,-4,-16,-3,-16,-3,-16,-2,-16,-2,-16,-1,-16,-1,-16,-1,-16,0,-17,0,-16,1,-16,1,-17,1,0,0,-30,1,-28,2,-27,1,-24,1,-24,3,-23,3,-22,4,-21,4,-21,4,-19,5,-18,6,-19,7,-18,7,-17,8,-16,8,-17,8,-16,9,-16,7,-16,7,-15,6,-14,6,-14,6,-13,5,-13,5,-14,3,-14,3,-12,2,-13,1,0,0,0,0,0,0,0,0,0,0,0,0,0,0,-27,9,-30,7,-30,4,-30,3,-31,1,-32,1,-33,-1,-34,-3,-33,-4,-34,-6,-33,-6,-31,-7,-32,-8,-31,-8,-30,-6,-29,-6,-30,-6,-28,-5,-28,-5,-29,-3,-30,-2,-29,-2,-29,0,-30,0,-30,1,-29,2,-29,1,-30,1]"
618074024252600,55.573404200,92370,1909019003,-50,-98,6,0,1,7,0,0,256,0,0,"[0,0,-11,11,-10,10,-10,10,-10,10,-9,9,-8,9,-8,9,-7,9,-7,9,-6,9,-5,9,-5,9,-5,9,-4,9,-4,9,-4,9,-3,8,-4,8,-4,8,-4,8,-4,7,-4,7,-4,7,-4,6,-4,6,-5,5,0,0,0,0,0,0,0,0,0,0,0,0,0,0,0,0,0,0,0,0,0,0,-10,12,-11,12,-12,12,-13,12,-14,11,-15,11,-15,10,-16,10,-16,9,-16,9,-16,8,-15,8,-15,8,-14,8,-14,8,-14,8,-14,9,-13,9,-13,9,-12,10,-12,10,-12,11,-12,11,-12,11,-11,11,-12,11,0,0,-42,35,-41,37,-38,35,-36,34,-34,33,-32,34,-30,32,-28,34,-24,31,-23,32,-21,33,-18,32,-16,34,-16,32,-15,31,-14,32,-12,32,-16,32,-15,29,-14,28,-16,27,-14,27,-16,25,-16,24,-14,21,-15,20,-16,19,-17,18,0,0,0,0,0,0,0,0,0,0,0,0,0,0,-33,48,-38,46,-42,43,-43,40,-48,42,-48,38,-54,36,-57,34,-57,33,-62,28,-60,27,-62,27,-60,24,-59,23,-54,24,-54,24,-52,25,-51,27,-48,26,-51,28,-47,30,-45,33,-47,33,-47,35,-46,36,-46,37,-43,40,-44,37]"
618074043893700,55.593045300,92371,1909038364,-50,-98,6,0,1,7,0,0,256,0,0,"[0,0,11,9,11,9,10,8,10,8,10,8,10,7,9,6,9,6,9,5,9,4,9,4,9,4,9,3,9,3,9,2,9,2,9,3,9,2,8,2,8,2,8,2,7,2,7,3,6,3,6,3,6,3,0,0,0,0,0,0,0,0,0,0,0,0,0,0,0,0,0,0,0,0,0,0,13,9,12,9,13,11,11,11,12,13,11,13,11,14,10,14,10,15,9,15,9,14,8,14,8,13,8,13,8,12,9,12,9,11,10,12,10,11,11,11,11,11,11,10,12,11,11,11,11,10,11,9,0,0,46,31,44,30,44,27,43,26,42,25,40,21,40,20,38,19,39,15,36,11,39,12,36,10,37,8,36,8,34,7,36,7,33,6,36,5,34,5,32,6,32,7,29,8,29,9,26,8,26,10,25,10,23,11,20,12,0,0,0,0,0,0,0,0,0,0,0,0,0,0,56,16,56,25,54,28,54,32,52,36,51,37,51,41,50,45,49,47,47,49,45,50,42,51,41,49,39,48,38,47,37,45,39,45,39,42,40,40,42,39,45,38,45,35,48,36,46,35,49,34,48,35,49,34,50,33]"
618074067185100,55.616336700,92372,1909060098,-50,-98,6,0,1,7,0,0,256,0,0,"[0,0,5,-14,4,-15,4,-14,4,-13,3,-13,3,-12,2,-12,2,-12,2,-11,1,-11,0,-11,-1,-11,-1,-11,0,-10,-1,-10,-1,-10,-1,-10,-1,-9,0,-10,0,-10,0,-9,0,-9,0,-9,0,-8,0,-8,1,-7,0,0,0,0,0,0,0,0,0,0,0,0,0,0,0,0,0,0,0,0,0,0,3,-17,4,-16,5,-17,6,-16,7,-17,8,-16,9,-16,10,-16,10,-15,11,-15,10,-14,10,-14,9,-14,9,-14,9,-13,8,-13,8,-13,7,-14,7,-14,6,-14,6,-14,6,-15,6,-15,5,-15,5,-15,5,-15,0,0,10,-28,8,-25,7,-26,7,-23,5,-25,5,-23,5,-22,5,-20,3,-20,1,-19,-1,-19,-1,-20,-2,-19,-1,-20,-2,-17,-2,-18,-2,-18,-2,-18,-1,-18,0,-17,-1,-16,0,-16,0,-15,0,-15,0,-13,1,-13,1,-13,2,-13,0,0,0,0,0,0,0,0,0,0,0,0,0,0,2,-29,4,-29,6,-29,9,-30,10,-29,12,-30,13,-29,16,-30,18,-27,20,-28,21,-26,19,-25,18,-25,18,-25,17,-24,16,-25,16,-25,15,-23,15,-24,13,-23,13,-27,12,-26,12,-26,11,-28,10,-26,9,-28,10,-27,11,-28]"
618074087940200,55.637091800,92373,1909081022,-50,-98,6,0,1,7,0,0,256,0,0,"[0,0,13,-8,12,-8,12,-8,11,-8,11,-8,10,-7,9,-8,8,-8,8,-8,7,-8,7,-9,6,-9,5,-9,5,-9,5,-8,5,-9,4,-8,5,-9,6,-8,6,-7,5,-7,5,-7,5,-7,4,-6,5,-6,5,-6,0,0,0,0,0,0,0,0,0,0,0,0,0,0,0,0,0,0,0,0,0,0,12,-10,14,-10,14,-9,15,-9,15,-8,17,-7,17,-6,18,-6,18,-5,17,-5,16,-5,16,-5,16,-5,15,-5,15,-5,14,-5,15,-5,14,-6,14,-7,14,-7,14,-7,14,-7,14,-8,13,-9,13,-9,13,-9,0,0,25,-10,26,-12,25,-10,23,-9,22,-10,21,-10,20,-11,18,-11,18,-11,16,-12,15,-11,14,-13,14,-12,14,-13,14,-13,13,-13,11,-13,12,-13,12,-13,12,-11,11,-11,12,-11,11,-9,11,-9,10,-8,12,-8,11,-7,11,-6,0,0,0,0,0,0,0,0,0,0,0,0,0,0,24,-18,26,-15,28,-13,29,-12,29,-12,30,-9,32,-9,32,-6,33,-5,33,-3,33,-2,33,-3,32,-1,31,-1,30,-1,29,-2,29,-3,28,-3,28,-5,28,-6,29,-6,28,-7,28,-8,28,-9,28,-9,27,-10,28,-11,29,-10]"
618074101595800,55.650747400,92374,1909097187,-50,-98,6,0,1,7,0,0,256,0,0,"[0,0,7,12,8,11,7,11,7,10,7,10,7,9,7,9,7,8,7,7,7,7,7,6,8,6,7,6,8,5,8,5,8,4,8,4,8,4,7,4,7,4,7,4,6,4,6,4,5,5,5,4,5,4,0,0,0,0,0,0,0,0,0,0,0,0,0,0,0,0,0,0,0,0,0,0,9,12,8,13,8,14,7,15,7,16,6,16,6,17,5,17,4,17,4,17,3,16,3,16,3,15,3,15,4,15,4,14,5,14,5,14,6,14,6,14,7,13,7,14,7,14,8,13,8,13,8,13,0,0,13,24,13,23,12,23,12,21,11,21,12,19,12,18,12,17,13,15,13,14,14,12,13,13,14,11,14,10,15,10,14,10,15,10,14,9,14,10,13,9,12,9,12,10,11,9,10,9,10,8,9,9,8,9,7,9,0,0,0,0,0,0,0,0,0,0,0,0,0,0,19,22,16,25,15,25,14,27,12,28,11,28,10,30,9,32,9,32,7,33,5,32,4,32,5,31,4,30,4,30,5,28,6,28,6,27,7,27,9,27,9,27,10,27,11,26,11,27,14,26,13,25,14,25,14,25]"
618074123258300,55.672409900,92375,1909116592,-50,-98,6,0,1,7,0,0,256,0,0,"[0,0,1,-15,0,-15,1,-14,1,-13,0,-14,0,-13,0,-13,-1,-12,-1,-11,-2,-11,-3,-11,-3,-10,-3,-10,-3,-10,-3,-10,-4,-10,-4,-9,-3,-9,-3,-9,-3,-9,-2,-9,-2,-9,-2,-8,-2,-8,-2,-8,-1,-7,0,0,0,0,0,0,0,0,0,0,0,0,0,0,0,0,0,0,0,0,0,0,-1,-16,0,-17,1,-17,2,-18,3,-18,4,-18,5,-18,6,-18,6,-17,6,-17,6,-17,6,-16,5,-16,5,-16,5,-15,4,-15,4,-15,3,-15,3,-16,3,-16,3,-16,2,-16,2,-16,1,-16,1,-16,1,-16,0,0,0,-28,-1,-28,0,-28,-1,-25,-2,-24,-3,-24,-3,-23,-3,-22,-4,-21,-5,-19,-7,-19,-6,-19,-7,-18,-8,-17,-8,-16,-8,-17,-8,-18,-8,-16,-7,-16,-7,-16,-6,-15,-5,-16,-4,-15,-5,-14,-4,-13,-3,-12,-3,-13,-2,-13,0,0,0,0,0,0,0,0,0,0,0,0,0,0,-8,-29,-5,-31,-3,-30,-2,-31,0,-32,2,-32,2,-34,5,-33,7,-33,8,-33,9,-32,10,-33,10,-31,9,-30,9,-30,7,-29,7,-28,7,-28,6,-28,5,-29,4,-29,3,-30,2,-29,1,-30,1,-30,1,-30,1,-29,0,-29]"
618074144135500,55.693287100,92376,1909136568,-50,-98,6,0,1,7,0,0,256,0,0,"[0,0,-4,-15,-4,-15,-4,-14,-4,-13,-4,-13,-5,-12,-5,-12,-5,-11,-6,-10,-6,-10,-6,-9,-6,-9,-7,-9,-7,-8,-7,-8,-6,-8,-7,-8,-7,-7,-6,-7,-6,-7,-6,-7,-5,-7,-5,-7,-5,-7,-4,-7,-4,-7,0,0,0,0,0,0,0,0,0,0,0,0,0,0,0,0,0,0,0,0,0,0,-6,-16,-5,-16,-4,-17,-3,-17,-3,-18,-2,-18,-1,-19,0,-19,0,-19,0,-18,1,-17,1,-17,1,-17,1,-17,0,-16,-1,-16,-1,-16,-1,-16,-2,-16,-3,-16,-3,-16,-3,-16,-4,-16,-4,-16,-4,-16,-4,-15,0,0,-6,-28,-6,-27,-5,-27,-5,-24,-6,-24,-7,-23,-6,-22,-7,-21,-8,-19,-9,-18,-9,-17,-9,-17,-10,-17,-9,-16,-11,-16,-11,-15,-10,-15,-11,-16,-11,-15,-10,-14,-9,-14,-8,-14,-8,-14,-7,-13,-7,-12,-6,-12,-4,-12,-3,-13,0,0,0,0,0,0,0,0,0,0,0,0,0,0,-13,-28,-9,-30,-7,-29,-5,-30,-5,-32,-4,-33,-1,-33,0,-36,0,-34,3,-35,3,-34,5,-33,5,-33,4,-31,5,-31,4,-28,3,-29,2,-29,1,-29,0,-29,0,-30,-1,-29,-3,-30,-3,-29,-4,-30,-5,-29,-4,-30,-5,-30]"
618074168136600,55.717288200,92377,1909161923,-50,-98,6,0,1,7,0,0,256,0,0,"[0,0,-3,-15,-3,-15,-3,-15,-3,-14,-3,-14,-3,-12,-4,-12,-4,-11,-4,-11,-4,-10,-5,-10,-5,-10,-5,-9,-5,-9,-5,-9,-5,-9,-5,-8,-5,-9,-5,-8,-5,-8,-5,-8,-4,-8,-4,-8,-3,-8,-3,-7,-3,-7,0,0,0,0,0,0,0,0,0,0,0,0,0,0,0,0,0,0,0,0,0,0,-4,-16,-3,-17,-3,-17,-2,-18,-1,-18,0,-19,0,-18,1,-19,2,-18,3,-18,3,-17,3,-17,2,-16,2,-17,2,-17,1,-16,1,-16,0,-16,0,-16,-1,-16,-2,-16,-2,-16,-2,-16,-2,-16,-2,-16,-2,-16,0,0,-1,-27,-2,-30,-2,-27,-2,-25,-3,-24,-4,-23,-4,-23,-5,-21,-6,-20,-6,-20,-7,-18,-7,-19,-8,-18,-8,-17,-9,-16,-9,-16,-9,-17,-9,-16,-8,-16,-8,-16,-8,-14,-6,-16,-5,-15,-5,-14,-4,-14,-4,-13,-3,-14,-1,-13,0,0,0,0,0,0,0,0,0,0,0,0,0,0,-11,-29,-6,-31,-4,-31,-3,-30,-2,-33,0,-32,1,-34,4,-33,4,-34,6,-34,6,-33,8,-34,8,-32,9,-30,9,-30,8,-29,6,-29,4,-30,4,-28,3,-30,2,-29,1,-30,0,-30,0,-31,-1,-31,-1,-31,-1,-30,-2,-30]"
618074181177300,55.730328900,92378,1909179676,-50,-98,6,0,1,7,0,0,256,0,0,"[0,0,1,14,1,13,1,13,2,12,1,12,2,11,2,11,3,10,2,9,3,9,3,9,3,9,3,9,4,8,4,8,4,8,4,7,4,7,4,7,3,7,3,7,3,7,3,7,2,7,2,6,2,6,0,0,0,0,0,0,0,0,0,0,0,0,0,0,0,0,0,0,0,0,0,0,3,15,2,16,1,16,1,16,0,17,-1,17,-2,17,-3,17,-3,17,-3,16,-4,16,-3,15,-3,15,-3,15,-3,15,-2,14,-2,15,-1,15,-1,14,0,14,0,15,1,15,0,15,1,15,1,15,1,15,0,0,-1,28,0,27,-1,26,1,24,0,25,1,22,2,21,1,20,4,19,4,19,5,18,4,18,6,17,6,17,6,16,6,16,6,17,7,15,6,15,5,14,5,15,4,14,4,13,3,13,2,13,2,12,0,12,0,11,0,0,0,0,0,0,0,0,0,0,0,0,0,0,6,28,3,30,0,30,-1,31,-2,31,-4,31,-5,32,-8,32,-8,32,-10,32,-11,31,-12,31,-13,29,-12,28,-12,28,-12,27,-9,28,-8,27,-7,27,-7,28,-6,27,-4,28,-3,28,-4,29,-3,28,-3,29,-2,29,-1,27]"
618074201860400,55.751012000,92379,1909196549,-50,-98,6,0,1,7,0,0,256,0,0,"[0,0,-11,11,-10,10,-9,10,-10,10,-9,9,-8,9,-7,9,-7,9,-6,9,-6,9,-5,8,-5,8,-4,9,-4,9,-4,9,-4,9,-4,9,-3,8,-4,8,-4,8,-4,8,-4,7,-4,7,-4,6,-4,6,-4,5,0,0,0,0,0,0,0,0,0,0,0,0,0,0,0,0,0,0,0,0,0,0,-10,13,-11,13,-12,12,-13,12,-13,11,-15,11,-15,10,-16,10,-16,9,-16,9,-16,8,-16,8,-15,8,-14,8,-14,8,-13,8,-13,8,-13,9,-12,9,-12,10,-12,10,-11,10,-12,11,-11,11,-11,11,-11,11,0,0,-39,42,-39,42,-35,40,-33,38,-30,37,-27,37,-26,37,-24,34,-22,35,-19,34,-17,34,-15,35,-15,36,-12,34,-12,34,-11,33,-11,35,-12,33,-11,31,-10,30,-13,29,-11,29,-12,28,-13,24,-12,24,-13,22,-15,22,-16,21,0,0,0,0,0,0,0,0,0,0,0,0,0,0,-28,53,-36,51,-38,47,-40,45,-45,46,-46,44,-52,42,-54,40,-57,38,-59,36,-59,32,-60,33,-58,30,-56,29,-55,30,-53,31,-50,31,-49,32,-48,31,-47,34,-44,36,-44,38,-44,40,-45,42,-43,42,-42,42,-41,44,-42,41]"
618074223209300,55.772360900,92380,1909216698,-50,-98,6,0,1,7,0,0,256,0,0,"[0,0,4,-15,3,-15,3,-14,3,-14,2,-13,2,-13,1,-13,1,-12,1,-11,0,-11,0,-11,-1,-11,-2,-11,-2,-10,-2,-10,-2,-10,-2,-10,-2,-10,-2,-10,-1,-9,-1,-9,-1,-9,-1,-9,-1,-8,0,-8,0,-8,0,0,0,0,0,0,0,0,0,0,0,0,0,0,0,0,0,0,0,0,0,0,1,-17,2,-17,3,-17,4,-17,5,-18,6,-17,7,-17,8,-17,8,-16,8,-16,8,-15,8,-15,8,-15,8,-15,7,-15,6,-14,6,-14,6,-15,5,-15,5,-15,5,-15,4,-16,4,-16,4,-16,4,-16,4,-15,0,0,6,-28,4,-27,4,-26,4,-24,3,-25,2,-23,2,-23,1,-22,0,-21,-2,-19,-2,-19,-3,-19,-3,-18,-4,-19,-4,-17,-4,-18,-4,-17,-4,-18,-4,-17,-3,-17,-3,-15,-2,-16,-2,-16,-1,-15,-1,-13,0,-13,1,-13,1,-13,0,0,0,0,0,0,0,0,0,0,0,0,0,0,-5,-29,-1,-31,2,-29,4,-31,5,-30,7,-32,7,-31,11,-33,11,-32,13,-31,14,-30,15,-29,15,-29,14,-28,14,-27,13,-26,13,-27,10,-25,10,-27,10,-26,9,-29,7,-27,7,-28,6,-29,7,-28,7,-30,6,-29,6,-29]"
618074241417600,55.790569200,92381,1909238602,-50,-98,6,0,1,7,0,0,256,0,0,"[0,0,14,-1,14,-1,13,-1,14,-2,12,-2,12,-2,11,-2,11,-3,10,-3,10,-3,9,-4,9,-4,9,-4,8,-4,8,-5,8,-5,8,-4,8,-5,8,-4,8,-4,8,-4,7,-4,7,-3,6,-3,7,-3,7,-2,0,0,0,0,0,0,0,0,0,0,0,0,0,0,0,0,0,0,0,0,0,0,16,-4,16,-3,16,-2,16,-1,18,0,18,1,18,2,18,2,17,3,17,4,16,4,16,4,16,4,16,3,15,3,15,2,15,2,15,1,15,0,15,0,15,0,15,-1,16,-1,15,-1,15,-1,15,-1,0,0,29,-4,27,-7,26,-5,25,-4,23,-6,22,-5,21,-6,20,-6,19,-7,18,-8,17,-10,16,-10,15,-9,15,-10,15,-11,14,-10,14,-11,15,-10,15,-9,15,-9,13,-8,14,-8,13,-8,12,-7,12,-6,12,-6,12,-5,12,-4,0,0,0,0,0,0,0,0,0,0,0,0,0,0,26,-14,29,-11,28,-8,30,-7,31,-7,31,-4,33,-2,34,-1,34,1,34,3,33,4,33,5,33,4,31,4,30,4,29,3,29,3,29,1,28,1,30,1,28,-1,29,-2,29,-2,29,-3,30,-4,29,-5,29,-6,29,-4]"
618074263880700,55.813032300,92382,1909256681,-50,-98,6,0,1,7,0,0,256,0,0,"[0,0,-15,-2,-15,-2,-14,-2,-14,-2,-13,-1,-12,-1,-12,-1,-11,0,-11,0,-11,1,-10,2,-10,1,-10,2,-9,2,-10,3,-9,2,-9,3,-9,2,-9,2,-9,2,-9,2,-8,1,-8,1,-8,1,-8,1,-7,0,0,0,0,0,0,0,0,0,0,0,0,0,0,0,0,0,0,0,0,0,0,0,-16,-1,-16,-3,-16,-3,-16,-4,-17,-5,-17,-6,-17,-6,-17,-8,-16,-7,-16,-8,-15,-8,-15,-8,-14,-7,-14,-7,-14,-7,-14,-6,-14,-5,-15,-5,-15,-5,-15,-4,-15,-4,-15,-4,-16,-3,-15,-3,-15,-3,-15,-3,0,0,-29,-1,-27,-1,-27,-1,-26,0,-25,0,-23,1,-23,1,-22,2,-21,3,-20,4,-20,6,-18,5,-18,5,-18,6,-17,6,-17,7,-17,7,-17,7,-16,6,-16,6,-15,5,-15,4,-14,4,-14,4,-13,3,-14,2,-13,1,-13,1,0,0,0,0,0,0,0,0,0,0,0,0,0,0,-29,6,-30,2,-30,0,-31,-2,-32,-3,-31,-5,-32,-6,-33,-8,-33,-10,-34,-12,-33,-13,-32,-13,-31,-12,-30,-12,-29,-12,-29,-11,-28,-10,-29,-9,-29,-8,-29,-7,-29,-6,-28,-5,-30,-5,-30,-5,-30,-3,-30,-2,-29,-2,-31,-3]"
618074283517100,55.832668700,92383,1909276501,-50,-98,6,0,1,7,0,0,256,0,0,"[0,0,11,-11,10,-10,10,-10,9,-10,9,-9,8,-9,7,-10,7,-9,7,-9,6,-9,5,-9,4,-9,4,-9,4,-9,4,-10,4,-9,3,-9,3,-9,4,-9,4,-9,4,-9,4,-8,4,-8,3,-7,4,-7,4,-6,0,0,0,0,0,0,0,0,0,0,0,0,0,0,0,0,0,0,0,0,0,0,10,-13,12,-12,12,-12,12,-12,14,-11,15,-11,15,-10,16,-9,16,-9,16,-8,15,-7,15,-7,14,-8,15,-7,14,-7,13,-8,13,-9,13,-9,12,-9,12,-10,12,-10,12,-11,12,-10,11,-11,11,-11,12,-12,0,0,20,-19,20,-19,19,-19,17,-18,16,-17,15,-17,14,-18,13,-17,12,-17,10,-18,9,-17,8,-17,7,-18,6,-17,8,-17,7,-17,5,-18,6,-16,6,-16,6,-15,6,-15,6,-14,6,-14,6,-13,7,-12,7,-11,7,-11,7,-11,0,0,0,0,0,0,0,0,0,0,0,0,0,0,15,-26,18,-23,21,-22,22,-21,23,-21,24,-19,26,-20,28,-18,28,-17,30,-16,30,-14,29,-13,28,-13,29,-13,26,-13,26,-13,25,-14,24,-13,25,-14,24,-16,23,-16,22,-17,22,-19,22,-19,22,-19,21,-19,22,-20,22,-20]"
618074302232900,55.851384500,92384,1909296419,-50,-98,6,0,1,7,0,0,256,0,0,"[0,0,13,1,13,1,12,1,12,1,12,1,11,0,11,0,10,0,10,-1,9,-1,9,-2,9,-2,8,-2,8,-3,9,-3,8,-3,8,-3,8,-3,8,-3,8,-2,8,-2,7,-2,7,-1,6,-1,7,-1,6,-1,0,0,0,0,0,0,0,0,0,0,0,0,0,0,0,0,0,0,0,0,0,0,15,-1,15,0,15,1,15,2,16,2,16,3,16,4,15,5,15,5,14,6,14,6,14,6,13,6,13,5,13,5,13,4,13,4,13,3,13,3,14,3,14,2,14,2,15,2,14,2,14,2,14,2,0,0,27,2,27,0,24,-1,26,1,22,0,23,-2,22,-2,20,-3,20,-3,20,-4,19,-5,18,-6,17,-5,16,-6,18,-7,15,-7,16,-7,16,-7,16,-7,16,-6,15,-6,14,-5,14,-4,13,-3,13,-2,13,-2,12,-3,12,0,0,0,0,0,0,0,0,0,0,0,0,0,0,0,29,-7,29,-5,29,-2,29,-1,32,0,30,1,34,4,32,5,33,7,33,8,31,9,32,11,30,11,29,11,28,11,26,9,26,8,29,7,26,6,29,6,26,4,29,3,28,3,28,2,31,2,29,1,28,1,29,2]"
618074322475900,55.871627500,92385,1909316384,-50,-98,6,0,1,7,0,0,256,0,0,"[0,0,15,-1,14,-1,13,-1,13,-1,12,-2,12,-2,11,-2,11,-3,10,-3,10,-3,10,-4,9,-4,9,-4,8,-4,9,-5,8,-4,8,-5,8,-5,8,-4,8,-4,8,-4,7,-3,7,-3,7,-3,7,-2,7,-2,0,0,0,0,0,0,0,0,0,0,0,0,0,0,0,0,0,0,0,0,0,0,16,-3,16,-2,16,-1,16,0,17,1,18,2,17,3,17,4,17,4,16,4,16,5,15,4,15,4,15,4,15,3,15,3,15,2,15,2,15,2,15,1,15,1,15,0,16,0,15,0,15,-1,15,-1,0,0,28,-2,27,-4,26,-4,25,-4,23,-4,22,-5,20,-5,20,-5,19,-6,18,-7,17,-8,16,-8,16,-9,16,-9,16,-10,16,-10,14,-10,16,-10,15,-9,15,-7,14,-8,13,-6,14,-7,13,-5,12,-5,12,-4,12,-4,12,-3,0,0,0,0,0,0,0,0,0,0,0,0,0,0,26,-12,28,-9,28,-7,29,-4,30,-5,30,-3,32,-1,33,2,33,2,33,5,31,5,32,7,32,6,30,6,30,6,28,5,27,4,28,4,28,2,28,2,28,1,28,-1,28,-1,29,-3,29,-2,29,-3,28,-3,29,-3]"
618074341613100,55.890764700,92386,1909336505,-50,-98,6,0,1,7,0,0,256,0,0,"[0,0,-16,2,-15,1,-14,1,-14,2,-13,2,-13,3,-12,2,-12,3,-11,3,-11,4,-10,4,-10,4,-9,4,-9,5,-9,5,-9,5,-8,5,-8,5,-9,5,-8,4,-8,4,-8,4,-7,3,-8,3,-8,2,-8,2,0,0,0,0,0,0,0,0,0,0,0,0,0,0,0,0,0,0,0,0,0,0,-16,3,-17,2,-17,1,-17,0,-18,-1,-18,-1,-19,-2,-19,-3,-18,-3,-18,-4,-18,-4,-17,-4,-16,-4,-16,-4,-16,-3,-16,-2,-16,-2,-17,-1,-16,-1,-16,0,-16,0,-16,1,-17,1,-16,1,-16,1,-16,1,0,0,-29,3,-27,3,-27,4,-25,4,-24,4,-23,6,-23,6,-21,5,-20,7,-18,7,-18,8,-18,8,-16,9,-16,9,-16,10,-15,10,-14,10,-16,10,-15,8,-16,8,-15,8,-15,7,-13,7,-13,7,-13,5,-14,5,-13,4,-12,4,0,0,0,0,0,0,0,0,0,0,0,0,0,0,-28,10,-29,8,-30,6,-31,4,-31,3,-31,1,-33,1,-35,-1,-34,-3,-34,-5,-34,-6,-33,-7,-32,-7,-31,-7,-31,-6,-30,-5,-30,-5,-30,-3,-30,-3,-30,-1,-29,-1,-30,0,-29,2,-30,2,-30,2,-30,2,-29,3,-30,3]"
618074363833200,55.912984800,92387,1909358151,-50,-98,6,0,1,7,0,0,256,0,0,"[0,0,-16,3,-15,4,-13,3,-14,4,-13,4,-12,3,-12,4,-11,4,-11,4,-10,5,-10,5,-9,5,-9,6,-8,6,-8,6,-8,6,-8,6,-8,6,-8,5,-8,5,-8,5,-7,4,-7,4,-7,3,-7,4,-7,3,0,0,0,0,0,0,0,0,0,0,0,0,0,0,0,0,0,0,0,0,0,0,-16,5,-16,4,-17,4,-17,3,-18,2,-18,1,-19,0,-19,-1,-19,-1,-18,-1,-18,-2,-18,-1,-17,-1,-16,-1,-16,-1,-16,0,-16,1,-16,1,-15,1,-16,2,-16,2,-16,3,-16,3,-16,4,-16,4,-15,4,0,0,-28,7,-27,9,-25,8,-24,8,-22,8,-21,9,-20,9,-19,8,-18,9,-17,9,-16,11,-16,11,-15,11,-14,11,-14,13,-14,11,-13,12,-13,11,-14,11,-13,10,-14,9,-12,9,-13,8,-12,8,-12,7,-12,6,-12,6,-11,5,0,0,0,0,0,0,0,0,0,0,0,0,0,0,-25,15,-27,12,-28,10,-28,9,-30,9,-30,8,-33,6,-33,3,-34,3,-33,2,-33,0,-33,-1,-33,0,-32,-2,-30,-2,-29,0,-28,0,-29,2,-28,2,-29,2,-28,4,-28,6,-28,6,-28,6,-29,7,-29,8,-27,9,-27,7]"
618074381735500,55.930887100,92388,1909376536,-49,-98,6,0,1,7,0,0,256,0,0,"[0,0,12,8,12,7,12,7,11,6,11,6,11,5,11,4,11,4,10,4,10,3,10,2,9,2,10,2,10,1,10,1,9,1,10,1,9,1,9,1,9,1,8,1,8,2,8,2,7,2,7,2,6,2,0,0,0,0,0,0,0,0,0,0,0,0,0,0,0,0,0,0,0,0,0,0,15,6,14,7,14,8,14,8,14,10,14,11,14,11,13,12,13,12,12,13,11,12,11,12,10,12,10,12,10,11,11,10,11,10,12,10,12,9,13,8,13,9,13,8,14,8,13,9,13,8,13,7,0,0,47,32,46,31,44,29,44,27,42,24,40,22,38,21,38,17,39,15,37,13,38,10,37,12,35,10,35,6,37,5,38,5,35,6,35,6,35,6,34,6,32,7,29,9,28,8,27,7,26,9,25,10,24,12,22,13,0,0,0,0,0,0,0,0,0,0,0,0,0,0,55,19,54,25,53,29,51,30,52,36,50,37,50,41,47,47,48,47,45,51,41,49,41,53,39,52,40,51,36,48,35,46,38,45,41,42,41,40,41,42,41,39,43,37,45,37,47,35,49,37,49,34,47,34,50,35]"
618074404047900,55.953199500,92389,1909396580,-49,-98,6,0,1,7,0,0,256,0,0,"[0,0,10,-12,9,-12,8,-11,9,-12,8,-11,7,-11,6,-11,6,-11,5,-10,5,-11,4,-10,4,-10,3,-10,3,-10,3,-10,3,-10,2,-10,2,-10,3,-10,3,-9,3,-9,3,-9,3,-8,3,-8,3,-7,3,-7,0,0,0,0,0,0,0,0,0,0,0,0,0,0,0,0,0,0,0,0,0,0,9,-13,10,-13,10,-13,11,-13,12,-13,13,-12,14,-12,15,-11,15,-10,15,-10,14,-9,14,-9,14,-9,13,-9,13,-10,12,-10,12,-10,12,-11,11,-11,11,-12,11,-12,11,-12,11,-13,10,-13,10,-12,10,-12,0,0,34,-40,32,-45,30,-43,29,-41,28,-41,24,-40,21,-39,20,-38,18,-38,17,-38,11,-36,11,-37,10,-37,8,-36,8,-35,8,-37,8,-36,8,-36,9,-35,10,-32,11,-31,10,-31,11,-29,10,-29,9,-27,11,-24,13,-25,14,-24,0,0,0,0,0,0,0,0,0,0,0,0,0,0,21,-54,26,-53,30,-50,34,-47,37,-49,40,-48,42,-47,48,-44,49,-45,53,-41,52,-39,53,-38,52,-38,51,-35,49,-34,48,-34,46,-35,43,-37,42,-37,42,-38,43,-42,39,-43,39,-44,36,-47,38,-46,36,-48,34,-47,37,-47]"
618074423086900,55.972238500,92390,1909416537,-49,-98,6,0,1,7,0,0,256,0,0,"[0,0,10,-10,9,-10,9,-10,9,-9,8,-9,7,-9,7,-9,7,-9,6,-9,5,-9,5,-9,4,-9,4,-9,4,-9,4,-9,3,-9,3,-9,3,-9,4,-9,4,-8,4,-8,3,-8,4,-7,4,-7,4,-6,4,-6,0,0,0,0,0,0,0,0,0,0,0,0,0,0,0,0,0,0,0,0,0,0,9,-12,10,-12,10,-11,11,-11,12,-11,13,-11,13,-10,14,-9,14,-9,14,-8,14,-8,13,-7,13,-8,13,-8,12,-8,12,-8,12,-8,11,-9,11,-9,11,-10,11,-10,11,-10,11,-11,10,-11,10,-11,11,-10,0,0,41,-40,39,-42,36,-41,34,-38,31,-37,30,-36,27,-34,28,-35,23,-33,22,-35,20,-35,18,-35,15,-36,15,-34,16,-35,15,-35,13,-34,15,-33,14,-33,16,-31,15,-29,16,-30,15,-29,12,-26,15,-24,16,-22,15,-23,18,-18,0,0,0,0,0,0,0,0,0,0,0,0,0,0,25,-53,30,-50,35,-46,37,-45,41,-45,43,-43,49,-43,50,-40,54,-37,55,-35,56,-34,58,-32,56,-32,54,-30,51,-28,49,-30,49,-30,48,-32,48,-31,46,-33,44,-35,44,-38,44,-38,41,-41,43,-41,41,-42,41,-43,41,-42]"
618074442729900,55.991881500,92391,1909436439,-49,-98,6,0,1,7,0,0,256,0,0,"[0,0,15,0,14,0,14,0,13,-1,13,-1,12,-1,11,-2,11,-2,10,-2,11,-3,10,-4,9,-4,9,-4,9,-4,9,-4,9,-5,8,-5,8,-4,9,-4,8,-4,8,-3,8,-3,8,-3,7,-3,7,-2,7,-2,0,0,0,0,0,0,0,0,0,0,0,0,0,0,0,0,0,0,0,0,0,0,15,-2,16,-1,16,-1,16,0,17,1,17,2,17,3,17,4,17,5,16,5,16,5,15,5,15,5,15,4,15,4,15,3,14,3,15,2,15,2,15,1,15,1,15,0,16,0,16,0,15,0,15,0,0,0,27,0,26,-3,24,-1,25,-1,22,-1,22,-3,22,-3,21,-4,20,-6,19,-6,18,-6,17,-8,17,-9,16,-8,17,-9,16,-8,16,-10,16,-8,16,-8,15,-7,15,-7,14,-7,15,-6,13,-5,14,-5,14,-3,13,-3,12,-1,0,0,0,0,0,0,0,0,0,0,0,0,0,0,27,-8,29,-4,29,-2,29,-1,31,0,29,2,32,4,32,4,32,6,33,8,31,9,32,10,30,11,29,10,28,9,28,8,27,8,28,6,27,5,29,5,27,4,28,3,29,1,29,1,30,1,29,0,30,0,29,0]"
618074465525300,56.014676900,92392,1909456584,-49,-98,6,0,1,7,0,0,256,0,0,"[0,0,-14,6,-14,6,-13,6,-13,6,-12,6,-11,6,-11,6,-10,6,-10,6,-9,6,-9,7,-8,7,-8,7,-7,7,-7,7,-7,7,-7,7,-7,7,-7,6,-7,6,-7,6,-7,6,-6,5,-6,5,-6,4,-7,4,0,0,0,0,0,0,0,0,0,0,0,0,0,0,0,0,0,0,0,0,0,0,-14,7,-15,6,-16,6,-16,5,-17,4,-18,4,-18,3,-18,2,-18,2,-18,1,-18,1,-17,1,-16,1,-16,2,-16,2,-16,2,-16,3,-16,3,-15,4,-15,4,-15,5,-15,5,-15,6,-15,6,-15,6,-14,6,0,0,-28,10,-26,10,-25,10,-24,9,-22,10,-21,11,-20,10,-19,11,-18,11,-17,11,-15,12,-15,12,-14,13,-13,13,-14,14,-13,14,-13,14,-13,13,-13,13,-13,11,-13,11,-12,11,-11,10,-11,9,-12,8,-12,7,-12,7,-13,6,0,0,0,0,0,0,0,0,0,0,0,0,0,0,-23,16,-26,15,-27,11,-27,10,-30,11,-29,9,-32,7,-33,6,-34,5,-34,3,-34,2,-33,1,-33,1,-31,0,-30,1,-30,2,-30,2,-30,4,-29,4,-29,4,-29,7,-27,8,-29,7,-28,9,-29,10,-28,10,-27,10,-28,9]"
618074482095100,56.031246700,92393,1909476692,-49,-98,6,0,1,7,0,0,256,0,0,"[0,0,14,-3,14,-4,13,-3,14,-4,12,-4,11,-4,11,-4,11,-4,10,-4,10,-5,9,-5,9,-6,8,-6,8,-6,8,-6,8,-6,8,-6,8,-6,8,-6,8,-6,8,-5,7,-5,7,-4,6,-4,7,-4,7,-3,0,0,0,0,0,0,0,0,0,0,0,0,0,0,0,0,0,0,0,0,0,0,15,-5,15,-4,16,-3,16,-3,17,-2,17,-1,18,0,18,1,18,1,17,2,16,2,16,2,15,2,15,1,14,1,15,0,15,0,15,-1,15,-1,15,-2,15,-2,15,-2,16,-3,15,-3,15,-3,15,-3,0,0,27,-5,26,-6,26,-5,24,-5,24,-5,24,-6,22,-7,20,-7,18,-7,18,-8,18,-8,16,-10,16,-11,16,-11,15,-10,15,-11,15,-12,15,-11,14,-10,14,-9,16,-9,14,-8,13,-8,12,-7,12,-6,13,-6,13,-5,12,-5,0,0,0,0,0,0,0,0,0,0,0,0,0,0,26,-11,28,-8,28,-6,29,-4,29,-4,30,-2,31,-1,32,2,33,3,33,4,32,5,32,5,31,6,30,6,28,5,28,4,28,3,28,2,28,1,28,1,28,-1,28,-2,29,-2,28,-3,30,-4,28,-4,28,-4,29,-3]"
618074504028700,56.053180300,92394,1909498923,-49,-98,6,0,1,7,0,0,256,0,0,"[0,0,0,15,0,14,0,13,0,13,1,12,1,12,1,11,1,11,2,10,2,10,2,9,3,9,3,9,3,9,3,9,4,9,3,9,3,8,3,8,3,8,2,8,2,8,2,8,1,7,1,7,0,7,0,0,0,0,0,0,0,0,0,0,0,0,0,0,0,0,0,0,0,0,0,0,2,14,2,15,1,15,0,15,-1,17,-2,17,-3,16,-4,17,-4,16,-4,16,-5,16,-4,15,-4,15,-4,15,-3,14,-3,14,-3,14,-3,14,-2,14,-1,15,-1,15,0,15,-1,15,0,15,0,15,0,14,0,0,0,28,1,27,0,26,1,25,2,25,3,23,3,22,3,22,5,20,5,18,5,18,6,19,6,18,7,17,8,16,8,16,7,16,8,17,7,15,6,17,6,15,5,15,4,14,3,14,3,14,1,13,1,13,0,14,0,0,0,0,0,0,0,0,0,0,0,0,0,0,8,27,5,28,3,29,2,30,1,29,-1,30,-3,32,-5,33,-4,32,-7,32,-7,31,-9,30,-10,31,-10,29,-10,28,-10,28,-7,28,-5,27,-5,28,-6,28,-4,28,-2,29,-1,29,-1,29,0,29,-1,29,-1,29,0,28]"
618074526282800,56.075434400,92395,1909519075,-49,-98,6,0,1,7,0,0,256,0,0,"[0,0,-8,-14,-8,-13,-8,-13,-7,-12,-7,-12,-7,-11,-7,-10,-8,-10,-7,-8,-8,-9,-8,-8,-8,-7,-8,-8,-8,-7,-9,-6,-9,-6,-8,-6,-8,-6,-8,-7,-7,-7,-7,-7,-7,-7,-6,-7,-6,-6,-5,-6,-5,-6,0,0,0,0,0,0,0,0,0,0,0,0,0,0,0,0,0,0,0,0,0,0,-9,-13,-8,-14,-8,-15,-8,-15,-7,-16,-6,-17,-6,-17,-5,-17,-5,-17,-4,-17,-4,-17,-3,-16,-3,-16,-3,-16,-4,-15,-5,-15,-5,-15,-5,-15,-6,-15,-6,-14,-7,-14,-7,-14,-7,-14,-7,-14,-8,-14,-7,-14,0,0,-16,-24,-17,-24,-16,-23,-16,-21,-14,-20,-15,-19,-15,-18,-15,-17,-16,-15,-16,-13,-16,-12,-17,-13,-17,-12,-16,-10,-16,-10,-17,-10,-16,-10,-16,-10,-16,-10,-15,-11,-15,-9,-13,-12,-13,-11,-13,-11,-11,-9,-10,-10,-10,-10,-8,-11,0,0,0,0,0,0,0,0,0,0,0,0,0,0,-22,-20,-19,-22,-19,-24,-17,-25,-16,-27,-15,-27,-14,-30,-13,-30,-12,-32,-11,-32,-10,-32,-9,-33,-9,-31,-9,-31,-8,-31,-8,-28,-9,-28,-10,-27,-12,-26,-11,-27,-12,-27,-14,-26,-14,-26,-16,-27,-16,-26,-16,-26,-15,-24,-17,-26]"
618074543934400,56.093086000,92396,1909538834,-49,-98,6,0,1,7,0,0,256,0,0,"[0,0,0,14,1,14,0,13,1,13,1,13,1,12,2,11,2,11,2,10,2,10,3,9,3,9,3,9,3,9,4,9,4,8,3,9,3,8,3,8,3,8,3,8,2,8,2,7,1,7,1,7,0,7,0,0,0,0,0,0,0,0,0,0,0,0,0,0,0,0,0,0,0,0,0,0,2,14,2,14,1,16,0,16,-1,16,-2,17,-2,17,-3,17,-3,16,-4,16,-4,15,-5,15,-4,15,-4,15,-4,14,-3,14,-3,14,-2,15,-2,14,-1,15,0,15,0,15,0,15,0,15,0,15,0,15,0,0,0,28,0,27,0,27,2,25,1,24,2,24,2,22,3,22,3,19,5,20,5,18,6,19,7,17,7,18,8,16,8,16,7,17,7,16,7,16,6,16,5,16,4,16,3,15,3,13,3,14,2,13,1,13,0,13,0,0,0,0,0,0,0,0,0,0,0,0,0,0,8,27,6,28,4,28,2,29,1,30,-2,30,-3,33,-5,32,-6,32,-8,32,-8,31,-9,31,-9,30,-9,30,-9,28,-9,28,-8,28,-6,27,-5,27,-4,28,-3,28,-4,29,-2,29,-2,29,-1,30,0,29,0,30,0,29]"
618074563966800,56.113118400,92397,1909556566,-49,-98,6,0,1,7,0,0,256,0,0,"[0,0,1,-15,1,-14,1,-14,0,-13,0,-14,0,-13,0,-12,-1,-12,-1,-11,-2,-10,-2,-10,-3,-11,-3,-10,-3,-10,-3,-10,-3,-10,-4,-10,-3,-9,-3,-10,-3,-9,-2,-9,-2,-9,-2,-8,-2,-8,-2,-8,-1,-7,0,0,0,0,0,0,0,0,0,0,0,0,0,0,0,0,0,0,0,0,0,0,0,-15,1,-16,1,-16,2,-17,3,-16,4,-17,5,-16,6,-17,6,-17,6,-16,6,-16,6,-15,6,-15,5,-14,5,-15,4,-14,4,-15,3,-15,3,-15,2,-15,3,-15,2,-15,2,-16,1,-16,1,-16,1,-16,0,0,2,-29,3,-29,2,-27,2,-26,0,-25,1,-24,0,-23,-2,-22,-2,-22,-3,-20,-4,-19,-5,-21,-5,-19,-5,-19,-5,-18,-5,-18,-6,-18,-6,-19,-5,-17,-5,-17,-5,-16,-4,-17,-3,-16,-2,-14,-2,-15,-2,-15,0,-15,1,-14,0,0,0,0,0,0,0,0,0,0,0,0,0,0,-5,-29,-2,-30,0,-30,2,-29,4,-31,5,-29,7,-32,8,-32,10,-31,11,-32,13,-30,13,-30,13,-28,13,-29,12,-27,11,-28,10,-28,10,-27,10,-26,8,-28,6,-28,6,-28,4,-29,5,-30,3,-30,3,-30,2,-31,3,-30]"
618074581177400,56.130329000,92398,1909576353,-50,-98,6,0,1,7,0,0,256,0,0,"[0,0,-1,15,-1,14,-1,14,-1,13,0,13,0,12,0,12,1,11,1,11,2,10,2,10,3,10,3,9,3,9,3,9,3,9,3,9,3,9,3,9,2,9,2,8,2,8,1,8,1,7,1,7,1,7,0,0,0,0,0,0,0,0,0,0,0,0,0,0,0,0,0,0,0,0,0,0,2,15,1,16,0,16,-1,17,-2,17,-3,17,-4,17,-5,17,-5,17,-6,17,-6,16,-6,16,-5,15,-5,15,-5,15,-4,15,-4,15,-3,15,-3,15,-2,15,-2,15,-1,16,-2,16,0,16,-1,16,0,16,0,0,0,28,1,28,0,25,1,25,1,23,3,24,4,22,3,22,4,21,5,20,5,19,5,19,6,19,8,18,8,18,7,17,7,18,7,16,7,16,5,17,4,16,5,16,3,15,2,14,2,13,2,13,1,15,-1,13,0,0,0,0,0,0,0,0,0,0,0,0,0,0,9,27,6,29,4,30,3,30,2,31,0,31,-2,33,-4,32,-4,33,-7,34,-8,32,-9,34,-10,31,-10,30,-9,29,-7,30,-7,28,-6,28,-5,28,-3,29,-3,28,-1,29,0,29,0,31,-1,31,-1,29,0,31,0,29]"
618074601754100,56.150905700,92399,1909596651,-49,-98,6,0,1,7,0,0,256,0,0,"[0,0,-2,15,-2,14,-1,14,-1,13,-1,13,-1,12,0,12,0,12,0,11,1,10,1,10,2,10,2,10,2,9,2,9,2,9,2,9,2,9,1,9,2,9,1,8,1,8,1,8,0,7,0,7,-1,7,0,0,0,0,0,0,0,0,0,0,0,0,0,0,0,0,0,0,0,0,0,0,1,15,0,16,-1,16,-2,16,-2,16,-4,17,-4,17,-6,17,-6,16,-6,16,-6,16,-6,15,-6,15,-6,14,-5,15,-5,14,-5,14,-4,14,-4,15,-3,15,-3,15,-2,15,-2,15,-2,15,-2,15,-1,15,0,0,-5,27,-5,27,-4,26,-4,25,-2,24,-1,23,-2,22,-1,21,0,20,0,20,2,20,3,19,3,18,3,18,5,17,4,18,5,18,4,17,4,17,3,17,2,16,1,16,0,15,0,14,0,13,0,13,-2,12,-2,13,0,0,0,0,0,0,0,0,0,0,0,0,0,0,4,27,1,29,-1,28,-3,28,-4,30,-5,29,-7,31,-9,30,-10,30,-13,31,-13,29,-14,30,-13,28,-14,27,-14,27,-13,27,-11,27,-9,26,-9,25,-9,26,-8,27,-7,27,-7,27,-6,28,-6,28,-5,28,-5,29,-6,28]"
618074625837700,56.174989300,92400,1909619091,-49,-98,6,0,1,7,0,0,256,0,0,"[0,0,13,-7,12,-8,12,-7,12,-7,11,-7,10,-7,10,-7,9,-7,8,-7,8,-8,8,-8,7,-8,6,-8,6,-8,6,-9,6,-8,6,-8,6,-8,6,-8,6,-7,6,-7,6,-7,6,-6,6,-6,6,-5,6,-5,0,0,0,0,0,0,0,0,0,0,0,0,0,0,0,0,0,0,0,0,0,0,13,-10,13,-9,13,-9,14,-8,15,-7,16,-7,16,-6,17,-5,17,-5,16,-4,16,-4,16,-4,16,-3,15,-4,15,-4,14,-5,14,-5,15,-5,14,-6,14,-6,14,-7,14,-7,14,-8,14,-7,13,-8,14,-8,0,0,23,-16,22,-17,20,-17,20,-15,19,-15,17,-15,17,-16,15,-15,15,-15,13,-15,12,-16,11,-16,11,-17,10,-17,10,-16,10,-16,9,-16,10,-16,9,-15,10,-15,10,-14,10,-13,10,-13,9,-11,9,-10,10,-10,10,-10,10,-9,0,0,0,0,0,0,0,0,0,0,0,0,0,0,17,-23,21,-21,22,-20,24,-19,24,-17,26,-17,27,-15,29,-15,30,-13,30,-13,31,-10,30,-11,29,-10,29,-10,29,-9,28,-10,28,-12,26,-9,26,-11,25,-11,25,-13,25,-14,24,-15,25,-15,25,-16,23,-17,24,-17,24,-17]"
618074641752500,56.190904100,92401,1909636585,-49,-98,6,0,1,7,0,0,256,0,0,"[0,0,3,14,4,14,3,13,4,13,3,12,4,11,4,11,4,11,4,9,5,9,5,8,5,9,6,8,5,7,6,8,5,7,5,8,5,7,5,7,4,7,4,7,4,7,4,7,3,7,3,6,2,6,0,0,0,0,0,0,0,0,0,0,0,0,0,0,0,0,0,0,0,0,0,0,6,14,5,14,5,15,4,15,3,17,3,17,2,17,1,17,1,17,0,17,0,17,-1,16,0,16,0,16,0,15,1,15,1,14,1,15,2,14,2,15,2,15,3,15,3,16,4,16,3,15,3,14,0,0,8,27,6,26,7,24,8,24,7,23,8,21,8,21,10,20,9,18,10,16,10,17,9,16,11,15,12,15,11,13,12,14,11,14,12,13,11,14,10,12,10,13,8,13,7,12,7,12,6,13,5,12,5,13,3,13,0,0,0,0,0,0,0,0,0,0,0,0,0,0,16,23,13,26,11,26,10,27,8,28,7,29,6,31,4,32,4,32,3,33,1,32,2,32,-1,31,0,30,0,30,0,29,1,29,0,28,2,28,3,27,4,28,5,27,6,27,6,28,8,27,8,29,8,28,8,27]"
618074661068700,56.210220300,92402,1909656587,-49,-98,6,0,1,7,0,0,256,0,0,"[0,0,14,5,13,4,12,4,13,3,12,3,11,3,11,3,11,2,11,1,10,0,10,0,10,0,10,-1,9,-1,10,-1,9,-1,9,-1,9,-1,9,-1,9,0,8,0,8,0,8,0,7,0,7,1,7,1,0,0,0,0,0,0,0,0,0,0,0,0,0,0,0,0,0,0,0,0,0,0,14,2,15,3,14,4,14,5,15,6,15,7,14,8,14,9,14,9,13,9,13,9,12,9,12,8,12,8,12,8,12,7,12,7,13,7,13,7,13,6,13,6,14,5,14,5,14,5,14,5,14,5,0,0,50,20,51,18,49,19,49,21,44,16,45,14,43,11,41,9,40,9,40,6,40,5,37,4,36,3,36,0,38,0,36,-1,37,-2,36,0,36,1,36,0,35,1,32,5,30,3,30,3,28,5,24,5,25,8,24,9,0,0,0,0,0,0,0,0,0,0,0,0,0,0,56,8,55,14,55,18,52,19,57,26,52,26,57,33,53,35,54,36,52,41,50,40,49,43,46,43,45,40,43,37,43,37,41,35,46,35,45,31,48,34,44,28,49,26,52,26,51,24,56,26,54,23,53,26,53,23]"
618074681848600,56.231000200,92403,1909676482,-49,-98,6,0,1,7,0,0,256,0,0,"[0,0,2,15,3,14,3,14,3,13,3,13,3,12,3,11,3,11,3,10,4,9,5,9,5,9,5,8,5,8,5,8,5,7,6,8,5,7,5,7,4,7,4,7,4,7,3,7,3,7,3,6,2,6,0,0,0,0,0,0,0,0,0,0,0,0,0,0,0,0,0,0,0,0,0,0,4,14,4,15,3,16,2,16,2,17,0,17,-1,17,-2,17,-2,17,-3,17,-2,17,-2,16,-2,16,-2,15,-2,15,-1,15,0,15,0,15,1,15,1,15,1,15,2,15,2,15,3,16,2,15,3,15,0,0,4,27,4,26,4,25,5,24,5,25,4,23,6,22,5,21,6,19,8,17,9,16,9,17,9,15,9,16,10,16,10,15,10,15,10,15,8,15,9,15,7,14,6,15,6,13,6,12,6,12,5,12,3,12,2,13,0,0,0,0,0,0,0,0,0,0,0,0,0,0,12,25,10,27,7,28,6,28,4,29,3,30,2,30,0,32,-1,32,-4,32,-5,32,-6,32,-4,31,-5,30,-4,30,-3,28,-4,29,-2,28,-1,28,-1,29,0,29,1,28,1,29,2,28,4,28,5,29,5,28,5,28]"
618074707006800,56.256158400,92404,1909696670,-49,-98,6,0,1,7,0,0,256,0,0,"[0,0,-15,-3,-15,-3,-14,-3,-14,-3,-13,-2,-12,-2,-12,-2,-12,-1,-12,-1,-12,-1,-11,0,-11,0,-10,1,-10,1,-11,2,-10,2,-10,1,-10,2,-10,1,-10,1,-10,1,-9,0,-9,0,-8,0,-9,0,-8,-1,0,0,0,0,0,0,0,0,0,0,0,0,0,0,0,0,0,0,0,0,0,0,-16,-2,-16,-3,-17,-4,-16,-4,-17,-5,-17,-6,-17,-7,-17,-8,-16,-8,-16,-9,-16,-9,-15,-8,-15,-8,-14,-8,-14,-7,-15,-7,-15,-7,-15,-6,-15,-5,-15,-5,-15,-5,-16,-4,-16,-4,-16,-4,-16,-4,-15,-3,0,0,-27,-6,-27,-8,-26,-7,-25,-7,-24,-6,-23,-4,-23,-3,-22,-3,-22,-1,-21,0,-21,1,-19,1,-19,2,-19,2,-19,2,-20,2,-19,3,-19,2,-18,3,-19,2,-18,1,-15,1,-15,1,-15,-1,-15,-1,-15,-1,-14,-2,-13,-3,0,0,0,0,0,0,0,0,0,0,0,0,0,0,-29,-1,-29,-3,-29,-7,-29,-7,-29,-9,-28,-10,-31,-13,-31,-14,-31,-14,-30,-16,-28,-17,-28,-18,-27,-17,-27,-17,-25,-18,-25,-16,-26,-15,-25,-14,-26,-14,-27,-12,-26,-12,-27,-10,-28,-9,-28,-9,-29,-9,-27,-10,-29,-9,-27,-9]"
618074726403200,56.275554800,92405,1909722625,-49,-98,6,0,1,7,0,0,256,0,0,"[0,0,6,-14,5,-14,5,-13,4,-13,4,-13,3,-12,3,-12,2,-12,2,-11,2,-11,1,-10,1,-11,0,-10,0,-11,0,-10,0,-10,0,-10,0,-10,0,-10,0,-9,0,-9,1,-9,1,-8,1,-8,1,-7,1,-7,0,0,0,0,0,0,0,0,0,0,0,0,0,0,0,0,0,0,0,0,0,0,4,-15,5,-15,6,-15,6,-15,7,-15,8,-15,9,-15,10,-14,10,-14,10,-13,10,-13,10,-12,10,-12,10,-12,9,-12,9,-12,8,-12,8,-13,7,-14,7,-14,6,-14,6,-14,6,-14,6,-14,6,-14,6,-14,0,0,19,-53,18,-51,17,-51,17,-47,13,-49,12,-46,10,-47,7,-43,6,-41,3,-41,3,-40,2,-40,-1,-38,-1,-37,-3,-39,-3,-36,-4,-38,-3,-36,-2,-35,-1,-34,-1,-33,1,-32,1,-31,4,-31,5,-29,5,-28,8,-27,9,-25,0,0,0,0,0,0,0,0,0,0,0,0,0,0,4,-57,12,-57,15,-56,15,-57,20,-58,22,-57,27,-58,28,-58,32,-59,34,-56,36,-54,37,-52,38,-48,37,-49,37,-49,35,-46,32,-49,30,-45,28,-48,28,-49,25,-52,22,-53,21,-52,19,-55,22,-55,22,-55,22,-55,22,-54]"
618074742611400,56.291763000,92406,1909736741,-49,-98,6,0,1,7,0,0,256,0,0,"[0,0,13,7,13,6,12,6,12,5,12,5,11,4,11,4,11,3,11,2,10,2,10,1,10,1,10,1,10,0,10,0,10,0,9,0,10,0,9,0,9,0,9,1,8,1,8,1,7,1,7,1,7,2,0,0,0,0,0,0,0,0,0,0,0,0,0,0,0,0,0,0,0,0,0,0,14,5,14,5,14,6,14,7,14,8,14,9,14,10,14,11,13,11,12,11,12,11,12,11,11,11,11,10,11,10,12,9,12,9,12,8,12,8,13,8,13,7,13,7,14,7,14,7,14,7,14,7,0,0,51,27,49,25,46,23,46,23,41,22,42,18,41,17,40,14,41,11,39,10,39,8,37,7,37,5,36,5,38,3,36,2,38,4,35,1,37,2,34,3,33,5,31,5,31,6,27,7,27,8,27,9,25,10,24,12,0,0,0,0,0,0,0,0,0,0,0,0,0,0,55,11,55,18,55,20,54,23,54,27,49,30,53,35,53,37,51,39,51,43,46,45,46,44,42,46,43,44,41,44,43,42,41,40,44,36,43,36,47,35,45,31,48,30,49,29,50,30,53,29,52,28,50,28,53,27]"
618074765835300,56.314986900,92407,1909757615,-49,-98,6,0,1,7,0,0,256,0,0,"[0,0,-9,12,-9,12,-8,11,-8,11,-7,10,-6,10,-6,11,-5,10,-5,10,-4,10,-3,9,-3,10,-3,10,-2,10,-2,9,-2,10,-1,10,-2,9,-3,9,-3,9,-3,8,-2,8,-3,8,-3,7,-3,6,-3,6,0,0,0,0,0,0,0,0,0,0,0,0,0,0,0,0,0,0,0,0,0,0,-8,13,-9,13,-10,13,-10,13,-11,13,-12,12,-13,12,-14,12,-14,11,-14,11,-14,10,-14,10,-13,10,-13,10,-12,10,-12,10,-11,10,-11,11,-11,11,-10,12,-10,12,-10,12,-10,12,-9,13,-9,12,-9,12,0,0,-31,47,-29,47,-26,44,-25,45,-23,42,-20,43,-18,40,-16,39,-13,39,-11,39,-11,36,-7,37,-8,38,-6,37,-4,39,-5,35,-5,37,-6,36,-6,33,-6,33,-6,30,-6,32,-9,32,-8,27,-8,25,-9,25,-12,25,-11,22,0,0,0,0,0,0,0,0,0,0,0,0,0,0,-15,54,-23,54,-26,50,-28,50,-32,54,-33,49,-40,51,-42,49,-44,49,-47,47,-48,44,-51,44,-50,42,-48,39,-47,39,-45,37,-41,39,-42,42,-36,40,-39,43,-36,44,-33,47,-35,48,-32,49,-34,48,-32,50,-31,48,-30,48]"
618074783406400,56.332558000,92408,1909776532,-49,-98,6,0,1,7,0,0,256,0,0,"[0,0,-14,8,-13,7,-13,8,-12,7,-12,7,-11,7,-10,7,-9,7,-9,7,-8,8,-8,8,-7,8,-6,8,-6,8,-7,8,-7,8,-6,8,-6,8,-7,7,-6,7,-7,7,-6,6,-6,6,-6,5,-6,5,-7,5,0,0,0,0,0,0,0,0,0,0,0,0,0,0,0,0,0,0,0,0,0,0,-13,10,-14,9,-14,8,-15,8,-15,8,-17,7,-17,6,-18,5,-18,4,-17,4,-17,5,-16,4,-16,5,-15,5,-16,5,-15,5,-15,5,-15,6,-15,6,-15,7,-14,7,-14,7,-14,8,-14,8,-14,8,-14,9,0,0,-24,15,-25,13,-24,14,-22,13,-20,14,-20,13,-18,14,-17,14,-17,13,-15,14,-14,14,-14,14,-12,15,-12,15,-12,15,-11,14,-11,15,-12,15,-11,14,-12,13,-11,13,-11,13,-11,12,-11,11,-11,9,-12,8,-11,8,-12,7,0,0,0,0,0,0,0,0,0,0,0,0,0,0,-21,20,-23,18,-24,16,-26,16,-27,13,-28,13,-30,13,-31,11,-32,10,-32,9,-32,8,-32,7,-32,6,-31,6,-29,6,-28,6,-28,7,-28,8,-28,8,-28,9,-27,11,-27,12,-26,13,-27,14,-27,14,-26,15,-26,15,-27,14]"
618074803403900,56.352555500,92409,1909798245,-49,-98,6,0,1,7,0,0,256,0,0,"[0,0,2,14,3,14,2,13,2,13,2,12,3,11,3,11,4,10,3,10,4,9,4,9,4,8,5,8,5,8,5,8,5,7,5,8,5,7,5,7,4,7,4,7,3,7,3,7,3,7,3,6,2,6,0,0,0,0,0,0,0,0,0,0,0,0,0,0,0,0,0,0,0,0,0,0,4,14,4,14,3,15,2,15,2,16,1,16,0,17,-1,17,-1,17,-2,17,-2,16,-2,15,-2,15,-2,15,-1,14,-1,14,-1,14,0,15,1,14,1,15,2,14,2,14,2,15,2,15,2,15,2,14,0,0,5,28,6,28,5,25,5,25,5,23,6,22,6,21,7,20,7,19,9,18,10,17,9,16,10,16,10,15,10,15,10,15,10,14,9,15,9,14,9,15,8,14,7,15,6,13,6,13,6,12,5,12,3,13,2,13,0,0,0,0,0,0,0,0,0,0,0,0,0,0,14,24,12,26,10,26,7,27,6,29,5,29,4,32,2,31,1,32,-1,33,-2,32,-3,33,-2,30,-2,30,-3,29,-2,28,-1,28,0,28,0,27,2,28,1,28,2,28,3,29,4,29,5,28,6,29,7,28,6,28]"
618074822753500,56.371905100,92410,1909817227,-49,-98,6,0,1,7,0,0,256,0,0,"[0,0,11,10,11,10,10,9,10,8,9,8,9,8,9,7,9,6,9,6,9,5,9,4,9,4,9,4,9,4,9,3,9,3,9,3,9,3,9,3,8,3,8,3,7,4,7,4,6,4,6,4,6,4,0,0,0,0,0,0,0,0,0,0,0,0,0,0,0,0,0,0,0,0,0,0,13,8,12,9,12,10,12,11,12,12,11,13,11,14,10,14,10,14,9,14,9,14,8,14,8,14,8,13,8,13,9,12,9,12,9,12,10,11,10,11,11,11,11,11,11,11,11,11,11,10,11,10,0,0,40,37,44,37,39,33,42,34,38,30,36,28,38,26,37,26,35,22,37,18,35,17,34,15,33,14,34,13,37,12,36,11,35,13,35,12,35,12,33,12,32,12,29,12,28,14,25,13,24,14,22,15,23,16,17,17,0,0,0,0,0,0,0,0,0,0,0,0,0,0,53,24,48,30,46,33,45,36,47,40,44,41,44,48,41,51,40,50,39,56,36,54,33,57,33,55,31,54,29,52,30,50,30,47,36,46,33,43,35,45,35,43,39,41,40,41,41,41,45,42,45,40,42,40,43,38]"
618074843741200,56.392892800,92411,1909839159,-49,-98,6,0,1,7,0,0,256,0,0,"[0,0,-2,14,-2,13,-2,13,-2,12,-1,12,-1,12,-1,11,0,11,0,10,0,10,1,9,1,9,2,9,2,9,2,9,2,8,2,9,1,8,1,8,1,8,1,8,1,8,0,8,0,7,0,6,0,6,0,0,0,0,0,0,0,0,0,0,0,0,0,0,0,0,0,0,0,0,0,0,0,14,-1,14,-2,15,-2,15,-3,15,-4,15,-5,15,-6,15,-7,15,-7,15,-7,14,-6,14,-6,14,-6,13,-6,13,-5,13,-5,13,-5,13,-4,14,-4,14,-3,14,-3,14,-3,14,-2,14,-2,14,-2,14,0,0,-10,57,-8,55,-7,53,-6,50,-4,51,-3,46,-2,47,0,43,2,42,5,40,6,39,6,40,7,38,9,39,10,37,9,36,8,36,9,36,10,35,7,34,6,33,4,33,3,31,2,31,2,31,0,27,-3,26,-6,27,0,0,0,0,0,0,0,0,0,0,0,0,0,0,8,57,0,57,-3,59,-6,59,-11,61,-13,59,-16,62,-20,63,-22,60,-24,62,-28,59,-27,58,-27,56,-28,55,-26,54,-26,55,-23,55,-22,52,-21,53,-17,53,-16,56,-14,56,-15,58,-13,59,-11,58,-10,60,-8,61,-11,58]"
618074864312000,56.413463600,92412,1909857545,-49,-98,6,0,1,7,0,0,256,0,0,"[0,0,10,-10,9,-10,9,-9,9,-9,8,-9,8,-9,7,-9,7,-9,6,-9,6,-9,5,-9,4,-9,4,-9,4,-9,4,-9,4,-9,3,-9,4,-9,4,-8,4,-8,4,-8,4,-7,4,-7,4,-7,4,-6,4,-6,0,0,0,0,0,0,0,0,0,0,0,0,0,0,0,0,0,0,0,0,0,0,9,-11,10,-11,10,-11,11,-10,12,-11,13,-10,14,-9,14,-8,14,-8,14,-8,14,-7,14,-7,13,-7,12,-7,12,-7,12,-7,12,-8,12,-9,11,-9,11,-9,11,-9,11,-10,11,-10,10,-10,10,-10,11,-10,0,0,42,-37,40,-38,39,-34,37,-34,34,-35,30,-35,28,-35,28,-36,25,-34,24,-35,21,-33,19,-33,20,-34,17,-35,18,-34,16,-34,15,-33,17,-32,17,-31,16,-31,16,-29,17,-28,17,-28,17,-25,18,-23,17,-20,19,-20,21,-18,0,0,0,0,0,0,0,0,0,0,0,0,0,0,28,-49,34,-47,39,-43,41,-41,45,-40,46,-38,50,-38,53,-36,56,-34,57,-32,57,-30,56,-29,57,-24,56,-25,54,-27,51,-24,50,-26,49,-27,49,-28,48,-30,47,-31,44,-35,44,-35,44,-37,44,-38,45,-37,43,-37,45,-39]"
618074887512100,56.436663700,92413,1909879378,-49,-98,6,0,1,7,0,0,256,0,0,"[0,0,-9,12,-8,12,-7,11,-8,11,-7,11,-6,10,-5,10,-5,10,-5,10,-4,10,-3,9,-3,10,-2,9,-2,9,-2,10,-2,9,-2,9,-2,9,-2,9,-3,8,-2,8,-3,8,-3,8,-3,7,-3,7,-3,6,0,0,0,0,0,0,0,0,0,0,0,0,0,0,0,0,0,0,0,0,0,0,-7,14,-8,13,-8,14,-9,13,-10,14,-11,13,-12,13,-13,12,-13,12,-13,12,-12,11,-13,11,-12,11,-11,11,-11,10,-11,11,-11,10,-10,11,-10,12,-9,12,-9,12,-9,12,-9,13,-8,13,-8,13,-8,12,0,0,-27,48,-24,49,-24,48,-21,43,-19,44,-17,41,-17,42,-16,42,-12,38,-9,39,-8,38,-5,38,-3,38,-4,38,-1,36,-2,35,-1,39,-4,35,-3,33,-6,34,-7,33,-5,33,-6,30,-7,29,-7,26,-8,24,-10,26,-11,24,0,0,0,0,0,0,0,0,0,0,0,0,0,0,-10,54,-16,54,-21,53,-27,53,-29,53,-30,51,-35,53,-38,53,-41,50,-44,49,-46,45,-46,46,-44,45,-42,43,-40,44,-39,43,-38,43,-37,42,-34,43,-34,44,-32,48,-32,48,-32,48,-31,51,-28,50,-27,51,-25,51,-28,51]"
618074903074300,56.452225900,92414,1909896602,-49,-98,6,0,1,7,0,0,256,0,0,"[0,0,-14,7,-13,6,-13,6,-13,6,-12,6,-11,7,-10,6,-9,7,-9,6,-9,6,-9,6,-8,7,-7,7,-7,7,-7,8,-7,7,-6,7,-7,7,-7,7,-7,6,-7,6,-6,6,-6,5,-6,5,-6,4,-6,4,0,0,0,0,0,0,0,0,0,0,0,0,0,0,0,0,0,0,0,0,0,0,-14,8,-14,7,-15,7,-15,6,-16,6,-17,5,-17,4,-18,3,-17,3,-17,2,-17,2,-16,2,-16,2,-15,2,-15,3,-15,3,-15,4,-15,4,-15,5,-15,5,-14,6,-14,6,-15,6,-15,6,-14,6,-14,6,0,0,-26,12,-25,14,-24,12,-24,12,-22,12,-20,12,-19,12,-19,12,-17,12,-16,13,-15,15,-15,15,-13,14,-12,14,-13,15,-12,14,-13,14,-12,14,-13,14,-14,13,-12,11,-12,12,-13,11,-12,10,-12,9,-12,7,-13,7,-12,7,0,0,0,0,0,0,0,0,0,0,0,0,0,0,-21,20,-24,17,-25,16,-26,14,-28,15,-27,13,-31,11,-31,10,-33,8,-34,6,-33,6,-34,6,-32,5,-31,6,-30,6,-29,6,-28,6,-29,7,-28,6,-29,8,-26,10,-28,10,-27,11,-27,13,-28,12,-27,13,-26,14,-26,13]"
618074923423300,56.472574900,92415,1909916554,-49,-98,6,0,1,7,0,0,256,0,0,"[0,0,-16,3,-14,4,-14,3,-13,3,-14,3,-12,3,-11,3,-12,4,-11,4,-10,4,-10,5,-9,5,-9,5,-9,5,-9,5,-9,5,-8,5,-9,6,-9,5,-8,4,-9,4,-8,4,-8,3,-7,4,-7,3,-8,2,0,0,0,0,0,0,0,0,0,0,0,0,0,0,0,0,0,0,0,0,0,0,-15,5,-16,5,-15,4,-17,3,-17,3,-18,2,-18,1,-18,0,-18,-1,-17,0,-17,0,-17,0,-17,0,-16,0,-16,-1,-15,0,-16,0,-15,1,-16,1,-16,2,-16,2,-15,2,-16,3,-16,4,-15,4,-16,4,0,0,-29,3,-27,2,-26,2,-26,3,-24,3,-24,4,-22,4,-22,4,-21,4,-20,6,-19,7,-18,7,-17,7,-17,9,-17,8,-17,8,-17,9,-16,8,-18,7,-17,6,-16,5,-16,5,-15,5,-15,5,-13,3,-15,3,-14,2,-14,2,0,0,0,0,0,0,0,0,0,0,0,0,0,0,-27,10,-29,7,-29,5,-29,3,-30,2,-30,0,-32,-1,-33,-3,-33,-4,-33,-5,-32,-7,-31,-7,-31,-7,-31,-7,-29,-7,-28,-6,-29,-5,-28,-4,-28,-5,-29,-3,-29,-1,-30,-1,-29,0,-30,0,-29,1,-30,1,-29,2,-30,2]"
618074941486600,56.490638200,92416,1909937323,-49,-98,6,0,1,7,0,0,256,0,0,"[0,0,13,5,13,4,13,4,13,3,12,3,12,3,11,2,11,2,11,1,10,0,10,-1,10,-1,10,-1,9,-1,10,-1,9,-1,9,-2,9,-1,9,-1,9,-1,8,0,8,0,8,0,7,0,7,0,7,1,0,0,0,0,0,0,0,0,0,0,0,0,0,0,0,0,0,0,0,0,0,0,15,2,15,3,15,4,14,5,15,6,15,7,15,8,15,9,14,9,14,9,14,8,13,8,13,8,13,8,12,8,13,8,13,7,13,7,13,6,14,6,14,6,14,5,15,5,14,4,14,4,14,4,0,0,55,18,54,17,52,15,50,13,45,13,44,9,45,9,42,7,43,7,38,3,38,3,39,0,37,-2,37,-2,37,-4,39,-3,36,-3,39,-2,36,-2,36,-2,36,0,31,-1,30,1,28,3,29,4,28,4,25,6,24,6,0,0,0,0,0,0,0,0,0,0,0,0,0,0,57,1,57,7,57,11,58,14,56,16,58,20,57,23,60,27,57,31,58,33,55,37,52,35,51,36,50,37,49,34,48,32,48,31,47,27,48,28,50,26,51,24,50,24,52,21,54,20,57,18,54,17,53,18,58,18]"
618074968090600,56.517242200,92417,1909960702,-49,-98,6,0,1,7,0,0,256,0,0,"[0,0,12,-8,10,-8,10,-8,10,-8,9,-8,9,-8,8,-8,8,-8,7,-8,7,-8,6,-8,5,-8,5,-8,5,-8,5,-9,4,-8,4,-9,4,-8,5,-8,5,-8,5,-7,5,-7,5,-7,4,-6,5,-6,5,-5,0,0,0,0,0,0,0,0,0,0,0,0,0,0,0,0,0,0,0,0,0,0,11,-10,11,-10,12,-9,12,-9,14,-9,14,-8,15,-7,16,-6,15,-6,15,-6,15,-5,14,-5,14,-5,13,-5,13,-5,13,-6,13,-6,13,-7,12,-7,12,-7,12,-8,12,-8,12,-8,12,-9,12,-9,12,-9,0,0,22,-16,22,-16,21,-17,20,-15,19,-15,17,-15,17,-15,15,-15,14,-15,13,-16,12,-16,11,-16,10,-16,9,-17,10,-15,9,-17,9,-16,9,-16,9,-15,10,-14,10,-14,10,-13,9,-13,9,-11,9,-11,9,-10,10,-10,11,-8,0,0,0,0,0,0,0,0,0,0,0,0,0,0,16,-23,19,-22,22,-19,22,-18,23,-18,25,-16,27,-17,28,-15,28,-14,30,-12,30,-11,30,-11,29,-10,29,-10,27,-9,27,-10,26,-11,26,-11,26,-12,26,-13,24,-13,25,-15,25,-15,24,-16,24,-17,23,-17,23,-17,24,-17]"
618074982888700,56.532040300,92418,1909976467,-49,-98,6,0,1,7,0,0,256,0,0,"[0,0,-4,15,-4,14,-4,13,-3,13,-2,12,-2,12,-2,12,-2,11,-1,11,0,10,0,10,0,10,1,10,1,10,1,9,1,9,1,9,1,9,1,9,0,8,0,9,1,8,0,8,-1,8,-1,7,-1,7,0,0,0,0,0,0,0,0,0,0,0,0,0,0,0,0,0,0,0,0,0,0,-3,15,-4,15,-4,15,-5,15,-6,16,-7,15,-8,15,-9,15,-9,15,-10,14,-10,14,-9,13,-9,13,-8,13,-8,13,-7,13,-7,13,-7,13,-6,14,-5,14,-5,14,-5,15,-5,15,-5,15,-4,15,-4,14,0,0,-5,28,-4,26,-5,26,-4,25,-3,24,-1,23,-1,23,-1,21,0,20,1,19,2,19,3,19,4,19,4,18,5,17,3,18,5,17,5,17,4,17,4,16,2,16,3,16,1,14,1,15,1,14,0,13,-1,13,-2,13,0,0,0,0,0,0,0,0,0,0,0,0,0,0,2,28,0,29,-2,28,-4,30,-6,29,-8,30,-10,30,-11,32,-12,30,-12,30,-15,29,-14,28,-15,28,-15,26,-14,25,-13,26,-13,27,-11,25,-10,26,-10,26,-9,28,-7,27,-7,27,-7,29,-6,28,-5,28,-5,30,-5,29]"
618075006896300,56.556047900,92419,1910000763,-49,-98,6,0,1,7,0,0,256,0,0,"[0,0,-15,5,-14,5,-14,5,-13,5,-12,4,-12,5,-11,5,-11,5,-10,5,-9,6,-9,6,-8,6,-8,6,-8,6,-8,7,-8,6,-7,6,-8,7,-8,6,-8,5,-8,5,-7,5,-7,5,-7,4,-7,4,-7,3,0,0,0,0,0,0,0,0,0,0,0,0,0,0,0,0,0,0,0,0,0,0,-15,6,-15,6,-15,5,-16,5,-17,4,-18,3,-19,2,-18,1,-18,1,-18,0,-18,0,-17,0,-16,0,-16,0,-16,1,-16,1,-16,2,-16,3,-16,3,-15,3,-15,3,-15,4,-16,4,-15,5,-15,5,-15,5,0,0,-25,11,-24,13,-25,12,-23,11,-21,11,-20,12,-19,13,-17,12,-16,12,-16,14,-15,13,-14,13,-14,13,-13,14,-13,14,-13,14,-11,14,-13,14,-12,13,-13,12,-13,11,-12,11,-11,10,-11,10,-12,8,-11,7,-12,7,-12,6,0,0,0,0,0,0,0,0,0,0,0,0,0,0,-21,19,-24,17,-25,15,-26,14,-27,12,-28,12,-30,10,-32,10,-32,9,-33,6,-32,6,-32,5,-32,4,-31,4,-30,4,-29,5,-29,6,-28,6,-28,7,-29,8,-27,9,-27,10,-27,12,-26,12,-27,11,-28,13,-27,12,-27,12]"
618075026989400,56.576141000,92420,1910018558,-49,-98,6,0,1,7,0,0,256,0,0,"[0,0,10,-12,9,-12,8,-11,8,-11,7,-11,7,-11,6,-10,6,-10,6,-10,5,-10,4,-10,3,-10,3,-10,2,-10,3,-11,3,-10,2,-10,3,-10,3,-10,3,-9,3,-9,3,-9,3,-8,3,-8,3,-7,4,-7,0,0,0,0,0,0,0,0,0,0,0,0,0,0,0,0,0,0,0,0,0,0,8,-13,9,-13,10,-13,10,-13,11,-12,12,-12,13,-11,14,-11,14,-10,14,-10,14,-10,13,-9,13,-9,12,-9,12,-9,12,-9,11,-10,11,-10,10,-11,11,-11,10,-11,10,-12,11,-12,9,-12,9,-12,10,-12,0,0,33,-46,28,-48,28,-46,26,-42,22,-43,22,-41,20,-41,18,-39,15,-40,12,-38,10,-38,8,-39,6,-40,6,-39,6,-37,6,-37,4,-35,5,-36,5,-36,5,-35,6,-32,6,-34,7,-29,10,-31,12,-28,11,-25,11,-23,13,-23,0,0,0,0,0,0,0,0,0,0,0,0,0,0,17,-55,24,-54,26,-53,34,-51,34,-51,35,-49,39,-50,44,-48,46,-45,51,-44,53,-41,50,-40,48,-39,48,-37,47,-39,45,-40,45,-40,43,-38,40,-41,39,-41,38,-44,36,-45,33,-47,36,-48,33,-48,32,-50,33,-48,34,-52]"
618075043558100,56.592709700,92421,1910036678,-49,-98,6,0,1,7,0,0,256,0,0,"[0,0,-5,14,-4,14,-4,14,-4,13,-3,13,-3,12,-3,12,-2,11,-2,11,-1,11,0,10,0,10,1,10,1,10,1,10,1,10,1,10,1,10,0,9,0,9,0,9,0,9,0,8,-1,8,-1,7,-1,7,0,0,0,0,0,0,0,0,0,0,0,0,0,0,0,0,0,0,0,0,0,0,-3,16,-4,16,-5,16,-6,16,-7,16,-8,16,-9,16,-10,15,-10,15,-10,15,-10,14,-9,14,-9,14,-9,14,-8,14,-8,13,-8,13,-8,13,-7,14,-6,14,-6,14,-6,15,-6,15,-5,15,-5,15,-5,15,0,0,-10,26,-9,25,-8,25,-7,23,-7,23,-6,23,-6,22,-5,21,-4,20,-2,20,-1,19,-1,19,1,18,0,18,1,18,1,17,1,18,1,18,2,17,-1,17,-2,16,0,16,-1,16,-1,14,-2,14,-3,14,-4,13,-4,13,0,0,0,0,0,0,0,0,0,0,0,0,0,0,-2,28,-4,28,-7,28,-8,28,-9,29,-11,28,-14,29,-15,29,-17,27,-20,27,-19,26,-19,26,-18,24,-18,24,-18,24,-16,23,-16,24,-16,23,-14,23,-14,25,-12,24,-12,25,-13,26,-11,26,-11,27,-9,27,-9,28,-9,27]"
618075069571300,56.618722900,92422,1910062340,-49,-98,6,0,1,7,0,0,256,0,0,"[0,0,-14,7,-14,7,-13,6,-13,7,-12,6,-11,7,-10,6,-10,6,-9,7,-9,7,-8,7,-7,7,-7,7,-7,8,-7,8,-7,7,-7,8,-7,7,-7,7,-7,7,-7,6,-7,6,-7,6,-6,5,-7,5,-7,4,0,0,0,0,0,0,0,0,0,0,0,0,0,0,0,0,0,0,0,0,0,0,-14,9,-14,8,-15,8,-15,7,-17,7,-17,6,-18,5,-19,4,-18,4,-18,3,-17,3,-17,3,-17,3,-16,3,-16,4,-16,4,-15,4,-16,5,-15,5,-14,6,-15,6,-15,6,-15,7,-14,7,-14,7,-14,7,0,0,-24,14,-23,13,-23,13,-21,13,-20,13,-19,13,-18,14,-16,13,-16,14,-15,13,-14,14,-14,14,-12,14,-11,14,-11,15,-11,14,-11,15,-11,14,-11,14,-11,13,-11,12,-10,12,-11,11,-11,10,-11,8,-11,8,-11,8,-11,7,0,0,0,0,0,0,0,0,0,0,0,0,0,0,-21,19,-23,17,-26,16,-25,14,-27,15,-27,13,-30,12,-31,10,-31,10,-32,9,-32,7,-32,6,-31,5,-31,4,-29,4,-29,5,-28,6,-28,8,-27,9,-28,9,-26,10,-27,12,-25,12,-26,13,-27,12,-26,13,-26,13,-26,13]"
618075083213600,56.632365200,92423,1910076682,-49,-98,6,0,1,7,0,0,256,0,0,"[0,0,15,0,15,-1,14,-1,14,-1,13,-1,12,-1,12,-2,11,-2,11,-3,11,-3,10,-4,10,-4,10,-4,9,-4,9,-5,9,-5,9,-5,9,-4,9,-4,9,-4,9,-4,8,-3,8,-3,7,-2,8,-2,7,-2,0,0,0,0,0,0,0,0,0,0,0,0,0,0,0,0,0,0,0,0,0,0,16,-2,16,-1,16,0,16,1,17,2,17,2,17,3,17,5,17,5,17,5,16,5,15,5,15,5,15,5,15,4,15,3,15,3,15,2,15,2,15,1,15,1,16,0,16,1,16,0,16,0,16,0,0,0,28,0,27,0,25,0,26,0,23,-1,22,-3,21,-3,21,-5,20,-4,20,-5,19,-5,18,-6,17,-6,17,-7,17,-9,18,-8,17,-8,17,-8,16,-8,15,-6,16,-6,15,-7,15,-5,14,-4,15,-3,13,-3,14,-2,13,-1,0,0,0,0,0,0,0,0,0,0,0,0,0,0,28,-5,28,-2,29,0,29,1,30,1,29,3,32,5,31,7,32,8,31,9,30,9,30,11,28,13,28,12,27,12,25,11,25,9,27,7,26,6,29,6,27,4,27,2,28,2,29,1,30,2,29,3,29,2,28,2]"
618075101519100,56.650670700,92424,1910096567,-49,-98,6,0,1,7,0,0,256,0,0,"[0,0,4,13,4,12,4,11,4,11,4,10,4,10,5,9,5,9,5,8,5,8,5,7,5,7,6,7,6,6,6,6,5,6,6,6,5,6,5,6,5,6,5,6,4,6,4,6,3,6,3,5,3,5,0,0,0,0,0,0,0,0,0,0,0,0,0,0,0,0,0,0,0,0,0,0,6,12,6,12,5,14,4,14,4,15,3,15,2,15,2,16,1,15,1,16,1,15,1,15,1,14,1,14,1,13,1,14,1,13,3,13,3,13,3,13,4,13,4,13,4,13,4,13,5,13,4,13,0,0,12,24,13,25,12,23,12,22,12,21,12,20,12,19,12,18,12,16,14,15,14,14,14,14,14,12,14,11,15,12,14,11,14,11,14,11,14,11,13,12,13,10,11,12,11,11,9,10,9,10,8,9,7,12,5,11,0,0,0,0,0,0,0,0,0,0,0,0,0,0,20,22,18,24,16,24,14,25,15,27,13,28,11,31,9,31,10,32,7,33,7,32,4,33,4,32,4,31,4,30,5,29,6,28,7,28,8,27,8,28,9,27,11,27,11,27,12,26,12,27,13,27,13,26,14,26]"
618075121415600,56.670567200,92425,1910116557,-49,-98,6,0,1,7,0,0,256,0,0,"[0,0,9,11,9,11,8,10,8,10,8,9,8,9,8,8,8,8,8,7,8,6,8,5,8,5,9,5,8,5,8,4,8,4,8,4,8,4,8,4,7,4,7,4,6,5,6,4,6,4,5,4,5,4,0,0,0,0,0,0,0,0,0,0,0,0,0,0,0,0,0,0,0,0,0,0,10,11,10,11,10,13,9,13,9,14,8,14,8,15,7,16,6,15,6,16,5,15,5,15,5,15,5,14,5,14,6,13,6,12,7,13,7,13,8,12,8,13,8,12,9,12,9,12,9,12,9,11,0,0,19,21,18,19,17,18,17,17,16,17,16,15,17,14,17,13,17,12,16,10,16,9,17,9,16,8,17,8,17,7,16,7,16,7,17,7,16,6,16,7,14,7,14,7,13,7,12,7,11,8,11,8,9,9,8,9,0,0,0,0,0,0,0,0,0,0,0,0,0,0,24,14,22,18,21,18,21,21,19,22,18,23,19,25,18,26,17,27,16,28,14,28,13,28,13,28,13,27,13,27,13,26,13,26,13,24,14,24,14,24,16,22,17,22,17,21,19,23,20,21,19,21,19,21,19,20]"
618075142165300,56.691316900,92426,1910137501,-49,-98,6,0,1,7,0,0,256,0,0,"[0,0,2,13,3,13,3,12,3,12,3,11,3,11,3,10,3,10,3,9,4,8,4,8,4,8,5,8,5,7,5,7,5,7,5,7,5,7,4,7,4,7,4,7,4,7,3,6,2,6,2,6,2,6,0,0,0,0,0,0,0,0,0,0,0,0,0,0,0,0,0,0,0,0,0,0,5,13,4,14,4,14,3,15,2,15,1,16,1,16,0,16,0,16,-1,16,-1,15,-2,15,-1,15,-1,14,-1,14,0,14,0,14,1,13,1,14,2,14,2,14,2,14,2,14,2,14,3,14,3,13,0,0,7,27,6,27,6,25,7,24,7,23,6,22,8,22,8,19,9,19,9,18,10,16,11,17,10,15,11,15,11,14,12,14,11,14,11,14,11,14,11,14,9,13,8,13,7,13,7,12,5,13,5,12,5,13,3,13,0,0,0,0,0,0,0,0,0,0,0,0,0,0,14,25,10,28,9,28,7,28,6,30,4,30,4,33,2,33,0,33,-1,34,-3,32,-3,33,-4,31,-3,30,-3,31,-3,30,-2,29,-1,28,0,27,2,29,2,28,3,29,4,29,5,29,6,29,6,29,6,30,5,30]"
618075164037900,56.713189500,92427,1910156376,-49,-98,6,0,1,7,0,0,256,0,0,"[0,0,-13,9,-12,9,-12,9,-11,8,-11,9,-10,8,-9,8,-8,8,-8,8,-7,8,-7,8,-6,8,-6,8,-6,9,-5,8,-5,9,-5,8,-5,8,-5,8,-5,8,-5,7,-5,7,-5,6,-5,6,-6,6,-6,5,0,0,0,0,0,0,0,0,0,0,0,0,0,0,0,0,0,0,0,0,0,0,-12,11,-13,11,-13,10,-14,10,-15,9,-16,9,-17,8,-17,7,-17,7,-17,6,-17,6,-17,5,-16,6,-15,5,-15,6,-15,6,-15,7,-14,7,-14,8,-13,8,-14,8,-13,9,-14,9,-13,9,-13,10,-13,9,0,0,-23,16,-23,15,-22,15,-21,15,-19,15,-19,14,-18,15,-17,15,-14,15,-14,15,-13,16,-12,15,-11,15,-10,16,-10,16,-9,16,-10,16,-9,15,-10,15,-10,15,-10,13,-10,13,-10,13,-10,11,-10,10,-10,9,-11,10,-10,8,0,0,0,0,0,0,0,0,0,0,0,0,0,0,-20,22,-23,19,-24,18,-24,16,-26,18,-28,15,-30,15,-30,13,-32,12,-33,11,-32,9,-33,9,-32,9,-31,7,-30,8,-29,8,-28,9,-28,10,-27,10,-28,12,-26,13,-25,14,-26,14,-26,15,-26,16,-25,16,-24,17,-24,15]"
618075184211500,56.733363100,92428,1910176548,-49,-98,6,0,1,7,0,0,256,0,0,"[0,0,-2,-14,-2,-15,-2,-13,-2,-13,-2,-12,-2,-12,-3,-12,-3,-11,-3,-10,-4,-10,-4,-10,-4,-10,-4,-9,-5,-9,-5,-9,-5,-8,-5,-9,-5,-8,-4,-8,-4,-8,-4,-8,-3,-8,-3,-8,-3,-7,-2,-7,-2,-7,0,0,0,0,0,0,0,0,0,0,0,0,0,0,0,0,0,0,0,0,0,0,-3,-15,-2,-15,-2,-16,-2,-16,-1,-17,0,-16,1,-17,2,-17,2,-17,3,-17,3,-16,3,-15,3,-15,2,-15,2,-14,1,-15,1,-14,1,-15,0,-14,0,-15,-1,-15,-2,-15,-1,-16,-1,-15,-2,-15,-1,-15,0,0,-6,-27,-6,-28,-5,-25,-5,-24,-6,-24,-7,-23,-7,-22,-7,-21,-8,-19,-9,-18,-10,-17,-10,-17,-11,-17,-11,-17,-11,-15,-10,-15,-11,-15,-10,-16,-10,-15,-9,-15,-9,-15,-8,-15,-7,-14,-6,-14,-6,-13,-5,-13,-4,-14,-3,-14,0,0,0,0,0,0,0,0,0,0,0,0,0,0,-15,-26,-12,-28,-10,-27,-9,-29,-6,-30,-5,-30,-4,-32,-3,-33,-2,-33,0,-34,1,-32,1,-33,2,-32,1,-30,1,-29,1,-29,0,-29,0,-28,-1,-28,-1,-28,-2,-29,-3,-30,-4,-29,-4,-30,-6,-29,-7,-30,-6,-28,-6,-28]"
618075203571300,56.752722900,92429,1910196477,-49,-98,6,0,1,7,0,0,256,0,0,"[0,0,4,-15,3,-15,3,-14,3,-14,2,-13,2,-13,1,-12,1,-12,1,-12,0,-12,0,-11,-1,-11,-2,-11,-2,-11,-2,-11,-2,-10,-2,-11,-2,-10,-1,-10,-1,-10,-1,-9,-1,-10,-1,-9,-1,-8,0,-8,0,-8,0,0,0,0,0,0,0,0,0,0,0,0,0,0,0,0,0,0,0,0,0,0,2,-16,4,-16,4,-17,5,-17,6,-17,7,-16,8,-16,9,-16,9,-16,9,-16,9,-15,9,-14,8,-14,8,-14,8,-14,7,-14,6,-14,6,-14,6,-15,5,-15,5,-15,5,-16,5,-16,4,-16,4,-16,4,-16,0,0,7,-27,7,-27,7,-27,6,-25,5,-24,4,-22,3,-23,2,-23,1,-21,0,-20,-1,-20,-2,-20,-2,-20,-2,-20,-3,-18,-3,-19,-3,-18,-3,-19,-3,-18,-2,-18,-2,-16,0,-17,-1,-16,-1,-15,0,-14,1,-14,2,-14,3,-13,0,0,0,0,0,0,0,0,0,0,0,0,0,0,0,-30,4,-30,5,-29,8,-31,9,-29,11,-30,12,-30,14,-31,15,-29,16,-30,18,-29,17,-28,18,-27,17,-27,16,-25,17,-26,15,-26,13,-24,13,-25,12,-25,12,-27,10,-27,10,-28,9,-29,8,-28,9,-28,9,-29,9,-30]"
618075222792100,56.771943700,92430,1910218290,-49,-98,6,0,1,7,0,0,256,0,0,"[0,0,-8,12,-8,13,-7,12,-7,12,-6,11,-6,11,-5,10,-4,10,-4,10,-4,10,-3,10,-3,10,-2,10,-2,10,-1,10,-2,10,-1,10,-2,9,-2,9,-2,9,-2,8,-2,8,-2,7,-3,7,-3,7,-3,7,0,0,0,0,0,0,0,0,0,0,0,0,0,0,0,0,0,0,0,0,0,0,-7,14,-8,14,-9,14,-10,14,-11,14,-12,13,-13,13,-14,12,-13,12,-13,12,-13,11,-13,11,-13,10,-12,10,-11,11,-11,11,-11,11,-11,11,-10,12,-10,12,-9,12,-9,13,-9,13,-9,14,-8,13,-8,13,0,0,-33,46,-30,46,-29,43,-26,45,-24,42,-22,41,-19,41,-20,38,-18,38,-14,37,-10,38,-9,37,-8,37,-6,37,-6,36,-7,36,-6,37,-7,34,-8,33,-9,34,-8,31,-8,30,-9,32,-10,28,-9,26,-11,24,-13,25,-13,23,0,0,0,0,0,0,0,0,0,0,0,0,0,0,-17,57,-22,55,-26,53,-31,51,-33,53,-34,48,-41,50,-44,49,-48,47,-49,42,-50,42,-50,43,-48,40,-48,39,-46,39,-44,38,-42,38,-41,38,-40,39,-40,41,-37,43,-38,44,-36,47,-38,47,-33,48,-32,49,-31,49,-32,47]"
618075245592500,56.794744100,92431,1910240633,-50,-98,6,0,1,7,0,0,256,0,0,"[0,0,-1,15,0,14,0,14,0,13,0,13,1,12,1,11,1,11,1,11,2,10,3,10,3,10,3,9,4,9,3,9,4,8,4,8,4,8,3,8,3,8,3,8,2,8,2,8,2,7,1,7,1,7,0,0,0,0,0,0,0,0,0,0,0,0,0,0,0,0,0,0,0,0,0,0,0,15,0,16,-1,16,-2,16,-3,17,-4,17,-5,17,-6,17,-6,17,-6,16,-6,16,-6,15,-6,15,-6,15,-5,15,-4,14,-4,15,-3,15,-3,15,-2,15,-2,15,-1,16,-1,16,-1,16,-1,16,-1,15,0,0,-2,28,-3,28,-2,26,0,25,0,24,1,24,1,22,2,22,3,21,3,19,4,18,5,18,5,18,5,17,7,17,6,16,7,18,6,16,6,16,5,16,5,15,4,15,3,15,3,14,3,13,2,12,1,13,0,12,0,0,0,0,0,0,0,0,0,0,0,0,0,0,5,29,2,30,-1,30,-1,30,-3,31,-4,31,-7,33,-8,32,-9,32,-10,32,-12,30,-13,32,-12,30,-12,28,-12,29,-11,28,-10,27,-9,27,-8,28,-8,28,-6,27,-4,28,-4,29,-4,29,-3,29,-3,30,-2,30,-3,28]"
618075261231400,56.810383000,92432,1910256561,-49,-98,6,0,1,7,0,0,256,0,0,"[0,0,4,13,4,12,4,12,4,11,4,11,4,11,4,10,5,9,4,8,5,8,5,7,5,7,5,7,6,7,6,6,6,6,5,6,6,6,5,6,5,6,5,6,4,6,4,6,3,6,3,5,3,6,0,0,0,0,0,0,0,0,0,0,0,0,0,0,0,0,0,0,0,0,0,0,6,13,5,14,5,14,4,15,4,15,3,16,2,16,1,16,1,16,0,16,0,15,0,15,0,15,0,15,0,14,1,13,1,14,2,14,2,14,3,14,3,14,4,14,4,14,4,14,4,14,4,13,0,0,10,25,10,24,10,24,10,22,11,21,11,20,10,19,10,17,11,17,11,14,12,13,12,14,13,13,12,13,14,12,13,12,12,13,13,11,13,11,11,11,11,12,9,12,9,11,8,11,8,11,6,11,6,11,4,11,0,0,0,0,0,0,0,0,0,0,0,0,0,0,19,22,16,23,15,25,14,26,12,27,11,28,10,30,8,32,7,32,7,32,5,32,4,31,4,30,4,30,3,30,4,28,4,28,4,27,5,27,6,27,7,26,8,26,8,26,9,27,11,27,11,26,12,26,12,26]"
618075281177200,56.830328800,92433,1910276539,-49,-98,6,0,1,7,0,0,256,0,0,"[0,0,11,10,10,9,10,9,10,8,10,7,10,7,9,6,10,6,9,5,9,4,9,4,9,3,9,3,9,3,9,2,9,2,9,3,9,2,9,2,9,2,8,3,7,3,7,3,7,3,6,3,6,3,0,0,0,0,0,0,0,0,0,0,0,0,0,0,0,0,0,0,0,0,0,0,12,9,12,10,12,11,11,11,11,12,11,13,10,14,10,14,9,14,8,15,8,14,8,14,8,13,7,13,8,13,9,12,9,12,9,11,10,11,10,11,10,11,11,11,11,11,11,10,11,10,12,9,0,0,40,35,42,34,39,31,41,31,36,28,38,26,35,25,36,23,36,19,35,17,35,15,35,14,34,12,32,11,37,10,36,10,35,10,34,9,34,9,33,10,32,11,28,12,28,13,26,11,26,13,23,12,22,16,21,15,0,0,0,0,0,0,0,0,0,0,0,0,0,0,52,26,49,32,46,36,44,37,46,40,42,42,44,47,43,52,41,51,38,55,34,54,33,58,32,56,30,55,28,52,30,48,30,45,34,46,32,43,36,44,36,43,39,40,41,40,40,38,43,42,44,40,43,39,45,38]"
618075305160200,56.854311800,92434,1910296625,-49,-98,6,0,1,7,0,0,256,0,0,"[0,0,-2,-15,-2,-14,-3,-14,-2,-13,-3,-13,-3,-12,-3,-12,-3,-11,-4,-10,-4,-10,-5,-9,-5,-9,-5,-9,-5,-9,-5,-9,-5,-9,-6,-8,-5,-8,-5,-8,-4,-8,-4,-8,-4,-8,-3,-8,-3,-7,-3,-7,-2,-7,0,0,0,0,0,0,0,0,0,0,0,0,0,0,0,0,0,0,0,0,0,0,-4,-15,-3,-16,-3,-16,-2,-16,-1,-17,0,-17,0,-17,1,-17,2,-17,2,-17,2,-16,2,-16,2,-16,1,-16,1,-15,1,-15,0,-15,0,-15,-1,-15,-1,-15,-1,-15,-2,-15,-2,-15,-3,-15,-3,-15,-3,-15,0,0,-2,-27,-3,-29,-3,-27,-4,-24,-3,-24,-5,-23,-5,-22,-5,-21,-6,-20,-6,-19,-8,-19,-8,-19,-9,-18,-9,-17,-9,-17,-9,-16,-9,-16,-9,-16,-9,-16,-8,-15,-8,-15,-7,-16,-6,-15,-5,-15,-5,-14,-4,-13,-3,-14,-2,-14,0,0,0,0,0,0,0,0,0,0,0,0,0,0,-9,-28,-7,-29,-5,-30,-5,-30,-2,-31,-1,-32,1,-33,2,-33,4,-33,6,-34,7,-33,8,-32,7,-31,8,-30,7,-29,6,-29,5,-29,4,-28,3,-28,3,-29,1,-28,1,-30,0,-30,-1,-30,-1,-31,-2,-29,-3,-30,-2,-30]"
618075324895300,56.874046900,92435,1910318906,-49,-98,6,0,1,7,0,0,256,0,0,"[0,0,12,-8,11,-8,10,-8,10,-7,10,-7,9,-8,8,-7,8,-8,7,-7,7,-8,6,-8,6,-8,6,-8,5,-8,5,-8,5,-8,5,-8,5,-8,5,-8,5,-7,5,-7,5,-6,5,-6,5,-6,5,-5,5,-5,0,0,0,0,0,0,0,0,0,0,0,0,0,0,0,0,0,0,0,0,0,0,12,-9,12,-9,13,-8,13,-7,14,-7,15,-7,15,-6,16,-5,16,-5,15,-4,15,-4,15,-4,15,-4,14,-4,14,-4,13,-5,13,-5,13,-6,13,-6,12,-7,13,-7,13,-7,13,-8,12,-8,12,-8,12,-8,0,0,26,-11,23,-12,24,-11,22,-11,21,-12,19,-11,19,-12,17,-12,17,-12,16,-13,14,-13,13,-14,14,-14,13,-15,12,-14,13,-14,11,-14,12,-13,11,-13,12,-12,12,-12,12,-11,11,-10,11,-10,12,-9,11,-8,11,-8,11,-6,0,0,0,0,0,0,0,0,0,0,0,0,0,0,22,-19,24,-16,25,-15,27,-14,27,-12,29,-11,29,-11,31,-8,31,-7,33,-5,33,-5,32,-5,30,-4,30,-4,29,-4,29,-4,29,-5,27,-5,28,-6,27,-6,26,-8,27,-9,26,-10,27,-11,27,-11,26,-12,26,-13,26,-12]"
618075343492300,56.892643900,92436,1910339011,-49,-98,6,0,1,7,0,0,256,0,0,"[0,0,-16,0,-15,0,-15,0,-15,1,-13,1,-13,1,-12,1,-12,2,-12,2,-11,3,-11,3,-10,3,-10,3,-10,4,-10,4,-10,4,-10,4,-10,4,-9,3,-9,4,-9,3,-8,3,-9,2,-8,2,-8,1,-8,1,0,0,0,0,0,0,0,0,0,0,0,0,0,0,0,0,0,0,0,0,0,0,-17,3,-17,2,-18,1,-18,0,-18,0,-19,-1,-19,-3,-19,-3,-18,-4,-18,-4,-18,-4,-17,-4,-17,-4,-16,-4,-16,-3,-16,-3,-16,-2,-16,-2,-16,-1,-16,-1,-16,-1,-17,0,-17,0,-17,1,-16,0,-16,1,0,0,-28,1,-28,1,-26,1,-25,1,-25,2,-24,3,-22,3,-22,3,-21,4,-20,5,-20,5,-19,6,-18,6,-17,7,-18,7,-17,8,-16,7,-18,7,-17,7,-17,7,-16,6,-16,5,-14,4,-15,4,-14,2,-14,3,-14,2,-13,1,0,0,0,0,0,0,0,0,0,0,0,0,0,0,-29,7,-29,4,-30,1,-30,0,-31,1,-31,-2,-32,-4,-34,-6,-33,-6,-33,-8,-33,-9,-32,-10,-31,-11,-30,-11,-28,-10,-28,-9,-28,-6,-28,-7,-29,-6,-28,-5,-29,-4,-29,-2,-29,-2,-30,-1,-30,-1,-30,0,-30,-1,-30,-1]"
618075363225300,56.912376900,92437,1910356944,-49,-98,6,0,1,7,0,0,256,0,0,"[0,0,-15,4,-14,4,-14,4,-14,4,-13,4,-12,4,-11,5,-11,5,-11,5,-10,5,-9,5,-9,5,-9,6,-8,6,-8,6,-8,6,-8,6,-8,6,-8,6,-8,6,-8,5,-7,5,-7,4,-7,3,-7,3,-7,3,0,0,0,0,0,0,0,0,0,0,0,0,0,0,0,0,0,0,0,0,0,0,-15,5,-16,4,-17,3,-17,3,-18,2,-18,1,-18,1,-19,0,-18,0,-18,-1,-18,-2,-17,-1,-17,-2,-16,-1,-16,0,-16,0,-16,1,-16,1,-16,1,-16,2,-15,3,-16,3,-16,3,-16,3,-15,4,-16,4,0,0,-28,8,-26,9,-25,9,-23,10,-23,8,-21,8,-21,10,-20,10,-18,11,-19,10,-17,10,-15,12,-15,11,-14,11,-15,13,-15,12,-13,12,-13,12,-14,11,-14,11,-14,10,-13,9,-13,8,-12,8,-12,7,-12,7,-13,6,-12,5,0,0,0,0,0,0,0,0,0,0,0,0,0,0,-24,16,-26,14,-27,11,-28,10,-29,11,-29,9,-31,6,-33,5,-33,5,-34,2,-34,3,-33,0,-33,-1,-32,-1,-30,0,-30,1,-29,2,-29,3,-29,4,-29,4,-28,5,-29,7,-28,7,-28,8,-30,8,-29,8,-28,9,-28,9]"
618075381665000,56.930816600,92438,1910376570,-49,-98,6,0,1,7,0,0,256,0,0,"[0,0,-13,8,-13,8,-12,8,-12,7,-11,7,-11,7,-10,7,-9,7,-9,7,-8,7,-8,8,-7,8,-6,8,-7,8,-6,8,-6,8,-6,7,-6,8,-6,7,-6,7,-7,7,-6,6,-6,6,-6,5,-6,5,-6,4,0,0,0,0,0,0,0,0,0,0,0,0,0,0,0,0,0,0,0,0,0,0,-13,10,-13,9,-15,9,-15,9,-16,8,-17,7,-17,6,-18,5,-18,5,-17,4,-17,5,-17,4,-16,4,-16,4,-16,4,-15,5,-15,5,-15,5,-15,6,-14,6,-14,7,-14,7,-14,8,-14,8,-13,8,-13,8,0,0,-22,15,-22,16,-22,16,-20,15,-18,15,-18,15,-17,15,-16,14,-15,14,-14,15,-12,15,-11,15,-11,16,-10,17,-10,15,-10,16,-9,15,-10,16,-10,15,-11,15,-10,13,-10,13,-9,13,-10,11,-9,10,-10,10,-10,9,-11,8,0,0,0,0,0,0,0,0,0,0,0,0,0,0,-17,21,-22,20,-23,20,-24,18,-25,17,-27,16,-28,16,-30,14,-31,12,-32,11,-32,10,-30,9,-31,9,-30,9,-29,9,-28,10,-28,10,-27,10,-27,11,-25,12,-26,14,-26,14,-25,14,-25,15,-25,16,-24,17,-23,16,-24,16]"
618075403501300,56.952652900,92439,1910396869,-49,-98,6,0,1,7,0,0,256,0,0,"[0,0,-11,8,-10,9,-10,8,-10,8,-9,8,-9,8,-8,8,-7,8,-7,8,-7,8,-6,8,-6,7,-5,7,-5,7,-5,8,-4,8,-4,8,-5,7,-5,7,-5,7,-5,7,-4,6,-5,6,-5,6,-5,5,-5,5,0,0,0,0,0,0,0,0,0,0,0,0,0,0,0,0,0,0,0,0,0,0,-10,10,-11,10,-11,10,-12,9,-13,10,-14,9,-15,9,-15,7,-15,7,-15,7,-15,6,-15,6,-14,6,-14,6,-13,6,-13,7,-13,7,-13,8,-12,7,-12,9,-12,8,-11,9,-12,9,-11,9,-11,9,-11,9,0,0,-40,40,-39,41,-36,39,-34,36,-33,38,-31,36,-28,36,-26,36,-25,34,-19,34,-19,35,-17,35,-15,36,-16,35,-14,35,-14,35,-13,35,-14,34,-14,32,-15,31,-16,28,-16,28,-15,27,-14,26,-16,23,-15,23,-15,21,-18,20,0,0,0,0,0,0,0,0,0,0,0,0,0,0,-26,51,-34,50,-36,46,-41,44,-43,43,-45,41,-49,41,-53,40,-56,36,-56,33,-58,31,-55,31,-57,30,-54,29,-52,29,-50,29,-51,30,-48,29,-49,30,-47,33,-45,37,-45,37,-44,36,-43,39,-43,41,-43,42,-41,44,-44,42]"
618075423556600,56.972708200,92440,1910416524,-49,-98,6,0,1,7,0,0,256,0,0,"[0,0,-4,13,-3,13,-3,13,-3,11,-2,12,-2,11,-2,11,-1,11,-1,10,0,9,1,9,1,9,1,9,1,9,1,9,1,8,2,8,1,8,1,8,1,8,0,8,0,7,0,7,0,7,-1,6,-1,6,0,0,0,0,0,0,0,0,0,0,0,0,0,0,0,0,0,0,0,0,0,0,-1,14,-2,14,-3,14,-4,15,-5,15,-6,15,-6,15,-8,14,-8,14,-8,14,-7,13,-7,13,-7,13,-7,13,-7,13,-6,12,-6,13,-5,12,-5,13,-5,13,-4,13,-4,13,-4,14,-3,14,-3,14,-3,13,0,0,-13,54,-12,55,-10,52,-10,48,-8,50,-7,46,-6,44,-5,44,-2,41,-1,41,3,39,4,38,4,38,5,36,6,36,6,36,6,37,7,34,6,34,3,33,2,32,1,32,0,33,0,29,0,28,-3,27,-5,28,-5,27,0,0,0,0,0,0,0,0,0,0,0,0,0,0,5,59,-1,60,-6,57,-10,59,-11,60,-14,59,-19,63,-22,60,-25,60,-30,59,-31,59,-34,60,-31,56,-32,54,-32,53,-28,52,-26,52,-25,52,-23,52,-23,53,-20,53,-17,55,-17,55,-17,57,-16,58,-12,60,-14,58,-13,55]"
618075446860100,56.996011700,92441,1910440604,-49,-98,6,0,1,7,0,0,256,0,0,"[0,0,12,8,11,8,11,8,11,7,11,7,11,7,10,6,10,5,9,4,10,4,10,3,10,3,9,2,10,2,10,2,10,2,9,2,10,2,9,2,8,2,9,2,8,2,7,2,7,3,6,3,7,3,0,0,0,0,0,0,0,0,0,0,0,0,0,0,0,0,0,0,0,0,0,0,14,6,14,8,13,9,13,10,13,10,13,12,12,12,12,13,11,13,11,13,10,13,10,12,10,12,10,11,10,12,10,11,10,11,10,10,11,10,12,9,11,10,12,10,13,9,13,9,13,8,13,8,0,0,42,38,41,35,37,36,37,33,39,33,37,27,35,27,34,25,38,22,35,18,35,18,34,16,35,15,35,14,37,14,38,13,35,11,35,11,35,12,35,13,31,13,29,14,27,14,26,14,24,14,21,14,21,16,18,16,0,0,0,0,0,0,0,0,0,0,0,0,0,0,51,25,48,33,45,35,44,38,44,41,42,44,40,48,42,52,38,53,37,55,32,55,32,57,32,56,30,55,27,51,28,49,29,47,32,46,32,46,33,45,38,46,39,41,40,41,38,40,43,40,41,43,41,40,42,39]"
618075462209900,57.011361500,92442,1910456481,-49,-98,6,0,1,7,0,0,256,0,0,"[0,0,9,12,9,11,9,10,8,10,9,10,8,9,8,8,8,8,8,7,8,6,8,6,8,6,8,5,8,5,8,4,9,4,8,4,8,4,8,4,8,4,7,5,7,5,6,5,6,4,6,5,5,4,0,0,0,0,0,0,0,0,0,0,0,0,0,0,0,0,0,0,0,0,0,0,11,11,11,12,10,12,10,13,9,14,9,15,8,15,7,16,7,16,6,16,6,15,6,15,5,15,5,14,6,14,6,13,7,13,7,13,8,13,8,12,9,13,9,12,9,12,10,12,10,13,9,12,0,0,17,23,15,22,15,21,16,20,15,20,14,16,15,16,15,14,16,14,15,12,15,12,15,11,16,10,16,10,16,9,16,9,14,9,16,9,15,9,14,9,14,10,12,9,12,9,11,9,10,8,10,9,9,9,7,9,0,0,0,0,0,0,0,0,0,0,0,0,0,0,22,17,20,20,20,21,19,24,17,25,16,26,15,27,14,28,13,30,13,30,10,31,10,30,11,30,9,28,9,28,10,26,10,27,11,26,12,26,13,25,13,25,13,25,16,24,15,25,17,23,17,23,18,24,17,23]"
618075486561300,57.035712900,92443,1910476552,-49,-98,6,0,1,7,0,0,256,0,0,"[0,0,2,-15,1,-15,0,-15,1,-14,1,-14,0,-13,-1,-13,-1,-12,-1,-12,-2,-12,-2,-11,-3,-11,-3,-11,-3,-10,-4,-10,-4,-10,-4,-10,-3,-10,-3,-10,-3,-10,-3,-9,-2,-9,-2,-9,-2,-9,-2,-8,-1,-8,0,0,0,0,0,0,0,0,0,0,0,0,0,0,0,0,0,0,0,0,0,0,0,-16,1,-17,2,-17,3,-17,3,-17,5,-17,5,-17,6,-17,7,-17,7,-16,7,-16,6,-15,6,-15,6,-15,5,-16,5,-15,5,-15,4,-15,3,-16,3,-16,3,-16,2,-16,2,-16,1,-16,1,-17,2,-16,0,0,0,-27,0,-29,-1,-27,-1,-26,-2,-26,-2,-25,-3,-25,-4,-22,-4,-21,-5,-21,-7,-20,-7,-19,-8,-18,-8,-18,-8,-18,-8,-18,-8,-18,-8,-17,-7,-17,-7,-17,-7,-16,-5,-16,-5,-17,-5,-15,-4,-14,-3,-13,-2,-14,-1,-14,0,0,0,0,0,0,0,0,0,0,0,0,0,0,-7,-29,-4,-30,-2,-29,1,-30,0,-31,3,-31,5,-32,6,-33,7,-33,9,-32,10,-31,10,-32,10,-31,11,-29,10,-28,10,-28,9,-28,7,-29,6,-27,6,-29,4,-28,3,-29,2,-29,2,-30,2,-31,1,-30,0,-31,0,-30]"
618075506422800,57.055574400,92444,1910499249,-49,-98,6,0,1,7,0,0,256,0,0,"[0,0,-11,-11,-12,-11,-11,-10,-11,-10,-10,-9,-10,-8,-10,-7,-10,-7,-10,-6,-10,-6,-10,-6,-10,-5,-10,-5,-10,-4,-10,-4,-10,-3,-10,-4,-10,-4,-10,-4,-9,-4,-9,-4,-8,-4,-8,-5,-7,-4,-7,-4,-7,-5,0,0,0,0,0,0,0,0,0,0,0,0,0,0,0,0,0,0,0,0,0,0,-13,-10,-13,-11,-13,-12,-12,-12,-12,-14,-11,-14,-11,-15,-10,-15,-10,-15,-9,-16,-8,-16,-8,-15,-8,-15,-8,-14,-8,-14,-9,-13,-9,-13,-10,-13,-10,-12,-10,-12,-11,-12,-11,-12,-12,-12,-11,-12,-11,-12,-12,-11,0,0,-50,-31,-47,-29,-47,-28,-44,-25,-42,-22,-41,-23,-41,-20,-40,-19,-40,-15,-37,-13,-39,-7,-40,-7,-38,-7,-38,-8,-36,-4,-38,-5,-37,-5,-39,-5,-35,-6,-36,-8,-34,-7,-31,-10,-29,-9,-28,-8,-27,-9,-28,-10,-25,-11,-23,-12,0,0,0,0,0,0,0,0,0,0,0,0,0,0,-55,-15,-54,-21,-53,-24,-54,-28,-52,-32,-51,-35,-50,-38,-52,-43,-49,-46,-47,-48,-44,-49,-44,-48,-44,-45,-41,-45,-41,-44,-40,-42,-41,-42,-41,-40,-42,-39,-43,-37,-44,-37,-46,-36,-46,-33,-47,-35,-51,-32,-51,-31,-52,-28,-51,-29]"
618075524877200,57.074028800,92445,1910517868,-49,-98,6,0,1,7,0,0,256,0,0,"[0,0,-11,-9,-11,-9,-11,-9,-11,-8,-10,-8,-10,-7,-10,-7,-9,-6,-10,-5,-10,-5,-9,-4,-9,-4,-10,-4,-9,-3,-9,-3,-9,-3,-9,-2,-9,-2,-9,-3,-8,-3,-9,-3,-8,-4,-7,-3,-7,-4,-7,-3,-7,-3,0,0,0,0,0,0,0,0,0,0,0,0,0,0,0,0,0,0,0,0,0,0,-12,-9,-12,-10,-12,-10,-12,-11,-12,-12,-11,-13,-11,-13,-10,-14,-10,-14,-9,-14,-9,-14,-9,-13,-9,-13,-9,-13,-9,-12,-9,-12,-9,-11,-10,-11,-10,-11,-10,-11,-11,-11,-11,-10,-11,-10,-12,-10,-12,-10,-11,-10,0,0,-41,-42,-38,-39,-38,-38,-36,-35,-37,-34,-35,-32,-36,-30,-35,-27,-37,-25,-35,-21,-35,-19,-35,-18,-34,-17,-35,-17,-36,-15,-35,-16,-33,-13,-35,-14,-34,-15,-32,-16,-31,-16,-28,-16,-27,-15,-26,-15,-25,-16,-23,-17,-21,-17,-19,-17,0,0,0,0,0,0,0,0,0,0,0,0,0,0,-50,-29,-45,-37,-45,-39,-43,-45,-41,-46,-38,-48,-38,-52,-37,-55,-34,-57,-32,-60,-30,-61,-27,-59,-29,-57,-26,-57,-26,-54,-25,-53,-28,-53,-28,-50,-30,-49,-32,-48,-33,-47,-35,-45,-36,-44,-37,-48,-39,-44,-40,-43,-42,-43,-39,-44]"
618075558927500,57.108079100,92446,1910551630,-49,-98,6,0,1,7,0,0,256,0,0,"[0,0,0,-16,0,-15,0,-15,0,-14,-1,-14,-1,-13,-2,-13,-2,-12,-2,-11,-2,-11,-3,-11,-3,-11,-3,-11,-4,-11,-4,-10,-4,-10,-4,-10,-4,-10,-4,-10,-3,-9,-3,-9,-3,-9,-3,-9,-2,-9,-1,-8,-2,-8,0,0,0,0,0,0,0,0,0,0,0,0,0,0,0,0,0,0,0,0,0,0,-2,-16,-1,-17,0,-17,1,-17,1,-18,3,-18,3,-18,4,-18,5,-18,5,-18,6,-17,5,-16,5,-16,5,-16,4,-16,4,-16,3,-15,3,-16,2,-16,2,-16,1,-16,1,-16,1,-16,1,-17,0,-16,0,-16,0,0,0,-28,-1,-29,0,-28,-1,-26,-1,-25,-2,-24,-3,-23,-3,-23,-4,-21,-6,-20,-6,-19,-6,-20,-8,-19,-7,-19,-8,-18,-7,-17,-8,-18,-8,-16,-8,-17,-6,-16,-7,-17,-5,-16,-5,-16,-4,-15,-4,-14,-3,-13,-2,-15,-1,-13,0,0,0,0,0,0,0,0,0,0,0,0,0,0,-8,-29,-5,-29,-3,-30,-1,-30,0,-32,2,-31,4,-33,5,-32,7,-33,9,-33,10,-32,10,-33,11,-30,10,-30,9,-29,8,-28,7,-28,7,-28,6,-28,5,-30,4,-28,3,-30,3,-30,2,-30,2,-30,1,-31,0,-30,0,-30]"
618075573921900,57.123073500,92447,1910558037,-49,-98,6,0,1,7,0,0,256,0,0,"[0,0,6,-13,6,-13,5,-13,5,-12,4,-12,4,-11,4,-11,3,-11,3,-10,2,-10,2,-10,0,-10,0,-11,0,-10,0,-10,0,-10,0,-10,0,-10,1,-9,1,-9,1,-9,1,-9,1,-8,1,-8,1,-8,2,-7,0,0,0,0,0,0,0,0,0,0,0,0,0,0,0,0,0,0,0,0,0,0,4,-15,5,-15,6,-15,7,-14,8,-15,9,-14,10,-14,10,-14,11,-13,11,-13,10,-13,10,-12,10,-12,10,-12,9,-12,9,-12,8,-12,8,-12,7,-13,7,-13,7,-13,7,-14,7,-14,6,-14,6,-14,6,-14,0,0,24,-53,20,-51,20,-50,18,-45,18,-47,14,-45,13,-45,11,-43,10,-42,5,-40,5,-38,1,-39,1,-39,1,-40,2,-36,1,-36,-1,-37,-1,-36,1,-37,2,-34,1,-32,6,-33,4,-30,4,-28,5,-27,6,-27,9,-25,9,-24,0,0,0,0,0,0,0,0,0,0,0,0,0,0,3,-56,11,-58,15,-58,19,-57,23,-57,25,-57,30,-56,33,-57,37,-53,39,-55,41,-51,41,-51,39,-50,37,-48,36,-48,36,-47,36,-48,32,-45,32,-49,30,-46,29,-50,27,-49,27,-50,27,-56,23,-51,23,-54,24,-56,21,-56]"
618075585542000,57.134693600,92448,1910577335,-49,-98,6,0,1,7,0,0,256,0,0,"[0,0,-3,-16,-3,-15,-3,-15,-3,-14,-3,-14,-4,-13,-4,-12,-4,-12,-4,-11,-4,-11,-5,-10,-5,-10,-5,-10,-6,-10,-5,-9,-6,-9,-6,-9,-5,-9,-5,-9,-5,-9,-5,-8,-4,-8,-4,-8,-4,-8,-3,-7,-3,-7,0,0,0,0,0,0,0,0,0,0,0,0,0,0,0,0,0,0,0,0,0,0,-5,-16,-4,-16,-3,-16,-2,-17,-2,-18,-1,-18,0,-18,0,-18,1,-18,1,-18,2,-17,2,-17,2,-17,1,-17,1,-16,0,-16,0,-16,0,-16,-1,-16,-2,-16,-2,-16,-2,-16,-3,-16,-3,-16,-3,-16,-3,-16,0,0,-6,-29,-6,-28,-6,-27,-5,-25,-6,-25,-6,-23,-6,-22,-7,-22,-7,-19,-8,-19,-9,-18,-10,-18,-10,-17,-10,-17,-11,-16,-11,-16,-11,-15,-10,-16,-10,-15,-9,-16,-8,-15,-8,-15,-7,-15,-7,-14,-6,-13,-5,-13,-3,-12,-3,-13,0,0,0,0,0,0,0,0,0,0,0,0,0,0,-13,-27,-9,-28,-8,-29,-6,-29,-6,-30,-4,-31,-2,-33,0,-33,0,-33,2,-34,3,-33,5,-33,4,-32,4,-31,6,-30,4,-29,2,-29,1,-28,1,-29,0,-29,-1,-29,-2,-29,-3,-29,-4,-30,-4,-30,-4,-30,-4,-30,-4,-29]"
618075603491400,57.152643000,92449,1910596497,-49,-98,6,0,1,7,0,0,256,0,0,"[0,0,13,8,12,7,12,6,11,6,11,6,11,5,11,5,10,4,10,3,10,3,10,2,9,2,10,2,9,1,10,1,10,1,9,1,10,1,9,1,8,1,8,1,8,2,7,2,7,2,6,2,7,3,0,0,0,0,0,0,0,0,0,0,0,0,0,0,0,0,0,0,0,0,0,0,14,5,14,7,14,7,14,8,13,9,14,10,13,11,13,12,12,12,11,12,11,12,11,12,10,12,10,11,11,11,11,10,11,9,11,9,12,9,12,8,12,9,13,8,13,8,13,8,13,8,13,7,0,0,50,28,46,27,45,24,47,23,41,23,41,21,42,18,37,16,38,12,40,10,39,8,37,8,34,5,37,5,36,3,37,3,35,4,38,4,37,3,32,3,32,5,28,6,28,7,29,7,26,7,24,10,24,10,22,12,0,0,0,0,0,0,0,0,0,0,0,0,0,0,56,12,56,20,52,22,51,26,51,30,50,31,51,38,50,41,48,44,48,47,47,47,44,47,42,45,42,44,39,42,40,41,38,40,42,38,42,38,43,36,44,35,45,34,48,34,49,31,49,30,51,28,51,27,52,28]"
618075624561900,57.173713500,92450,1910616552,-49,-98,6,0,1,7,0,0,256,0,0,"[0,0,8,-13,7,-13,6,-13,7,-12,6,-12,5,-12,5,-12,4,-11,4,-11,3,-11,3,-11,2,-11,2,-11,1,-11,1,-10,1,-10,1,-10,1,-10,2,-10,2,-9,1,-9,2,-9,2,-9,2,-8,2,-7,2,-7,0,0,0,0,0,0,0,0,0,0,0,0,0,0,0,0,0,0,0,0,0,0,7,-15,8,-14,8,-15,9,-14,10,-14,11,-14,12,-13,13,-13,13,-12,13,-12,12,-12,12,-11,12,-11,11,-11,11,-11,11,-11,10,-11,10,-12,9,-12,9,-12,9,-13,8,-13,8,-14,8,-14,8,-14,8,-13,0,0,33,-45,32,-44,31,-47,28,-39,28,-44,20,-40,22,-40,19,-40,17,-38,15,-35,15,-37,13,-38,11,-37,7,-39,8,-34,9,-37,7,-36,9,-36,5,-34,10,-33,10,-33,8,-31,9,-29,12,-27,12,-26,11,-25,15,-22,14,-23,0,0,0,0,0,0,0,0,0,0,0,0,0,0,21,-53,28,-51,30,-50,34,-50,36,-47,40,-48,42,-48,48,-46,48,-44,52,-42,51,-39,51,-38,52,-35,50,-35,49,-34,47,-35,46,-37,41,-35,44,-39,41,-37,41,-42,39,-42,37,-44,34,-48,35,-45,37,-47,36,-48,35,-49]"
618075645178800,57.194330400,92451,1910643790,-49,-98,6,0,1,7,0,0,256,0,0,"[0,0,-8,13,-7,13,-7,13,-7,12,-6,12,-5,11,-5,11,-4,10,-4,10,-3,10,-3,10,-2,10,-2,10,-1,10,-2,10,-2,10,-1,10,-2,9,-2,9,-2,8,-2,9,-2,8,-2,8,-2,7,-2,7,-3,7,0,0,0,0,0,0,0,0,0,0,0,0,0,0,0,0,0,0,0,0,0,0,-5,15,-6,15,-7,15,-8,15,-9,15,-10,15,-11,14,-12,14,-12,13,-12,13,-12,12,-12,12,-11,12,-11,12,-11,12,-10,11,-10,12,-9,12,-9,12,-9,13,-8,13,-8,13,-9,14,-8,14,-8,14,-8,13,0,0,-33,49,-32,45,-30,46,-28,42,-26,45,-22,38,-20,42,-19,39,-16,37,-14,37,-15,35,-12,38,-11,36,-8,38,-8,35,-8,37,-7,36,-8,36,-6,35,-9,33,-11,32,-10,32,-12,30,-10,29,-11,25,-12,22,-14,24,-16,20,0,0,0,0,0,0,0,0,0,0,0,0,0,0,-16,57,-24,53,-27,51,-31,52,-35,51,-38,50,-41,50,-45,50,-47,46,-49,46,-50,43,-51,42,-51,40,-49,38,-48,39,-47,38,-45,39,-41,38,-42,38,-38,41,-39,45,-35,44,-34,47,-35,47,-34,45,-36,50,-33,49,-31,47]"
618075661731800,57.210883400,92452,1910656653,-49,-98,6,0,1,7,0,0,256,0,0,"[0,0,-2,15,-1,15,-1,14,-1,13,0,13,0,12,0,12,1,12,1,11,2,10,2,10,2,9,3,9,3,9,3,9,3,9,3,9,2,8,3,9,2,8,2,8,2,8,1,8,1,8,0,7,0,7,0,0,0,0,0,0,0,0,0,0,0,0,0,0,0,0,0,0,0,0,0,0,2,15,1,16,0,17,-1,16,-1,17,-3,17,-4,17,-5,17,-5,17,-5,16,-6,16,-5,15,-5,15,-5,15,-5,14,-4,15,-4,14,-3,15,-2,15,-2,15,-2,15,-1,15,-2,16,-1,16,-1,15,0,15,0,0,-2,29,-2,27,-2,26,-1,24,-1,25,0,22,1,21,0,21,2,20,3,19,4,19,4,18,5,18,6,18,6,16,6,16,6,17,6,17,6,15,3,17,4,15,3,15,2,14,2,13,2,13,1,13,0,14,-1,11,0,0,0,0,0,0,0,0,0,0,0,0,0,0,8,27,3,28,3,29,0,29,-2,29,-3,30,-4,32,-5,31,-9,31,-10,31,-12,30,-11,30,-10,29,-10,28,-9,28,-9,27,-9,27,-8,27,-8,27,-6,27,-5,28,-6,28,-5,28,-5,29,-3,28,-1,29,0,29,-2,29]"
618075686528700,57.235680300,92453,1910676830,-49,-98,6,0,1,7,0,0,256,0,0,"[0,0,-14,-8,-13,-8,-13,-8,-13,-7,-12,-7,-12,-6,-12,-5,-11,-5,-11,-4,-11,-3,-11,-3,-10,-3,-11,-2,-10,-2,-11,-2,-11,-1,-10,-1,-10,-1,-10,-2,-10,-2,-9,-2,-9,-2,-8,-3,-8,-2,-8,-2,-7,-3,0,0,0,0,0,0,0,0,0,0,0,0,0,0,0,0,0,0,0,0,0,0,-15,-7,-15,-7,-15,-9,-15,-9,-15,-10,-15,-11,-14,-12,-14,-13,-13,-13,-13,-13,-12,-13,-12,-13,-12,-12,-11,-12,-11,-12,-12,-11,-12,-10,-13,-10,-13,-10,-14,-10,-14,-9,-14,-9,-14,-9,-14,-9,-14,-8,-14,-8,0,0,-51,-24,-53,-24,-48,-22,-47,-21,-43,-19,-43,-16,-43,-16,-41,-13,-41,-12,-42,-7,-40,-5,-39,-4,-39,-3,-37,-3,-40,-1,-37,-1,-36,0,-37,-1,-36,-2,-35,-2,-34,-2,-33,-5,-31,-4,-31,-4,-30,-4,-26,-10,-27,-9,-23,-9,0,0,0,0,0,0,0,0,0,0,0,0,0,0,-58,-11,-56,-17,-57,-20,-53,-25,-58,-30,-51,-29,-56,-36,-53,-37,-53,-40,-50,-45,-50,-46,-50,-47,-48,-45,-48,-44,-45,-41,-44,-39,-43,-37,-43,-38,-45,-33,-49,-34,-46,-33,-48,-29,-51,-30,-52,-28,-55,-27,-54,-26,-52,-27,-54,-26]"
618075706012400,57.255164000,92454,1910698055,-49,-98,6,0,1,7,0,0,256,0,0,"[0,0,4,-14,3,-14,3,-13,3,-13,2,-12,2,-13,1,-12,1,-12,0,-11,0,-11,-1,-11,-1,-10,-1,-10,-2,-10,-2,-10,-2,-10,-2,-10,-2,-9,-2,-9,-1,-9,-1,-9,-1,-9,-1,-9,-1,-8,0,-8,0,-7,0,0,0,0,0,0,0,0,0,0,0,0,0,0,0,0,0,0,0,0,0,0,3,-15,3,-15,4,-16,5,-15,6,-16,7,-15,7,-15,8,-15,8,-15,9,-15,9,-14,8,-13,8,-13,7,-13,7,-13,7,-14,6,-13,6,-14,5,-14,5,-14,5,-14,4,-15,4,-15,4,-15,4,-15,4,-15,0,0,16,-54,14,-54,13,-52,14,-50,12,-50,8,-46,7,-45,5,-43,3,-42,0,-40,0,-39,-2,-41,-4,-39,-3,-38,-5,-35,-5,-37,-6,-37,-6,-37,-5,-35,-3,-34,-3,-33,-1,-33,0,-31,0,-29,2,-28,2,-28,4,-27,5,-26,0,0,0,0,0,0,0,0,0,0,0,0,0,0,1,-58,6,-60,11,-58,14,-59,17,-59,24,-58,25,-59,30,-61,31,-58,35,-56,35,-55,36,-55,34,-51,35,-50,34,-49,32,-50,31,-50,27,-49,26,-51,26,-53,24,-53,21,-54,21,-54,19,-56,18,-56,16,-58,15,-57,18,-55]"
618075724354600,57.273506200,92455,1910718602,-49,-98,6,0,1,7,0,0,256,0,0,"[0,0,14,0,13,0,13,0,13,0,12,-1,12,-1,11,-1,11,-2,10,-2,10,-3,9,-3,9,-3,9,-4,9,-4,8,-4,8,-4,8,-4,8,-4,8,-4,8,-3,8,-3,7,-3,7,-2,7,-2,7,-2,7,-1,0,0,0,0,0,0,0,0,0,0,0,0,0,0,0,0,0,0,0,0,0,0,15,-1,15,0,15,1,15,1,16,2,16,3,16,4,16,5,16,5,15,6,15,5,14,5,14,5,14,5,14,5,14,4,13,3,14,3,14,3,14,2,14,1,14,1,15,1,14,1,14,1,15,0,0,0,28,1,27,0,27,-1,25,1,24,-2,23,-2,22,-3,21,-3,21,-4,19,-5,18,-5,17,-7,17,-7,17,-7,17,-7,17,-8,16,-8,17,-7,16,-6,16,-6,15,-5,14,-5,14,-5,13,-5,13,-3,13,-2,13,-2,12,-2,0,0,0,0,0,0,0,0,0,0,0,0,0,0,27,-8,28,-5,29,-2,30,0,30,1,30,3,31,5,32,6,32,8,32,10,31,10,29,10,30,10,29,10,27,9,27,8,27,7,27,7,27,7,27,6,27,5,28,3,28,3,28,2,31,1,29,0,29,0,30,0]"
618075743774900,57.292926500,92456,1910736556,-49,-98,6,0,1,7,0,0,256,0,0,"[0,0,14,-5,13,-7,12,-6,12,-6,11,-6,11,-7,10,-6,9,-6,9,-7,9,-7,8,-7,7,-7,7,-7,7,-8,7,-8,7,-8,6,-7,7,-7,7,-7,7,-7,7,-6,6,-6,6,-5,6,-5,6,-5,6,-4,0,0,0,0,0,0,0,0,0,0,0,0,0,0,0,0,0,0,0,0,0,0,12,-9,14,-9,14,-8,15,-8,16,-7,16,-6,17,-5,17,-4,17,-4,17,-3,17,-3,16,-3,15,-3,15,-3,15,-3,15,-4,15,-4,14,-5,14,-5,14,-5,14,-6,14,-6,15,-6,14,-7,14,-7,14,-7,0,0,26,-12,23,-12,24,-13,22,-12,21,-12,20,-12,19,-12,18,-12,17,-12,15,-13,14,-14,14,-15,12,-14,12,-15,12,-14,12,-15,11,-14,12,-15,12,-13,13,-12,12,-12,11,-12,11,-10,11,-10,11,-9,12,-9,11,-7,12,-6,0,0,0,0,0,0,0,0,0,0,0,0,0,0,20,-20,22,-19,24,-17,26,-15,26,-14,29,-14,29,-12,32,-10,32,-8,33,-7,32,-5,31,-6,30,-6,30,-5,29,-5,28,-7,28,-6,27,-7,28,-8,27,-8,27,-9,27,-10,27,-11,28,-11,26,-12,26,-13,26,-13,26,-13]"
618075764015100,57.313166700,92457,1910756523,-49,-98,6,0,1,7,0,0,256,0,0,"[0,0,7,-14,6,-14,6,-13,6,-13,5,-12,5,-12,4,-12,3,-11,3,-11,3,-11,2,-11,1,-11,1,-11,1,-11,1,-11,1,-10,0,-10,1,-10,1,-10,1,-10,1,-9,1,-9,2,-9,1,-8,1,-8,2,-7,0,0,0,0,0,0,0,0,0,0,0,0,0,0,0,0,0,0,0,0,0,0,5,-15,6,-15,7,-15,7,-15,9,-15,10,-15,11,-14,12,-14,12,-14,12,-13,11,-13,11,-12,11,-12,11,-12,10,-12,10,-12,10,-12,9,-13,8,-13,8,-14,8,-14,8,-14,8,-15,7,-14,7,-14,7,-14,0,0,28,-50,27,-49,27,-47,26,-43,22,-44,20,-42,20,-42,15,-40,14,-41,11,-38,10,-37,7,-39,5,-38,5,-40,6,-36,5,-36,4,-38,4,-38,6,-36,8,-34,6,-33,7,-35,8,-30,6,-29,8,-27,7,-25,10,-24,12,-24,0,0,0,0,0,0,0,0,0,0,0,0,0,0,17,-54,21,-55,27,-55,30,-55,32,-52,38,-50,38,-52,42,-51,47,-46,46,-48,51,-44,49,-45,48,-41,45,-42,44,-40,43,-41,43,-41,41,-41,41,-41,38,-42,35,-46,36,-46,35,-47,33,-51,33,-51,31,-50,29,-52,32,-50]"
618075782080000,57.331231600,92458,1910778819,-49,-98,6,0,1,7,0,0,256,0,0,"[0,0,9,-12,8,-12,8,-12,8,-12,7,-11,6,-11,5,-11,5,-10,5,-10,4,-11,3,-11,3,-10,2,-10,2,-10,2,-11,2,-10,2,-10,2,-10,2,-10,2,-10,3,-9,2,-9,3,-8,2,-8,3,-7,3,-7,0,0,0,0,0,0,0,0,0,0,0,0,0,0,0,0,0,0,0,0,0,0,8,-14,9,-14,10,-14,10,-13,11,-13,12,-13,13,-12,14,-12,14,-11,14,-11,14,-10,13,-10,13,-10,12,-10,12,-10,11,-11,11,-10,11,-11,10,-12,10,-12,10,-12,10,-13,10,-13,9,-13,9,-13,9,-13,0,0,35,-44,34,-47,32,-43,30,-40,28,-40,24,-40,23,-40,20,-39,20,-37,17,-37,14,-37,12,-38,10,-38,8,-36,11,-37,9,-37,9,-36,9,-36,10,-34,10,-32,10,-31,10,-31,11,-30,11,-27,11,-26,12,-24,13,-25,15,-23,0,0,0,0,0,0,0,0,0,0,0,0,0,0,20,-55,28,-55,30,-50,33,-49,37,-50,39,-46,44,-47,48,-45,49,-42,51,-42,53,-39,53,-40,53,-37,51,-34,49,-35,48,-36,45,-36,44,-37,43,-37,43,-38,41,-41,40,-42,39,-45,37,-46,38,-46,37,-49,36,-49,37,-48]"
618075803558800,57.352710400,92459,1910802688,-49,-98,6,0,1,7,0,0,256,0,0,"[0,0,0,15,0,15,0,14,0,14,1,13,0,12,1,11,1,12,1,10,2,10,2,10,3,10,3,10,3,9,3,9,3,8,4,9,3,8,3,9,3,9,2,8,2,8,2,8,1,7,1,7,0,7,0,0,0,0,0,0,0,0,0,0,0,0,0,0,0,0,0,0,0,0,0,0,2,15,1,15,0,17,-1,16,-1,17,-3,17,-4,18,-5,17,-5,17,-5,17,-5,16,-5,16,-5,15,-5,15,-4,15,-4,15,-3,14,-3,15,-2,15,-2,15,-2,16,-1,16,-1,16,0,15,0,16,0,15,0,0,2,28,2,29,2,27,2,25,4,24,2,23,2,22,5,22,5,19,5,19,6,18,8,17,8,17,8,17,9,16,9,16,8,17,8,16,7,15,7,15,5,15,5,15,4,14,5,12,4,13,3,13,3,13,0,14,0,0,0,0,0,0,0,0,0,0,0,0,0,0,10,27,7,28,5,28,2,29,1,30,0,31,-2,31,-3,33,-5,33,-8,32,-8,31,-9,30,-8,30,-7,29,-7,29,-6,29,-6,28,-5,26,-4,28,-3,27,-3,29,-2,29,-2,28,-1,28,1,28,1,30,3,29,2,29]"
618075825531100,57.374682700,92460,1910818082,-50,-98,6,0,1,7,0,0,256,0,0,"[0,0,-3,-15,-3,-15,-3,-15,-3,-14,-3,-13,-4,-13,-4,-12,-4,-12,-5,-11,-5,-11,-5,-10,-5,-10,-6,-9,-6,-9,-6,-9,-6,-9,-6,-9,-6,-9,-6,-8,-5,-8,-5,-8,-5,-8,-4,-8,-4,-8,-3,-7,-3,-7,0,0,0,0,0,0,0,0,0,0,0,0,0,0,0,0,0,0,0,0,0,0,-4,-16,-3,-17,-3,-17,-2,-17,-1,-18,0,-18,1,-18,2,-18,2,-18,2,-18,3,-17,3,-16,2,-16,2,-16,2,-16,1,-15,0,-16,0,-16,-1,-16,-1,-16,-2,-16,-2,-16,-2,-16,-3,-16,-3,-16,-3,-16,0,0,-5,-27,-6,-28,-5,-27,-6,-25,-5,-25,-6,-23,-7,-22,-8,-21,-8,-20,-9,-19,-9,-18,-10,-17,-10,-17,-10,-16,-11,-16,-11,-16,-10,-16,-11,-16,-11,-15,-10,-15,-9,-15,-7,-15,-8,-15,-6,-14,-6,-13,-5,-13,-4,-13,-3,-13,0,0,0,0,0,0,0,0,0,0,0,0,0,0,-12,-26,-9,-29,-6,-29,-6,-31,-4,-30,-3,-31,-1,-33,0,-34,1,-33,2,-34,3,-33,4,-32,5,-31,4,-31,5,-30,4,-29,3,-29,2,-29,1,-28,1,-29,-1,-29,-3,-29,-3,-29,-4,-30,-4,-29,-5,-30,-5,-29,-5,-30]"
618075841993800,57.391145400,92461,1910836450,-49,-98,6,0,1,7,0,0,256,0,0,"[0,0,-14,6,-13,6,-13,5,-12,5,-11,6,-11,6,-10,6,-9,6,-9,6,-9,6,-8,6,-8,6,-7,6,-7,6,-7,6,-7,7,-7,7,-7,6,-7,6,-7,6,-7,5,-6,5,-6,5,-6,4,-6,4,-7,3,0,0,0,0,0,0,0,0,0,0,0,0,0,0,0,0,0,0,0,0,0,0,-13,7,-14,7,-14,7,-15,6,-16,5,-17,5,-17,4,-17,3,-17,3,-17,2,-16,2,-16,2,-16,2,-15,2,-15,3,-15,3,-15,3,-14,4,-14,4,-14,5,-14,5,-14,6,-14,5,-14,6,-14,6,-14,6,0,0,-28,9,-27,10,-26,9,-24,9,-23,8,-22,9,-21,9,-20,10,-20,10,-18,10,-17,11,-16,11,-15,12,-14,12,-15,13,-14,12,-15,13,-14,11,-14,11,-15,10,-14,9,-13,9,-13,9,-13,7,-12,7,-12,6,-13,6,-12,4,0,0,0,0,0,0,0,0,0,0,0,0,0,0,-25,16,-27,14,-28,12,-29,9,-30,9,-30,8,-33,7,-33,5,-33,3,-35,2,-34,0,-35,0,-33,0,-33,0,-31,0,-30,1,-29,1,-30,2,-29,2,-30,4,-29,6,-29,6,-28,7,-29,7,-30,9,-29,10,-28,9,-29,8]"
618075864595600,57.413747200,92462,1910859337,-49,-98,6,0,1,7,0,0,256,0,0,"[0,0,-3,-15,-4,-15,-4,-14,-4,-14,-4,-14,-4,-13,-4,-12,-4,-12,-5,-11,-5,-11,-5,-10,-5,-10,-6,-9,-6,-9,-6,-9,-6,-9,-6,-9,-6,-9,-5,-9,-5,-8,-5,-9,-4,-8,-4,-8,-4,-8,-3,-7,-3,-7,0,0,0,0,0,0,0,0,0,0,0,0,0,0,0,0,0,0,0,0,0,0,-6,-15,-5,-16,-5,-17,-4,-17,-3,-18,-2,-18,-1,-19,0,-19,1,-18,1,-18,1,-18,1,-17,1,-17,0,-16,0,-16,0,-16,-1,-16,-1,-16,-2,-16,-2,-16,-3,-16,-3,-16,-3,-16,-4,-16,-4,-16,-3,-16,0,0,-9,-27,-10,-27,-10,-25,-10,-24,-10,-24,-10,-22,-10,-22,-10,-21,-10,-18,-12,-18,-13,-16,-12,-15,-13,-15,-13,-15,-14,-14,-13,-14,-13,-14,-13,-14,-13,-13,-11,-14,-11,-13,-10,-14,-8,-13,-9,-13,-8,-12,-8,-12,-7,-13,-5,-13,0,0,0,0,0,0,0,0,0,0,0,0,0,0,-17,-23,-15,-26,-13,-27,-11,-29,-10,-29,-9,-30,-8,-32,-7,-33,-5,-34,-2,-34,-2,-33,-2,-33,-2,-32,-2,-32,-2,-31,-2,-30,-3,-29,-3,-29,-4,-28,-6,-28,-6,-28,-7,-29,-8,-29,-8,-28,-9,-30,-10,-29,-10,-29,-10,-29]"
618075885980500,57.435132100,92463,1910877643,-49,-98,6,0,1,7,0,0,256,0,0,"[0,0,-15,-6,-14,-7,-14,-6,-13,-6,-13,-5,-13,-5,-12,-4,-12,-4,-11,-3,-11,-2,-11,-1,-11,-1,-11,-1,-11,-1,-11,0,-11,-1,-10,0,-11,-1,-10,-1,-10,-1,-10,-1,-9,-2,-8,-2,-8,-2,-8,-2,-8,-2,0,0,0,0,0,0,0,0,0,0,0,0,0,0,0,0,0,0,0,0,0,0,-16,-4,-16,-6,-16,-7,-16,-7,-16,-8,-16,-9,-15,-11,-16,-11,-15,-11,-14,-11,-14,-11,-14,-11,-13,-11,-13,-10,-13,-10,-13,-9,-14,-9,-14,-9,-15,-8,-14,-8,-14,-8,-15,-7,-15,-7,-15,-7,-15,-7,-15,-7,0,0,-56,-20,-53,-22,-50,-18,-50,-17,-48,-14,-47,-13,-43,-13,-43,-10,-42,-8,-41,-5,-41,-3,-39,-4,-37,-1,-38,0,-40,-1,-36,2,-37,1,-38,1,-35,0,-34,-1,-37,-2,-32,-3,-31,-4,-28,-4,-29,-5,-26,-6,-25,-8,-25,-9,0,0,0,0,0,0,0,0,0,0,0,0,0,0,-57,-7,-56,-14,-58,-18,-57,-19,-58,-22,-57,-24,-58,-31,-56,-34,-55,-35,-56,-40,-56,-40,-51,-43,-49,-42,-47,-43,-46,-40,-45,-38,-46,-35,-49,-32,-49,-32,-51,-30,-48,-28,-53,-26,-54,-27,-54,-24,-56,-24,-54,-23,-54,-23,-55,-25]"
618075903593300,57.452744900,92464,1910896503,-49,-98,6,0,1,7,0,0,256,0,0,"[0,0,4,-15,3,-14,3,-14,3,-13,2,-13,2,-13,2,-12,1,-12,1,-11,0,-11,0,-11,-1,-11,-1,-11,-1,-10,-1,-10,-1,-10,-2,-10,-1,-10,-1,-10,-1,-9,0,-9,0,-9,0,-9,0,-8,0,-8,1,-7,0,0,0,0,0,0,0,0,0,0,0,0,0,0,0,0,0,0,0,0,0,0,1,-16,2,-16,3,-16,4,-16,5,-17,6,-16,7,-16,8,-16,8,-16,8,-15,8,-15,8,-14,8,-14,7,-14,7,-14,6,-14,6,-14,6,-14,5,-15,5,-15,5,-15,4,-15,4,-15,4,-15,3,-16,4,-15,0,0,7,-27,6,-28,6,-26,5,-25,5,-24,4,-24,3,-24,3,-22,2,-21,0,-21,-1,-20,-1,-20,-2,-20,-2,-20,-3,-20,-3,-18,-3,-20,-2,-17,-3,-18,-2,-17,-2,-17,-1,-17,0,-16,0,-15,0,-15,1,-13,2,-14,4,-12,0,0,0,0,0,0,0,0,0,0,0,0,0,0,-1,-30,2,-30,4,-29,6,-29,7,-31,9,-29,11,-31,12,-30,13,-30,15,-30,16,-29,18,-29,17,-27,17,-26,16,-26,15,-26,14,-25,13,-26,13,-26,11,-27,11,-26,9,-27,10,-28,8,-29,10,-30,7,-29,8,-29,7,-28]"
618075926509000,57.475660600,92465,1910916508,-49,-98,6,0,1,7,0,0,256,0,0,"[0,0,-12,-10,-12,-10,-11,-10,-11,-9,-11,-9,-11,-8,-11,-8,-11,-7,-11,-6,-10,-6,-10,-5,-10,-5,-10,-4,-10,-4,-10,-3,-10,-3,-10,-4,-10,-3,-9,-3,-9,-4,-9,-4,-8,-4,-8,-4,-8,-4,-7,-4,-7,-4,0,0,0,0,0,0,0,0,0,0,0,0,0,0,0,0,0,0,0,0,0,0,-14,-9,-13,-10,-13,-11,-12,-12,-13,-13,-12,-13,-12,-14,-11,-15,-11,-15,-10,-15,-10,-15,-10,-15,-9,-14,-9,-14,-9,-13,-10,-13,-10,-12,-11,-12,-11,-12,-11,-12,-12,-12,-12,-12,-13,-11,-13,-11,-13,-10,-13,-11,0,0,-44,-38,-41,-39,-39,-36,-40,-35,-37,-31,-37,-30,-36,-28,-35,-27,-36,-22,-37,-20,-37,-18,-36,-18,-34,-16,-35,-14,-38,-13,-35,-12,-34,-12,-36,-13,-35,-12,-33,-12,-32,-12,-29,-13,-27,-15,-25,-15,-24,-16,-23,-15,-22,-15,-20,-18,0,0,0,0,0,0,0,0,0,0,0,0,0,0,-49,-29,-48,-34,-44,-39,-44,-42,-46,-45,-42,-45,-40,-51,-37,-54,-39,-54,-35,-60,-33,-57,-30,-60,-30,-57,-28,-57,-26,-53,-28,-52,-30,-51,-34,-49,-34,-47,-34,-47,-34,-45,-38,-45,-38,-45,-41,-41,-42,-44,-42,-45,-40,-43,-43,-43]"
618075943673000,57.492824600,92466,1910936710,-49,-98,6,0,1,7,0,0,256,0,0,"[0,0,12,-10,11,-10,10,-9,10,-9,10,-9,9,-9,8,-9,8,-9,7,-9,7,-9,6,-9,6,-9,5,-9,5,-9,5,-9,5,-9,5,-9,5,-9,5,-9,5,-8,5,-8,5,-7,5,-7,5,-6,5,-6,5,-5,0,0,0,0,0,0,0,0,0,0,0,0,0,0,0,0,0,0,0,0,0,0,11,-12,12,-11,12,-11,13,-11,14,-11,15,-10,15,-9,16,-8,16,-8,16,-7,16,-7,15,-6,15,-6,14,-7,14,-7,14,-7,13,-8,14,-8,13,-8,13,-9,12,-9,13,-10,13,-10,12,-10,12,-10,12,-10,0,0,21,-20,19,-21,18,-20,18,-18,17,-18,15,-18,15,-18,13,-17,12,-17,11,-18,9,-18,8,-19,6,-19,7,-17,7,-18,7,-17,7,-17,7,-17,7,-16,8,-15,8,-15,8,-14,6,-14,6,-14,7,-12,8,-10,8,-11,8,-10,0,0,0,0,0,0,0,0,0,0,0,0,0,0,13,-25,16,-25,18,-24,20,-23,21,-22,22,-21,24,-21,26,-19,28,-18,29,-17,29,-14,29,-15,27,-16,26,-15,26,-15,25,-15,26,-15,25,-16,24,-16,23,-17,22,-17,22,-19,23,-18,22,-21,22,-20,20,-21,19,-22,21,-22]"
618075962180400,57.511332000,92467,1910956622,-49,-98,6,0,1,7,0,0,256,0,0,"[0,0,15,1,14,1,14,1,13,0,13,0,12,0,12,-1,11,-1,11,-1,11,-2,10,-2,9,-3,9,-3,9,-3,9,-3,9,-3,9,-3,9,-3,9,-3,9,-3,9,-3,8,-3,7,-2,7,-1,7,-1,7,-1,0,0,0,0,0,0,0,0,0,0,0,0,0,0,0,0,0,0,0,0,0,0,15,0,16,1,16,1,16,2,16,3,17,4,17,5,17,6,16,6,15,6,15,7,15,6,15,6,14,6,15,5,14,5,14,4,14,3,15,4,14,3,15,3,15,2,15,2,15,1,16,1,16,1,0,0,28,0,27,0,25,0,25,-1,24,-1,22,-2,22,-3,21,-4,21,-4,19,-6,18,-6,17,-6,17,-6,17,-7,17,-8,17,-8,16,-7,17,-8,16,-7,16,-7,16,-5,15,-5,14,-5,14,-4,14,-4,13,-2,13,-2,12,-1,0,0,0,0,0,0,0,0,0,0,0,0,0,0,27,-8,29,-4,30,-2,30,-1,30,0,30,2,31,3,32,5,32,7,33,8,32,9,30,10,30,10,29,9,27,9,28,9,28,7,27,7,28,6,28,5,27,4,27,3,28,2,29,2,29,0,29,1,29,0,30,0]"
618075985657800,57.534809400,92468,1910983685,-49,-98,6,0,1,7,0,0,256,0,0,"[0,0,16,-4,14,-5,14,-4,13,-4,13,-5,12,-4,11,-5,11,-5,10,-5,9,-6,9,-6,9,-6,9,-6,8,-6,8,-6,8,-7,8,-6,8,-6,8,-6,8,-6,8,-5,7,-5,7,-4,7,-3,7,-4,7,-3,0,0,0,0,0,0,0,0,0,0,0,0,0,0,0,0,0,0,0,0,0,0,14,-7,16,-7,15,-6,16,-5,17,-4,18,-4,18,-3,18,-2,18,-1,18,-1,17,0,17,0,16,0,16,0,16,-1,16,-1,16,-2,15,-2,15,-3,15,-4,15,-4,16,-4,16,-5,16,-4,16,-4,16,-5,0,0,28,-7,26,-9,25,-7,26,-8,24,-8,22,-8,21,-9,20,-10,20,-10,18,-10,17,-10,17,-12,16,-11,15,-12,16,-11,16,-12,15,-12,15,-12,15,-10,15,-11,14,-9,14,-10,13,-8,13,-7,13,-7,13,-6,12,-5,11,-4,0,0,0,0,0,0,0,0,0,0,0,0,0,0,24,-16,25,-14,27,-13,29,-11,29,-10,30,-9,32,-7,34,-6,33,-5,34,-3,34,-2,33,-1,32,0,32,1,31,0,30,0,29,-1,29,-2,29,-3,30,-3,29,-5,29,-7,28,-7,29,-8,30,-8,30,-7,30,-7,29,-8]"
618076003969900,57.553121500,92469,1910996853,-49,-98,6,0,1,7,0,0,256,0,0,"[0,0,15,0,14,0,14,0,13,0,13,0,12,0,12,-1,11,-1,11,-1,10,-2,10,-3,10,-3,9,-3,9,-3,9,-4,9,-4,9,-3,9,-4,9,-3,9,-3,9,-2,8,-2,8,-2,7,-2,7,-1,7,-1,0,0,0,0,0,0,0,0,0,0,0,0,0,0,0,0,0,0,0,0,0,0,15,-2,16,-2,16,-1,16,0,17,1,18,2,17,3,17,4,17,4,16,5,16,5,16,5,15,5,15,4,15,4,14,3,15,3,14,2,15,2,15,2,15,1,15,1,16,1,16,0,15,0,16,0,0,0,28,4,27,2,26,2,25,2,23,1,23,1,22,-1,20,-1,21,-2,20,-3,20,-2,18,-3,18,-5,17,-5,18,-6,18,-6,17,-5,18,-4,17,-5,16,-3,16,-4,15,-3,15,-2,14,-3,13,-1,12,-1,13,0,13,1,0,0,0,0,0,0,0,0,0,0,0,0,0,0,28,-6,29,-3,29,0,29,1,30,2,30,4,31,7,32,9,31,8,31,11,30,12,29,13,29,13,27,13,26,12,27,12,26,10,27,8,27,7,27,8,27,7,28,5,29,5,28,4,30,4,29,4,29,4,30,3]"
618076025226500,57.574378100,92470,1911016485,-49,-98,6,0,1,7,0,0,256,0,0,"[0,0,13,-8,12,-8,11,-8,12,-7,11,-8,10,-7,9,-8,9,-7,8,-7,8,-8,7,-8,7,-8,6,-8,6,-8,6,-8,6,-8,5,-8,6,-8,6,-8,6,-8,6,-7,5,-7,5,-6,5,-6,5,-5,5,-5,0,0,0,0,0,0,0,0,0,0,0,0,0,0,0,0,0,0,0,0,0,0,12,-10,13,-10,13,-9,14,-9,15,-8,16,-7,16,-7,17,-6,17,-5,17,-5,17,-4,16,-4,15,-4,15,-4,14,-5,14,-5,14,-6,14,-6,14,-6,14,-7,14,-7,14,-8,14,-8,14,-8,13,-8,13,-8,0,0,22,-16,22,-18,21,-17,20,-16,18,-16,17,-16,16,-17,14,-17,14,-15,13,-16,12,-16,10,-17,10,-16,8,-16,9,-16,9,-16,8,-16,9,-17,9,-16,8,-15,9,-14,9,-13,9,-12,9,-13,8,-11,9,-9,9,-10,10,-9,0,0,0,0,0,0,0,0,0,0,0,0,0,0,16,-24,19,-22,21,-21,22,-19,24,-19,25,-17,27,-17,29,-17,30,-16,30,-14,30,-13,30,-12,29,-11,28,-11,28,-11,27,-11,26,-11,26,-13,25,-12,26,-13,24,-16,24,-16,24,-16,24,-18,24,-17,23,-18,23,-19,24,-19]"
618076042831500,57.591983100,92471,1911036596,-49,-98,6,0,1,7,0,0,256,0,0,"[0,0,-14,2,-14,2,-13,2,-13,2,-12,2,-12,3,-11,2,-11,3,-11,3,-10,4,-9,4,-8,4,-8,5,-8,5,-8,5,-8,5,-8,5,-8,5,-8,4,-8,4,-8,4,-7,3,-7,3,-7,3,-7,2,-7,2,0,0,0,0,0,0,0,0,0,0,0,0,0,0,0,0,0,0,0,0,0,0,-15,4,-15,3,-15,2,-15,2,-16,1,-17,0,-17,-1,-17,-2,-17,-2,-16,-2,-16,-2,-16,-2,-15,-2,-15,-2,-15,-2,-15,-1,-15,0,-15,0,-15,0,-14,0,-15,1,-15,1,-15,2,-15,3,-15,3,-15,2,0,0,-29,1,-28,1,-27,1,-25,2,-25,3,-23,4,-22,4,-22,4,-21,5,-20,5,-19,6,-19,7,-18,7,-18,8,-18,7,-18,7,-16,8,-16,8,-17,7,-16,6,-16,6,-15,6,-15,5,-14,4,-13,3,-13,3,-13,2,-12,1,0,0,0,0,0,0,0,0,0,0,0,0,0,0,-28,9,-29,5,-30,4,-30,3,-31,1,-32,0,-32,-2,-33,-4,-34,-5,-34,-6,-33,-7,-32,-7,-31,-8,-30,-9,-30,-8,-30,-7,-30,-6,-28,-5,-29,-4,-30,-4,-28,-2,-29,-1,-30,-1,-30,1,-30,0,-30,1,-30,1,-30,1]"
618076063583800,57.612735400,92472,1911056556,-49,-98,6,0,1,7,0,0,256,0,0,"[0,0,-13,9,-12,8,-11,8,-11,8,-11,8,-10,8,-9,8,-9,8,-8,8,-8,8,-7,8,-7,8,-6,8,-6,8,-6,8,-6,8,-5,8,-6,8,-6,7,-6,7,-6,7,-6,6,-6,6,-5,5,-6,5,-6,4,0,0,0,0,0,0,0,0,0,0,0,0,0,0,0,0,0,0,0,0,0,0,-12,11,-13,10,-13,10,-14,9,-15,9,-16,8,-16,8,-17,7,-17,7,-17,6,-17,5,-16,5,-16,5,-16,5,-15,5,-15,6,-15,6,-15,7,-14,7,-14,8,-14,8,-14,8,-14,9,-13,9,-13,9,-13,9,0,0,-22,17,-23,19,-21,17,-21,16,-18,15,-17,17,-16,16,-15,16,-14,15,-14,15,-12,16,-11,15,-10,16,-10,15,-10,16,-9,15,-9,16,-9,15,-9,15,-10,13,-10,12,-10,13,-10,12,-10,11,-9,10,-9,9,-10,9,-10,7,0,0,0,0,0,0,0,0,0,0,0,0,0,0,-17,23,-20,21,-23,19,-22,17,-25,20,-24,18,-28,18,-29,15,-30,15,-31,13,-31,14,-32,11,-31,11,-30,10,-29,9,-28,10,-26,11,-27,13,-25,11,-27,14,-24,14,-24,16,-25,16,-24,18,-25,17,-25,17,-24,18,-23,17]"
618076082991300,57.632142900,92473,1911076517,-49,-98,6,0,1,7,0,0,256,0,0,"[0,0,-9,12,-8,12,-8,12,-8,12,-7,11,-6,11,-6,10,-5,10,-5,10,-4,10,-3,10,-3,10,-3,10,-2,10,-2,10,-2,9,-2,9,-2,9,-2,9,-3,8,-3,8,-2,8,-3,8,-3,7,-3,7,-3,6,0,0,0,0,0,0,0,0,0,0,0,0,0,0,0,0,0,0,0,0,0,0,-8,14,-9,13,-9,14,-10,13,-11,13,-12,13,-13,12,-14,12,-14,11,-14,11,-14,11,-14,10,-13,10,-12,10,-12,10,-12,10,-11,10,-11,11,-10,12,-10,12,-10,12,-10,12,-10,13,-9,13,-9,13,-9,13,0,0,-28,51,-24,50,-22,48,-21,46,-21,45,-18,43,-18,42,-16,41,-12,40,-10,38,-7,39,-4,39,-3,38,-3,36,-4,37,-1,36,-2,37,-3,36,-6,34,-7,33,-6,30,-6,31,-7,30,-5,28,-7,26,-8,24,-9,23,-10,22,0,0,0,0,0,0,0,0,0,0,0,0,0,0,-10,56,-17,56,-20,53,-25,53,-28,54,-30,54,-34,55,-38,53,-42,50,-46,47,-48,46,-46,48,-44,47,-42,46,-39,44,-39,46,-40,44,-36,42,-36,43,-34,44,-33,48,-33,48,-31,48,-33,50,-27,51,-25,54,-26,55,-26,51]"
618076102980200,57.652131800,92474,1911097397,-49,-98,6,0,1,7,0,0,256,0,0,"[0,0,-15,-5,-14,-5,-14,-5,-14,-4,-13,-4,-13,-4,-12,-3,-12,-3,-12,-2,-12,-1,-11,0,-11,-1,-11,0,-10,0,-11,1,-10,1,-10,0,-10,1,-10,0,-10,0,-10,0,-9,0,-9,-1,-8,-1,-8,-1,-8,-1,0,0,0,0,0,0,0,0,0,0,0,0,0,0,0,0,0,0,0,0,0,0,-16,-4,-16,-5,-16,-6,-16,-7,-17,-8,-16,-9,-16,-10,-16,-11,-15,-11,-15,-11,-15,-11,-14,-11,-13,-10,-13,-10,-13,-9,-14,-9,-14,-8,-15,-8,-14,-7,-15,-7,-15,-7,-15,-6,-16,-6,-16,-6,-15,-6,-15,-6,0,0,-27,-9,-28,-9,-26,-9,-26,-7,-24,-7,-23,-7,-22,-6,-21,-5,-21,-3,-21,-2,-21,-1,-20,0,-20,1,-19,1,-20,1,-19,1,-18,2,-19,1,-19,0,-19,0,-17,-1,-16,-2,-16,-1,-14,-1,-15,-1,-14,-2,-13,-3,-13,-3,0,0,0,0,0,0,0,0,0,0,0,0,0,0,-30,-2,-29,-4,-30,-6,-29,-10,-30,-11,-29,-12,-29,-15,-30,-17,-29,-18,-27,-20,-27,-21,-28,-20,-27,-20,-27,-18,-25,-18,-25,-17,-25,-17,-25,-16,-25,-15,-26,-15,-26,-13,-26,-13,-27,-13,-27,-12,-29,-10,-28,-9,-29,-9,-29,-10]"
618076121263800,57.670415400,92475,1911116523,-49,-98,6,0,1,7,0,0,256,0,0,"[0,0,15,-4,14,-4,13,-4,13,-4,12,-4,11,-5,11,-5,10,-5,10,-6,9,-6,9,-6,8,-6,8,-6,8,-7,8,-7,8,-7,7,-6,7,-6,8,-6,7,-6,7,-5,7,-5,7,-5,7,-4,6,-4,6,-3,0,0,0,0,0,0,0,0,0,0,0,0,0,0,0,0,0,0,0,0,0,0,15,-6,15,-5,16,-4,16,-4,16,-3,17,-2,17,-2,18,-1,18,0,17,0,17,1,16,1,16,1,15,0,16,0,15,-1,15,-1,15,-2,15,-2,15,-3,15,-3,15,-4,16,-4,15,-4,15,-4,16,-4,0,0,27,-8,27,-8,26,-8,24,-8,23,-8,21,-9,20,-8,19,-9,19,-10,18,-10,17,-10,16,-11,15,-12,15,-12,14,-13,14,-12,14,-12,14,-12,14,-12,13,-10,13,-9,12,-8,12,-9,12,-8,12,-7,12,-6,12,-6,12,-4,0,0,0,0,0,0,0,0,0,0,0,0,0,0,24,-15,26,-12,28,-11,28,-9,30,-8,30,-7,31,-5,33,-3,33,-3,34,-1,33,1,33,1,31,2,30,3,30,1,29,1,29,-1,28,-1,29,-2,28,-3,28,-4,28,-5,28,-7,28,-7,29,-8,28,-7,28,-8,29,-8]"
618076143373400,57.692525000,92476,1911137192,-49,-98,6,0,1,7,0,0,256,0,0,"[0,0,9,-12,8,-12,8,-11,8,-11,7,-11,6,-10,6,-10,5,-10,5,-10,4,-10,4,-10,3,-10,3,-10,2,-10,2,-10,2,-10,2,-10,3,-10,2,-9,3,-9,3,-8,2,-8,3,-8,2,-7,3,-7,3,-6,0,0,0,0,0,0,0,0,0,0,0,0,0,0,0,0,0,0,0,0,0,0,8,-13,9,-13,10,-13,10,-12,11,-12,13,-12,13,-11,14,-11,14,-10,14,-9,14,-10,13,-9,13,-9,13,-9,12,-9,11,-9,11,-10,11,-10,11,-10,10,-11,10,-11,10,-12,10,-12,10,-12,9,-12,9,-12,0,0,41,-38,41,-40,38,-40,36,-38,32,-36,30,-36,29,-35,26,-37,24,-34,21,-35,21,-35,18,-35,17,-35,15,-35,14,-35,13,-35,12,-37,13,-34,14,-33,15,-31,13,-32,14,-28,14,-27,16,-26,15,-25,14,-22,17,-22,17,-19,0,0,0,0,0,0,0,0,0,0,0,0,0,0,31,-51,36,-48,39,-43,40,-43,45,-43,45,-40,51,-41,52,-37,56,-37,58,-31,57,-32,58,-31,57,-29,56,-25,55,-26,51,-25,50,-29,50,-29,46,-30,48,-32,45,-35,45,-37,45,-36,44,-41,45,-39,44,-42,43,-39,41,-40]"
618076164108600,57.713260200,92477,1911157895,-49,-98,6,0,1,7,0,0,256,0,0,"[0,0,-12,-10,-12,-10,-11,-10,-11,-9,-11,-9,-11,-8,-10,-8,-10,-7,-10,-6,-10,-5,-10,-5,-10,-5,-10,-4,-10,-4,-10,-4,-10,-3,-10,-4,-10,-4,-9,-4,-9,-4,-9,-4,-8,-4,-8,-5,-8,-4,-7,-4,-6,-4,0,0,0,0,0,0,0,0,0,0,0,0,0,0,0,0,0,0,0,0,0,0,-14,-9,-14,-10,-14,-11,-13,-11,-13,-12,-13,-13,-12,-14,-11,-15,-11,-15,-11,-15,-11,-14,-10,-14,-10,-14,-9,-13,-10,-13,-10,-13,-10,-12,-11,-12,-11,-12,-11,-12,-11,-12,-12,-11,-13,-11,-13,-11,-13,-11,-12,-10,0,0,-43,-39,-41,-39,-40,-37,-40,-35,-39,-33,-37,-30,-38,-29,-36,-27,-37,-23,-36,-19,-36,-17,-37,-17,-35,-15,-36,-15,-37,-14,-35,-12,-35,-14,-36,-13,-34,-15,-33,-14,-32,-15,-29,-15,-28,-16,-27,-16,-25,-15,-23,-16,-21,-15,-20,-19,0,0,0,0,0,0,0,0,0,0,0,0,0,0,-51,-27,-48,-33,-51,-33,-49,-39,-46,-41,-45,-44,-46,-48,-44,-50,-41,-54,-39,-56,-36,-57,-36,-57,-36,-54,-35,-54,-33,-53,-32,-49,-33,-50,-34,-48,-35,-46,-37,-46,-38,-44,-40,-44,-40,-43,-41,-44,-46,-41,-45,-40,-46,-41,-44,-39]"
618076182999300,57.732150900,92478,1911176495,-49,-98,6,0,1,7,0,0,256,0,0,"[0,0,-14,-7,-14,-7,-14,-7,-13,-6,-13,-6,-12,-5,-12,-5,-12,-4,-11,-4,-11,-3,-11,-2,-11,-3,-11,-2,-11,-2,-11,-1,-10,-1,-10,-1,-11,-1,-10,-1,-10,-2,-9,-2,-9,-2,-8,-2,-8,-3,-8,-2,-8,-3,0,0,0,0,0,0,0,0,0,0,0,0,0,0,0,0,0,0,0,0,0,0,-15,-6,-15,-7,-15,-8,-15,-9,-15,-10,-15,-11,-15,-11,-14,-12,-14,-12,-14,-13,-13,-12,-13,-12,-12,-12,-12,-11,-12,-11,-13,-10,-13,-10,-13,-9,-13,-9,-14,-9,-14,-9,-14,-8,-15,-8,-15,-8,-15,-8,-15,-8,0,0,-51,-24,-51,-26,-49,-22,-47,-20,-45,-18,-43,-17,-44,-15,-43,-12,-42,-10,-39,-10,-39,-7,-39,-4,-38,-3,-38,-3,-40,-1,-37,-1,-36,-1,-36,-1,-35,-1,-35,-1,-34,-4,-31,-5,-31,-4,-28,-5,-28,-4,-25,-7,-26,-9,-25,-9,0,0,0,0,0,0,0,0,0,0,0,0,0,0,-57,-11,-55,-15,-56,-20,-53,-23,-55,-28,-51,-29,-55,-35,-55,-36,-53,-41,-52,-42,-50,-45,-49,-45,-46,-44,-46,-42,-44,-42,-43,-39,-44,-39,-45,-36,-47,-34,-49,-35,-48,-32,-50,-29,-50,-29,-52,-28,-55,-27,-54,-26,-54,-25,-55,-26]"
618076201815500,57.750967100,92479,1911196587,-49,-98,6,0,1,7,0,0,256,0,0,"[0,0,11,9,11,9,10,9,11,8,10,8,10,7,10,6,10,6,9,5,9,4,9,4,9,4,9,3,9,3,9,2,9,2,9,2,9,2,9,2,8,2,8,3,7,3,7,3,6,3,6,3,6,3,0,0,0,0,0,0,0,0,0,0,0,0,0,0,0,0,0,0,0,0,0,0,13,8,13,9,13,10,12,10,12,11,12,13,12,12,11,13,11,14,10,14,10,13,9,13,9,13,8,13,9,12,9,11,10,11,10,11,10,11,11,10,11,10,11,10,12,10,12,10,12,10,12,9,0,0,45,32,45,31,42,28,42,27,41,24,41,24,40,22,37,19,36,16,37,15,37,11,36,12,34,11,33,9,34,6,36,7,33,6,36,7,35,7,33,8,32,7,30,7,27,10,25,11,25,10,22,11,24,12,21,14,0,0,0,0,0,0,0,0,0,0,0,0,0,0,51,22,50,26,51,28,48,30,50,35,46,36,49,40,49,47,47,46,46,49,41,48,39,52,37,53,36,50,34,47,34,45,37,42,39,44,40,40,40,39,41,40,45,36,44,37,47,34,47,36,47,37,47,33,47,33]"
618076223661100,57.772812700,92480,1911216781,-49,-98,6,0,1,7,0,0,256,0,0,"[0,0,-10,11,-9,12,-8,11,-8,10,-8,10,-7,10,-6,10,-6,10,-6,9,-5,9,-4,9,-4,9,-3,9,-3,9,-3,10,-3,9,-3,9,-3,9,-3,9,-3,8,-4,8,-3,8,-3,8,-4,7,-4,6,-4,6,0,0,0,0,0,0,0,0,0,0,0,0,0,0,0,0,0,0,0,0,0,0,-9,13,-10,13,-10,13,-11,12,-13,12,-13,11,-14,11,-15,10,-15,10,-15,10,-15,9,-15,9,-14,9,-13,9,-13,9,-12,10,-12,10,-12,10,-11,10,-11,11,-11,11,-11,11,-11,12,-10,12,-10,12,-10,12,0,0,-29,46,-27,48,-23,47,-23,43,-22,43,-21,42,-21,41,-18,39,-15,37,-12,37,-7,36,-5,38,-5,38,-5,36,-4,36,-6,37,-4,37,-4,35,-4,34,-7,32,-7,31,-7,32,-7,29,-7,29,-9,27,-8,23,-10,24,-11,24,0,0,0,0,0,0,0,0,0,0,0,0,0,0,-13,55,-19,56,-23,53,-28,51,-31,54,-33,53,-39,52,-43,50,-45,47,-50,45,-47,44,-50,44,-47,45,-44,41,-44,42,-43,43,-41,42,-38,41,-38,43,-36,43,-35,47,-34,47,-35,46,-33,47,-30,47,-29,51,-27,52,-30,52]"
618076244721000,57.793872600,92481,1911239503,-49,-98,6,0,1,7,0,0,256,0,0,"[0,0,8,12,8,11,8,11,7,10,7,10,7,10,7,9,7,8,7,8,7,7,8,6,8,6,8,5,8,5,8,5,8,5,8,5,8,5,7,5,7,5,6,5,6,5,6,5,5,5,5,4,5,5,0,0,0,0,0,0,0,0,0,0,0,0,0,0,0,0,0,0,0,0,0,0,10,11,10,12,9,13,8,14,8,15,8,15,7,16,6,16,5,17,5,16,5,16,5,15,5,15,5,15,5,15,5,14,6,14,6,13,7,13,7,13,7,13,8,13,8,13,9,13,9,13,9,13,0,0,16,23,14,23,13,22,12,21,13,20,14,18,13,17,13,17,14,15,14,14,14,13,13,12,14,12,14,11,14,10,14,10,13,10,14,11,14,9,13,10,12,10,11,10,10,9,9,10,9,9,8,9,7,10,6,10,0,0,0,0,0,0,0,0,0,0,0,0,0,0,19,20,18,23,16,24,15,25,13,26,13,28,12,29,11,30,10,30,9,32,8,31,6,32,6,31,6,29,6,29,5,28,8,28,8,27,9,26,9,26,10,26,11,25,12,26,13,25,14,25,14,26,14,25,14,24]"
618076265762100,57.814913700,92482,1911257474,-49,-98,6,0,1,7,0,0,256,0,0,"[0,0,14,1,14,1,13,1,14,0,13,0,12,-1,12,-1,11,-1,11,-2,10,-2,10,-2,10,-2,9,-2,9,-3,10,-4,9,-3,9,-3,9,-3,8,-3,8,-3,8,-3,8,-2,8,-1,7,-1,7,-1,6,0,0,0,0,0,0,0,0,0,0,0,0,0,0,0,0,0,0,0,0,0,0,0,15,0,15,0,16,1,16,2,17,3,17,4,17,4,17,5,16,6,16,7,15,7,15,6,14,6,14,6,13,5,14,4,14,4,14,4,14,3,15,2,15,2,15,2,16,1,15,2,15,2,15,1,0,0,28,0,25,-3,27,-2,26,-1,24,-2,22,-3,21,-2,21,-4,20,-4,19,-6,18,-7,18,-8,16,-7,17,-8,17,-8,17,-8,15,-8,17,-7,17,-7,16,-6,15,-6,15,-5,13,-5,14,-5,14,-5,12,-3,12,-2,13,-1,0,0,0,0,0,0,0,0,0,0,0,0,0,0,26,-9,28,-7,28,-5,30,-2,30,-3,30,-1,32,1,33,4,33,5,33,7,31,8,31,8,31,8,30,7,29,7,27,6,27,6,29,5,28,4,29,4,29,3,29,2,27,2,29,1,30,-1,28,-2,29,-2,29,-2]"
618076283765300,57.832916900,92483,1911276505,-49,-98,6,0,1,7,0,0,256,0,0,"[0,0,-5,-15,-5,-15,-5,-14,-5,-13,-5,-13,-5,-12,-5,-12,-6,-11,-6,-10,-6,-10,-6,-10,-6,-9,-6,-9,-7,-9,-7,-8,-7,-8,-7,-8,-6,-8,-6,-8,-6,-8,-6,-8,-5,-8,-5,-8,-4,-7,-4,-7,-3,-7,0,0,0,0,0,0,0,0,0,0,0,0,0,0,0,0,0,0,0,0,0,0,-7,-15,-6,-16,-6,-16,-5,-17,-5,-17,-4,-18,-3,-18,-2,-18,-1,-18,-1,-18,-1,-17,-1,-17,-1,-17,-1,-17,-1,-16,-2,-16,-2,-16,-3,-16,-3,-16,-4,-16,-4,-15,-4,-16,-5,-16,-5,-16,-5,-16,-5,-15,0,0,-9,-26,-9,-28,-8,-26,-9,-25,-9,-24,-9,-21,-9,-22,-10,-19,-10,-18,-11,-17,-11,-17,-11,-17,-11,-16,-13,-15,-13,-15,-13,-14,-12,-14,-12,-14,-12,-13,-11,-14,-11,-13,-10,-14,-8,-13,-8,-12,-7,-12,-6,-12,-6,-13,-4,-13,0,0,0,0,0,0,0,0,0,0,0,0,0,0,-17,-25,-14,-27,-12,-27,-9,-27,-10,-30,-8,-30,-7,-32,-5,-33,-5,-33,-4,-34,-2,-32,-1,-33,0,-32,0,-31,1,-30,-1,-30,-2,-30,-4,-28,-4,-28,-5,-29,-5,-29,-8,-29,-7,-28,-9,-29,-9,-28,-9,-30,-8,-29,-9,-28]"
618076303504700,57.852656300,92484,1911297082,-49,-98,6,0,1,7,0,0,256,0,0,"[0,0,6,-14,5,-14,5,-14,5,-13,4,-12,4,-13,3,-12,3,-12,3,-11,2,-11,1,-11,1,-11,0,-11,0,-11,0,-11,0,-10,0,-10,0,-10,0,-10,1,-10,1,-9,1,-9,1,-9,1,-8,1,-8,2,-7,0,0,0,0,0,0,0,0,0,0,0,0,0,0,0,0,0,0,0,0,0,0,4,-15,5,-16,6,-16,6,-15,8,-16,9,-16,9,-15,11,-15,11,-14,11,-14,10,-14,10,-13,10,-13,10,-13,9,-13,9,-13,8,-13,8,-14,7,-14,7,-14,7,-14,7,-15,7,-15,6,-15,6,-15,6,-15,0,0,22,-51,20,-51,20,-51,19,-47,18,-45,15,-44,15,-44,14,-42,11,-41,9,-41,5,-40,4,-40,1,-39,1,-37,0,-36,-2,-36,-1,-37,1,-36,2,-35,3,-34,5,-33,4,-33,4,-31,4,-29,5,-28,7,-26,7,-26,10,-25,0,0,0,0,0,0,0,0,0,0,0,0,0,0,7,-59,13,-58,18,-56,22,-54,23,-58,26,-56,32,-56,34,-55,38,-53,42,-51,42,-49,43,-49,40,-48,40,-45,39,-46,38,-46,36,-43,34,-46,31,-47,31,-48,29,-48,29,-52,28,-50,27,-53,26,-54,24,-54,21,-54,23,-50]"
618076321643400,57.870795000,92485,1911316606,-49,-98,6,0,1,7,0,0,256,0,0,"[0,0,14,4,13,4,13,4,13,4,12,3,11,3,11,2,11,2,11,1,10,0,10,0,10,0,10,-1,9,-1,10,-1,9,-1,9,-1,9,-1,9,-1,9,-1,8,0,8,0,8,0,7,0,7,0,7,1,0,0,0,0,0,0,0,0,0,0,0,0,0,0,0,0,0,0,0,0,0,0,15,2,15,4,15,4,15,5,16,6,15,7,15,8,15,9,14,9,14,9,14,9,13,9,13,9,13,8,13,8,13,8,13,7,13,7,13,6,14,6,14,6,14,5,15,5,14,5,15,5,15,4,0,0,25,11,25,10,25,10,24,9,23,8,22,6,22,6,22,4,21,4,20,4,19,2,19,0,19,0,19,0,20,-1,18,-1,18,0,18,1,18,0,18,1,17,1,16,1,14,2,14,2,14,2,13,2,13,3,12,5,0,0,0,0,0,0,0,0,0,0,0,0,0,0,29,3,29,5,29,7,29,10,29,10,28,12,29,16,28,17,28,18,28,20,27,20,26,21,25,21,26,20,24,19,24,17,23,17,24,16,25,15,24,16,24,14,25,14,25,13,27,12,29,12,28,11,28,11,29,10]"
618076344733500,57.893885100,92486,1911336626,-49,-98,6,0,1,7,0,0,256,0,0,"[0,0,8,-14,7,-14,6,-13,6,-12,6,-12,5,-12,5,-12,4,-12,4,-11,3,-11,2,-11,2,-11,1,-11,1,-11,1,-11,1,-11,0,-10,1,-10,1,-10,1,-10,1,-9,2,-9,2,-8,2,-8,2,-8,2,-7,0,0,0,0,0,0,0,0,0,0,0,0,0,0,0,0,0,0,0,0,0,0,7,-15,8,-15,8,-14,9,-15,10,-15,12,-14,12,-14,13,-13,13,-13,13,-12,13,-12,13,-11,12,-11,12,-11,11,-12,10,-11,10,-12,10,-12,10,-13,9,-13,9,-13,9,-14,8,-14,8,-14,8,-15,8,-14,0,0,29,-46,28,-49,26,-45,25,-44,23,-42,19,-43,19,-41,15,-41,14,-40,12,-40,12,-37,10,-38,7,-38,6,-38,6,-38,6,-36,4,-37,5,-36,4,-34,5,-34,7,-31,5,-32,8,-30,9,-27,9,-28,9,-25,11,-24,14,-23,0,0,0,0,0,0,0,0,0,0,0,0,0,0,16,-55,24,-54,28,-51,30,-53,33,-52,36,-50,39,-51,42,-49,44,-48,48,-47,48,-43,49,-41,49,-41,48,-38,47,-38,46,-38,43,-40,40,-39,38,-41,37,-42,35,-44,33,-47,32,-48,33,-50,34,-50,31,-50,34,-49,33,-51]"
618076368506500,57.917658100,92487,1911361913,-49,-98,6,0,1,7,0,0,256,0,0,"[0,0,14,6,13,5,13,5,12,5,12,4,12,4,11,3,11,3,11,2,10,1,10,1,10,1,10,1,10,0,10,0,10,-1,9,0,9,0,9,0,9,0,9,1,8,1,8,1,7,1,7,1,7,2,0,0,0,0,0,0,0,0,0,0,0,0,0,0,0,0,0,0,0,0,0,0,15,4,15,5,15,6,15,7,15,8,15,9,14,10,14,10,14,11,13,11,13,10,12,10,12,10,12,10,12,9,12,9,12,8,13,8,13,8,13,7,13,7,14,7,14,7,14,6,14,6,14,6,0,0,50,21,50,22,48,21,46,20,43,18,43,15,41,14,40,12,40,9,37,6,38,5,36,3,37,4,36,1,37,1,35,-1,34,0,38,2,35,0,33,1,31,3,30,4,28,5,27,5,27,6,24,6,24,8,21,10,0,0,0,0,0,0,0,0,0,0,0,0,0,0,56,5,57,12,56,17,56,20,54,24,53,26,57,30,54,36,53,37,53,40,52,41,47,42,48,41,46,41,44,40,43,37,45,35,46,33,45,32,47,32,47,28,48,27,51,26,50,25,53,24,53,24,53,24,54,22]"
618076383465200,57.932616800,92488,1911376530,-49,-98,6,0,1,7,0,0,256,0,0,"[0,0,6,-14,6,-14,5,-14,5,-13,4,-12,3,-12,3,-12,2,-12,2,-11,1,-11,2,-11,1,-11,0,-11,0,-11,0,-11,0,-10,-1,-10,0,-10,0,-10,0,-10,1,-9,1,-9,0,-9,1,-8,1,-7,2,-7,0,0,0,0,0,0,0,0,0,0,0,0,0,0,0,0,0,0,0,0,0,0,5,-15,6,-15,6,-15,8,-15,8,-15,10,-15,10,-15,11,-14,12,-14,11,-13,11,-13,11,-12,11,-12,10,-13,10,-13,9,-12,9,-13,8,-13,8,-14,7,-14,7,-14,7,-14,7,-15,6,-15,6,-14,7,-15,0,0,30,-46,26,-50,24,-48,23,-45,21,-44,20,-41,17,-42,16,-41,13,-40,11,-38,10,-41,8,-38,6,-39,6,-39,4,-38,4,-35,4,-38,3,-36,4,-35,4,-33,5,-32,5,-32,7,-30,7,-28,9,-26,10,-24,11,-25,9,-22,0,0,0,0,0,0,0,0,0,0,0,0,0,0,13,-57,21,-57,23,-54,28,-53,31,-52,35,-50,38,-54,42,-50,44,-48,45,-45,48,-43,48,-46,46,-43,45,-42,44,-42,42,-41,41,-41,40,-40,37,-40,36,-42,34,-46,35,-46,33,-47,33,-49,31,-50,30,-49,30,-52,31,-49]"
618076404071600,57.953223200,92489,1911396930,-50,-98,6,0,1,7,0,0,256,0,0,"[0,0,-14,4,-14,3,-13,3,-13,3,-12,3,-12,3,-11,4,-10,4,-10,4,-10,5,-9,5,-8,5,-8,5,-8,5,-8,5,-8,5,-7,5,-7,5,-8,5,-8,4,-8,4,-7,4,-7,4,-6,4,-7,3,-7,2,0,0,0,0,0,0,0,0,0,0,0,0,0,0,0,0,0,0,0,0,0,0,-14,5,-15,4,-15,4,-15,3,-17,2,-17,2,-17,1,-18,0,-17,-1,-17,-1,-17,-1,-16,-1,-15,-1,-15,-1,-15,0,-15,0,-15,1,-15,1,-14,2,-14,2,-15,2,-15,2,-15,3,-15,4,-14,4,-14,4,0,0,-29,5,-29,5,-26,5,-26,6,-23,6,-22,7,-22,7,-21,8,-20,8,-19,8,-18,10,-18,9,-17,10,-16,10,-17,11,-16,10,-15,11,-16,10,-15,9,-15,10,-15,8,-14,8,-15,8,-13,7,-14,5,-13,5,-13,4,-12,3,0,0,0,0,0,0,0,0,0,0,0,0,0,0,-27,13,-28,11,-30,8,-30,7,-32,6,-31,4,-33,3,-34,1,-34,0,-35,-1,-35,-3,-34,-2,-32,-4,-32,-3,-31,-4,-31,-3,-30,-2,-31,-2,-29,-1,-31,0,-28,2,-29,3,-29,4,-31,5,-31,5,-29,5,-30,6,-30,5]"
618076422971000,57.972122600,92490,1911416468,-49,-98,6,0,1,7,0,0,256,0,0,"[0,0,-10,-13,-10,-12,-10,-12,-9,-11,-9,-11,-9,-10,-9,-10,-9,-9,-9,-8,-9,-7,-9,-7,-9,-6,-9,-6,-9,-6,-9,-6,-9,-6,-9,-5,-9,-5,-9,-6,-8,-5,-8,-6,-7,-6,-7,-6,-6,-6,-6,-5,-6,-5,0,0,0,0,0,0,0,0,0,0,0,0,0,0,0,0,0,0,0,0,0,0,-12,-11,-12,-12,-11,-13,-11,-14,-11,-15,-10,-16,-9,-16,-9,-17,-8,-17,-8,-17,-8,-16,-8,-16,-7,-16,-7,-15,-7,-15,-8,-14,-8,-14,-9,-14,-9,-14,-9,-14,-9,-14,-10,-14,-10,-13,-11,-13,-11,-13,-11,-13,0,0,-13,-26,-12,-25,-12,-25,-12,-22,-12,-22,-13,-20,-12,-19,-12,-19,-13,-17,-14,-16,-13,-16,-13,-15,-13,-15,-13,-13,-15,-13,-14,-13,-14,-12,-14,-12,-13,-13,-13,-12,-12,-12,-10,-12,-10,-11,-9,-12,-8,-11,-8,-11,-6,-12,-5,-12,0,0,0,0,0,0,0,0,0,0,0,0,0,0,-18,-22,-17,-25,-16,-26,-15,-26,-13,-27,-12,-28,-10,-30,-11,-32,-10,-32,-8,-32,-7,-32,-6,-32,-4,-32,-5,-31,-4,-30,-5,-29,-5,-29,-7,-28,-7,-27,-8,-27,-9,-27,-11,-27,-11,-27,-12,-27,-13,-28,-13,-28,-12,-27,-12,-27]"
618076442369900,57.991521500,92491,1911436689,-50,-98,6,0,1,7,0,0,256,0,0,"[0,0,7,-14,6,-14,5,-13,6,-13,5,-12,4,-12,3,-12,3,-12,3,-11,3,-11,2,-11,1,-10,1,-10,0,-10,0,-10,0,-10,0,-10,0,-10,0,-10,1,-9,1,-9,1,-9,1,-9,1,-8,2,-7,2,-7,0,0,0,0,0,0,0,0,0,0,0,0,0,0,0,0,0,0,0,0,0,0,5,-15,6,-15,7,-15,8,-15,9,-15,10,-14,10,-14,11,-14,11,-14,12,-13,12,-12,11,-12,11,-12,11,-12,10,-12,10,-12,9,-12,9,-13,8,-13,8,-14,7,-14,7,-14,7,-15,7,-14,7,-14,7,-14,0,0,22,-53,19,-54,15,-52,17,-48,14,-47,13,-47,10,-46,10,-43,7,-41,5,-40,2,-40,1,-40,-1,-39,-1,-40,-3,-38,-1,-36,-1,-37,-1,-37,-2,-38,-2,-36,-1,-32,0,-34,1,-32,3,-32,2,-27,4,-26,6,-26,9,-26,0,0,0,0,0,0,0,0,0,0,0,0,0,0,7,-59,15,-58,18,-57,21,-56,23,-60,27,-56,33,-59,36,-57,37,-57,41,-55,42,-51,43,-52,43,-50,41,-48,40,-48,36,-46,35,-47,34,-49,31,-48,30,-48,28,-50,24,-54,25,-53,23,-54,25,-55,22,-56,21,-55,23,-55]"
618076464194700,58.013346300,92492,1911462751,-50,-98,6,0,1,7,0,0,256,0,0,"[0,0,-1,-16,-2,-16,-1,-15,-1,-14,-2,-14,-2,-13,-2,-13,-3,-12,-3,-11,-4,-11,-4,-11,-4,-10,-5,-10,-5,-10,-5,-9,-5,-9,-5,-9,-5,-9,-4,-9,-4,-9,-4,-9,-4,-9,-3,-9,-3,-8,-2,-8,-2,-7,0,0,0,0,0,0,0,0,0,0,0,0,0,0,0,0,0,0,0,0,0,0,-3,-16,-2,-16,-1,-17,0,-17,0,-18,1,-18,3,-18,3,-18,4,-18,4,-18,4,-17,3,-17,3,-17,3,-16,3,-16,2,-16,2,-15,1,-16,0,-16,1,-16,0,-16,-1,-17,0,-17,-1,-17,-2,-16,-1,-16,0,0,-4,-29,-5,-29,-3,-27,-5,-27,-5,-25,-5,-24,-5,-23,-6,-22,-7,-21,-7,-19,-9,-17,-9,-19,-10,-19,-9,-18,-10,-17,-10,-17,-9,-16,-9,-17,-8,-16,-9,-16,-8,-15,-6,-17,-7,-15,-6,-14,-5,-13,-4,-15,-3,-14,-2,-14,0,0,0,0,0,0,0,0,0,0,0,0,0,0,-11,-27,-9,-29,-6,-30,-5,-31,-4,-31,-3,-32,-1,-34,0,-33,3,-33,4,-34,5,-34,5,-34,5,-32,5,-32,5,-31,5,-31,4,-30,3,-29,1,-29,1,-30,0,-29,-1,-30,-1,-30,-2,-31,-2,-31,-4,-30,-2,-30,-4,-31]"
618076483488800,58.032640400,92493,1911476494,-50,-98,6,0,1,7,0,0,256,0,0,"[0,0,13,7,13,7,12,6,12,6,11,6,11,5,11,4,10,4,10,3,11,2,10,2,10,2,10,1,10,1,10,1,9,1,9,1,9,1,9,1,9,1,9,1,8,2,7,2,7,2,7,2,6,2,0,0,0,0,0,0,0,0,0,0,0,0,0,0,0,0,0,0,0,0,0,0,14,6,14,7,14,8,13,8,14,10,13,10,13,11,13,12,13,12,12,13,11,12,11,12,11,12,11,11,11,11,11,10,11,9,12,10,12,9,12,8,12,8,13,8,14,8,13,8,13,8,13,7,0,0,45,31,44,31,42,29,42,25,38,24,39,24,38,20,37,18,38,16,39,15,39,12,36,12,35,9,38,8,38,6,37,5,35,4,34,5,35,8,34,7,33,6,28,12,29,11,27,9,25,11,24,11,22,11,20,12,0,0,0,0,0,0,0,0,0,0,0,0,0,0,53,20,50,25,50,29,49,32,50,34,45,36,47,40,47,44,45,45,44,49,41,49,40,51,38,50,38,50,34,46,34,46,35,41,39,41,39,39,41,40,42,36,44,35,43,35,45,35,47,35,47,34,46,33,48,33]"
618076506691900,58.055843500,92494,1911497208,-50,-98,6,0,1,7,0,0,256,0,0,"[0,0,3,-15,3,-15,2,-14,3,-14,2,-14,1,-13,1,-13,1,-12,0,-12,0,-12,-1,-12,-1,-11,-2,-11,-2,-11,-2,-10,-2,-10,-3,-10,-2,-10,-2,-10,-2,-10,-1,-9,-1,-9,-1,-9,-1,-8,0,-8,0,-8,0,0,0,0,0,0,0,0,0,0,0,0,0,0,0,0,0,0,0,0,0,0,1,-16,2,-16,3,-17,4,-17,5,-17,6,-17,7,-17,8,-17,8,-16,8,-16,8,-15,8,-15,8,-15,8,-15,7,-15,6,-14,6,-14,5,-15,5,-15,4,-16,4,-16,4,-16,4,-16,4,-16,3,-16,3,-16,0,0,6,-28,5,-29,5,-28,5,-27,4,-25,3,-25,1,-24,1,-23,0,-21,-1,-21,-1,-20,-2,-21,-2,-19,-3,-19,-3,-19,-3,-19,-4,-20,-4,-19,-3,-17,-3,-16,-3,-16,-2,-16,-1,-16,0,-16,0,-14,1,-14,1,-14,2,-14,0,0,0,0,0,0,0,0,0,0,0,0,0,0,-2,-30,2,-30,3,-30,5,-30,6,-31,8,-31,10,-32,11,-31,12,-31,14,-31,15,-30,16,-30,16,-28,15,-27,16,-26,15,-26,14,-26,12,-26,12,-27,11,-28,10,-27,8,-29,8,-29,7,-30,7,-29,7,-30,7,-30,7,-29]"
618076526228300,58.075379900,92495,1911520084,-50,-98,6,0,1,7,0,0,256,0,0,"[0,0,11,10,11,9,10,9,11,8,10,8,10,7,10,7,9,6,9,5,9,5,9,4,9,4,9,3,9,3,9,3,9,2,9,3,9,2,9,3,8,3,8,3,7,3,7,3,7,3,6,3,6,4,0,0,0,0,0,0,0,0,0,0,0,0,0,0,0,0,0,0,0,0,0,0,13,8,13,9,12,10,12,11,12,11,12,12,11,13,10,14,10,14,10,14,9,14,9,14,9,13,8,13,9,13,9,12,9,12,10,11,10,11,10,11,11,11,11,10,12,10,12,10,12,10,12,10,0,0,43,33,44,31,43,32,42,30,40,29,39,25,39,21,37,23,37,18,38,13,38,13,37,12,35,9,36,9,39,6,35,9,35,8,35,7,34,9,33,11,32,8,30,10,28,10,25,10,25,10,21,11,22,13,19,16,0,0,0,0,0,0,0,0,0,0,0,0,0,0,53,21,52,28,51,31,47,35,48,37,46,39,45,43,46,46,43,50,44,53,39,52,39,54,38,52,36,50,34,48,33,47,33,44,38,44,38,41,39,42,41,42,42,39,44,39,45,38,47,38,48,35,48,37,46,35]"
618076544341800,58.093493400,92496,1911536481,-50,-98,6,0,1,7,0,0,256,0,0,"[0,0,-12,-10,-12,-10,-11,-10,-11,-9,-11,-9,-11,-8,-10,-7,-11,-6,-11,-6,-10,-5,-10,-5,-10,-4,-10,-4,-10,-4,-10,-3,-10,-3,-10,-3,-10,-3,-9,-3,-9,-4,-9,-3,-9,-4,-8,-4,-7,-4,-7,-4,-7,-4,0,0,0,0,0,0,0,0,0,0,0,0,0,0,0,0,0,0,0,0,0,0,-13,-10,-13,-11,-13,-12,-13,-13,-12,-13,-12,-15,-11,-15,-11,-15,-10,-15,-10,-16,-9,-15,-9,-15,-9,-15,-9,-14,-9,-14,-9,-13,-10,-12,-10,-12,-11,-12,-11,-12,-12,-12,-12,-11,-12,-11,-12,-11,-12,-11,-12,-11,0,0,-43,-38,-47,-37,-40,-35,-41,-32,-39,-28,-39,-29,-38,-26,-38,-23,-38,-21,-40,-17,-38,-17,-37,-16,-37,-14,-33,-14,-39,-12,-35,-11,-36,-11,-35,-12,-34,-12,-33,-12,-31,-12,-31,-14,-27,-13,-28,-13,-27,-14,-23,-14,-21,-15,-19,-14,0,0,0,0,0,0,0,0,0,0,0,0,0,0,-53,-28,-49,-32,-49,-37,-46,-37,-47,-43,-43,-42,-46,-48,-42,-48,-41,-52,-40,-56,-39,-55,-37,-59,-34,-55,-33,-53,-31,-52,-31,-51,-32,-47,-35,-48,-35,-44,-40,-46,-36,-43,-41,-42,-42,-43,-42,-42,-47,-43,-43,-40,-44,-39,-44,-39]"
618076561630500,58.110782100,92497,1911556605,-50,-98,6,0,1,7,0,0,256,0,0,"[0,0,11,10,10,10,10,9,10,8,10,8,10,7,9,7,10,7,9,6,9,5,9,5,9,4,9,4,9,3,9,3,9,3,9,3,8,3,9,3,8,3,8,3,7,3,7,3,6,4,6,3,5,4,0,0,0,0,0,0,0,0,0,0,0,0,0,0,0,0,0,0,0,0,0,0,12,9,12,10,12,11,11,11,11,13,10,13,10,14,9,15,9,15,8,15,8,14,8,14,8,14,7,14,8,13,8,12,8,12,9,12,9,11,10,11,10,11,11,11,11,11,11,11,11,11,11,10,0,0,42,37,41,35,41,34,41,33,37,31,38,28,35,27,35,24,38,21,36,18,36,16,35,15,33,14,36,12,36,12,36,11,33,12,35,12,33,11,33,14,31,12,27,14,27,12,25,14,25,12,22,13,20,15,18,16,0,0,0,0,0,0,0,0,0,0,0,0,0,0,50,26,50,30,48,35,46,36,45,40,45,43,42,48,42,52,43,53,38,56,36,54,32,58,33,56,32,53,30,52,30,49,31,48,33,45,34,45,35,46,36,44,40,43,40,42,43,41,44,43,44,39,44,38,44,37]"
618076583799800,58.132951400,92498,1911577090,-50,-98,6,0,1,7,0,0,256,0,0,"[0,0,-15,-2,-15,-2,-14,-1,-14,-2,-13,-1,-13,-1,-12,0,-12,0,-11,0,-12,1,-11,1,-10,2,-10,2,-10,2,-11,2,-10,3,-10,2,-10,2,-9,2,-9,2,-9,1,-9,1,-8,1,-8,1,-8,0,-8,0,0,0,0,0,0,0,0,0,0,0,0,0,0,0,0,0,0,0,0,0,0,0,-16,0,-16,-1,-17,-2,-16,-3,-17,-4,-17,-5,-18,-6,-17,-7,-17,-7,-17,-8,-16,-7,-15,-7,-15,-7,-15,-7,-14,-6,-15,-5,-14,-5,-16,-5,-15,-4,-16,-4,-16,-4,-16,-3,-17,-3,-16,-2,-16,-2,-16,-2,0,0,-30,0,-28,0,-28,0,-26,1,-25,1,-24,0,-23,2,-23,2,-21,3,-20,5,-19,5,-18,6,-18,7,-18,6,-18,7,-18,6,-16,7,-17,6,-18,5,-17,5,-17,4,-15,4,-15,4,-14,3,-15,2,-13,1,-13,2,-13,0,0,0,0,0,0,0,0,0,0,0,0,0,0,0,-28,8,-29,5,-30,4,-30,1,-31,0,-32,-2,-32,-4,-33,-5,-32,-7,-33,-9,-32,-10,-33,-10,-32,-11,-31,-9,-29,-9,-29,-8,-28,-8,-29,-6,-29,-6,-29,-5,-30,-5,-29,-4,-29,-4,-30,-2,-31,-1,-29,-1,-30,0,-31,0]"
618076605692200,58.154843800,92499,1911598458,-50,-98,6,0,1,7,0,0,256,0,0,"[0,0,-4,14,-4,14,-4,13,-4,13,-3,13,-3,12,-2,12,-2,11,-2,11,-1,10,0,10,0,10,1,10,1,10,1,10,0,10,1,9,0,9,0,9,0,9,0,8,-1,8,-1,8,-1,7,-1,7,-2,7,0,0,0,0,0,0,0,0,0,0,0,0,0,0,0,0,0,0,0,0,0,0,-2,15,-3,15,-4,15,-5,16,-6,16,-7,16,-8,16,-9,15,-9,15,-9,15,-9,14,-9,14,-9,14,-8,13,-8,13,-7,13,-7,14,-7,14,-6,14,-6,14,-5,15,-5,15,-5,15,-5,15,-4,15,-4,15,0,0,-7,27,-7,27,-7,26,-5,24,-5,24,-3,23,-3,23,-2,22,-1,21,-1,18,0,19,0,19,2,19,2,19,2,18,3,18,2,18,2,17,3,16,1,17,2,16,0,16,0,15,-1,14,-1,13,-2,13,-3,12,-3,12,0,0,0,0,0,0,0,0,0,0,0,0,0,0,1,29,-3,29,-5,28,-6,29,-7,28,-9,30,-11,30,-14,30,-14,30,-16,30,-16,29,-17,27,-18,26,-17,26,-17,25,-16,25,-15,26,-13,25,-12,26,-10,26,-10,27,-8,27,-9,29,-8,28,-9,27,-8,28,-8,29,-8,30]"
618076627489300,58.176640900,92500,1911619922,-50,-98,6,0,1,7,0,0,256,0,0,"[0,0,2,-15,2,-15,2,-15,1,-14,1,-13,1,-13,0,-13,0,-13,0,-12,-1,-11,-1,-11,-2,-11,-2,-11,-2,-11,-2,-10,-2,-10,-3,-10,-2,-10,-2,-10,-2,-9,-1,-9,-2,-9,-1,-9,-1,-8,0,-8,0,-8,0,0,0,0,0,0,0,0,0,0,0,0,0,0,0,0,0,0,0,0,0,0,0,-16,0,-16,1,-17,2,-17,2,-17,4,-18,5,-18,6,-17,6,-17,6,-17,6,-16,7,-15,6,-15,6,-15,5,-15,5,-15,5,-15,4,-15,3,-16,3,-16,3,-16,2,-16,3,-16,2,-16,2,-17,2,-16,0,0,6,-27,7,-28,7,-27,5,-25,5,-24,3,-24,2,-22,2,-21,0,-21,0,-21,-1,-20,-2,-20,-2,-20,-3,-20,-2,-18,-3,-18,-4,-19,-3,-19,-3,-18,-2,-18,-2,-17,-1,-17,0,-16,0,-15,0,-14,1,-15,1,-14,3,-12,0,0,0,0,0,0,0,0,0,0,0,0,0,0,-2,-30,2,-30,4,-30,4,-30,7,-31,8,-30,9,-32,12,-31,12,-31,14,-31,15,-30,17,-30,16,-27,16,-27,15,-27,15,-26,13,-26,12,-27,11,-27,10,-27,11,-28,9,-28,8,-29,7,-30,8,-30,8,-29,9,-29,7,-29]"
618076643218100,58.192369700,92501,1911637384,-50,-98,6,0,1,7,0,0,256,0,0,"[0,0,11,10,10,10,10,9,10,9,9,9,9,8,9,7,9,6,9,5,9,5,8,4,9,4,8,4,9,4,9,3,9,3,9,3,9,3,8,3,8,3,8,3,7,3,6,4,6,3,6,4,5,3,0,0,0,0,0,0,0,0,0,0,0,0,0,0,0,0,0,0,0,0,0,0,12,9,12,10,11,10,11,12,11,12,11,13,10,13,10,14,9,15,8,15,8,14,8,14,7,14,7,14,8,13,8,12,8,12,8,11,9,12,9,11,10,11,10,11,10,11,11,11,11,10,11,10,0,0,38,41,39,41,36,37,36,35,34,34,35,30,35,28,32,27,35,22,36,22,35,19,32,19,32,16,32,15,35,14,33,13,33,15,33,13,32,13,31,14,31,15,27,16,25,15,24,15,22,15,20,16,19,16,16,17,0,0,0,0,0,0,0,0,0,0,0,0,0,0,47,30,44,37,42,40,40,41,42,44,38,46,37,51,35,55,36,52,33,58,31,57,26,61,26,58,22,57,23,54,24,52,27,51,28,50,30,46,31,47,32,46,34,44,36,45,39,43,40,46,39,46,38,46,37,42]"
618076662160000,58.211311600,92502,1911656343,-50,-98,6,0,1,7,0,0,256,0,0,"[0,0,13,8,12,7,12,6,12,6,11,6,11,5,11,5,10,4,10,4,10,3,10,2,10,2,10,1,10,2,10,1,10,1,9,1,9,1,9,2,9,2,8,1,8,2,7,2,7,2,7,2,6,3,0,0,0,0,0,0,0,0,0,0,0,0,0,0,0,0,0,0,0,0,0,0,14,5,14,6,14,7,14,8,14,9,14,10,13,11,13,12,12,12,12,12,12,12,11,11,11,11,11,11,11,11,11,10,11,9,12,9,12,9,12,9,12,8,13,8,13,8,13,8,14,8,13,8,0,0,49,29,49,25,45,24,48,24,43,20,41,19,41,17,42,16,41,14,40,11,38,8,39,9,34,7,36,6,40,4,37,5,35,7,35,5,36,4,35,8,35,7,30,8,29,6,27,7,27,10,23,10,24,11,22,12,0,0,0,0,0,0,0,0,0,0,0,0,0,0,56,10,54,16,54,21,54,24,55,28,54,30,54,35,53,38,53,40,50,42,48,44,47,46,45,44,42,44,42,43,40,42,43,40,42,38,46,36,47,37,46,34,49,30,49,31,50,32,54,30,50,30,53,30,52,27]"
618076683589500,58.232741100,92503,1911676348,-50,-98,6,0,1,7,0,0,256,0,0,"[0,0,11,-10,10,-10,10,-10,10,-10,9,-9,8,-9,7,-9,7,-9,7,-9,6,-9,6,-9,5,-9,5,-9,4,-9,4,-9,4,-9,4,-9,4,-9,4,-9,4,-8,4,-8,4,-7,4,-7,4,-7,4,-6,5,-6,0,0,0,0,0,0,0,0,0,0,0,0,0,0,0,0,0,0,0,0,0,0,11,-11,11,-11,12,-11,13,-10,14,-10,14,-9,14,-9,16,-8,16,-8,15,-8,15,-7,15,-6,14,-7,14,-7,13,-7,13,-7,13,-7,13,-8,12,-9,12,-9,12,-9,12,-10,12,-10,11,-10,12,-10,12,-10,0,0,24,-15,23,-17,21,-16,22,-14,19,-15,18,-16,18,-15,16,-15,15,-15,14,-15,13,-15,12,-16,11,-16,11,-16,11,-16,10,-16,10,-16,9,-15,10,-15,11,-13,10,-14,9,-12,9,-13,9,-11,9,-11,9,-9,10,-9,11,-8,0,0,0,0,0,0,0,0,0,0,0,0,0,0,18,-21,21,-20,23,-19,23,-18,26,-17,26,-16,29,-16,30,-14,30,-13,31,-12,31,-10,31,-10,31,-8,29,-8,28,-9,27,-9,27,-8,27,-11,26,-11,27,-11,26,-13,25,-14,25,-14,24,-16,26,-17,26,-16,24,-17,24,-17]"
618076704294400,58.253446000,92504,1911696807,-50,-98,6,0,1,7,0,0,256,0,0,"[0,0,-11,11,-10,10,-9,10,-9,10,-8,10,-8,10,-7,9,-7,10,-6,9,-6,9,-5,9,-4,9,-4,9,-4,9,-4,9,-4,9,-3,9,-4,9,-4,8,-4,8,-4,8,-4,7,-4,7,-4,6,-4,6,-5,6,0,0,0,0,0,0,0,0,0,0,0,0,0,0,0,0,0,0,0,0,0,0,-9,13,-10,12,-11,12,-12,12,-12,11,-14,11,-15,11,-15,10,-15,9,-15,9,-15,9,-14,9,-14,9,-14,9,-13,9,-12,9,-13,9,-12,9,-12,10,-12,10,-12,10,-11,11,-11,11,-11,12,-10,12,-11,12,0,0,-40,41,-38,41,-36,40,-33,36,-33,38,-30,36,-27,38,-24,36,-23,33,-21,34,-18,35,-17,35,-15,37,-15,35,-14,33,-11,34,-11,34,-14,34,-16,32,-13,30,-15,28,-15,28,-16,26,-15,25,-15,22,-15,21,-16,21,-17,18,0,0,0,0,0,0,0,0,0,0,0,0,0,0,-25,51,-33,49,-35,46,-39,46,-40,45,-45,45,-48,43,-53,42,-53,39,-56,36,-56,35,-56,33,-55,31,-55,30,-54,30,-50,31,-49,33,-49,32,-47,35,-45,34,-45,36,-43,38,-44,39,-42,43,-41,41,-41,43,-39,42,-41,42]"
618076723348600,58.272500200,92505,1911722003,-50,-98,6,0,1,7,0,0,256,0,0,"[0,0,7,-14,6,-14,6,-13,6,-13,5,-13,5,-12,4,-12,4,-12,3,-11,3,-11,2,-11,2,-11,1,-11,1,-11,1,-10,1,-11,1,-10,1,-10,1,-10,2,-9,2,-9,2,-9,2,-8,2,-8,2,-7,2,-7,0,0,0,0,0,0,0,0,0,0,0,0,0,0,0,0,0,0,0,0,0,0,5,-15,6,-15,7,-15,7,-15,8,-15,10,-15,10,-15,11,-14,11,-13,11,-13,12,-12,11,-12,11,-12,10,-12,10,-12,9,-12,10,-12,9,-13,9,-13,8,-14,8,-13,7,-14,8,-14,7,-14,7,-14,7,-15,0,0,24,-53,23,-51,22,-50,20,-46,18,-47,16,-46,13,-43,12,-44,11,-41,7,-40,6,-39,4,-39,4,-39,2,-39,3,-38,3,-37,2,-38,1,-36,4,-36,3,-35,3,-34,3,-31,5,-30,5,-31,7,-26,8,-26,8,-26,11,-23,0,0,0,0,0,0,0,0,0,0,0,0,0,0,7,-57,15,-58,18,-55,22,-56,26,-54,28,-55,33,-54,35,-55,38,-53,40,-51,42,-51,43,-49,43,-46,40,-47,39,-45,39,-45,36,-45,36,-44,35,-47,32,-48,31,-50,29,-51,26,-52,26,-52,27,-53,26,-55,27,-54,24,-53]"
618076744502900,58.293654500,92506,1911738600,-50,-98,6,0,1,7,0,0,256,0,0,"[0,0,-1,-16,-1,-15,-1,-15,-1,-14,-1,-14,-2,-13,-2,-13,-2,-12,-2,-11,-3,-11,-3,-11,-4,-11,-4,-10,-5,-10,-4,-10,-5,-10,-5,-10,-4,-9,-4,-9,-4,-9,-4,-9,-3,-9,-2,-8,-3,-8,-2,-8,-2,-7,0,0,0,0,0,0,0,0,0,0,0,0,0,0,0,0,0,0,0,0,0,0,-2,-16,-1,-16,-1,-16,0,-17,1,-18,2,-18,3,-18,4,-18,4,-17,4,-17,5,-16,5,-16,5,-16,4,-16,4,-16,3,-15,3,-15,2,-16,1,-16,1,-16,1,-16,0,-16,0,-16,0,-16,0,-16,0,-16,0,0,-4,-29,-4,-28,-4,-27,-4,-25,-4,-26,-5,-23,-6,-22,-6,-23,-7,-20,-7,-19,-7,-18,-8,-19,-8,-19,-9,-18,-10,-17,-10,-16,-10,-17,-9,-16,-10,-15,-8,-15,-8,-14,-7,-15,-6,-15,-5,-14,-5,-14,-4,-14,-4,-14,-2,-13,0,0,0,0,0,0,0,0,0,0,0,0,0,0,-10,-29,-6,-29,-4,-29,-4,-30,-2,-31,0,-32,1,-33,2,-32,2,-32,5,-34,6,-33,7,-33,8,-31,8,-31,8,-29,6,-30,4,-29,4,-28,2,-28,2,-29,1,-30,-2,-30,-1,-29,-2,-30,-2,-30,-3,-30,-2,-30,-2,-29]"
618076762326000,58.311477600,92507,1911756667,-50,-98,6,0,1,7,0,0,256,0,0,"[0,0,-11,10,-10,10,-10,10,-10,9,-9,9,-8,9,-8,9,-7,9,-7,9,-6,9,-6,8,-5,8,-5,8,-4,9,-5,9,-5,8,-4,9,-5,8,-5,8,-5,7,-5,7,-4,7,-5,7,-5,6,-5,5,-5,5,0,0,0,0,0,0,0,0,0,0,0,0,0,0,0,0,0,0,0,0,0,0,-10,12,-10,12,-11,12,-12,11,-13,11,-14,10,-14,10,-15,9,-15,8,-15,9,-15,8,-15,8,-14,8,-14,8,-13,8,-13,8,-13,8,-13,9,-12,9,-12,10,-11,10,-12,10,-12,10,-11,11,-11,11,-11,11,0,0,-42,39,-41,37,-39,35,-38,34,-34,35,-32,34,-29,35,-28,34,-27,34,-25,34,-22,32,-22,34,-18,33,-18,33,-17,33,-16,34,-15,34,-16,33,-18,31,-16,29,-16,27,-17,28,-17,27,-17,22,-19,21,-18,18,-19,20,-19,16,0,0,0,0,0,0,0,0,0,0,0,0,0,0,-30,49,-37,46,-40,42,-42,40,-45,40,-47,39,-52,39,-55,36,-56,36,-57,33,-57,31,-60,29,-59,26,-58,24,-56,26,-54,25,-51,28,-51,28,-49,28,-51,30,-48,34,-45,37,-44,37,-43,39,-45,39,-46,38,-43,39,-46,38]"
618076782356800,58.331508400,92508,1911776622,-50,-98,6,0,1,7,0,0,256,0,0,"[0,0,-9,12,-8,12,-8,11,-8,11,-7,11,-7,11,-6,11,-6,10,-5,10,-5,10,-4,9,-3,10,-3,9,-3,9,-3,10,-3,9,-2,9,-3,9,-3,9,-3,8,-3,8,-3,8,-3,7,-3,7,-3,6,-4,6,0,0,0,0,0,0,0,0,0,0,0,0,0,0,0,0,0,0,0,0,0,0,-8,13,-9,13,-9,13,-10,13,-11,13,-12,13,-13,12,-14,11,-14,11,-14,11,-14,10,-14,10,-13,10,-13,10,-12,10,-12,10,-12,10,-11,11,-11,11,-10,12,-10,12,-10,12,-10,13,-10,13,-9,13,-10,12,0,0,-34,45,-31,46,-31,45,-29,42,-26,41,-25,39,-25,40,-20,40,-18,37,-18,38,-12,37,-11,39,-10,37,-9,36,-9,37,-9,36,-8,37,-8,36,-9,33,-12,30,-10,29,-12,30,-11,30,-11,27,-12,24,-11,22,-14,23,-15,22,0,0,0,0,0,0,0,0,0,0,0,0,0,0,-17,53,-23,54,-27,53,-32,48,-35,50,-37,48,-43,50,-45,46,-47,45,-52,43,-51,41,-53,41,-49,41,-51,39,-48,36,-45,40,-45,37,-41,39,-41,37,-41,40,-39,42,-37,43,-38,43,-36,47,-38,47,-33,48,-33,50,-35,48]"
618076801463700,58.350615300,92509,1911798612,-50,-98,6,0,1,7,0,0,256,0,0,"[0,0,-4,14,-3,14,-3,13,-3,13,-2,13,-2,12,-2,12,-1,11,-1,11,-1,11,0,10,0,10,1,10,1,9,1,9,1,9,2,9,1,9,1,9,1,9,1,8,1,8,0,8,0,7,-1,7,-1,6,0,0,0,0,0,0,0,0,0,0,0,0,0,0,0,0,0,0,0,0,0,0,-2,15,-3,15,-4,15,-5,15,-6,16,-7,16,-7,16,-8,15,-8,16,-9,15,-9,14,-9,14,-9,13,-9,14,-8,13,-7,14,-7,13,-6,14,-6,14,-5,15,-5,15,-4,15,-5,15,-4,15,-4,15,-4,15,0,0,-5,27,-5,28,-4,26,-4,25,-3,24,-2,24,-2,22,-1,22,0,20,1,20,1,19,1,19,2,19,3,19,4,18,3,17,4,18,4,17,4,16,2,16,3,15,2,15,0,15,0,14,0,13,-1,12,-2,13,-3,12,0,0,0,0,0,0,0,0,0,0,0,0,0,0,2,28,-1,29,-3,29,-4,28,-5,30,-7,30,-9,30,-11,31,-11,30,-13,30,-14,29,-16,29,-16,26,-16,27,-15,26,-14,25,-12,26,-11,26,-10,26,-9,28,-9,27,-7,28,-6,28,-7,28,-7,29,-6,30,-6,29,-5,29]"
618076822435700,58.371587300,92510,1911816538,-50,-98,6,0,1,7,0,0,256,0,0,"[0,0,-2,15,-2,14,-2,14,-2,13,-1,13,-1,12,0,12,0,11,0,10,1,10,1,10,1,9,2,10,2,9,2,9,2,9,2,9,2,9,2,9,1,8,1,8,1,8,1,8,0,7,0,7,-1,7,0,0,0,0,0,0,0,0,0,0,0,0,0,0,0,0,0,0,0,0,0,0,0,15,-1,16,-2,15,-3,16,-4,16,-4,17,-6,16,-7,16,-7,16,-7,16,-7,15,-7,15,-7,15,-6,15,-6,14,-5,14,-5,14,-4,14,-4,15,-4,15,-4,15,-3,15,-3,16,-2,16,-2,16,-2,15,0,0,-8,26,-7,27,-6,25,-6,24,-5,24,-4,23,-4,23,-4,20,-1,21,-1,20,0,19,-1,20,1,19,2,18,2,18,2,18,2,19,1,18,2,17,1,16,1,15,1,16,-1,14,-1,14,-1,13,-2,12,-3,13,-4,11,0,0,0,0,0,0,0,0,0,0,0,0,0,0,0,29,-4,29,-5,28,-6,27,-8,29,-8,29,-11,31,-12,29,-14,29,-16,30,-16,28,-18,28,-18,26,-18,26,-17,25,-16,25,-14,24,-14,26,-12,25,-12,26,-11,26,-10,27,-9,28,-9,28,-9,29,-9,29,-8,29,-8,27]"
618076843750000,58.392901600,92511,1911836338,-50,-98,6,0,1,7,0,0,256,0,0,"[0,0,-6,-14,-7,-14,-6,-14,-6,-13,-6,-13,-6,-12,-7,-11,-7,-10,-7,-10,-7,-9,-7,-9,-7,-9,-7,-8,-8,-8,-8,-7,-8,-7,-8,-7,-7,-7,-7,-7,-7,-7,-7,-7,-6,-7,-5,-7,-5,-7,-5,-6,-4,-6,0,0,0,0,0,0,0,0,0,0,0,0,0,0,0,0,0,0,0,0,0,0,-8,-14,-7,-15,-7,-16,-6,-16,-5,-17,-4,-17,-4,-18,-3,-18,-3,-17,-2,-18,-2,-17,-2,-17,-2,-17,-2,-16,-3,-16,-3,-16,-4,-16,-4,-16,-5,-16,-5,-15,-6,-15,-6,-15,-6,-15,-6,-15,-7,-15,-7,-15,0,0,-10,-26,-10,-27,-10,-26,-10,-23,-10,-23,-9,-23,-9,-21,-10,-20,-11,-19,-11,-18,-13,-15,-13,-16,-13,-15,-13,-15,-13,-13,-13,-14,-13,-13,-13,-13,-12,-13,-12,-13,-11,-14,-10,-14,-9,-13,-8,-12,-8,-12,-8,-11,-6,-11,-6,-12,0,0,0,0,0,0,0,0,0,0,0,0,0,0,-15,-24,-13,-26,-12,-27,-9,-29,-9,-30,-8,-31,-6,-32,-5,-33,-3,-33,-1,-33,-1,-33,0,-33,-2,-33,-2,-32,-1,-30,-2,-30,-2,-30,-4,-29,-4,-29,-5,-29,-5,-29,-6,-29,-6,-29,-8,-29,-10,-29,-10,-28,-9,-27,-10,-29]"
618076864387900,58.413539500,92512,1911856683,-50,-98,6,0,1,7,0,0,256,0,0,"[0,0,-15,-4,-15,-4,-14,-3,-14,-4,-13,-3,-13,-3,-12,-2,-12,-2,-12,-1,-12,-1,-11,0,-11,0,-11,1,-10,1,-11,1,-10,1,-10,1,-10,1,-10,1,-10,1,-9,1,-9,0,-9,0,-8,-1,-8,-1,-8,-1,0,0,0,0,0,0,0,0,0,0,0,0,0,0,0,0,0,0,0,0,0,0,-16,-3,-16,-3,-17,-5,-16,-5,-17,-6,-16,-7,-17,-8,-16,-9,-16,-9,-15,-10,-15,-9,-15,-9,-14,-9,-14,-9,-14,-8,-14,-8,-14,-7,-15,-7,-14,-6,-15,-6,-15,-6,-16,-5,-17,-5,-16,-5,-15,-4,-16,-5,0,0,-28,-6,-28,-6,-26,-6,-26,-5,-24,-5,-24,-3,-23,-3,-23,-3,-22,-1,-21,0,-21,2,-19,2,-19,2,-19,3,-19,3,-19,4,-18,4,-19,3,-19,1,-18,2,-17,0,-16,1,-15,0,-15,0,-14,-1,-14,-1,-14,-1,-13,-2,0,0,0,0,0,0,0,0,0,0,0,0,0,0,-29,2,-29,-2,-30,-4,-29,-5,-29,-7,-30,-8,-31,-11,-31,-12,-30,-14,-31,-15,-29,-16,-29,-16,-28,-16,-28,-15,-27,-15,-26,-14,-26,-13,-26,-13,-27,-12,-27,-10,-27,-10,-28,-9,-27,-9,-27,-8,-29,-7,-29,-7,-29,-6,-29,-7]"
618076884001900,58.433153500,92513,1911876697,-50,-98,6,0,1,7,0,0,256,0,0,"[0,0,-11,11,-10,10,-10,11,-9,10,-8,10,-9,9,-7,9,-7,9,-7,9,-6,9,-5,9,-4,9,-4,9,-4,9,-4,9,-4,9,-4,9,-4,9,-4,8,-4,8,-4,8,-4,7,-4,7,-4,6,-4,6,-4,6,0,0,0,0,0,0,0,0,0,0,0,0,0,0,0,0,0,0,0,0,0,0,-9,12,-10,12,-11,12,-12,12,-12,12,-14,11,-14,10,-15,10,-15,9,-15,9,-14,9,-14,9,-14,9,-13,9,-13,9,-13,9,-13,9,-12,9,-12,10,-11,10,-11,10,-11,11,-11,12,-10,12,-10,12,-10,11,0,0,-43,38,-39,37,-38,40,-36,35,-35,37,-31,35,-29,36,-28,33,-26,35,-22,33,-20,34,-19,35,-16,35,-16,34,-17,34,-15,33,-15,33,-17,32,-17,31,-16,29,-17,28,-16,27,-15,25,-15,25,-17,21,-16,20,-19,20,-19,18,0,0,0,0,0,0,0,0,0,0,0,0,0,0,-29,48,-34,46,-37,44,-43,42,-44,41,-47,41,-51,40,-54,38,-55,35,-58,31,-59,29,-59,31,-57,27,-56,28,-54,26,-51,27,-52,28,-49,29,-49,30,-48,30,-47,34,-46,35,-43,36,-45,40,-44,39,-41,42,-42,43,-42,38]"
618076902059700,58.451211300,92514,1911897417,-50,-98,6,0,1,7,0,0,256,0,0,"[0,0,14,6,13,5,12,5,13,5,12,4,11,4,11,3,11,3,11,2,11,1,10,1,10,1,10,1,9,0,10,0,10,0,9,0,9,0,9,0,9,1,9,0,8,1,8,1,7,1,7,1,7,1,0,0,0,0,0,0,0,0,0,0,0,0,0,0,0,0,0,0,0,0,0,0,15,4,15,5,15,6,14,7,15,8,15,8,15,10,14,11,14,11,13,11,13,10,13,10,12,10,12,10,12,9,12,9,12,8,13,8,13,7,13,7,13,7,14,7,14,7,14,6,14,6,15,6,0,0,51,23,50,22,49,22,48,18,46,18,42,15,41,13,39,10,43,9,39,7,39,5,38,3,37,-2,37,0,37,1,37,-2,34,2,37,2,36,3,35,2,32,3,30,2,31,4,28,4,26,5,27,7,23,7,21,5,0,0,0,0,0,0,0,0,0,0,0,0,0,0,54,7,55,14,55,18,55,21,54,26,52,28,53,32,55,34,52,39,52,39,47,43,47,42,47,41,47,39,45,38,44,35,46,37,44,35,46,34,46,30,49,29,49,29,52,27,53,27,55,25,53,24,53,25,54,24]"
618076923815800,58.472967400,92515,1911916554,-50,-98,6,0,1,7,0,0,256,0,0,"[0,0,-15,2,-15,2,-14,2,-14,2,-13,2,-13,3,-12,3,-11,3,-11,3,-11,4,-10,4,-9,4,-9,4,-9,5,-9,5,-9,5,-9,5,-9,5,-8,4,-9,5,-8,4,-8,3,-8,3,-7,3,-7,2,-7,2,0,0,0,0,0,0,0,0,0,0,0,0,0,0,0,0,0,0,0,0,0,0,-16,3,-16,2,-17,2,-16,1,-18,0,-17,-1,-18,-2,-18,-2,-18,-3,-18,-4,-17,-3,-17,-3,-16,-3,-16,-3,-15,-3,-16,-2,-15,-1,-16,-1,-15,0,-15,1,-16,1,-16,1,-17,1,-16,2,-16,2,-16,2,0,0,-28,6,-27,7,-27,6,-25,6,-24,7,-22,7,-22,8,-20,8,-20,8,-18,9,-17,10,-16,10,-15,11,-15,11,-16,11,-16,11,-14,10,-15,11,-15,10,-15,9,-13,9,-14,8,-13,8,-12,7,-13,6,-12,5,-12,4,-13,4,0,0,0,0,0,0,0,0,0,0,0,0,0,0,-25,13,-27,10,-28,9,-29,6,-30,5,-30,4,-32,4,-33,1,-34,0,-33,-3,-33,-3,-32,-2,-32,-2,-31,-4,-30,-3,-29,-1,-29,-1,-29,0,-28,0,-29,1,-29,3,-29,3,-28,5,-30,5,-29,6,-28,6,-29,7,-29,6]"
618076944024800,58.493176400,92516,1911936512,-50,-98,6,0,1,7,0,0,256,0,0,"[0,0,-14,7,-14,6,-13,6,-13,6,-12,6,-11,6,-11,6,-10,7,-10,7,-9,7,-9,7,-8,7,-8,7,-7,7,-7,8,-7,7,-6,7,-7,7,-7,7,-7,6,-7,6,-6,6,-6,5,-6,5,-6,4,-6,4,0,0,0,0,0,0,0,0,0,0,0,0,0,0,0,0,0,0,0,0,0,0,-14,8,-15,8,-15,7,-16,7,-17,6,-17,5,-18,5,-18,4,-18,4,-18,3,-18,2,-17,2,-17,2,-16,2,-16,3,-16,3,-15,4,-16,4,-15,5,-15,6,-15,6,-15,6,-15,6,-15,7,-15,7,-15,7,0,0,-23,17,-21,16,-21,17,-20,15,-19,16,-17,14,-17,15,-16,16,-15,15,-13,16,-12,16,-11,16,-10,15,-10,16,-10,15,-10,15,-9,14,-10,16,-9,14,-10,13,-10,13,-10,12,-9,12,-9,11,-9,10,-10,9,-9,9,-10,8,0,0,0,0,0,0,0,0,0,0,0,0,0,0,-16,23,-19,21,-22,19,-24,20,-24,18,-26,18,-26,17,-30,16,-31,14,-30,13,-31,12,-30,11,-30,12,-29,10,-28,10,-27,11,-28,10,-26,10,-27,12,-25,13,-26,14,-25,15,-25,16,-24,17,-23,16,-24,17,-24,18,-24,18]"
618076962794400,58.511946000,92517,1911957240,-50,-98,6,0,1,7,0,0,256,0,0,"[0,0,5,14,5,14,5,13,5,12,5,12,5,11,5,10,6,10,5,9,6,9,6,8,6,8,7,7,6,7,7,7,7,6,6,7,6,6,6,6,5,7,5,7,4,7,4,6,4,6,4,6,3,6,0,0,0,0,0,0,0,0,0,0,0,0,0,0,0,0,0,0,0,0,0,0,8,12,7,13,7,14,6,15,6,16,5,16,4,16,3,17,3,17,2,17,2,16,2,16,2,16,2,15,2,15,3,15,3,14,3,15,4,15,5,14,4,15,5,15,6,15,6,15,6,14,6,14,0,0,11,27,11,24,11,24,10,22,11,23,11,20,11,20,10,18,12,17,12,15,13,15,13,14,13,13,13,14,14,12,14,13,13,12,13,12,13,12,11,12,10,12,9,13,8,11,8,11,8,11,6,11,5,11,4,11,0,0,0,0,0,0,0,0,0,0,0,0,0,0,18,20,17,22,16,25,14,27,13,27,11,30,11,30,10,32,8,32,7,32,5,32,5,33,4,31,4,31,3,31,5,30,5,28,6,28,7,27,7,27,8,28,10,26,10,29,10,28,11,28,12,26,12,27,13,27]"
618076981074300,58.530225900,92518,1911976517,-50,-98,6,0,1,7,0,0,256,0,0,"[0,0,6,13,6,12,6,12,5,11,6,11,5,10,5,9,6,9,6,8,6,8,6,7,7,7,7,6,7,6,7,6,7,5,7,6,6,5,6,6,6,6,6,5,5,5,4,5,4,5,4,5,4,5,0,0,0,0,0,0,0,0,0,0,0,0,0,0,0,0,0,0,0,0,0,0,7,12,7,13,7,14,6,14,5,15,4,15,3,16,3,16,2,16,2,16,2,16,1,15,2,15,2,15,2,14,3,14,3,13,4,14,4,13,5,14,5,14,5,14,6,14,6,13,6,14,6,13,0,0,11,24,11,24,12,23,11,23,11,21,11,20,11,19,11,19,12,17,12,15,13,14,13,14,12,13,13,13,13,12,14,13,12,12,13,11,12,11,11,12,11,11,10,11,9,11,8,11,8,11,7,10,6,10,5,10,0,0,0,0,0,0,0,0,0,0,0,0,0,0,17,21,15,23,15,26,13,26,12,27,11,28,10,30,9,30,7,31,5,32,4,32,4,31,3,29,3,30,3,29,4,28,4,28,5,26,6,27,7,27,8,26,8,26,9,26,10,27,12,26,12,26,12,27,13,27]"
618077001717000,58.550868600,92519,1911996843,-50,-98,6,0,1,7,0,0,256,0,0,"[0,0,14,3,14,3,13,3,13,3,12,2,12,2,11,1,11,1,11,0,11,0,10,-1,10,-1,10,-2,9,-1,10,-2,9,-2,9,-2,9,-2,9,-2,9,-2,8,-1,8,-1,7,-1,7,0,7,0,7,0,0,0,0,0,0,0,0,0,0,0,0,0,0,0,0,0,0,0,0,0,0,0,15,1,15,2,16,3,14,4,16,5,15,6,16,7,15,8,15,8,14,9,14,8,13,8,13,8,13,8,13,7,13,6,13,6,14,6,14,5,14,5,14,5,15,4,15,4,14,4,14,4,15,4,0,0,28,4,26,3,26,2,25,3,24,1,23,2,22,0,20,0,21,-1,20,-2,19,-3,18,-4,18,-4,17,-5,18,-5,18,-6,17,-5,17,-5,17,-5,17,-4,16,-3,15,-2,14,-3,13,-2,14,-1,13,0,12,0,11,0,0,0,0,0,0,0,0,0,0,0,0,0,0,0,27,-5,28,-3,29,0,29,2,29,3,29,5,30,7,31,8,30,10,30,12,30,12,29,12,29,13,28,12,27,12,26,11,27,11,26,9,27,8,27,9,27,7,27,7,27,7,28,5,29,4,28,3,29,3,29,3]"
618077023170500,58.572322100,92520,1912016538,-50,-98,6,0,1,7,0,0,256,0,0,"[0,0,2,-14,1,-14,1,-14,1,-13,1,-13,1,-12,0,-12,0,-12,0,-11,-1,-11,-1,-10,-2,-10,-2,-10,-2,-10,-2,-10,-2,-10,-3,-10,-2,-9,-2,-9,-1,-9,-1,-9,-1,-8,-1,-8,-1,-8,0,-7,0,-7,0,0,0,0,0,0,0,0,0,0,0,0,0,0,0,0,0,0,0,0,0,0,0,-15,0,-15,1,-15,2,-16,3,-16,4,-16,5,-16,6,-16,6,-16,6,-15,6,-15,6,-15,6,-14,5,-14,5,-14,4,-14,4,-14,4,-14,3,-14,3,-14,3,-14,3,-15,2,-15,2,-15,2,-15,2,-15,0,0,-4,-53,-7,-58,-8,-54,-6,-51,-7,-47,-8,-47,-8,-46,-11,-43,-12,-41,-13,-39,-12,-37,-16,-38,-14,-35,-17,-35,-17,-35,-17,-32,-17,-35,-16,-32,-16,-32,-15,-32,-13,-31,-11,-30,-9,-31,-7,-30,-8,-28,-6,-25,-3,-26,-2,-26,0,0,0,0,0,0,0,0,0,0,0,0,0,0,-20,-53,-16,-56,-11,-58,-7,-58,-7,-63,-1,-62,1,-63,5,-63,3,-67,8,-66,11,-65,13,-65,15,-61,13,-60,14,-59,14,-58,10,-56,8,-57,6,-55,6,-59,4,-57,0,-59,-1,-59,-4,-60,-2,-60,-2,-61,-3,-60,-5,-59]"
618077042874400,58.592026000,92521,1912036464,-50,-98,6,0,1,7,0,0,256,0,0,"[0,0,5,-14,5,-14,4,-14,4,-13,4,-13,3,-13,2,-12,2,-12,2,-11,1,-11,1,-11,0,-11,0,-11,0,-11,0,-10,0,-11,-1,-10,0,-10,0,-10,0,-10,0,-9,0,-9,1,-9,1,-8,1,-7,1,-8,0,0,0,0,0,0,0,0,0,0,0,0,0,0,0,0,0,0,0,0,0,0,3,-15,4,-16,5,-16,6,-16,7,-16,8,-16,8,-15,9,-15,10,-15,10,-14,10,-13,10,-13,9,-13,9,-13,9,-13,8,-14,8,-13,7,-13,7,-14,6,-14,6,-15,6,-15,6,-15,5,-15,5,-15,5,-15,0,0,16,-52,16,-56,13,-52,14,-51,13,-47,8,-47,8,-45,5,-45,4,-43,3,-42,1,-40,2,-42,-1,-40,-1,-39,-3,-39,-4,-38,-5,-38,-4,-36,-4,-35,-2,-35,-3,-33,-1,-35,1,-32,4,-32,2,-30,4,-27,5,-27,8,-27,0,0,0,0,0,0,0,0,0,0,0,0,0,0,4,-60,12,-58,15,-58,16,-57,21,-61,21,-60,26,-63,29,-59,31,-60,34,-57,35,-58,39,-56,39,-52,39,-48,38,-49,35,-48,30,-50,30,-51,27,-50,27,-53,25,-52,22,-55,21,-55,17,-58,24,-58,21,-58,20,-58,23,-57]"
618077066061200,58.615212800,92522,1912058782,-50,-98,6,0,1,7,0,0,256,0,0,"[0,0,9,-13,8,-12,7,-13,7,-12,6,-12,6,-11,5,-11,5,-11,5,-11,4,-10,3,-10,2,-10,2,-10,2,-10,2,-10,2,-11,1,-10,2,-10,2,-10,2,-9,2,-9,2,-9,2,-8,2,-8,2,-7,2,-7,0,0,0,0,0,0,0,0,0,0,0,0,0,0,0,0,0,0,0,0,0,0,7,-14,8,-14,8,-13,9,-14,10,-13,12,-14,12,-12,13,-12,13,-12,13,-11,13,-11,12,-11,12,-11,12,-11,12,-11,10,-11,11,-11,10,-11,10,-12,9,-12,9,-12,9,-13,9,-13,9,-13,8,-13,9,-14,0,0,36,-44,34,-44,33,-43,32,-38,29,-40,27,-38,26,-38,21,-38,21,-36,18,-37,16,-35,14,-36,13,-37,13,-37,12,-35,12,-34,11,-36,10,-34,12,-34,11,-35,10,-30,14,-29,12,-28,12,-26,13,-24,13,-22,15,-21,14,-21,0,0,0,0,0,0,0,0,0,0,0,0,0,0,21,-52,28,-51,32,-48,36,-48,38,-46,42,-45,46,-44,49,-42,50,-41,51,-41,54,-37,53,-36,52,-34,51,-34,48,-34,49,-33,48,-34,45,-33,44,-35,43,-36,42,-38,41,-40,40,-40,39,-45,40,-43,38,-45,39,-47,37,-45]"
618077082851800,58.632003400,92523,1912077243,-50,-98,6,0,1,7,0,0,256,0,0,"[0,0,-2,14,-1,15,-1,13,-1,13,0,13,0,13,0,12,1,11,1,10,1,10,1,10,2,10,2,9,2,9,3,9,3,9,3,9,2,9,2,9,2,8,2,8,1,8,1,8,1,7,0,7,0,6,0,0,0,0,0,0,0,0,0,0,0,0,0,0,0,0,0,0,0,0,0,0,1,15,0,15,-1,16,-1,15,-2,17,-3,16,-4,17,-5,17,-5,16,-6,16,-6,16,-6,15,-6,15,-5,14,-5,14,-4,14,-4,14,-4,15,-3,15,-2,15,-2,15,-1,15,-1,16,-1,15,-1,16,-1,15,0,0,-1,28,0,27,0,26,0,25,1,24,1,24,2,22,2,22,3,21,5,19,5,18,6,18,7,18,6,17,7,17,6,15,6,17,6,16,5,16,4,16,5,15,3,15,3,15,3,14,2,12,1,12,0,13,0,12,0,0,0,0,0,0,0,0,0,0,0,0,0,0,10,26,8,27,6,27,3,28,2,30,0,29,-2,32,-3,32,-5,32,-7,32,-8,30,-8,31,-7,31,-7,29,-7,29,-7,28,-7,28,-5,27,-5,27,-4,28,-4,28,-4,28,-2,29,-2,29,0,29,2,30,2,29,1,28]"
618077102832700,58.651984300,92524,1912100076,-50,-98,6,0,1,6,0,0,256,0,0,"[0,0,-3,-16,-3,-15,-3,-14,-3,-14,-3,-14,-4,-13,-4,-12,-4,-12,-4,-11,-5,-11,-5,-10,-5,-10,-5,-10,-6,-10,-6,-9,-6,-9,-6,-9,-6,-9,-5,-8,-5,-9,-5,-8,-5,-8,-4,-8,-4,-8,-3,-7,-3,-7,0,0,0,0,0,0,0,0,0,0,0,0,0,0,0,0,0,0,0,0,0,0,-5,-16,-4,-16,-3,-17,-3,-17,-2,-18,-1,-18,0,-18,1,-18,1,-18,2,-18,2,-18,2,-17,2,-16,2,-17,1,-17,1,-16,0,-16,-1,-16,-1,-16,-2,-16,-2,-16,-2,-17,-3,-17,-3,-16,-3,-16,-3,-16,0,0,-5,-29,-5,-29,-6,-27,-5,-26,-6,-25,-7,-24,-7,-23,-8,-22,-9,-21,-9,-21,-9,-19,-9,-18,-10,-18,-11,-18,-11,-17,-11,-17,-11,-17,-10,-16,-10,-15,-10,-15,-9,-15,-8,-15,-7,-15,-7,-14,-6,-13,-5,-13,-4,-13,-2,-14,0,0,0,0,0,0,0,0,0,0,0,0,0,0,-12,-28,-10,-29,-8,-30,-6,-31,-6,-32,-4,-32,-2,-33,-2,-34,0,-34,2,-35,2,-34,4,-34,4,-33,4,-32,4,-31,4,-31,3,-31,1,-30,0,-30,0,-30,-2,-31,-3,-30,-4,-31,-5,-31,-4,-31,-4,-31,-5,-31,-5,-30]"
618077121559400,58.670711000,92525,1912116520,-50,-98,6,0,1,7,0,0,256,0,0,"[0,0,12,8,12,7,11,7,12,7,11,6,10,6,10,6,10,5,10,4,10,4,10,3,10,2,9,2,10,2,10,2,9,1,9,2,9,2,9,2,8,2,8,2,7,3,7,3,6,3,6,3,6,3,0,0,0,0,0,0,0,0,0,0,0,0,0,0,0,0,0,0,0,0,0,0,14,5,14,6,14,7,14,8,14,9,14,10,13,10,13,12,12,12,12,12,11,11,11,11,10,11,10,11,11,10,11,10,11,10,11,9,11,9,12,9,12,9,12,8,13,8,13,8,13,8,13,7,0,0,49,29,47,29,46,27,45,23,42,22,42,21,40,20,39,17,38,14,39,11,40,8,38,9,37,5,36,7,37,5,38,4,36,4,35,5,34,6,34,9,33,7,29,8,27,8,27,9,26,9,24,10,23,10,21,13,0,0,0,0,0,0,0,0,0,0,0,0,0,0,55,12,53,18,54,22,52,27,52,28,51,31,50,36,52,39,49,42,47,46,45,48,42,46,41,45,42,46,40,43,41,39,41,40,42,37,42,36,45,36,44,34,44,34,46,35,49,33,50,32,51,30,50,30,50,31]"
618077143365000,58.692516600,92526,1912136376,-50,-98,6,0,1,7,0,0,256,0,0,"[0,0,-10,11,-9,11,-9,11,-9,10,-8,10,-8,10,-7,10,-6,10,-6,9,-5,9,-5,9,-4,9,-3,9,-3,9,-3,9,-4,9,-3,9,-3,9,-3,9,-4,8,-4,8,-3,8,-4,7,-4,7,-4,6,-4,6,0,0,0,0,0,0,0,0,0,0,0,0,0,0,0,0,0,0,0,0,0,0,-9,12,-10,12,-11,12,-11,12,-12,12,-13,11,-14,11,-15,10,-15,10,-15,10,-15,9,-14,8,-14,9,-13,8,-13,9,-13,9,-13,9,-12,10,-12,10,-11,11,-11,11,-11,11,-11,11,-10,12,-10,12,-11,12,0,0,-44,39,-41,35,-41,38,-37,33,-35,36,-33,35,-30,35,-27,34,-24,33,-22,31,-20,33,-17,35,-18,34,-15,35,-16,32,-18,34,-16,33,-16,32,-15,30,-17,29,-17,29,-17,29,-17,27,-18,24,-16,21,-18,20,-16,19,-19,17,0,0,0,0,0,0,0,0,0,0,0,0,0,0,-30,46,-36,44,-40,42,-44,41,-45,39,-49,39,-50,36,-57,36,-58,33,-57,31,-59,28,-57,28,-57,25,-56,24,-55,25,-54,24,-52,28,-48,26,-50,27,-48,29,-48,34,-45,35,-46,35,-48,37,-44,37,-45,38,-42,41,-45,40]"
618077166554600,58.715706200,92527,1912160697,-50,-98,6,0,1,7,0,0,256,0,0,"[0,0,-14,4,-14,3,-13,3,-13,3,-12,3,-12,4,-11,4,-11,4,-10,4,-10,5,-9,5,-9,5,-8,5,-8,5,-8,6,-8,5,-8,6,-8,5,-8,5,-8,5,-8,4,-7,4,-7,4,-7,3,-7,2,-7,2,0,0,0,0,0,0,0,0,0,0,0,0,0,0,0,0,0,0,0,0,0,0,-14,5,-15,4,-15,4,-15,3,-17,2,-17,1,-17,1,-17,0,-17,0,-17,-1,-17,-1,-16,-1,-16,-1,-15,-1,-15,0,-15,0,-14,1,-15,1,-15,1,-15,2,-15,2,-14,3,-16,3,-15,3,-14,4,-14,3,0,0,-27,10,-26,11,-25,9,-24,10,-23,10,-22,9,-21,11,-19,11,-18,10,-17,12,-16,13,-15,12,-15,13,-14,12,-14,13,-14,12,-14,13,-14,13,-14,11,-13,10,-14,10,-14,10,-13,9,-12,8,-11,8,-12,7,-13,6,-12,6,0,0,0,0,0,0,0,0,0,0,0,0,0,0,-23,17,-25,16,-26,13,-27,12,-29,11,-29,9,-31,8,-32,6,-33,5,-34,4,-32,2,-33,2,-32,2,-31,2,-31,2,-29,3,-29,3,-29,4,-29,5,-29,5,-28,7,-29,7,-29,8,-28,9,-29,9,-28,11,-26,11,-27,10]"
618077181802600,58.730954200,92528,1912176419,-50,-98,6,0,1,7,0,0,256,0,0,"[0,0,15,-1,14,-1,13,-1,13,-1,12,-1,12,-1,11,-2,11,-2,11,-2,10,-3,9,-3,9,-4,9,-4,9,-4,9,-5,9,-5,8,-4,8,-4,8,-4,8,-4,8,-3,7,-3,7,-2,7,-3,7,-2,7,-2,0,0,0,0,0,0,0,0,0,0,0,0,0,0,0,0,0,0,0,0,0,0,14,-2,15,-1,15,0,15,0,16,1,16,2,16,3,16,4,16,4,15,4,16,4,15,4,15,4,14,4,14,3,14,3,14,3,14,2,14,2,14,1,15,1,15,0,15,0,15,0,15,-1,16,0,0,0,28,1,26,1,27,1,25,0,24,1,23,-2,22,-1,20,-2,21,-3,19,-4,19,-5,19,-5,18,-6,17,-6,17,-6,18,-7,16,-6,18,-7,17,-7,17,-5,16,-5,15,-4,14,-3,13,-3,13,-2,13,-2,12,-1,13,-1,0,0,0,0,0,0,0,0,0,0,0,0,0,0,27,-5,27,-2,29,-1,29,1,29,1,30,3,29,5,31,7,31,9,30,10,30,11,29,11,29,12,27,12,27,12,27,10,27,10,26,8,28,8,27,7,28,6,28,3,28,4,28,2,29,4,29,3,29,2,29,2]"
618077208668500,58.757820100,92529,1912201265,-50,-98,6,0,1,7,0,0,256,0,0,"[0,0,-15,-5,-15,-5,-14,-5,-14,-4,-13,-4,-13,-3,-12,-3,-12,-2,-12,-2,-12,-1,-11,-1,-11,-1,-11,0,-11,0,-10,0,-11,0,-10,0,-10,0,-10,0,-10,-1,-9,-1,-9,-1,-9,-1,-8,-1,-8,-1,-8,-2,0,0,0,0,0,0,0,0,0,0,0,0,0,0,0,0,0,0,0,0,0,0,-16,-3,-16,-4,-16,-5,-16,-6,-16,-7,-16,-8,-16,-9,-16,-9,-15,-10,-15,-10,-15,-10,-14,-9,-14,-9,-14,-9,-14,-9,-14,-8,-14,-8,-14,-7,-14,-7,-14,-7,-15,-6,-15,-6,-16,-6,-15,-5,-15,-5,-15,-5,0,0,-53,-25,-52,-26,-48,-22,-48,-20,-45,-18,-45,-18,-46,-17,-41,-13,-41,-13,-42,-10,-40,-7,-40,-5,-38,-4,-39,-4,-39,-2,-38,-3,-37,-2,-38,-2,-37,-3,-36,-4,-33,-5,-33,-6,-30,-7,-28,-5,-28,-8,-27,-9,-24,-9,-23,-10,0,0,0,0,0,0,0,0,0,0,0,0,0,0,-56,-10,-56,-16,-54,-20,-55,-24,-57,-28,-51,-29,-55,-35,-53,-38,-52,-40,-51,-42,-48,-44,-48,-45,-48,-44,-45,-42,-46,-39,-42,-36,-43,-37,-45,-38,-43,-35,-47,-34,-47,-32,-49,-32,-50,-28,-50,-29,-54,-26,-54,-26,-54,-27,-53,-27]"
618077225473600,58.774625200,92530,1912219130,-50,-98,6,0,1,7,0,0,256,0,0,"[0,0,0,-16,-1,-15,-1,-15,-1,-14,-1,-14,-2,-13,-2,-13,-2,-12,-3,-12,-3,-11,-3,-11,-4,-11,-4,-10,-4,-10,-4,-10,-4,-10,-4,-9,-4,-10,-4,-9,-3,-9,-3,-9,-3,-9,-2,-9,-2,-8,-2,-7,-2,-7,0,0,0,0,0,0,0,0,0,0,0,0,0,0,0,0,0,0,0,0,0,0,-3,-16,-2,-16,-1,-17,-1,-17,0,-18,1,-18,2,-17,3,-18,3,-18,3,-17,4,-17,4,-16,3,-16,3,-16,3,-16,2,-15,2,-15,2,-15,1,-16,1,-17,0,-16,0,-16,0,-16,0,-16,-1,-16,-1,-16,0,0,0,-28,0,-29,-1,-28,-1,-26,0,-25,-2,-24,-3,-24,-2,-23,-4,-20,-5,-19,-4,-20,-6,-20,-6,-18,-6,-19,-7,-18,-7,-17,-7,-18,-7,-18,-7,-17,-6,-16,-4,-17,-4,-16,-4,-15,-3,-15,-2,-14,-3,-14,-1,-13,0,-13,0,0,0,0,0,0,0,0,0,0,0,0,0,0,-8,-28,-6,-28,-3,-29,-2,-31,0,-31,3,-33,4,-33,5,-33,7,-32,9,-32,10,-31,10,-31,9,-30,9,-29,10,-29,8,-29,8,-29,7,-28,6,-28,5,-29,4,-29,3,-29,3,-30,2,-32,2,-30,1,-30,0,-30,0,-30]"
618077249697800,58.798849400,92531,1912242244,-49,-98,6,0,1,7,0,0,256,0,0,"[0,0,-12,9,-11,8,-10,8,-10,8,-9,8,-9,8,-8,7,-7,7,-7,8,-6,7,-7,7,-6,8,-5,8,-5,8,-5,8,-5,8,-4,8,-5,7,-5,7,-5,7,-5,7,-4,6,-5,6,-4,5,-5,5,-5,5,0,0,0,0,0,0,0,0,0,0,0,0,0,0,0,0,0,0,0,0,0,0,-11,9,-12,9,-12,8,-13,8,-14,8,-15,7,-15,7,-16,6,-16,6,-15,5,-15,5,-15,5,-14,4,-14,5,-14,5,-14,5,-13,6,-13,6,-13,6,-12,8,-12,8,-12,8,-13,8,-12,8,-12,9,-12,9,0,0,-46,33,-45,32,-42,34,-41,32,-37,35,-34,31,-33,33,-32,31,-27,31,-27,32,-22,31,-21,30,-20,32,-18,34,-18,33,-17,34,-16,32,-18,32,-17,32,-19,30,-18,28,-17,26,-16,27,-17,22,-19,20,-18,21,-17,21,-21,17,0,0,0,0,0,0,0,0,0,0,0,0,0,0,-36,46,-42,42,-44,39,-47,37,-49,37,-51,35,-54,34,-59,31,-59,27,-64,27,-62,24,-62,21,-62,21,-60,18,-57,19,-56,20,-55,24,-53,24,-52,24,-53,28,-50,31,-49,33,-50,34,-50,37,-49,37,-46,37,-45,38,-48,36]"
618077263971900,58.813123500,92532,1912256761,-50,-98,6,0,1,7,0,0,256,0,0,"[0,0,-16,1,-15,1,-14,1,-14,1,-13,1,-13,1,-12,2,-12,2,-11,2,-11,3,-10,3,-10,3,-10,3,-10,4,-10,5,-9,4,-9,4,-9,4,-9,4,-9,4,-9,4,-8,3,-8,2,-8,2,-8,2,-8,1,0,0,0,0,0,0,0,0,0,0,0,0,0,0,0,0,0,0,0,0,0,0,-16,1,-16,0,-17,-1,-17,-1,-18,-2,-18,-3,-18,-3,-18,-5,-18,-5,-17,-6,-17,-5,-16,-5,-16,-5,-16,-5,-16,-4,-16,-3,-16,-3,-16,-3,-15,-2,-16,-1,-16,-1,-16,-1,-17,0,-16,0,-16,0,-16,0,0,0,-29,1,-28,2,-26,2,-26,1,-24,2,-24,3,-24,3,-22,3,-21,5,-21,5,-20,7,-19,7,-18,7,-17,8,-18,9,-17,8,-17,8,-17,7,-17,7,-18,6,-17,6,-16,5,-15,5,-15,3,-14,4,-14,2,-14,2,-14,0,0,0,0,0,0,0,0,0,0,0,0,0,0,0,-28,9,-28,5,-29,3,-30,1,-31,2,-30,-1,-33,-3,-32,-5,-33,-5,-33,-8,-32,-8,-33,-9,-31,-9,-30,-10,-29,-8,-28,-7,-28,-7,-29,-6,-29,-5,-29,-5,-29,-3,-28,-1,-30,-2,-29,-1,-31,0,-31,1,-30,0,-30,0]"
618077287127000,58.836278600,92533,1912284472,-50,-98,6,0,1,7,0,0,256,0,0,"[0,0,-14,-7,-14,-7,-13,-6,-13,-6,-12,-6,-12,-5,-12,-4,-12,-4,-11,-3,-11,-3,-11,-2,-10,-2,-10,-2,-10,-1,-11,-1,-10,-1,-10,-1,-10,-1,-10,-1,-10,-1,-9,-1,-8,-2,-8,-2,-8,-2,-8,-2,-7,-2,0,0,0,0,0,0,0,0,0,0,0,0,0,0,0,0,0,0,0,0,0,0,-15,-6,-15,-7,-15,-8,-14,-8,-15,-10,-15,-10,-14,-11,-14,-12,-13,-12,-13,-13,-13,-12,-12,-12,-12,-11,-12,-11,-12,-11,-12,-10,-12,-10,-13,-10,-13,-9,-13,-9,-14,-8,-14,-8,-14,-8,-14,-8,-14,-7,-14,-7,0,0,-53,-28,-49,-27,-48,-26,-48,-23,-45,-23,-43,-19,-42,-17,-41,-16,-43,-12,-38,-9,-38,-10,-40,-9,-38,-6,-39,-5,-39,-3,-39,-4,-37,-3,-37,-4,-37,-4,-36,-5,-33,-6,-31,-7,-29,-7,-29,-7,-27,-9,-26,-10,-26,-10,-24,-14,0,0,0,0,0,0,0,0,0,0,0,0,0,0,-54,-15,-56,-21,-54,-25,-55,-29,-53,-32,-53,-35,-52,-37,-52,-43,-51,-40,-50,-45,-48,-47,-45,-47,-45,-47,-43,-48,-40,-45,-40,-45,-44,-41,-43,-39,-45,-38,-46,-37,-45,-35,-49,-32,-50,-32,-54,-31,-52,-29,-51,-30,-53,-29,-54,-30]"
618077303324200,58.852475800,92534,1912296720,-50,-98,6,0,1,7,0,0,256,0,0,"[0,0,-10,12,-9,12,-9,11,-9,11,-8,11,-8,10,-7,10,-6,10,-6,10,-5,10,-4,9,-4,10,-3,10,-3,10,-3,9,-3,9,-3,9,-3,8,-3,9,-4,8,-3,8,-3,7,-3,7,-3,7,-4,6,-4,6,0,0,0,0,0,0,0,0,0,0,0,0,0,0,0,0,0,0,0,0,0,0,-8,13,-9,13,-9,13,-10,13,-11,13,-13,12,-13,11,-14,11,-14,10,-14,11,-14,11,-13,10,-13,10,-13,10,-12,10,-12,10,-12,10,-12,10,-11,11,-11,11,-11,11,-11,12,-11,12,-10,13,-9,13,-10,13,0,0,-41,46,-35,42,-40,42,-33,41,-28,41,-28,37,-26,37,-24,35,-23,34,-18,35,-17,34,-14,35,-13,36,-12,36,-11,33,-13,35,-11,34,-12,35,-11,33,-14,34,-15,29,-13,31,-11,28,-14,25,-13,23,-15,24,-17,22,-21,19,0,0,0,0,0,0,0,0,0,0,0,0,0,0,-21,51,-25,50,-32,48,-35,47,-39,46,-40,44,-45,45,-48,45,-51,42,-54,40,-52,38,-52,36,-53,35,-51,34,-50,35,-47,32,-49,36,-44,34,-44,35,-47,37,-43,41,-42,42,-41,42,-40,47,-37,43,-39,46,-40,48,-42,47]"
618077322800000,58.871951600,92535,1912316604,-50,-98,6,0,1,7,0,0,256,0,0,"[0,0,-15,-3,-15,-3,-15,-3,-14,-2,-13,-2,-13,-2,-13,-2,-12,-1,-12,0,-11,0,-11,0,-11,0,-11,1,-11,1,-11,2,-10,2,-10,2,-10,2,-10,1,-9,1,-9,1,-9,1,-9,0,-8,0,-8,-1,-8,-1,0,0,0,0,0,0,0,0,0,0,0,0,0,0,0,0,0,0,0,0,0,0,-16,-2,-17,-3,-17,-3,-17,-5,-17,-5,-18,-7,-17,-7,-17,-8,-17,-8,-16,-8,-16,-9,-15,-9,-15,-9,-14,-8,-15,-7,-15,-7,-15,-6,-15,-6,-15,-6,-15,-5,-15,-5,-16,-4,-16,-4,-16,-4,-16,-4,-16,-4,0,0,-27,-7,-29,-6,-28,-5,-26,-5,-25,-4,-23,-3,-23,-3,-22,-1,-23,0,-22,0,-21,2,-19,1,-19,2,-19,2,-20,3,-20,4,-18,3,-19,2,-18,2,-18,2,-18,1,-16,1,-15,-1,-15,0,-14,-1,-14,-1,-14,-1,-13,-2,0,0,0,0,0,0,0,0,0,0,0,0,0,0,-28,1,-29,-2,-29,-5,-30,-7,-30,-7,-30,-8,-30,-11,-31,-13,-31,-14,-31,-16,-30,-15,-29,-17,-28,-17,-26,-17,-26,-16,-25,-15,-26,-15,-27,-13,-27,-11,-27,-11,-27,-12,-29,-10,-29,-8,-29,-8,-30,-8,-29,-7,-28,-8,-29,-8]"
618077341314400,58.890466000,92536,1912336345,-50,-98,6,0,1,7,0,0,256,0,0,"[0,0,8,12,8,12,7,11,7,11,7,10,7,10,7,9,8,9,7,8,7,7,7,7,7,6,8,6,8,5,8,6,8,5,8,5,8,5,7,5,7,5,6,5,5,5,5,6,5,6,5,5,4,5,0,0,0,0,0,0,0,0,0,0,0,0,0,0,0,0,0,0,0,0,0,0,10,11,9,12,9,13,8,13,8,15,7,15,7,16,6,16,6,16,5,17,4,16,4,16,4,15,4,15,4,15,5,14,5,14,6,14,6,13,7,13,7,13,8,13,8,14,8,13,8,14,9,13,0,0,19,20,19,21,18,19,18,18,17,16,16,16,17,15,15,14,17,12,18,10,17,9,17,8,16,8,16,9,17,7,16,8,16,8,15,6,15,7,14,8,14,7,12,7,12,8,12,7,11,8,10,8,10,8,9,7,0,0,0,0,0,0,0,0,0,0,0,0,0,0,26,14,23,17,21,18,21,20,20,22,18,22,19,26,17,26,18,28,15,29,14,29,15,30,15,28,13,28,13,27,13,26,13,25,15,25,15,23,16,24,16,23,17,23,18,23,18,22,21,22,20,21,21,21,20,20]"
618077364742800,58.913894400,92537,1912358296,-50,-98,6,0,1,7,0,0,256,0,0,"[0,0,-2,15,-1,14,-1,14,-1,13,-1,13,0,13,0,12,0,11,0,11,1,10,2,10,2,10,2,9,2,10,2,9,3,9,2,9,2,9,2,9,2,8,1,8,1,8,1,8,1,8,0,7,0,7,0,0,0,0,0,0,0,0,0,0,0,0,0,0,0,0,0,0,0,0,0,0,0,15,0,16,-1,15,-2,16,-3,17,-4,17,-5,16,-6,17,-6,17,-6,16,-6,16,-7,15,-6,15,-6,15,-5,15,-5,14,-4,15,-4,14,-4,15,-3,15,-3,15,-2,16,-2,15,-2,15,-1,16,-2,15,0,0,-2,28,-1,28,0,27,0,25,0,25,2,23,1,23,2,22,4,20,4,20,4,19,4,18,5,18,6,18,7,17,7,17,7,17,5,18,5,15,5,16,6,14,4,16,3,15,3,14,2,14,1,13,0,13,-1,13,0,0,0,0,0,0,0,0,0,0,0,0,0,0,6,28,4,29,1,28,1,29,-1,31,-3,30,-3,32,-6,31,-7,33,-8,32,-10,31,-11,31,-11,29,-12,29,-11,28,-10,27,-8,28,-7,28,-6,28,-5,29,-6,29,-4,30,-3,28,-2,30,-2,30,-2,29,-2,31,-2,29]"
618077382354900,58.931506500,92538,1912376476,-50,-98,6,0,1,7,0,0,256,0,0,"[0,0,-15,-4,-15,-4,-14,-4,-14,-4,-13,-2,-13,-2,-13,-2,-11,-2,-12,-1,-12,0,-11,0,-11,0,-11,1,-11,0,-11,1,-10,1,-10,1,-10,1,-10,1,-10,1,-9,0,-9,0,-8,-1,-8,-1,-9,-1,-8,-2,0,0,0,0,0,0,0,0,0,0,0,0,0,0,0,0,0,0,0,0,0,0,-16,-2,-16,-3,-16,-4,-16,-5,-17,-5,-17,-6,-17,-7,-16,-8,-16,-8,-15,-9,-15,-8,-15,-8,-14,-8,-14,-8,-14,-8,-14,-7,-15,-7,-14,-6,-15,-6,-15,-5,-15,-5,-16,-5,-16,-4,-16,-4,-16,-4,-16,-4,0,0,-28,-9,-27,-9,-28,-7,-25,-7,-25,-7,-23,-5,-22,-5,-22,-5,-22,-4,-22,-2,-20,0,-21,1,-20,2,-20,1,-20,1,-20,1,-19,1,-20,1,-18,1,-18,0,-18,0,-16,1,-15,0,-15,0,-14,-2,-14,-2,-13,-2,-13,-3,0,0,0,0,0,0,0,0,0,0,0,0,0,0,-28,-1,-30,-5,-29,-7,-31,-8,-29,-9,-30,-11,-30,-12,-30,-16,-29,-16,-30,-18,-28,-18,-28,-19,-27,-19,-26,-19,-26,-18,-25,-17,-26,-16,-26,-15,-27,-15,-26,-13,-28,-13,-28,-11,-27,-11,-29,-11,-29,-9,-30,-10,-29,-10,-29,-11]"
618077406696600,58.955848200,92539,1912398555,-50,-98,6,0,1,7,0,0,256,0,0,"[0,0,1,14,1,14,1,13,1,13,1,12,1,12,2,12,2,11,2,10,3,10,3,9,3,9,4,9,4,8,4,8,4,8,5,8,4,8,3,8,3,8,3,8,3,8,2,8,2,7,2,6,1,7,0,0,0,0,0,0,0,0,0,0,0,0,0,0,0,0,0,0,0,0,0,0,3,15,2,15,2,16,0,16,0,17,-1,17,-2,17,-3,17,-4,17,-4,17,-4,16,-4,16,-4,15,-3,15,-3,15,-2,15,-2,14,-1,15,-1,15,-1,15,0,15,0,15,0,15,1,15,1,15,1,15,0,0,3,27,4,28,3,24,4,25,5,23,5,22,5,22,5,19,6,19,7,19,9,16,9,18,8,17,8,16,10,16,9,15,9,15,9,15,9,15,8,15,7,15,7,15,5,14,4,13,5,13,4,12,2,12,2,12,0,0,0,0,0,0,0,0,0,0,0,0,0,0,12,25,10,26,7,28,6,28,5,29,3,29,2,32,0,31,-1,33,-3,33,-4,32,-5,32,-4,31,-4,30,-4,29,-3,28,-3,29,-2,27,-2,27,0,28,0,28,2,28,2,28,2,29,4,28,4,29,5,28,5,28]"
618077422410700,58.971562300,92540,1912417491,-50,-98,6,0,1,7,0,0,256,0,0,"[0,0,0,15,0,14,0,14,0,13,1,13,1,12,1,12,1,11,1,10,2,10,3,9,3,10,3,9,3,9,3,9,3,9,4,8,3,8,3,8,2,8,2,8,2,8,2,7,1,7,1,7,0,7,0,0,0,0,0,0,0,0,0,0,0,0,0,0,0,0,0,0,0,0,0,0,2,14,1,15,1,16,0,16,-1,16,-2,17,-3,17,-4,17,-5,17,-5,16,-5,16,-4,16,-4,15,-4,15,-4,15,-3,15,-3,14,-3,15,-2,15,-1,15,-1,15,-1,15,0,15,0,16,1,15,0,15,0,0,-1,29,-2,28,-2,25,-2,26,-2,24,-1,23,1,23,1,22,2,21,3,21,3,19,4,20,4,19,5,18,6,18,5,17,6,18,5,17,5,16,5,17,4,15,3,15,2,15,2,14,1,14,1,13,0,13,-2,13,0,0,0,0,0,0,0,0,0,0,0,0,0,0,5,28,1,29,0,29,-1,29,-3,31,-5,29,-6,31,-8,30,-9,30,-11,31,-12,31,-13,31,-12,29,-13,28,-12,28,-11,28,-11,27,-9,28,-8,27,-8,28,-7,27,-5,28,-5,30,-4,29,-4,29,-4,29,-3,30,-4,29]"
618077444407600,58.993559200,92541,1912439188,-49,-98,6,0,1,7,0,0,256,0,0,"[0,0,12,9,11,9,11,8,10,8,10,7,10,7,10,6,10,5,10,5,9,4,9,4,9,4,9,3,9,3,9,2,9,2,9,2,9,3,9,3,8,2,8,3,7,3,7,3,7,3,6,3,6,4,0,0,0,0,0,0,0,0,0,0,0,0,0,0,0,0,0,0,0,0,0,0,13,7,13,8,13,9,12,10,12,11,12,12,11,12,11,13,11,13,10,13,9,13,9,13,9,13,9,13,9,12,9,11,10,11,10,11,10,11,10,10,11,10,12,10,12,10,12,10,12,10,12,9,0,0,43,35,43,37,39,32,40,33,37,30,38,28,36,25,36,24,35,21,35,20,37,15,35,15,34,14,34,12,37,11,35,11,34,11,36,13,35,11,32,13,30,12,29,14,28,13,25,13,24,13,22,14,21,16,18,15,0,0,0,0,0,0,0,0,0,0,0,0,0,0,50,24,47,29,46,32,45,33,46,40,44,39,44,47,42,49,40,51,37,52,36,54,34,56,31,53,31,52,29,51,28,48,30,47,34,46,32,43,34,45,36,42,40,42,39,40,41,40,45,41,42,40,42,39,43,38]"
618077464462200,59.013613800,92542,1912456650,-50,-98,6,0,1,7,0,0,256,0,0,"[0,0,-16,-1,-15,-1,-15,-1,-15,-1,-14,-1,-14,0,-13,0,-12,1,-12,2,-12,2,-11,2,-10,2,-11,2,-10,3,-10,3,-10,3,-10,3,-10,3,-10,3,-10,2,-9,2,-9,2,-8,1,-8,1,-8,0,-8,0,0,0,0,0,0,0,0,0,0,0,0,0,0,0,0,0,0,0,0,0,0,0,-17,1,-17,0,-17,-1,-17,-2,-18,-3,-18,-4,-18,-4,-18,-5,-18,-6,-17,-6,-17,-7,-16,-6,-16,-6,-16,-6,-16,-5,-16,-4,-16,-4,-16,-3,-16,-3,-16,-2,-16,-2,-16,-2,-17,-1,-16,-2,-17,-2,-16,-1,0,0,-29,-3,-29,-3,-27,-3,-27,-2,-26,-2,-25,-1,-24,0,-22,0,-21,0,-21,1,-21,3,-20,3,-18,4,-19,5,-19,4,-19,6,-20,5,-18,5,-18,5,-18,5,-17,4,-15,3,-16,1,-16,1,-14,-1,-14,0,-15,-1,-14,-2,0,0,0,0,0,0,0,0,0,0,0,0,0,0,-30,5,-30,0,-30,-2,-30,-2,-31,-3,-31,-5,-32,-7,-33,-10,-33,-9,-33,-11,-31,-11,-31,-14,-30,-14,-30,-15,-28,-14,-27,-13,-28,-11,-28,-9,-29,-8,-29,-8,-29,-7,-29,-6,-30,-6,-30,-4,-30,-5,-31,-5,-30,-4,-31,-5]"
618077481462500,59.030614100,92543,1912476399,-49,-98,6,0,1,7,0,0,256,0,0,"[0,0,6,14,5,13,5,13,6,12,6,12,6,11,6,10,6,10,6,9,6,9,6,8,6,8,6,7,7,7,7,7,6,7,7,7,7,7,6,6,5,7,5,6,5,6,4,6,4,6,4,6,3,6,0,0,0,0,0,0,0,0,0,0,0,0,0,0,0,0,0,0,0,0,0,0,8,12,7,13,7,14,6,15,6,15,5,16,4,17,3,17,3,17,2,17,2,16,2,16,2,16,2,15,2,15,3,14,3,14,3,14,4,15,5,14,5,14,6,14,5,14,6,15,6,14,6,14,0,0,7,27,7,26,8,26,7,24,7,23,7,22,8,22,8,20,8,18,9,17,9,16,10,16,10,15,11,15,11,15,12,14,10,14,11,14,10,14,9,14,9,14,8,13,7,13,6,13,5,12,5,12,3,12,3,12,0,0,0,0,0,0,0,0,0,0,0,0,0,0,14,23,13,25,11,27,9,27,8,29,6,29,5,31,4,32,2,32,1,32,0,32,-1,32,0,30,-1,30,-2,29,-1,29,0,28,1,28,1,27,3,29,4,28,4,28,4,28,5,28,6,28,7,28,8,28,8,27]"
618077505009200,59.054160800,92544,1912496838,-49,-98,6,0,1,7,0,0,256,0,0,"[0,0,4,-15,3,-15,3,-15,3,-14,2,-13,1,-13,1,-13,1,-12,0,-12,0,-12,-1,-11,-1,-11,-2,-11,-2,-10,-2,-10,-2,-10,-2,-10,-2,-10,-2,-10,-2,-10,-1,-10,-1,-9,-1,-9,0,-8,0,-8,0,-8,0,0,0,0,0,0,0,0,0,0,0,0,0,0,0,0,0,0,0,0,0,0,2,-16,3,-16,4,-16,4,-16,6,-17,6,-17,7,-16,8,-16,8,-16,9,-15,9,-15,8,-14,9,-14,8,-14,7,-14,7,-14,6,-14,6,-15,5,-15,5,-15,4,-15,4,-16,4,-16,3,-16,3,-16,4,-16,0,0,6,-28,4,-28,4,-27,3,-24,3,-25,2,-23,2,-23,1,-22,1,-21,-3,-19,-2,-19,-4,-18,-4,-19,-5,-19,-4,-18,-4,-19,-4,-19,-4,-18,-5,-18,-4,-18,-3,-16,-3,-16,-2,-16,-2,-15,-2,-15,0,-14,1,-14,2,-14,0,0,0,0,0,0,0,0,0,0,0,0,0,0,-3,-29,0,-29,2,-30,4,-30,5,-30,7,-30,9,-30,10,-32,13,-30,14,-30,15,-29,14,-29,15,-28,14,-28,13,-28,13,-27,13,-27,11,-26,11,-27,9,-27,9,-28,8,-28,8,-28,7,-30,7,-30,5,-29,5,-30,6,-30]"
618077530868800,59.080020400,92545,1912520159,-49,-98,6,0,1,7,0,0,256,0,0,"[0,0,8,-13,8,-13,7,-13,7,-12,7,-12,6,-12,6,-11,5,-11,4,-11,3,-11,3,-11,2,-11,2,-11,2,-11,2,-11,2,-11,1,-10,2,-10,2,-10,2,-10,2,-9,2,-9,2,-8,2,-8,2,-8,2,-7,0,0,0,0,0,0,0,0,0,0,0,0,0,0,0,0,0,0,0,0,0,0,7,-14,9,-14,9,-14,10,-13,11,-13,12,-13,13,-12,14,-12,14,-11,14,-11,14,-11,13,-10,12,-11,12,-11,12,-11,11,-11,11,-11,10,-11,10,-12,10,-13,10,-13,9,-13,10,-13,9,-14,9,-13,9,-14,0,0,39,-39,37,-41,34,-40,36,-37,31,-37,29,-37,25,-35,24,-34,22,-35,20,-35,18,-35,15,-35,15,-37,13,-35,14,-36,13,-35,12,-35,13,-33,14,-32,13,-31,12,-29,13,-30,13,-30,14,-26,14,-25,14,-22,16,-22,17,-20,0,0,0,0,0,0,0,0,0,0,0,0,0,0,27,-49,34,-47,37,-44,40,-42,43,-42,45,-40,50,-40,52,-37,55,-34,56,-33,57,-30,57,-31,56,-28,55,-26,51,-28,50,-28,48,-29,47,-30,45,-29,46,-32,43,-36,42,-37,41,-39,40,-41,42,-39,41,-41,39,-41,40,-41]"
618077546413500,59.095565100,92546,1912541380,-49,-98,6,0,1,7,0,0,256,0,0,"[0,0,9,11,8,10,8,11,8,10,8,10,7,9,7,8,8,7,7,7,7,6,8,6,8,6,8,5,8,5,8,4,8,4,8,4,8,4,8,4,7,4,7,4,6,4,6,5,5,5,5,4,5,5,0,0,0,0,0,0,0,0,0,0,0,0,0,0,0,0,0,0,0,0,0,0,10,10,10,12,9,12,9,13,8,13,8,15,8,15,7,15,6,15,5,15,5,15,5,14,5,14,5,14,6,14,5,13,6,13,7,12,7,13,8,13,8,12,8,12,8,12,9,12,9,12,9,12,0,0,33,49,27,42,30,44,28,41,29,40,28,35,30,32,29,31,30,29,29,25,29,24,30,21,33,22,32,23,31,21,31,22,29,19,30,21,30,22,29,20,27,20,23,21,23,18,20,19,18,18,19,21,16,18,14,21,0,0,0,0,0,0,0,0,0,0,0,0,0,0,44,35,39,40,38,44,36,48,32,47,31,53,29,53,29,58,25,59,24,59,21,62,20,58,20,57,19,57,18,56,17,56,20,54,20,50,20,51,22,49,24,51,26,49,31,48,28,51,33,46,32,47,32,47,37,49]"
618077565795300,59.114946900,92547,1912559014,-49,-98,6,0,1,7,0,0,256,0,0,"[0,0,15,3,13,2,13,2,13,2,13,2,12,1,12,0,11,0,11,0,11,-1,10,-2,10,-2,10,-2,10,-2,10,-2,10,-3,9,-3,10,-3,9,-3,9,-2,9,-2,8,-1,8,-1,7,-1,7,-1,7,0,0,0,0,0,0,0,0,0,0,0,0,0,0,0,0,0,0,0,0,0,0,0,15,0,16,1,15,2,16,3,16,4,17,5,17,6,16,6,16,7,15,7,15,7,15,7,14,7,14,6,14,6,13,5,14,5,14,4,15,4,14,4,14,3,15,3,15,2,15,2,15,2,16,2,0,0,28,4,27,3,26,3,25,2,25,2,24,0,23,0,20,0,21,-2,21,-4,19,-3,19,-3,18,-4,18,-6,18,-5,19,-4,16,-5,18,-5,18,-4,17,-5,16,-4,15,-3,14,-2,13,-2,15,-1,13,1,12,0,13,1,0,0,0,0,0,0,0,0,0,0,0,0,0,0,28,-5,28,-2,29,0,30,1,29,3,30,5,30,6,32,8,31,10,30,10,30,13,28,12,28,12,27,13,27,12,26,11,27,10,25,9,27,9,27,8,28,6,27,7,28,6,29,5,27,4,29,3,29,4,30,4]"
618077584383800,59.133535400,92548,1912577830,-49,-98,6,0,1,7,0,0,256,0,0,"[0,0,-16,2,-15,2,-14,3,-14,3,-14,3,-13,3,-12,3,-11,4,-11,4,-11,5,-10,5,-9,4,-10,5,-9,5,-9,6,-9,5,-9,5,-9,5,-9,5,-9,5,-9,4,-8,4,-8,3,-8,3,-8,3,-8,2,0,0,0,0,0,0,0,0,0,0,0,0,0,0,0,0,0,0,0,0,0,0,-16,4,-16,3,-17,3,-17,2,-18,1,-19,0,-19,0,-19,-2,-18,-2,-18,-2,-18,-3,-17,-2,-17,-2,-17,-2,-16,-2,-16,-1,-16,0,-17,0,-16,0,-16,1,-16,1,-16,2,-17,2,-16,2,-16,3,-16,2,0,0,-27,9,-27,8,-26,7,-24,7,-23,8,-22,8,-21,9,-20,9,-18,9,-18,10,-17,10,-16,10,-15,11,-14,12,-15,13,-15,11,-14,12,-14,11,-14,11,-14,10,-14,10,-13,8,-12,8,-13,7,-12,6,-12,5,-12,5,-13,4,0,0,0,0,0,0,0,0,0,0,0,0,0,0,-25,15,-26,12,-28,10,-28,8,-29,8,-29,7,-31,6,-33,3,-33,2,-35,1,-32,0,-33,0,-31,-1,-31,-1,-30,-1,-29,-1,-29,1,-29,2,-28,2,-28,3,-28,4,-27,6,-28,6,-28,6,-29,7,-29,7,-28,7,-29,8]"
618077602961700,59.152113300,92549,1912596468,-49,-98,6,0,1,7,0,0,256,0,0,"[0,0,-14,7,-13,7,-13,7,-12,6,-11,7,-11,6,-10,7,-9,7,-9,7,-8,7,-7,7,-7,7,-7,7,-7,8,-6,7,-7,8,-6,7,-6,7,-6,7,-6,7,-6,6,-6,6,-6,5,-6,5,-6,5,-6,5,0,0,0,0,0,0,0,0,0,0,0,0,0,0,0,0,0,0,0,0,0,0,-13,9,-14,9,-14,8,-15,8,-15,7,-17,7,-17,5,-17,5,-17,4,-16,4,-16,4,-16,3,-16,4,-15,4,-16,4,-15,4,-15,5,-14,5,-15,6,-14,6,-14,7,-14,7,-14,7,-14,8,-14,7,-14,8,0,0,-29,10,-27,11,-25,9,-24,10,-23,9,-21,11,-20,11,-19,11,-18,12,-17,12,-16,11,-17,12,-15,11,-15,13,-15,13,-14,13,-13,13,-14,12,-13,12,-13,12,-14,9,-14,10,-13,8,-14,8,-13,7,-13,6,-13,6,-12,4,0,0,0,0,0,0,0,0,0,0,0,0,0,0,-23,17,-25,14,-27,13,-29,12,-29,11,-30,9,-32,9,-33,7,-33,6,-34,5,-35,3,-33,3,-33,1,-32,1,-31,1,-30,1,-31,3,-29,4,-29,4,-29,5,-28,6,-28,8,-28,9,-29,9,-29,8,-29,9,-28,9,-28,9]"
618077625371300,59.174522900,92550,1912618676,-49,-98,6,0,1,7,0,0,256,0,0,"[0,0,3,-15,2,-15,2,-15,2,-13,1,-14,1,-13,1,-12,0,-12,0,-11,-1,-11,-1,-11,-2,-11,-2,-11,-3,-11,-3,-10,-3,-10,-3,-10,-3,-10,-2,-10,-2,-10,-2,-9,-2,-9,-1,-9,-1,-8,-1,-8,0,-8,0,0,0,0,0,0,0,0,0,0,0,0,0,0,0,0,0,0,0,0,0,0,1,-15,2,-16,3,-16,4,-17,4,-16,6,-17,6,-16,7,-16,7,-16,8,-15,8,-15,7,-15,7,-14,7,-14,6,-15,6,-14,6,-14,5,-14,4,-15,4,-15,4,-15,4,-15,3,-15,2,-16,2,-16,3,-16,0,0,8,-27,9,-28,7,-26,8,-25,6,-24,4,-24,4,-23,3,-22,3,-21,0,-21,1,-20,-1,-21,0,-20,-3,-19,-2,-20,-2,-18,-2,-19,-2,-19,-2,-18,-1,-18,-1,-17,0,-17,0,-17,1,-16,2,-16,2,-14,3,-13,4,-13,0,0,0,0,0,0,0,0,0,0,0,0,0,0,1,-29,4,-30,7,-30,8,-30,10,-30,11,-29,14,-31,15,-29,16,-29,17,-29,18,-27,19,-28,18,-26,18,-26,17,-25,17,-24,16,-25,16,-25,14,-25,14,-26,12,-26,12,-28,11,-27,12,-28,11,-29,10,-28,9,-29,9,-29]"
618077652721200,59.201872800,92551,1912645563,-49,-98,6,0,1,7,0,0,256,0,0,"[0,0,-8,13,-7,13,-7,12,-7,12,-6,12,-5,12,-5,11,-4,11,-4,10,-4,10,-3,10,-2,11,-2,10,-1,10,-1,10,-1,10,-1,10,-1,9,-2,9,-2,9,-2,8,-2,8,-2,8,-2,7,-3,7,-3,6,0,0,0,0,0,0,0,0,0,0,0,0,0,0,0,0,0,0,0,0,0,0,-6,15,-7,14,-8,14,-9,14,-10,14,-11,14,-12,13,-13,13,-13,13,-13,12,-13,12,-13,11,-12,11,-12,11,-11,11,-11,11,-10,11,-10,12,-9,12,-9,12,-9,13,-9,14,-9,13,-8,14,-8,14,-8,13,0,0,-22,53,-23,51,-23,48,-20,47,-19,46,-15,43,-14,44,-11,42,-8,42,-5,41,-6,40,-3,39,-1,39,0,38,-2,36,1,36,0,38,0,36,-1,35,0,34,-1,32,-3,32,-4,32,-7,29,-5,26,-6,27,-7,27,-10,24,0,0,0,0,0,0,0,0,0,0,0,0,0,0,-11,57,-20,56,-21,56,-26,52,-29,54,-30,54,-35,55,-37,54,-40,53,-44,52,-44,49,-45,48,-45,45,-45,44,-42,44,-40,43,-38,46,-34,43,-33,45,-35,45,-31,49,-29,50,-29,50,-27,52,-27,53,-25,53,-26,53,-25,53]"
618077664873900,59.214025500,92552,1912656429,-49,-98,6,0,1,7,0,0,256,0,0,"[0,0,4,14,4,13,4,13,4,12,4,12,4,11,5,10,5,10,5,9,5,8,5,9,6,8,6,8,6,7,6,7,6,7,6,7,6,6,6,7,5,6,5,6,4,7,4,7,3,6,3,6,3,6,0,0,0,0,0,0,0,0,0,0,0,0,0,0,0,0,0,0,0,0,0,0,6,13,6,14,6,14,5,15,4,16,3,16,3,16,2,17,1,17,1,16,0,16,0,16,0,15,0,15,1,15,1,14,2,14,2,14,2,14,3,14,4,15,4,14,4,15,4,14,4,14,5,14,0,0,7,26,7,28,6,25,8,24,6,21,8,20,6,22,7,20,8,18,10,17,10,15,10,16,11,15,11,15,12,14,12,13,10,14,12,13,11,13,10,14,10,13,9,13,6,13,6,12,6,13,6,13,5,12,2,11,0,0,0,0,0,0,0,0,0,0,0,0,0,0,15,23,12,25,11,27,9,27,8,29,7,28,5,30,4,31,3,31,1,33,0,33,-1,32,-1,31,-1,30,-1,30,0,29,-1,29,1,28,2,27,3,27,3,27,5,27,6,29,6,28,7,28,7,28,7,28,7,27]"
618077681475700,59.230627300,92553,1912676759,-49,-98,6,0,1,7,0,0,256,0,0,"[0,0,6,13,6,12,6,12,5,10,6,10,6,10,6,9,6,9,6,8,6,7,6,7,7,7,7,7,7,6,7,6,7,6,7,6,7,6,6,6,6,6,6,6,5,6,5,6,4,5,4,5,3,5,0,0,0,0,0,0,0,0,0,0,0,0,0,0,0,0,0,0,0,0,0,0,9,12,8,12,7,13,7,14,6,14,6,15,5,15,4,16,4,16,3,16,3,15,3,15,3,15,3,15,3,14,3,13,4,13,4,13,4,14,5,13,6,13,6,13,6,14,7,13,6,13,7,13,0,0,11,27,11,23,12,23,10,22,12,22,11,20,10,19,10,18,12,18,12,15,14,14,13,14,12,14,14,14,13,13,15,13,13,12,13,12,12,12,13,12,11,12,10,13,9,12,8,11,8,12,8,11,6,11,5,12,0,0,0,0,0,0,0,0,0,0,0,0,0,0,20,20,18,22,17,25,16,26,14,26,13,28,12,29,11,32,9,31,8,32,7,32,6,31,5,31,5,30,4,29,5,29,6,29,6,26,7,27,7,27,9,28,10,27,10,27,11,27,12,26,13,27,11,26,13,26]"
618077701545500,59.250697100,92554,1912696505,-49,-98,6,0,1,7,0,0,256,0,0,"[0,0,6,-13,6,-14,5,-13,6,-13,5,-12,4,-12,4,-12,3,-11,3,-11,2,-11,2,-11,1,-10,1,-11,0,-11,0,-11,0,-10,0,-11,0,-10,0,-10,1,-10,1,-9,1,-9,1,-9,1,-8,1,-8,2,-7,0,0,0,0,0,0,0,0,0,0,0,0,0,0,0,0,0,0,0,0,0,0,6,-15,7,-14,8,-15,8,-14,10,-15,11,-14,11,-14,12,-13,12,-13,12,-13,12,-12,12,-11,11,-11,11,-11,10,-11,10,-12,9,-12,9,-13,9,-13,8,-13,8,-13,8,-14,8,-14,7,-14,7,-14,7,-14,0,0,21,-51,19,-53,21,-51,16,-47,16,-47,12,-45,13,-45,10,-43,9,-42,6,-38,3,-39,0,-40,0,-39,-1,-40,-1,-37,-1,-38,-2,-36,-1,-38,-1,-35,-1,-35,-1,-34,0,-34,2,-30,5,-30,4,-30,5,-27,6,-26,8,-25,0,0,0,0,0,0,0,0,0,0,0,0,0,0,8,-58,14,-58,19,-57,21,-57,25,-54,29,-54,31,-55,34,-56,39,-51,39,-52,44,-49,40,-50,42,-46,39,-48,39,-47,36,-45,35,-49,33,-43,33,-45,30,-47,29,-49,28,-51,25,-52,25,-55,24,-52,22,-54,23,-53,22,-53]"
618077722659500,59.271811100,92555,1912716489,-49,-98,6,0,1,7,0,0,256,0,0,"[0,0,3,-15,2,-15,2,-14,2,-14,1,-14,1,-13,1,-12,0,-12,0,-11,-1,-11,-2,-11,-2,-11,-2,-11,-3,-10,-2,-10,-2,-10,-3,-10,-3,-10,-2,-10,-2,-9,-2,-9,-2,-9,-2,-9,-1,-9,-1,-8,0,-8,0,0,0,0,0,0,0,0,0,0,0,0,0,0,0,0,0,0,0,0,0,0,1,-16,2,-16,3,-17,4,-16,4,-17,6,-17,7,-17,7,-16,8,-16,8,-16,8,-15,8,-15,7,-15,7,-14,6,-14,6,-14,5,-14,5,-15,5,-15,4,-15,4,-16,3,-16,3,-16,3,-16,2,-16,3,-16,0,0,4,-27,4,-29,3,-26,3,-25,3,-25,1,-23,0,-24,0,-22,-1,-20,-2,-21,-3,-19,-4,-20,-4,-19,-5,-19,-6,-19,-5,-18,-5,-19,-6,-18,-5,-18,-4,-18,-4,-17,-3,-16,-2,-16,-2,-15,-2,-15,-1,-14,0,-14,1,-14,0,0,0,0,0,0,0,0,0,0,0,0,0,0,-3,-30,0,-29,2,-29,3,-30,4,-32,7,-31,8,-32,10,-31,11,-31,13,-31,13,-30,15,-30,14,-28,14,-27,14,-27,13,-26,12,-26,10,-27,9,-26,9,-27,8,-28,7,-28,7,-29,5,-30,6,-29,6,-29,5,-29,5,-29]"
618077742899100,59.292050700,92556,1912736532,-49,-98,6,0,1,7,0,0,256,0,0,"[0,0,-14,-7,-14,-7,-13,-6,-13,-6,-12,-6,-12,-5,-12,-5,-11,-4,-11,-3,-11,-3,-11,-2,-11,-2,-11,-2,-11,-1,-11,-1,-11,0,-10,-1,-10,0,-10,-1,-10,-1,-10,-1,-9,-2,-9,-1,-9,-2,-8,-2,-8,-2,0,0,0,0,0,0,0,0,0,0,0,0,0,0,0,0,0,0,0,0,0,0,-15,-7,-15,-8,-14,-9,-14,-9,-14,-10,-14,-12,-14,-12,-13,-13,-13,-13,-12,-13,-12,-13,-12,-13,-12,-12,-11,-12,-12,-12,-12,-10,-12,-10,-13,-10,-13,-9,-13,-9,-14,-9,-14,-8,-14,-8,-14,-8,-14,-8,-14,-8,0,0,-49,-29,-48,-25,-47,-25,-46,-21,-46,-22,-41,-20,-42,-17,-42,-13,-37,-12,-39,-10,-40,-7,-37,-6,-40,-5,-37,-4,-39,0,-39,0,-35,0,-37,-5,-39,-1,-36,-1,-35,-4,-31,-5,-31,-3,-29,-4,-30,-7,-28,-8,-28,-9,-23,-11,0,0,0,0,0,0,0,0,0,0,0,0,0,0,-55,-18,-54,-23,-53,-27,-52,-29,-53,-32,-51,-34,-53,-40,-50,-43,-50,-44,-47,-48,-47,-48,-42,-49,-43,-49,-40,-48,-38,-45,-39,-44,-38,-41,-41,-38,-42,-37,-45,-35,-44,-37,-46,-33,-47,-33,-50,-32,-50,-35,-50,-28,-50,-27,-49,-29]"
618077763905100,59.313056700,92557,1912756514,-49,-98,6,0,1,7,0,0,256,0,0,"[0,0,-15,-5,-15,-4,-14,-4,-14,-3,-13,-3,-13,-3,-12,-2,-12,-2,-12,-1,-11,-1,-11,0,-11,0,-10,1,-10,1,-10,1,-10,2,-10,1,-10,1,-10,1,-10,0,-10,0,-9,0,-9,0,-8,-1,-8,-1,-8,-1,0,0,0,0,0,0,0,0,0,0,0,0,0,0,0,0,0,0,0,0,0,0,-16,-3,-16,-4,-16,-5,-16,-6,-16,-7,-17,-8,-16,-8,-16,-9,-16,-10,-15,-10,-15,-10,-14,-10,-14,-9,-14,-9,-14,-9,-14,-8,-14,-7,-14,-7,-15,-7,-15,-6,-14,-6,-15,-5,-16,-5,-15,-5,-15,-5,-16,-5,0,0,-28,-8,-27,-8,-26,-6,-25,-6,-24,-5,-23,-5,-22,-4,-22,-3,-21,-2,-20,0,-21,1,-19,1,-19,2,-19,1,-19,3,-18,3,-17,3,-19,3,-18,2,-19,2,-17,1,-16,0,-15,0,-15,1,-16,-1,-14,-1,-14,-2,-14,-3,0,0,0,0,0,0,0,0,0,0,0,0,0,0,-30,-2,-29,-6,-29,-6,-29,-9,-29,-9,-29,-12,-30,-14,-31,-15,-30,-17,-29,-18,-28,-19,-27,-20,-27,-18,-27,-18,-24,-18,-25,-17,-24,-16,-25,-16,-25,-14,-26,-13,-26,-12,-27,-11,-27,-11,-27,-11,-29,-9,-29,-10,-29,-8,-29,-10]"
618077782738300,59.331889900,92558,1912776699,-49,-98,6,0,1,7,0,0,256,0,0,"[0,0,13,-6,13,-6,12,-6,12,-6,11,-6,10,-6,10,-6,9,-6,9,-6,8,-7,8,-7,7,-8,7,-7,7,-8,7,-8,6,-8,6,-7,7,-7,6,-8,6,-7,6,-6,6,-6,6,-6,6,-6,6,-5,6,-5,0,0,0,0,0,0,0,0,0,0,0,0,0,0,0,0,0,0,0,0,0,0,13,-8,14,-7,14,-7,15,-6,16,-6,17,-5,17,-4,17,-3,17,-3,17,-2,16,-2,16,-2,15,-2,15,-2,15,-2,15,-3,15,-3,14,-4,14,-4,14,-5,14,-5,14,-6,15,-6,14,-6,14,-6,14,-7,0,0,27,-8,26,-10,25,-8,24,-9,21,-10,21,-8,20,-10,20,-9,18,-10,17,-10,16,-12,15,-12,14,-13,14,-13,13,-12,13,-12,13,-12,13,-12,12,-13,13,-11,14,-10,12,-10,12,-10,12,-9,12,-7,12,-7,12,-7,12,-5,0,0,0,0,0,0,0,0,0,0,0,0,0,0,23,-17,26,-15,27,-12,28,-11,29,-9,30,-7,31,-7,32,-6,32,-3,33,-2,32,-1,32,-1,31,-1,30,-1,30,-1,29,-1,29,-2,28,-2,27,-2,29,-4,27,-5,27,-5,27,-7,28,-8,27,-8,27,-9,27,-9,28,-10]"
618077801299300,59.350450900,92559,1912796557,-49,-98,6,0,1,7,0,0,256,0,0,"[0,0,1,13,1,13,1,12,1,12,1,12,2,11,2,10,2,10,3,9,3,9,3,8,3,8,4,8,4,8,4,8,4,8,4,8,4,7,4,7,3,7,3,7,3,7,3,7,2,7,2,6,1,6,0,0,0,0,0,0,0,0,0,0,0,0,0,0,0,0,0,0,0,0,0,0,3,14,2,14,2,15,1,15,0,16,-1,16,-1,16,-2,15,-2,16,-3,16,-3,15,-3,14,-3,14,-3,14,-3,14,-2,14,-2,13,-1,14,-1,13,0,14,1,14,1,14,1,14,1,14,1,14,1,14,0,0,4,28,4,27,5,25,5,24,4,23,6,22,6,22,6,19,7,19,7,18,8,17,9,17,9,16,10,16,10,15,10,14,9,15,10,15,10,14,9,14,8,14,8,14,6,14,6,13,4,13,4,13,3,13,2,13,0,0,0,0,0,0,0,0,0,0,0,0,0,0,12,26,9,28,8,28,6,28,5,30,3,31,1,31,-1,32,-1,33,-3,33,-4,32,-5,32,-5,31,-6,30,-5,30,-4,28,-4,29,-2,28,-1,27,-1,28,0,28,2,28,2,28,3,29,3,29,4,29,3,29,4,28]"
618077822155300,59.371306900,92560,1912816532,-49,-98,6,0,1,7,0,0,256,0,0,"[0,0,3,14,3,14,3,13,3,13,3,12,3,12,3,11,4,11,4,10,4,9,5,9,5,8,5,8,5,8,5,8,5,8,5,7,5,8,5,8,4,8,4,7,4,7,3,7,3,7,3,7,2,6,0,0,0,0,0,0,0,0,0,0,0,0,0,0,0,0,0,0,0,0,0,0,6,14,6,14,5,15,4,16,3,16,3,17,2,17,1,17,0,17,0,17,0,17,0,16,0,16,0,15,0,15,0,14,1,15,1,15,2,15,2,15,2,15,3,15,3,15,4,15,4,14,4,15,0,0,4,27,6,26,5,26,5,23,5,24,6,21,7,21,7,20,7,19,7,17,9,16,9,16,10,15,10,16,11,14,10,15,10,15,11,14,9,14,9,14,9,13,7,14,8,14,6,13,6,12,5,12,4,13,3,12,0,0,0,0,0,0,0,0,0,0,0,0,0,0,14,26,10,27,10,27,7,29,6,29,4,30,3,32,1,33,0,33,-2,33,-2,32,-3,32,-3,32,-4,30,-3,30,-3,29,-2,29,-1,27,0,28,0,28,2,28,2,28,2,28,3,28,5,28,5,28,6,28,6,28]"
618077842923600,59.392075200,92561,1912839806,-49,-98,6,0,1,6,0,0,256,0,0,"[0,0,-14,5,-13,4,-13,5,-12,4,-12,5,-11,5,-10,5,-10,5,-10,5,-9,5,-8,6,-8,6,-7,6,-7,6,-8,6,-7,7,-7,6,-7,6,-7,6,-7,6,-7,5,-6,5,-7,4,-6,4,-7,4,-7,3,0,0,0,0,0,0,0,0,0,0,0,0,0,0,0,0,0,0,0,0,0,0,-13,7,-15,6,-15,5,-15,5,-16,4,-17,3,-17,2,-17,1,-18,1,-17,1,-17,1,-16,1,-16,1,-15,1,-15,1,-15,2,-15,2,-14,3,-15,3,-14,3,-14,3,-15,4,-15,5,-14,5,-14,5,-14,5,0,0,-26,10,-25,10,-25,10,-23,9,-22,11,-21,10,-20,11,-19,10,-18,11,-16,12,-16,12,-15,13,-13,13,-14,13,-14,13,-13,13,-13,13,-13,13,-13,13,-13,12,-13,11,-13,10,-13,10,-12,9,-12,8,-12,7,-12,7,-13,5,0,0,0,0,0,0,0,0,0,0,0,0,0,0,-23,18,-25,16,-27,13,-28,13,-28,10,-29,9,-31,8,-33,8,-33,6,-33,4,-33,2,-33,4,-32,2,-31,3,-30,2,-29,3,-29,3,-28,3,-28,4,-28,4,-28,7,-27,8,-27,9,-29,9,-28,9,-28,11,-27,11,-27,11]"
618077861856300,59.411007900,92562,1912856515,-49,-98,6,0,1,7,0,0,256,0,0,"[0,0,14,3,14,2,13,2,13,1,12,1,12,1,11,1,11,0,11,0,11,-1,10,-2,9,-2,9,-3,9,-2,10,-3,9,-3,9,-3,9,-3,9,-2,9,-2,8,-2,8,-1,8,-2,7,-1,7,-1,7,-1,0,0,0,0,0,0,0,0,0,0,0,0,0,0,0,0,0,0,0,0,0,0,16,0,15,2,16,3,15,3,16,4,16,5,16,7,16,7,15,8,15,8,15,7,14,7,14,7,14,6,13,6,14,6,13,5,14,5,13,4,14,4,14,4,15,3,15,3,15,3,15,2,15,2,0,0,26,3,27,4,25,3,26,3,23,1,23,1,22,1,21,0,21,-2,20,-2,20,-4,18,-4,18,-6,18,-6,18,-7,17,-6,16,-6,18,-6,17,-6,17,-4,16,-5,15,-4,15,-4,14,-3,15,-2,13,-2,13,-1,13,0,0,0,0,0,0,0,0,0,0,0,0,0,0,0,28,-3,29,0,29,2,29,4,29,5,29,7,30,9,30,11,31,12,30,14,29,15,29,15,28,15,27,14,26,14,25,13,25,12,26,11,26,10,27,10,26,8,27,7,28,6,28,6,28,6,29,4,27,5,29,5]"
618077885358800,59.434510400,92563,1912878065,-49,-98,6,0,1,7,0,0,256,0,0,"[0,0,-11,10,-10,10,-10,9,-9,9,-9,9,-8,9,-7,8,-7,9,-6,8,-6,8,-6,8,-5,8,-5,8,-4,8,-4,8,-4,8,-4,8,-4,8,-4,8,-4,7,-5,7,-4,7,-4,6,-5,6,-5,6,-5,5,0,0,0,0,0,0,0,0,0,0,0,0,0,0,0,0,0,0,0,0,0,0,-10,11,-11,11,-11,11,-12,10,-13,10,-14,10,-14,9,-15,9,-15,8,-15,7,-15,7,-14,6,-14,6,-14,6,-14,7,-13,7,-13,7,-12,8,-12,8,-11,9,-11,9,-11,10,-12,10,-11,10,-11,10,-11,10,0,0,-42,40,-39,38,-38,38,-34,36,-33,36,-30,35,-28,36,-25,35,-26,35,-21,33,-19,34,-19,35,-17,37,-16,35,-15,34,-14,35,-14,34,-12,35,-14,32,-16,31,-16,28,-17,29,-16,27,-17,25,-17,24,-18,23,-19,20,-19,19,0,0,0,0,0,0,0,0,0,0,0,0,0,0,-27,51,-33,50,-37,49,-42,45,-43,44,-48,42,-49,41,-54,40,-55,37,-58,36,-59,31,-56,35,-55,30,-55,28,-53,30,-52,29,-51,31,-47,28,-49,29,-47,33,-45,36,-46,36,-43,37,-46,39,-42,38,-41,43,-42,42,-41,42]"
618077905544100,59.454695700,92564,1912899300,-49,-98,6,0,1,7,0,0,256,0,0,"[0,0,-8,-13,-8,-12,-8,-12,-8,-11,-8,-11,-7,-10,-8,-10,-8,-9,-8,-8,-8,-8,-8,-7,-8,-7,-8,-7,-9,-6,-9,-6,-9,-6,-9,-6,-8,-5,-8,-5,-8,-6,-7,-6,-7,-6,-6,-6,-6,-6,-6,-6,-6,-6,0,0,0,0,0,0,0,0,0,0,0,0,0,0,0,0,0,0,0,0,0,0,-10,-13,-9,-13,-9,-14,-8,-14,-8,-15,-7,-16,-7,-16,-6,-17,-5,-16,-4,-17,-4,-16,-4,-16,-4,-16,-4,-15,-5,-15,-5,-14,-6,-14,-6,-14,-6,-14,-7,-14,-7,-14,-8,-14,-8,-14,-8,-13,-8,-13,-8,-13,0,0,-16,-23,-17,-24,-15,-22,-16,-21,-15,-20,-15,-19,-14,-19,-15,-18,-15,-16,-16,-14,-17,-12,-16,-12,-17,-12,-16,-11,-18,-10,-16,-10,-16,-11,-16,-10,-16,-11,-16,-10,-14,-10,-14,-12,-13,-11,-12,-10,-12,-10,-11,-10,-10,-11,-9,-11,0,0,0,0,0,0,0,0,0,0,0,0,0,0,-23,-19,-22,-22,-20,-23,-18,-24,-17,-27,-16,-27,-16,-30,-14,-30,-12,-31,-11,-32,-9,-32,-10,-33,-11,-31,-10,-30,-9,-29,-9,-29,-8,-28,-11,-28,-11,-27,-12,-28,-13,-26,-13,-27,-13,-26,-14,-27,-17,-25,-17,-24,-17,-25,-17,-25]"
618077922328400,59.471480000,92565,1912916466,-49,-98,6,0,1,7,0,0,256,0,0,"[0,0,14,-2,13,-2,13,-2,12,-3,12,-3,11,-3,11,-3,10,-3,10,-4,9,-4,9,-5,8,-5,8,-5,8,-5,8,-5,8,-6,7,-5,8,-5,8,-5,7,-5,8,-5,7,-4,7,-4,7,-4,7,-3,7,-3,0,0,0,0,0,0,0,0,0,0,0,0,0,0,0,0,0,0,0,0,0,0,14,-5,15,-4,15,-3,15,-3,16,-2,17,-1,16,0,17,1,16,2,16,1,15,2,15,2,14,1,14,1,14,1,14,1,14,0,14,0,14,-1,14,-1,14,-1,14,-2,15,-2,14,-2,14,-3,14,-3,0,0,27,-5,26,-6,25,-5,25,-4,23,-5,21,-6,21,-7,20,-7,20,-8,18,-9,18,-9,16,-10,16,-11,15,-11,15,-11,16,-11,15,-11,15,-10,15,-11,16,-9,15,-9,14,-9,14,-8,14,-7,13,-6,13,-5,13,-4,13,-4,0,0,0,0,0,0,0,0,0,0,0,0,0,0,26,-13,27,-11,29,-8,30,-5,30,-6,30,-3,32,-1,32,0,33,2,34,3,33,4,33,4,31,4,30,4,28,4,28,3,28,3,29,2,27,1,29,0,28,-1,28,-2,29,-3,28,-4,29,-5,28,-5,28,-5,29,-4]"
618077943933100,59.493084700,92566,1912936339,-49,-98,6,0,1,7,0,0,256,0,0,"[0,0,-6,13,-5,13,-5,12,-5,12,-4,11,-3,11,-3,11,-3,10,-2,10,-2,10,-1,9,-1,10,0,9,0,10,0,9,0,9,0,9,0,9,0,9,0,8,-1,8,-1,8,-1,8,-1,7,-1,7,-2,6,0,0,0,0,0,0,0,0,0,0,0,0,0,0,0,0,0,0,0,0,0,0,-4,14,-5,14,-6,14,-7,14,-8,15,-9,14,-9,14,-10,14,-10,13,-11,13,-10,12,-10,12,-10,12,-10,12,-9,12,-9,12,-8,12,-8,12,-7,12,-6,13,-6,13,-6,13,-6,13,-6,14,-6,14,-6,13,0,0,-25,49,-25,52,-25,48,-23,46,-21,43,-17,43,-15,42,-15,41,-12,40,-10,39,-8,37,-6,39,-6,38,-3,38,-3,38,-3,35,-2,38,-4,35,-3,36,-6,33,-4,32,-8,32,-7,32,-8,28,-9,27,-9,25,-12,26,-12,24,0,0,0,0,0,0,0,0,0,0,0,0,0,0,-10,57,-22,55,-24,55,-25,54,-29,53,-31,54,-35,55,-37,52,-39,53,-42,50,-45,50,-47,47,-46,43,-47,42,-43,41,-42,41,-40,43,-38,44,-37,43,-36,45,-34,45,-31,49,-30,50,-30,52,-29,53,-29,51,-28,52,-27,50]"
618077961405600,59.510557200,92567,1912956677,-49,-98,6,0,1,7,0,0,256,0,0,"[0,0,-3,14,-2,14,-2,13,-2,12,-2,12,-1,12,-1,11,0,11,0,10,1,10,1,9,1,9,2,9,2,9,2,9,2,9,2,9,2,9,2,8,2,8,1,8,1,8,1,8,0,7,0,7,0,6,0,0,0,0,0,0,0,0,0,0,0,0,0,0,0,0,0,0,0,0,0,0,-1,15,-2,15,-2,15,-3,15,-4,16,-5,16,-6,16,-6,15,-7,15,-7,15,-8,14,-7,13,-7,14,-7,13,-6,13,-6,13,-5,13,-5,13,-4,14,-4,14,-3,14,-3,14,-3,14,-3,14,-2,14,-3,14,0,0,-2,27,-1,28,0,26,0,25,1,24,1,23,1,22,2,21,2,20,4,20,6,18,5,18,6,17,6,17,7,17,7,16,7,18,7,16,7,16,5,15,5,15,4,15,4,16,3,14,3,14,3,13,0,14,-1,13,0,0,0,0,0,0,0,0,0,0,0,0,0,0,9,29,5,29,4,28,1,28,0,32,-1,30,-4,33,-5,32,-6,32,-9,32,-9,32,-11,32,-10,31,-10,29,-9,29,-9,28,-8,27,-7,28,-5,26,-5,29,-5,27,-4,28,-4,29,-4,29,-2,30,0,29,-1,30,0,28]"
618077984614800,59.533766400,92568,1912979893,-49,-98,6,0,1,7,0,0,256,0,0,"[0,0,5,-14,4,-14,3,-13,3,-13,3,-13,2,-12,2,-12,1,-12,1,-11,0,-11,0,-10,-1,-10,-1,-10,-2,-10,-2,-10,-2,-10,-2,-10,-2,-10,-2,-10,-1,-10,-1,-9,-1,-9,-1,-9,0,-8,0,-8,0,-7,0,0,0,0,0,0,0,0,0,0,0,0,0,0,0,0,0,0,0,0,0,0,4,-15,5,-15,5,-15,6,-15,7,-15,8,-15,9,-15,9,-14,10,-14,10,-13,10,-13,9,-13,9,-13,9,-12,8,-13,7,-13,7,-13,7,-13,6,-14,6,-14,5,-14,5,-14,5,-14,4,-14,4,-14,5,-14,0,0,16,-52,16,-53,14,-53,13,-48,10,-47,8,-47,8,-45,6,-45,4,-41,1,-42,-1,-39,-2,-40,-5,-39,-5,-38,-4,-38,-4,-38,-6,-38,-5,-37,-5,-36,-2,-34,-2,-35,-1,-33,-2,-33,0,-30,1,-32,3,-27,4,-29,6,-28,0,0,0,0,0,0,0,0,0,0,0,0,0,0,2,-60,8,-60,13,-57,16,-58,18,-60,22,-59,26,-60,30,-61,31,-58,36,-56,35,-54,38,-54,35,-52,36,-50,35,-48,32,-50,30,-50,31,-49,27,-50,27,-50,23,-54,23,-54,22,-55,19,-54,20,-55,19,-58,19,-56,17,-56]"
618078003604900,59.552756500,92569,1912996575,-49,-98,6,0,1,7,0,0,256,0,0,"[0,0,-14,-7,-14,-7,-14,-6,-13,-6,-13,-6,-12,-5,-12,-4,-12,-4,-11,-3,-11,-2,-11,-2,-11,-2,-11,-1,-11,0,-11,0,-11,0,-10,0,-11,0,-11,0,-10,-1,-10,-1,-9,-1,-9,-2,-9,-1,-8,-2,-8,-2,0,0,0,0,0,0,0,0,0,0,0,0,0,0,0,0,0,0,0,0,0,0,-15,-6,-16,-7,-15,-8,-15,-9,-15,-10,-15,-11,-14,-11,-14,-12,-14,-13,-13,-13,-13,-12,-12,-12,-12,-12,-12,-11,-12,-11,-12,-10,-13,-10,-13,-9,-13,-9,-14,-9,-14,-9,-14,-8,-15,-8,-15,-8,-15,-7,-15,-7,0,0,-53,-25,-53,-24,-50,-23,-48,-20,-45,-19,-45,-16,-43,-15,-43,-11,-42,-9,-43,-7,-40,-6,-38,-4,-37,-3,-37,-2,-39,0,-38,0,-36,0,-37,2,-37,0,-35,-2,-35,-2,-34,-4,-32,-3,-31,-5,-30,-6,-27,-6,-27,-10,-25,-10,0,0,0,0,0,0,0,0,0,0,0,0,0,0,-59,-13,-56,-19,-56,-23,-56,-26,-57,-29,-54,-33,-54,-37,-55,-41,-54,-40,-54,-44,-49,-44,-49,-48,-45,-46,-45,-45,-43,-43,-42,-41,-43,-39,-45,-38,-46,-35,-47,-36,-46,-33,-50,-30,-51,-30,-53,-27,-53,-29,-52,-28,-52,-28,-54,-26]"
618078026028900,59.575180500,92570,1913016483,-49,-98,6,0,1,7,0,0,256,0,0,"[0,0,3,-14,2,-14,2,-14,2,-13,1,-13,1,-12,0,-12,0,-11,-1,-11,-1,-11,-1,-10,-2,-10,-2,-10,-3,-10,-2,-10,-3,-10,-3,-10,-2,-9,-2,-10,-2,-9,-2,-9,-2,-9,-1,-9,-1,-8,-1,-8,0,-7,0,0,0,0,0,0,0,0,0,0,0,0,0,0,0,0,0,0,0,0,0,0,1,-16,2,-16,3,-16,3,-16,4,-17,5,-16,6,-16,7,-16,7,-16,7,-15,7,-15,7,-14,7,-14,7,-14,6,-14,6,-14,5,-14,5,-14,4,-14,4,-15,3,-15,3,-15,3,-15,3,-15,3,-15,3,-15,0,0,5,-27,4,-26,5,-27,3,-24,4,-25,2,-23,1,-23,0,-21,0,-21,-1,-19,-2,-21,-2,-20,-3,-19,-4,-20,-4,-18,-4,-18,-4,-18,-4,-18,-4,-18,-3,-18,-4,-17,-2,-17,-2,-16,-1,-16,0,-15,-1,-15,1,-14,2,-14,0,0,0,0,0,0,0,0,0,0,0,0,0,0,-3,-29,1,-29,3,-29,5,-29,6,-30,7,-30,10,-31,12,-31,12,-31,14,-31,14,-29,15,-28,16,-28,16,-26,15,-26,14,-25,13,-27,11,-25,11,-26,10,-26,9,-27,8,-28,7,-28,7,-29,7,-28,6,-28,6,-28,5,-30]"
618078045555400,59.594707000,92571,1913036600,-49,-98,6,0,1,7,0,0,256,0,0,"[0,0,-11,8,-11,8,-10,8,-10,8,-9,8,-9,8,-8,8,-7,8,-7,8,-7,8,-6,8,-6,7,-5,8,-5,8,-5,8,-5,8,-4,8,-5,8,-5,7,-5,7,-5,7,-5,7,-5,6,-5,6,-5,5,-6,4,0,0,0,0,0,0,0,0,0,0,0,0,0,0,0,0,0,0,0,0,0,0,-10,10,-11,10,-12,10,-13,9,-14,9,-15,8,-15,8,-15,7,-15,6,-16,6,-15,5,-15,5,-15,5,-14,5,-13,6,-13,6,-13,6,-13,7,-13,7,-12,8,-12,8,-12,8,-12,9,-12,9,-12,9,-12,9,0,0,-45,33,-44,36,-42,32,-39,32,-37,31,-36,32,-33,31,-32,30,-29,29,-25,33,-23,32,-22,34,-21,33,-18,33,-20,34,-19,32,-18,35,-19,32,-19,32,-20,31,-21,27,-20,27,-20,26,-19,27,-18,22,-21,20,-22,19,-23,19,0,0,0,0,0,0,0,0,0,0,0,0,0,0,-31,49,-37,46,-42,42,-43,39,-48,42,-47,37,-55,36,-58,32,-60,31,-64,27,-61,23,-62,24,-60,24,-58,23,-57,22,-55,23,-53,23,-52,27,-51,24,-53,28,-51,29,-49,31,-51,32,-50,33,-51,35,-46,37,-46,37,-46,36]"
618078063953300,59.613104900,92572,1913056455,-49,-98,6,0,1,7,0,0,256,0,0,"[0,0,6,-13,6,-13,6,-12,5,-12,5,-12,4,-11,4,-11,4,-11,3,-10,2,-10,1,-10,1,-10,0,-10,0,-10,0,-10,0,-10,0,-10,0,-10,0,-9,1,-9,1,-9,1,-9,1,-8,1,-8,1,-8,2,-7,0,0,0,0,0,0,0,0,0,0,0,0,0,0,0,0,0,0,0,0,0,0,5,-14,6,-14,6,-14,7,-14,8,-14,9,-14,11,-13,11,-13,11,-12,11,-12,10,-12,10,-12,10,-11,9,-11,9,-11,9,-11,9,-11,8,-12,8,-12,8,-12,8,-13,7,-13,7,-13,6,-14,6,-14,7,-14,0,0,21,-51,21,-52,21,-49,19,-46,16,-47,13,-46,12,-45,9,-42,8,-42,3,-40,2,-39,2,-41,0,-39,-1,-38,-1,-38,0,-36,-3,-39,-4,-36,-1,-37,-1,-35,1,-34,1,-33,2,-31,3,-31,4,-29,4,-28,6,-27,9,-27,0,0,0,0,0,0,0,0,0,0,0,0,0,0,9,-57,15,-58,20,-56,23,-55,25,-55,30,-55,33,-57,35,-55,39,-54,41,-51,44,-49,41,-50,41,-47,41,-45,39,-45,38,-44,36,-46,35,-44,35,-44,32,-46,30,-48,27,-50,26,-50,28,-53,25,-52,24,-53,23,-54,26,-52]"
618078085533100,59.634684700,92573,1913077639,-49,-98,6,0,1,7,0,0,256,0,0,"[0,0,-9,11,-8,11,-8,10,-8,10,-7,10,-6,10,-6,9,-5,10,-5,9,-4,9,-4,9,-3,9,-3,9,-2,9,-3,9,-3,9,-2,9,-3,8,-3,9,-3,8,-3,8,-3,7,-3,7,-4,7,-4,6,-4,6,0,0,0,0,0,0,0,0,0,0,0,0,0,0,0,0,0,0,0,0,0,0,-7,13,-8,13,-9,13,-10,12,-11,13,-11,12,-12,12,-13,11,-13,11,-13,11,-13,10,-13,10,-12,9,-12,9,-11,9,-11,9,-11,9,-11,10,-10,10,-10,11,-10,11,-9,12,-10,12,-9,12,-8,12,-9,11,0,0,-33,43,-32,48,-29,44,-30,42,-25,41,-24,41,-21,39,-20,39,-16,37,-15,37,-14,36,-11,39,-9,38,-8,35,-9,38,-9,35,-8,38,-6,36,-7,37,-8,33,-9,34,-9,32,-11,30,-10,28,-12,26,-13,25,-15,25,-16,22,0,0,0,0,0,0,0,0,0,0,0,0,0,0,-19,56,-26,53,-30,51,-33,50,-36,53,-39,47,-44,51,-46,46,-47,47,-50,44,-52,42,-53,41,-54,37,-50,37,-50,35,-46,35,-44,37,-40,39,-40,35,-41,40,-39,41,-37,44,-39,47,-35,46,-38,46,-36,48,-34,45,-36,48]"
618078103373500,59.652525100,92574,1913097738,-49,-98,6,0,1,7,0,0,256,0,0,"[0,0,13,4,12,4,11,4,11,3,11,3,10,3,10,2,10,2,10,1,10,1,9,0,9,0,9,-1,9,-1,9,-1,9,-1,9,-1,9,-1,9,-1,8,0,8,0,8,0,7,0,7,0,7,1,7,1,0,0,0,0,0,0,0,0,0,0,0,0,0,0,0,0,0,0,0,0,0,0,14,2,14,3,14,3,14,4,14,5,15,6,14,7,14,8,14,8,13,8,13,8,12,8,12,8,12,8,12,7,12,7,12,6,12,6,13,6,12,5,13,5,13,5,13,5,13,5,13,4,13,4,0,0,48,25,46,25,45,23,46,24,44,19,42,17,40,16,39,12,39,10,39,7,37,7,36,4,37,4,36,3,39,2,38,1,36,2,37,2,36,3,35,3,34,4,32,4,31,4,28,6,29,7,26,8,25,9,23,10,0,0,0,0,0,0,0,0,0,0,0,0,0,0,55,11,54,18,52,21,52,24,54,26,52,30,52,35,52,38,51,40,51,44,46,44,46,46,43,44,42,43,41,42,40,41,40,37,43,37,42,35,45,34,44,32,46,32,47,30,49,28,52,28,50,27,51,28,50,26]"
618078122854800,59.672006400,92575,1913116517,-49,-98,6,0,1,7,0,0,256,0,0,"[0,0,-10,-11,-10,-11,-9,-10,-9,-10,-9,-9,-9,-9,-9,-8,-9,-8,-9,-7,-9,-6,-9,-6,-9,-5,-9,-5,-9,-5,-9,-4,-9,-4,-9,-4,-9,-4,-9,-4,-8,-4,-8,-4,-8,-5,-7,-5,-7,-5,-7,-5,-6,-5,0,0,0,0,0,0,0,0,0,0,0,0,0,0,0,0,0,0,0,0,0,0,-11,-11,-11,-12,-10,-13,-10,-13,-9,-14,-9,-15,-8,-15,-8,-16,-7,-16,-6,-16,-6,-15,-6,-15,-6,-14,-6,-14,-6,-14,-7,-13,-7,-13,-8,-13,-8,-13,-8,-12,-9,-12,-9,-12,-9,-12,-10,-12,-10,-12,-10,-12,0,0,-39,-42,-35,-43,-35,-42,-34,-36,-34,-34,-34,-32,-34,-31,-34,-27,-35,-24,-34,-22,-35,-21,-32,-20,-35,-17,-36,-18,-35,-16,-37,-15,-35,-17,-36,-15,-33,-15,-34,-15,-32,-16,-30,-15,-28,-17,-25,-17,-26,-17,-23,-17,-21,-18,-19,-19,0,0,0,0,0,0,0,0,0,0,0,0,0,0,-47,-33,-44,-40,-42,-43,-42,-47,-38,-47,-36,-50,-36,-54,-34,-58,-30,-59,-30,-59,-26,-62,-26,-61,-25,-58,-24,-57,-23,-55,-22,-54,-25,-54,-25,-52,-27,-50,-28,-49,-31,-48,-31,-48,-34,-45,-35,-47,-37,-44,-36,-46,-36,-46,-37,-44]"
618078143654400,59.692806000,92576,1913136465,-49,-98,6,0,1,7,0,0,256,0,0,"[0,0,0,-16,0,-15,0,-15,0,-14,-1,-14,-1,-13,-1,-13,-2,-12,-2,-11,-3,-11,-3,-11,-4,-11,-4,-11,-4,-11,-4,-10,-4,-10,-4,-10,-4,-10,-4,-10,-3,-10,-3,-9,-3,-9,-3,-9,-2,-9,-2,-8,-2,-8,0,0,0,0,0,0,0,0,0,0,0,0,0,0,0,0,0,0,0,0,0,0,-1,-16,0,-17,1,-17,1,-18,2,-18,3,-18,4,-18,5,-18,6,-17,5,-17,6,-17,6,-16,5,-16,5,-16,5,-16,4,-15,4,-15,3,-15,3,-16,2,-16,2,-16,1,-17,1,-16,1,-17,1,-17,1,-16,0,0,5,-26,5,-29,3,-26,3,-26,3,-24,2,-23,0,-23,1,-23,0,-21,-1,-21,-2,-20,-2,-20,-3,-19,-4,-19,-5,-20,-5,-18,-5,-19,-5,-17,-5,-18,-5,-17,-4,-17,-2,-16,-3,-17,-1,-16,-1,-15,0,-14,0,-15,2,-14,0,0,0,0,0,0,0,0,0,0,0,0,0,0,-3,-30,0,-30,2,-30,4,-28,6,-31,7,-29,8,-32,11,-30,12,-31,13,-30,14,-29,16,-30,14,-28,15,-27,14,-26,13,-26,12,-25,11,-26,10,-25,10,-28,9,-26,8,-28,8,-28,6,-29,7,-30,5,-29,6,-30,6,-28]"
618078161407800,59.710559400,92577,1913156643,-49,-98,6,0,1,7,0,0,256,0,0,"[0,0,5,12,5,13,5,11,5,11,5,10,5,10,5,9,5,9,5,8,6,8,6,7,6,7,6,6,6,6,7,6,6,6,7,6,6,6,6,6,6,6,5,5,5,6,5,6,4,6,4,5,3,5,0,0,0,0,0,0,0,0,0,0,0,0,0,0,0,0,0,0,0,0,0,0,7,12,7,12,6,13,6,14,5,15,4,15,3,16,3,16,2,16,2,16,1,15,2,15,1,15,1,15,2,14,2,14,3,13,3,13,3,13,4,14,5,13,5,13,5,13,5,13,5,13,6,13,0,0,10,25,8,24,9,24,9,21,9,22,10,20,10,19,11,18,11,16,10,16,12,15,12,15,12,14,13,13,14,12,13,12,12,13,14,13,13,11,11,11,11,12,11,12,9,11,8,12,8,11,7,12,6,12,4,12,0,0,0,0,0,0,0,0,0,0,0,0,0,0,16,23,13,26,12,25,11,27,10,27,9,29,7,30,6,32,5,32,4,33,3,32,0,30,0,31,0,30,0,29,-1,28,2,29,3,27,4,27,4,26,5,28,6,27,8,26,9,28,8,26,9,27,8,27,10,27]"
618078182061700,59.731213300,92578,1913176562,-49,-98,6,0,1,7,0,0,256,0,0,"[0,0,-12,9,-12,9,-11,9,-11,9,-10,8,-9,8,-8,9,-8,9,-7,8,-7,9,-6,9,-6,9,-5,9,-5,9,-5,9,-5,8,-5,9,-5,8,-5,8,-5,8,-5,7,-5,7,-5,7,-5,6,-5,6,-5,6,0,0,0,0,0,0,0,0,0,0,0,0,0,0,0,0,0,0,0,0,0,0,-12,11,-13,10,-13,11,-13,9,-15,10,-15,9,-16,8,-17,7,-17,7,-17,6,-17,6,-16,6,-16,6,-15,6,-15,6,-15,7,-14,7,-14,7,-13,8,-13,9,-13,9,-13,9,-14,9,-13,10,-12,10,-13,9,0,0,-21,19,-21,19,-20,19,-17,19,-17,18,-16,17,-15,16,-14,17,-13,17,-11,17,-9,16,-9,18,-8,17,-8,18,-8,18,-7,16,-7,17,-7,16,-7,16,-7,16,-8,15,-9,15,-7,14,-7,14,-8,12,-8,11,-9,11,-10,10,0,0,0,0,0,0,0,0,0,0,0,0,0,0,-15,25,-17,24,-20,22,-21,21,-23,22,-23,21,-26,19,-28,19,-29,17,-31,15,-31,14,-30,14,-29,14,-28,14,-28,14,-25,14,-26,14,-26,14,-25,14,-25,15,-23,17,-22,17,-24,18,-22,18,-22,20,-22,20,-21,22,-21,21]"
618078203036800,59.752188400,92579,1913196505,-49,-98,6,0,1,7,0,0,256,0,0,"[0,0,-16,-3,-15,-3,-15,-3,-14,-2,-14,-2,-13,-1,-12,-1,-12,0,-12,0,-11,1,-11,1,-11,1,-11,2,-10,2,-10,2,-10,3,-10,2,-10,3,-10,2,-10,2,-10,1,-9,1,-9,1,-8,1,-9,1,-8,0,0,0,0,0,0,0,0,0,0,0,0,0,0,0,0,0,0,0,0,0,0,0,-17,-2,-17,-3,-17,-4,-17,-5,-17,-6,-18,-6,-17,-8,-17,-8,-16,-9,-16,-9,-16,-9,-15,-9,-15,-8,-15,-8,-15,-7,-15,-7,-15,-7,-15,-6,-15,-5,-15,-5,-15,-4,-16,-4,-16,-4,-16,-3,-16,-3,-16,-3,0,0,-29,-4,-27,-4,-27,-4,-26,-3,-25,-3,-24,-1,-23,0,-22,0,-22,2,-20,3,-20,3,-19,3,-19,5,-19,4,-19,5,-19,6,-18,5,-19,5,-18,5,-18,5,-18,4,-15,4,-15,3,-16,3,-15,2,-15,1,-15,0,-14,0,0,0,0,0,0,0,0,0,0,0,0,0,0,0,-30,3,-30,-1,-31,-3,-31,-5,-30,-6,-31,-8,-31,-9,-33,-11,-32,-13,-32,-14,-31,-15,-30,-15,-29,-16,-28,-15,-28,-14,-27,-13,-27,-12,-27,-12,-27,-11,-27,-10,-28,-9,-29,-8,-29,-7,-29,-7,-30,-6,-30,-5,-29,-5,-30,-4]"
618078223999600,59.773151200,92580,1913216793,-49,-98,6,0,1,7,0,0,256,0,0,"[0,0,-10,-10,-10,-10,-10,-10,-10,-9,-10,-9,-9,-8,-9,-8,-9,-7,-9,-6,-9,-5,-9,-5,-9,-5,-9,-4,-9,-4,-9,-4,-9,-3,-10,-3,-9,-3,-9,-4,-9,-4,-8,-4,-8,-4,-8,-4,-7,-4,-7,-4,-7,-4,0,0,0,0,0,0,0,0,0,0,0,0,0,0,0,0,0,0,0,0,0,0,-12,-10,-11,-11,-11,-12,-11,-12,-11,-13,-10,-14,-9,-15,-9,-15,-8,-15,-8,-15,-8,-15,-7,-14,-7,-14,-7,-13,-8,-14,-8,-13,-8,-12,-9,-13,-9,-12,-9,-12,-9,-12,-10,-12,-10,-12,-11,-11,-11,-11,-11,-11,0,0,-39,-41,-38,-41,-36,-39,-37,-35,-35,-34,-35,-32,-34,-29,-34,-27,-35,-25,-36,-21,-36,-21,-36,-20,-34,-15,-36,-16,-36,-14,-35,-14,-34,-14,-37,-14,-35,-13,-34,-15,-30,-17,-29,-16,-29,-17,-28,-16,-26,-15,-25,-17,-23,-19,-19,-19,0,0,0,0,0,0,0,0,0,0,0,0,0,0,-50,-32,-46,-38,-44,-42,-43,-44,-43,-48,-39,-50,-38,-54,-38,-57,-35,-59,-33,-60,-29,-61,-29,-61,-27,-59,-25,-59,-24,-56,-23,-52,-26,-52,-28,-51,-31,-51,-30,-48,-33,-48,-35,-44,-36,-46,-37,-46,-38,-46,-40,-44,-40,-42,-41,-45]"
618078243739800,59.792891400,92581,1913237764,-49,-98,6,0,1,7,0,0,256,0,0,"[0,0,-4,-14,-4,-14,-5,-14,-4,-12,-5,-12,-4,-12,-5,-11,-6,-11,-5,-10,-6,-9,-6,-9,-7,-9,-7,-8,-7,-8,-7,-7,-7,-8,-7,-7,-7,-8,-7,-7,-6,-7,-6,-7,-6,-7,-5,-7,-5,-7,-4,-7,-4,-7,0,0,0,0,0,0,0,0,0,0,0,0,0,0,0,0,0,0,0,0,0,0,-6,-15,-5,-16,-4,-15,-3,-16,-3,-17,-2,-18,-1,-18,0,-18,0,-17,0,-17,0,-17,0,-16,0,-16,0,-16,0,-16,-1,-15,-1,-15,-2,-15,-2,-15,-3,-15,-3,-15,-3,-15,-4,-15,-4,-15,-4,-15,-4,-15,0,0,-4,-30,-4,-29,-5,-27,-4,-25,-5,-26,-5,-24,-5,-24,-7,-21,-8,-21,-8,-19,-9,-17,-9,-19,-10,-17,-10,-17,-10,-16,-11,-16,-11,-16,-11,-16,-11,-17,-10,-16,-9,-15,-8,-15,-7,-15,-7,-15,-6,-15,-7,-15,-4,-13,-4,-14,0,0,0,0,0,0,0,0,0,0,0,0,0,0,-11,-27,-8,-30,-6,-30,-4,-30,-2,-31,-1,-33,-1,-33,1,-34,4,-34,4,-33,6,-33,6,-33,6,-32,6,-31,6,-31,5,-30,4,-30,3,-27,3,-31,1,-28,1,-30,0,-30,-2,-30,-2,-30,-3,-29,-4,-30,-3,-30,-4,-30]"
618078263474800,59.812626400,92582,1913258630,-49,-98,6,0,1,7,0,0,256,0,0,"[0,0,11,9,11,8,11,8,10,7,10,7,10,6,10,6,10,5,10,4,9,4,9,3,9,3,10,2,9,2,9,2,10,2,9,2,9,1,9,2,9,2,8,2,8,3,7,2,7,3,7,3,7,3,0,0,0,0,0,0,0,0,0,0,0,0,0,0,0,0,0,0,0,0,0,0,13,7,13,8,13,9,12,10,12,11,12,12,12,13,11,13,10,14,10,13,10,13,10,13,9,13,9,12,9,12,9,11,10,11,10,10,10,10,11,10,11,10,11,10,12,9,12,9,12,8,12,9,0,0,43,34,44,33,39,29,43,29,40,26,37,25,37,21,38,18,36,16,37,16,38,12,37,11,37,9,35,9,38,7,36,7,37,6,35,6,35,6,35,8,33,9,30,9,30,11,28,9,27,9,25,10,26,11,22,14,0,0,0,0,0,0,0,0,0,0,0,0,0,0,54,22,52,28,51,32,46,33,49,38,46,39,47,47,44,47,42,51,39,55,39,54,37,57,36,53,34,53,33,50,33,47,34,45,38,44,37,42,40,43,38,40,40,38,41,39,44,39,46,39,44,35,45,35,44,35]"
618078281556500,59.830708100,92583,1913277925,-49,-98,6,0,1,7,0,0,256,0,0,"[0,0,9,11,9,10,9,10,8,10,9,9,8,8,8,8,8,7,8,6,8,6,8,5,8,5,8,5,8,4,9,4,9,4,9,4,8,4,8,4,8,4,7,4,7,4,7,4,6,5,6,4,6,5,0,0,0,0,0,0,0,0,0,0,0,0,0,0,0,0,0,0,0,0,0,0,11,10,11,11,10,12,10,13,10,13,9,15,9,15,8,15,7,15,6,16,6,16,6,15,5,15,6,14,6,14,6,13,7,13,7,13,8,13,8,12,8,12,9,12,8,12,9,12,9,12,9,12,0,0,19,19,20,19,18,17,18,16,17,15,17,15,17,13,16,12,17,12,18,9,18,8,17,7,17,6,17,7,18,6,17,5,17,6,17,5,16,6,15,7,15,6,15,7,13,7,13,6,13,7,12,7,11,9,9,9,0,0,0,0,0,0,0,0,0,0,0,0,0,0,26,13,25,16,24,16,21,18,23,21,20,21,21,24,19,25,18,26,18,28,16,28,16,29,16,27,14,26,14,25,15,25,14,24,16,23,15,22,16,23,17,22,17,22,18,21,18,21,20,20,22,20,21,20,20,19]"
618078301983000,59.851134600,92584,1913296570,-49,-98,6,0,1,7,0,0,256,0,0,"[0,0,9,11,9,11,8,10,8,9,8,9,8,8,8,8,8,7,8,6,8,6,8,5,8,5,8,4,9,4,9,4,8,3,9,4,9,3,8,3,8,3,8,4,7,4,7,4,6,4,6,4,6,4,0,0,0,0,0,0,0,0,0,0,0,0,0,0,0,0,0,0,0,0,0,0,11,11,10,12,10,12,9,13,9,14,9,15,8,15,7,16,7,16,6,16,5,15,5,15,5,15,5,14,6,14,6,13,7,13,7,13,8,13,8,12,9,12,9,12,9,12,9,12,9,12,9,12,0,0,20,20,18,19,18,18,19,16,18,16,17,15,17,13,17,13,17,10,17,10,16,9,16,8,17,8,17,6,17,5,17,6,17,6,17,5,17,5,16,5,15,5,14,6,14,7,12,7,13,7,11,7,12,8,9,8,0,0,0,0,0,0,0,0,0,0,0,0,0,0,24,14,23,18,22,18,21,20,21,22,20,22,20,26,19,27,18,28,16,29,16,29,13,30,13,28,12,28,12,27,12,26,13,25,14,24,15,23,16,23,16,23,18,22,18,22,20,21,19,22,19,21,20,21,20,20]"
618078321921200,59.871072800,92585,1913316517,-49,-98,6,0,1,7,0,0,256,0,0,"[0,0,-3,14,-3,14,-3,13,-3,13,-2,13,-1,12,-1,11,-1,11,0,10,0,10,1,10,1,10,2,10,2,9,2,10,3,9,2,9,2,9,2,9,1,9,1,8,1,8,1,8,0,8,0,8,0,7,0,0,0,0,0,0,0,0,0,0,0,0,0,0,0,0,0,0,0,0,0,0,-1,16,-2,16,-3,16,-4,16,-5,17,-6,17,-7,17,-8,16,-8,16,-9,16,-9,15,-9,14,-8,15,-8,14,-7,14,-7,14,-6,14,-6,14,-5,14,-5,15,-5,15,-4,15,-4,15,-3,15,-3,15,-3,15,0,0,-4,26,-3,27,-3,25,-2,23,-2,23,-2,22,-1,22,0,21,0,20,3,19,3,18,4,18,5,17,4,17,6,17,5,16,5,17,5,16,5,16,5,16,4,15,3,16,3,15,2,15,1,13,1,13,0,13,-1,13,0,0,0,0,0,0,0,0,0,0,0,0,0,0,5,29,2,29,0,29,-1,29,-3,31,-5,31,-6,31,-9,31,-10,31,-13,31,-13,30,-13,29,-13,29,-12,28,-13,27,-11,27,-11,26,-10,25,-9,26,-9,26,-7,26,-7,27,-6,28,-6,28,-5,28,-4,28,-3,28,-4,27]"
618078345917500,59.895069100,92586,1913345710,-49,-98,6,0,1,7,0,0,256,0,0,"[0,0,12,7,11,6,11,6,11,5,11,5,10,4,10,4,10,3,10,2,10,2,9,2,9,1,9,1,9,1,9,0,9,0,9,0,9,0,9,0,9,0,9,1,8,1,8,1,7,2,7,2,7,2,0,0,0,0,0,0,0,0,0,0,0,0,0,0,0,0,0,0,0,0,0,0,14,5,14,6,14,7,14,8,14,9,14,10,13,10,13,11,13,11,12,12,11,12,11,11,10,11,10,11,10,10,11,9,11,9,11,9,11,8,12,8,12,8,13,7,13,7,12,7,13,7,13,7,0,0,46,28,46,26,43,25,44,23,43,21,41,18,41,16,40,14,38,11,39,10,37,8,36,7,36,6,36,5,38,2,37,1,36,2,37,3,36,2,36,3,34,4,31,4,30,6,28,7,28,8,26,9,25,11,22,12,0,0,0,0,0,0,0,0,0,0,0,0,0,0,55,17,54,24,53,23,54,26,54,29,52,33,53,35,52,39,52,41,49,45,48,45,43,48,42,48,40,47,39,45,40,42,39,41,41,38,42,37,43,36,43,34,45,33,47,32,48,31,49,31,49,31,49,30,49,29]"
618078370233700,59.919385300,92587,1913364417,-49,-98,6,0,1,7,0,0,256,0,0,"[0,0,6,-14,5,-14,5,-13,5,-13,4,-13,4,-12,3,-12,2,-12,2,-11,2,-11,1,-11,1,-11,0,-10,-1,-10,0,-10,0,-10,-1,-10,0,-10,0,-10,1,-10,0,-9,1,-9,1,-9,1,-8,1,-8,2,-8,0,0,0,0,0,0,0,0,0,0,0,0,0,0,0,0,0,0,0,0,0,0,4,-16,4,-16,5,-16,6,-16,7,-17,8,-16,9,-16,10,-15,10,-15,10,-14,10,-14,10,-13,10,-13,9,-13,9,-13,8,-13,8,-13,8,-13,8,-14,7,-14,7,-14,7,-14,7,-15,6,-15,5,-15,5,-15,0,0,10,-24,10,-25,9,-24,9,-23,7,-23,8,-21,6,-22,5,-21,5,-20,2,-20,0,-20,-1,-20,-1,-19,-1,-18,0,-19,-1,-19,-2,-18,-2,-18,-1,-18,1,-17,1,-17,1,-17,1,-17,0,-15,1,-15,2,-14,2,-14,4,-13,0,0,0,0,0,0,0,0,0,0,0,0,0,0,3,-30,5,-31,7,-30,11,-29,13,-29,13,-28,15,-29,17,-28,19,-27,21,-26,22,-25,21,-26,19,-25,19,-24,19,-24,18,-24,18,-23,17,-24,16,-23,15,-24,14,-25,14,-26,14,-26,14,-27,13,-27,12,-27,10,-28,11,-27]"
618078385535600,59.934687200,92588,1913379564,-50,-98,6,0,1,7,0,0,256,0,0,"[0,0,11,8,11,8,11,7,10,7,10,6,10,6,10,5,9,5,9,4,9,3,9,3,9,2,9,2,9,1,9,1,9,1,8,1,9,1,9,1,8,1,8,1,8,2,7,2,7,2,7,2,7,2,0,0,0,0,0,0,0,0,0,0,0,0,0,0,0,0,0,0,0,0,0,0,14,7,13,8,13,9,13,10,12,11,12,12,12,12,12,13,11,13,10,13,10,13,9,13,9,12,9,12,9,12,9,11,10,11,10,10,10,10,11,9,11,9,11,9,12,9,12,9,12,9,12,8,0,0,44,37,40,35,39,33,38,30,37,29,36,26,36,25,35,21,36,20,35,16,36,14,34,11,35,10,37,11,37,9,37,10,34,7,36,8,35,8,33,11,33,10,30,10,28,10,28,9,27,11,27,12,22,13,22,15,0,0,0,0,0,0,0,0,0,0,0,0,0,0,54,24,54,31,52,35,48,41,45,41,45,45,43,48,43,53,39,55,38,58,34,59,33,55,35,55,35,55,31,54,32,53,33,51,31,46,34,47,36,44,36,44,38,42,40,43,42,42,42,38,44,38,44,37,46,38]"
618078403363300,59.952514900,92589,1913398565,-50,-98,6,0,1,7,0,0,256,0,0,"[0,0,14,3,13,2,13,2,13,1,12,1,12,1,11,0,11,0,10,0,10,-1,10,-2,9,-2,9,-2,9,-3,9,-3,9,-4,9,-3,9,-3,9,-3,9,-3,8,-2,8,-2,8,-2,7,-2,8,-1,7,-1,0,0,0,0,0,0,0,0,0,0,0,0,0,0,0,0,0,0,0,0,0,0,16,0,16,1,16,2,15,3,16,3,17,5,16,6,16,7,16,7,15,7,15,7,14,7,14,6,14,6,14,6,14,6,14,5,14,4,14,4,14,4,14,3,14,3,15,3,15,2,15,2,15,2,0,0,24,7,26,6,25,6,23,5,21,5,22,3,21,2,20,1,20,1,18,0,19,-1,17,-2,17,-2,17,-3,18,-3,18,-3,17,-4,17,-3,17,-4,17,-3,16,-2,15,-2,15,-1,15,-1,14,0,14,0,13,1,13,3,0,0,0,0,0,0,0,0,0,0,0,0,0,0,29,-2,29,2,29,5,29,6,29,7,31,8,29,10,31,13,31,13,30,15,28,15,27,17,27,18,25,16,25,17,24,15,24,14,24,13,25,12,25,11,26,12,26,8,27,9,28,7,28,9,27,8,28,9,28,8]"
618078426680400,59.975832000,92590,1913420294,-50,-98,6,0,1,7,0,0,256,0,0,"[0,0,9,-12,8,-12,8,-11,8,-11,7,-11,6,-11,6,-11,5,-10,4,-10,4,-10,4,-10,3,-10,2,-10,2,-10,2,-10,2,-10,1,-11,2,-10,2,-10,2,-9,2,-9,2,-9,2,-9,2,-8,3,-8,3,-7,0,0,0,0,0,0,0,0,0,0,0,0,0,0,0,0,0,0,0,0,0,0,9,-14,10,-13,11,-14,11,-13,13,-13,13,-12,14,-12,14,-11,15,-11,15,-10,14,-9,14,-9,14,-9,13,-9,12,-9,12,-10,11,-10,11,-11,11,-11,11,-12,10,-12,10,-12,11,-12,10,-12,10,-12,10,-12,0,0,35,-43,33,-46,31,-42,28,-40,25,-42,24,-41,20,-41,17,-41,18,-38,14,-37,11,-38,8,-35,7,-37,6,-36,7,-38,8,-37,3,-36,5,-35,6,-34,6,-34,5,-34,6,-33,6,-31,8,-30,9,-27,9,-26,12,-27,14,-25,0,0,0,0,0,0,0,0,0,0,0,0,0,0,21,-57,28,-55,33,-52,37,-49,39,-49,42,-49,47,-47,50,-46,49,-44,54,-43,54,-40,56,-40,52,-36,53,-37,51,-34,49,-35,46,-38,44,-35,44,-38,43,-38,42,-41,39,-43,38,-45,37,-47,39,-46,36,-46,36,-47,36,-45]"
618078443910100,59.993061700,92591,1913438248,-50,-98,6,0,1,7,0,0,256,0,0,"[0,0,8,-13,7,-13,7,-13,7,-12,6,-12,5,-12,4,-12,4,-11,3,-11,3,-10,3,-10,2,-10,2,-11,1,-11,1,-10,1,-10,0,-10,1,-10,1,-10,1,-9,0,-9,0,-9,1,-9,2,-8,2,-8,2,-8,0,0,0,0,0,0,0,0,0,0,0,0,0,0,0,0,0,0,0,0,0,0,8,-15,9,-15,9,-14,11,-15,11,-14,13,-14,13,-13,14,-13,14,-13,14,-11,14,-11,14,-10,13,-10,13,-10,13,-11,11,-11,11,-11,10,-11,10,-12,9,-13,9,-13,9,-13,10,-13,9,-13,9,-13,9,-13,0,0,29,-48,28,-51,23,-46,25,-45,21,-41,18,-40,15,-44,16,-41,12,-38,12,-38,9,-39,7,-36,6,-38,3,-36,2,-37,2,-36,0,-38,1,-37,2,-33,3,-35,2,-34,4,-33,2,-33,5,-30,8,-28,6,-26,7,-28,9,-27,0,0,0,0,0,0,0,0,0,0,0,0,0,0,18,-60,25,-58,29,-56,32,-52,36,-58,37,-50,44,-55,44,-50,47,-49,50,-49,51,-45,53,-47,52,-41,50,-41,48,-41,46,-40,43,-40,42,-40,40,-39,40,-43,36,-44,38,-47,34,-47,34,-50,35,-49,32,-50,33,-50,33,-51]"
